Time    Magnitude 

0.000000    4.544554 
0.050000    3.723962 
0.100000    1.742644 
0.150000    0.493386 
0.200000    -1.476151 
0.250000    -1.127189 
0.300000    -2.386730 
0.350000    -1.165439 
0.400000    2.809200 
0.450000    -0.232132 
0.500000    -0.305220 
0.550000    3.968896 
0.600000    2.846063 
0.650000    3.451889 
0.700000    3.924459 
0.750000    -2.209338 
0.800000    0.172355 
0.850000    -0.719746 
0.900000    0.625936 
0.950000    -1.567013 
1.000000    -2.530894 
1.050000    -0.280245 
1.100000    -0.568271 
1.150000    1.003410 
1.200000    6.108449 
1.250000    2.855575 
1.300000    3.262472 
1.350000    2.222850 
1.400000    1.796295 
1.450000    -0.461055 
1.500000    1.431811 
1.550000    -0.690795 
1.600000    -2.614976 
1.650000    1.238106 
1.700000    -1.716574 
1.750000    -0.340746 
1.800000    4.299975 
1.850000    2.897644 
1.900000    2.985557 
1.950000    3.454763 
2.000000    2.066670 
2.050000    0.156248 
2.100000    -2.356618 
2.150000    -1.255783 
2.200000    -4.623092 
2.250000    -8.093983 
2.300000    -9.429518 
2.350000    -5.774356 
2.400000    -0.774908 
2.450000    4.654034 
2.500000    7.567878 
2.550000    15.214318 
2.600000    16.622734 
2.650000    13.839106 
2.700000    6.312127 
2.750000    -3.806315 
2.800000    -14.231164 
2.850000    -24.453609 
2.900000    -25.019831 
2.950000    -21.242229 
3.000000    -11.858790 
3.050000    1.538813 
3.100000    16.647951 
3.150000    22.673719 
3.200000    26.327555 
3.250000    26.447823 
3.300000    14.000251 
3.350000    0.910702 
3.400000    -7.622181 
3.450000    -20.158445 
3.500000    -26.728983 
3.550000    -22.693411 
3.600000    -14.956076 
3.650000    -3.810654 
3.700000    6.274099 
3.750000    14.827532 
3.800000    19.319309 
3.850000    18.611393 
3.900000    14.302357 
3.950000    2.711794 
4.000000    -8.099806 
4.050000    -12.830659 
4.100000    -16.742338 
4.150000    -16.967342 
4.200000    -10.450137 
4.250000    -1.353287 
4.300000    4.157911 
4.350000    12.706174 
4.400000    17.043667 
4.450000    16.930216 
4.500000    11.298284 
4.550000    3.676574 
4.600000    -6.506365 
4.650000    -7.956378 
4.700000    -15.459496 
4.750000    -12.786577 
4.800000    -7.206105 
4.850000    -3.038220 
4.900000    4.759286 
4.950000    6.814983 
5.000000    10.632454 
5.050000    6.575646 
5.100000    8.270573 
5.150000    5.308619 
5.200000    -1.319891 
5.250000    -5.516668 
5.300000    -9.298411 
5.350000    -9.367048 
5.400000    -7.933294 
5.450000    -2.884920 
5.500000    1.724401 
5.550000    0.757915 
5.600000    6.771935 
5.650000    3.935425 
5.700000    6.633268 
5.750000    4.466218 
5.800000    4.685393 
5.850000    0.652961 
5.900000    -3.207435 
5.950000    -6.188115 
6.000000    -8.742076 
6.050000    -4.163562 
6.100000    -2.617239 
6.150000    -1.529434 
6.200000    2.981885 
6.250000    4.318278 
6.300000    2.825207 
6.350000    5.159146 
6.400000    4.166894 
6.450000    3.541381 
6.500000    -0.990046 
6.550000    -1.190331 
6.600000    -1.258444 
6.650000    -0.871855 
6.700000    -2.176304 
6.750000    1.448305 
6.800000    -2.487670 
6.850000    1.146826 
6.900000    0.418436 
6.950000    2.013758 
7.000000    4.833294 
7.050000    5.250533 
7.100000    -0.779427 
7.150000    0.499208 
7.200000    -4.066236 
7.250000    -2.264886 
7.300000    0.035602 
7.350000    -2.696518 
7.400000    -1.057428 
7.450000    1.690494 
7.500000    3.122841 
7.550000    3.874575 
7.600000    6.197268 
7.650000    4.220426 
7.700000    3.545119 
7.750000    -0.361245 
7.800000    0.472916 
7.850000    1.568759 
7.900000    2.308100 
7.950000    -0.139271 
7.999999    3.017964 
8.049999    0.332421 
8.100000    3.817075 
8.150000    -2.998253 
8.200000    0.573276 
8.250000    3.411432 
8.300000    0.021415 
8.350000    -2.655483 
8.400000    -1.692762 
8.450000    -0.357866 
8.500000    2.044509 
8.549999    0.772439 
8.599999    0.726891 
8.650000    -4.765623 
8.700000    0.030959 
8.750000    -3.249667 
8.800000    -1.803867 
8.850000    -1.800175 
8.900000    -1.729038 
8.950000    1.107615 
9.000000    -2.430715 
9.050000    -2.245952 
9.099999    2.266319 
9.149999    2.392660 
9.200000    -2.190624 
9.250000    -2.152434 
9.300000    -3.070011 
9.350000    -0.835767 
9.400000    -2.481302 
9.450000    -4.220229 
9.500000    -1.563435 
9.550000    -0.437797 
9.600000    -1.115330 
9.649999    0.765371 
9.699999    0.701465 
9.750000    4.432888 
9.800000    0.682552 
9.850000    -0.296135 
9.900000    0.773133 
9.950000    -2.569943 
10.000000    0.562819 
10.050000    -2.287494 
10.100000    0.407540 
10.150000    -0.607358 
10.199999    2.484049 
10.249999    1.347115 
10.300000    2.510028 
10.350000    3.074121 
10.400000    2.217989 
10.450000    1.211368 
10.500000    -0.651333 
10.550000    -1.763252 
10.600000    0.113071 
10.650000    -1.440759 
10.700000    -1.349132 
10.749999    0.929429 
10.799999    1.680768 
10.849999    3.213248 
10.900000    2.406668 
10.950000    0.921365 
11.000000    1.790664 
11.050000    -0.917750 
11.100000    -0.760205 
11.150000    -3.613611 
11.200000    -0.592084 
11.250000    1.683735 
11.299999    -0.414047 
11.349999    1.181421 
11.399999    -0.500627 
11.450000    1.072507 
11.500000    0.764613 
11.550000    2.448810 
11.600000    -1.804717 
11.650000    -3.203431 
11.700000    0.412146 
11.750000    0.364717 
11.800000    0.539323 
11.849999    -0.679901 
11.899999    -0.528863 
11.949999    0.806143 
12.000000    1.521322 
12.050000    3.018810 
12.100000    0.792551 
12.150000    1.955673 
12.200000    2.742573 
12.250000    -1.758572 
12.300000    -1.042547 
12.350000    -0.815576 
12.399999    -1.936265 
12.449999    -0.569439 
12.499999    -0.407639 
12.550000    2.047422 
12.600000    0.042009 
12.650000    1.727794 
12.700000    2.727696 
12.750000    -2.110543 
12.800000    0.943653 
12.850000    -1.783483 
12.900000    -0.484957 
12.949999    2.193318 
12.999999    -1.026749 
13.049999    1.715353 
13.100000    1.398905 
13.150000    -0.451892 
13.200000    1.540764 
13.250000    1.894253 
13.300000    1.398056 
13.350000    3.139246 
13.400000    1.370731 
13.450000    1.203221 
13.499999    0.607901 
13.549999    -2.422380 
13.599999    -1.189501 
13.650000    -1.331060 
13.700000    -0.916213 
13.750000    -1.564377 
13.800000    -1.991626 
13.850000    0.341385 
13.900000    -0.556547 
13.950000    0.494504 
14.000000    1.786446 
14.049999    0.223959 
14.099999    0.055830 
14.149999    3.091167 
14.200000    1.643821 
14.250000    -1.132047 
14.300000    -1.758641 
14.350000    1.243297 
14.400000    2.934891 
14.450000    2.008818 
14.500000    3.446215 
14.549999    1.828004 
14.599999    0.456453 
14.649999    2.868384 
14.699999    2.613251 
14.750000    -0.842109 
14.800000    0.327053 
14.850000    -2.667270 
14.900000    -1.926229 
14.950000    0.009188 
15.000000    -1.367705 
15.050000    0.232472 
15.099999    -0.585139 
15.149999    0.884192 
15.199999    2.572760 
15.249999    0.183816 
15.299999    1.234777 
15.350000    -1.187260 
15.400000    -0.692364 
15.450000    -2.665747 
15.500000    2.041122 
15.550000    0.675041 
15.600000    -2.124790 
15.650000    4.352076 
15.699999    1.634629 
15.750000    3.607073 
15.799999    1.700781 
15.850000    1.654747 
15.899999    0.931229 
15.950000    -0.112144 
15.999999    0.082637 
16.050000    0.514527 
16.099999    -2.289612 
16.150000    -1.540843 
16.200000    1.814856 
16.249999    3.129743 
16.300000    3.960876 
16.349999    2.147368 
16.400000    2.640574 
16.449999    2.201391 
16.500000    -0.329911 
16.549999    1.019354 
16.600000    -3.101736 
16.649999    -0.428947 
16.700000    -1.000074 
16.750000    -1.133638 
16.799999    0.413015 
16.850000    3.007717 
16.899999    -0.460941 
16.950000    0.942058 
16.999999    0.587272 
17.050000    -0.973996 
17.099999    1.437394 
17.150000    0.916134 
17.199999    -0.653019 
17.250000    -0.734812 
17.300000    -0.675084 
17.349999    -0.317474 
17.400000    -1.729073 
17.449999    2.703951 
17.500000    0.706778 
17.549999    0.297526 
17.600000    3.677867 
17.649999    -0.765158 
17.700000    -0.748749 
17.749999    0.092077 
17.800000    -0.154791 
17.850000    -0.813719 
17.899999    -0.541648 
17.950000    1.947276 
17.999999    -1.653219 
18.050000    0.261341 
18.099999    -4.110592 
18.150000    1.559518 
18.199999    -2.057298 
18.250000    0.665349 
18.299999    0.747334 
18.350000    -0.262292 
18.400000    -0.103920 
18.449999    0.277267 
18.500000    2.016676 
18.549999    -2.381398 
18.600000    0.956480 
18.649999    -0.485360 
18.700000    -4.774992 
18.749999    -1.240684 
18.800000    0.783667 
18.849999    -2.031561 
18.900000    -0.640824 
18.950000    -0.340241 
18.999999    -2.777468 
19.050000    0.753237 
19.099999    3.980262 
19.150000    1.664126 
19.199999    2.912656 
19.250000    -2.893736 
19.299999    -1.263027 
19.350000    -2.770057 
19.399999    -0.741753 
19.450000    2.908671 
19.500000    1.785855 
19.549999    0.512872 
19.600000    2.479697 
19.649999    -0.173934 
19.700000    1.811320 
19.749999    0.585010 
19.800000    -0.412488 
19.849999    1.929940 
19.900000    -1.868020 
19.949999    -1.757665 


Reverse Correlation Function   