Time    Magnitude 

0.000000    -2.019753 
0.050000    1.558363 
0.100000    2.207969 
0.150000    0.531345 
0.200000    1.453213 
0.250000    -0.735862 
0.300000    1.426887 
0.350000    0.076774 
0.400000    1.342253 
0.450000    1.342841 
0.500000    -1.399573 
0.550000    1.496987 
0.600000    1.593437 
0.650000    2.216928 
0.700000    -0.412768 
0.750000    0.206679 
0.800000    1.627186 
0.850000    -0.886005 
0.900000    0.470374 
0.950000    -0.995667 
1.000000    1.478043 
1.050000    0.194497 
1.100000    -2.184761 
1.150000    0.415394 
1.200000    -1.787803 
1.250000    0.930857 
1.300000    0.078593 
1.350000    2.416033 
1.400000    2.634231 
1.450000    2.355687 
1.500000    0.835274 
1.550000    -1.183789 
1.600000    -2.250646 
1.650000    -5.671014 
1.700000    3.549689 
1.750000    5.553994 
1.800000    10.950806 
1.850000    3.045753 
1.900000    -9.547051 
1.950000    -9.699033 
2.000000    -9.456390 
2.050000    6.121842 
2.100000    13.579273 
2.150000    11.361413 
2.200000    -6.063509 
2.250000    -17.992504 
2.300000    -10.159055 
2.350000    1.456023 
2.400000    17.553545 
2.450000    12.230520 
2.500000    0.453168 
2.550000    -11.404855 
2.600000    -11.776224 
2.650000    -3.193449 
2.700000    11.558275 
2.750000    14.972946 
2.800000    4.569679 
2.850000    -5.352326 
2.900000    -9.915313 
2.950000    -3.271523 
3.000000    4.549065 
3.050000    8.565536 
3.100000    3.413746 
3.150000    -1.752705 
3.200000    -7.746881 
3.250000    -6.158174 
3.300000    -0.545104 
3.350000    4.985916 
3.400000    5.501896 
3.450000    0.840324 
3.500000    -2.876803 
3.550000    -7.569793 
3.600000    -2.501476 
3.650000    0.381959 
3.700000    4.213833 
3.750000    -0.010300 
3.800000    -3.784352 
3.850000    -1.759304 
3.900000    -1.850069 
3.950000    1.900316 
4.000000    5.043446 
4.050000    1.038221 
4.100000    -0.996679 
4.150000    -0.808452 
4.200000    2.976572 
4.250000    1.604386 
4.300000    2.281785 
4.350000    -1.681283 
4.400000    2.087758 
4.450000    0.151653 
4.500000    1.102052 
4.550000    0.380262 
4.600000    0.333426 
4.650000    -0.461607 
4.700000    1.102627 
4.750000    1.489559 
4.800000    1.884074 
4.850000    2.855399 
4.900000    1.388544 
4.950000    -1.771311 
5.000000    -0.613893 
5.050000    0.346978 
5.100000    0.741091 
5.150000    2.879713 
5.200000    -0.384845 
5.250000    1.038243 
5.300000    -1.368687 
5.350000    0.651889 
5.400000    0.190932 
5.450000    2.376087 
5.500000    1.330053 
5.550000    -0.363518 
5.600000    1.715153 
5.650000    0.444922 
5.700000    1.820636 
5.750000    -0.145723 
5.800000    1.700573 
5.850000    -0.302015 
5.900000    1.822720 
5.950000    1.362916 
6.000000    2.096567 
6.050000    1.872202 
6.100000    -0.076288 
6.150000    0.303733 
6.200000    0.143480 
6.250000    -0.785276 
6.300000    -1.016850 
6.350000    0.105960 
6.400000    -1.840839 
6.450000    -1.180507 
6.500000    0.402789 
6.550000    0.774329 
6.600000    -0.558644 
6.650000    -1.208247 
6.700000    1.759055 
6.750000    -2.629707 
6.800000    0.083207 
6.850000    -1.946854 
6.900000    1.011367 
6.950000    2.015148 
7.000000    0.626650 
7.050000    -3.132610 
7.100000    -1.562888 
7.150000    0.559775 
7.200000    0.910497 
7.250000    0.927416 
7.300000    -0.816680 
7.350000    0.613184 
7.400000    1.671542 
7.450000    0.823379 
7.500000    0.029708 
7.550000    -0.069831 
7.600000    1.597657 
7.650000    2.159825 
7.700000    3.473833 
7.750000    -2.136856 
7.800000    0.932325 
7.850000    1.740845 
7.900000    2.484282 
7.950000    -1.589799 
7.999999    0.476547 
8.049999    -0.560465 
8.100000    1.766976 
8.150000    -1.320847 
8.200000    0.443964 
8.250000    -1.361395 
8.300000    -1.738523 
8.350000    -1.773103 
8.400000    -3.714550 
8.450000    3.372540 
8.500000    -0.228543 
8.549999    -1.007863 
8.599999    0.245188 
8.650000    1.773597 
8.700000    1.302715 
8.750000    2.478073 
8.800000    2.702071 
8.850000    -1.272031 
8.900000    -0.991100 
8.950000    1.540206 
9.000000    3.266543 
9.050000    3.144834 
9.099999    2.938502 
9.149999    0.440964 
9.200000    -0.570892 
9.250000    -1.222128 
9.300000    -0.104229 
9.350000    1.754017 
9.400000    -0.630385 
9.450000    0.585203 
9.500000    -0.003856 
9.550000    0.179888 
9.600000    1.257924 
9.649999    0.358767 
9.699999    -0.316333 
9.750000    -2.054789 
9.800000    1.224719 
9.850000    2.255451 
9.900000    1.529661 
9.950000    1.686700 
10.000000    1.038034 
10.050000    -0.739314 
10.100000    -0.275685 
10.150000    -0.821341 
10.199999    0.381342 
10.249999    1.063656 
10.300000    0.971839 
10.350000    0.193717 
10.400000    1.712414 
10.450000    -0.196581 
10.500000    -1.555505 
10.550000    0.055874 
10.600000    -1.078777 
10.650000    -1.489665 
10.700000    1.039819 
10.749999    -0.102412 
10.799999    -0.712863 
10.849999    -0.092908 
10.900000    1.493163 
10.950000    -0.555250 
11.000000    -1.649729 
11.050000    0.882926 
11.100000    -0.867979 
11.150000    -0.110924 
11.200000    0.440168 
11.250000    1.002691 
11.299999    -0.465794 
11.349999    0.211978 
11.399999    -1.475046 
11.450000    1.146824 
11.500000    -0.127814 
11.550000    -2.704110 
11.600000    -0.392674 
11.650000    -0.381817 
11.700000    -0.241336 
11.750000    0.676544 
11.800000    -0.231639 
11.849999    -0.954274 
11.899999    -2.774851 
11.949999    -0.795566 
12.000000    0.187215 
12.050000    1.826217 
12.100000    0.902990 
12.150000    -2.106301 
12.200000    1.148597 
12.250000    -0.564652 
12.300000    1.900602 
12.350000    -0.375087 
12.399999    0.010693 
12.449999    0.378814 
12.499999    3.040792 
12.550000    0.104886 
12.600000    1.589690 
12.650000    -0.348425 
12.700000    -0.860413 
12.750000    1.546904 
12.800000    0.076621 
12.850000    2.004983 
12.900000    -0.736027 
12.949999    1.388247 
12.999999    -0.035373 
13.049999    1.552319 
13.100000    0.161207 
13.150000    1.952218 
13.200000    2.173077 
13.250000    1.259532 
13.300000    -0.561769 
13.350000    0.265574 
13.400000    2.347474 
13.450000    2.569155 
13.499999    1.128377 
13.549999    -1.476927 
13.599999    0.042391 
13.650000    2.928946 
13.700000    0.141872 
13.750000    2.448795 
13.800000    -1.048353 
13.850000    1.055354 
13.900000    3.041700 
13.950000    2.811463 
14.000000    3.629009 
14.049999    0.021876 
14.099999    -1.102856 
14.149999    -2.179030 
14.200000    0.397011 
14.250000    0.328441 
14.300000    -0.237654 
14.350000    -1.213136 
14.400000    1.919464 
14.450000    1.367636 
14.500000    -0.231261 
14.549999    -1.310937 
14.599999    0.356334 
14.649999    1.744180 
14.699999    4.070343 
14.750000    1.207116 
14.800000    0.265313 
14.850000    0.496336 
14.900000    -0.417210 
14.950000    0.158822 
15.000000    0.294182 
15.050000    0.507312 
15.099999    3.026222 
15.149999    0.191763 
15.199999    -0.009355 
15.249999    0.568587 
15.299999    0.457546 
15.350000    -0.514086 
15.400000    -0.768077 
15.450000    -1.363493 
15.500000    1.349984 
15.550000    -0.834479 
15.600000    -2.090562 
15.650000    2.001705 
15.699999    -0.562356 
15.750000    1.031162 
15.799999    -2.138076 
15.850000    -1.851502 
15.899999    -0.959022 
15.950000    -1.487580 
15.999999    -0.952977 
16.050000    -0.509551 
16.099999    0.144009 
16.150000    -1.334167 
16.200000    1.330039 
16.249999    1.016161 
16.300000    0.168824 
16.349999    -1.568500 
16.400000    -1.155823 
16.449999    0.696883 
16.500000    0.299067 
16.549999    -1.025701 
16.600000    0.240242 
16.649999    0.532076 
16.700000    0.377699 
16.750000    0.176835 
16.799999    0.565856 
16.850000    -0.320572 
16.899999    -0.230094 
16.950000    -2.729030 
16.999999    1.679146 
17.050000    -0.735539 
17.099999    -1.403004 
17.150000    -0.508205 
17.199999    0.582688 
17.250000    1.883763 
17.300000    -0.080354 
17.349999    -0.720245 
17.400000    1.013314 
17.449999    -1.570221 
17.500000    -0.482859 
17.549999    1.550381 
17.600000    -0.125229 
17.649999    0.153732 
17.700000    1.042656 
17.749999    -0.167791 
17.800000    0.737774 
17.850000    0.206258 
17.899999    -1.659019 
17.950000    -0.887122 
17.999999    0.663465 
18.050000    -2.358552 
18.099999    1.764394 
18.150000    1.087221 
18.199999    2.485297 
18.250000    -0.070708 
18.299999    2.374816 
18.350000    0.391099 
18.400000    0.335366 
18.449999    -0.213147 
18.500000    3.064504 
18.549999    -1.173063 
18.600000    -0.640515 
18.649999    -0.676360 
18.700000    -1.960192 
18.749999    -0.102773 
18.800000    0.242592 
18.849999    3.154175 
18.900000    -2.069125 
18.950000    2.898397 
18.999999    -1.214911 
19.050000    -3.038975 
19.099999    0.537640 
19.150000    0.835825 
19.199999    -0.866411 
19.250000    -2.178392 
19.299999    -2.320648 
19.350000    1.237705 
19.399999    0.138044 
19.450000    1.655946 
19.500000    2.056799 
19.549999    0.267066 
19.600000    -2.228239 
19.649999    -0.284111 
19.700000    2.274745 
19.749999    0.635690 
19.800000    0.886544 
19.849999    0.686389 
19.900000    -0.469217 
19.949999    0.369574 


Reverse Correlation Function   