Time    Magnitude 

0.000000    0.831111 
0.050000    -6.067766 
0.100000    21.609474 
0.150000    3.522786 
0.200000    13.475092 
0.250000    5.730658 
0.300000    -7.843064 
0.350000    9.168869 
0.400000    -12.636023 
0.450000    -19.037806 
0.500000    1.487078 
0.550000    4.774977 
0.600000    2.413628 
0.650000    15.498204 
0.700000    4.175259 
0.750000    -13.297333 
0.800000    9.077374 
0.850000    -7.013639 
0.900000    -6.936212 
0.950000    1.577225 
1.000000    -5.540351 
1.050000    2.949839 
1.100000    5.613701 
1.150000    2.967301 
1.200000    1.641772 
1.250000    14.253114 
1.300000    5.091902 
1.350000    2.833829 
1.400000    8.903062 
1.450000    -5.326807 
1.500000    8.920803 
1.550000    -14.106985 
1.600000    -0.720066 
1.650000    -4.625962 
1.700000    9.605833 
1.750000    -16.377386 
1.800000    -3.207992 
1.850000    2.260854 
1.900000    -8.124818 
1.950000    -1.687108 
2.000000    9.287819 
2.050000    9.364420 
2.100000    8.736504 
2.150000    5.353966 
2.200000    17.682976 
2.250000    2.900968 
2.300000    3.451859 
2.350000    13.386293 
2.400000    24.348103 
2.450000    18.861290 
2.500000    18.513048 
2.550000    22.676865 
2.600000    33.269875 
2.650000    -5.666622 
2.700000    11.661246 
2.750000    -0.169819 
2.800000    -21.488590 
2.850000    -14.519114 
2.900000    -27.594938 
2.950000    -29.350582 
3.000000    -33.242935 
3.050000    -60.642815 
3.100000    -44.132385 
3.150000    -13.180942 
3.200000    -29.141424 
3.250000    -3.750836 
3.300000    16.181751 
3.350000    36.534180 
3.400000    48.305515 
3.450000    68.482468 
3.500000    88.142311 
3.550000    91.304039 
3.600000    82.956116 
3.650000    80.239113 
3.700000    52.745884 
3.750000    34.260136 
3.800000    5.851920 
3.850000    -29.201710 
3.900000    -46.486099 
3.950000    -61.372810 
4.000000    -66.668953 
4.050000    -90.210144 
4.100000    -97.470726 
4.150000    -98.828613 
4.200000    -94.178223 
4.250000    -71.991539 
4.300000    -60.141964 
4.350000    -55.835129 
4.400000    -13.620229 
4.450000    23.121994 
4.500000    39.170849 
4.550000    54.670513 
4.600000    61.218304 
4.650000    63.408192 
4.700000    87.748459 
4.750000    60.599617 
4.800000    64.205360 
4.850000    45.987919 
4.900000    42.997948 
4.950000    20.146578 
5.000000    15.534014 
5.050000    -5.116951 
5.100000    -48.538731 
5.150000    -40.605457 
5.200000    -41.395615 
5.250000    -47.343952 
5.300000    -46.125397 
5.350000    -28.741623 
5.400000    -43.891739 
5.450000    -38.624859 
5.500000    -16.029947 
5.550000    -2.388656 
5.600000    1.568012 
5.650000    26.489670 
5.700000    9.950393 
5.750000    28.470661 
5.800000    50.916039 
5.850000    30.631433 
5.900000    33.247711 
5.950000    36.721439 
6.000000    12.436716 
6.050000    18.809010 
6.100000    5.869574 
6.150000    6.420750 
6.200000    -22.582439 
6.250000    -4.663669 
6.300000    -23.485872 
6.350000    -38.662582 
6.400000    -46.851601 
6.450000    -42.299107 
6.500000    -34.149857 
6.550000    -17.458023 
6.600000    -16.295588 
6.650000    -6.599474 
6.700000    -19.816135 
6.750000    -7.454117 
6.800000    -5.240499 
6.850000    -2.568944 
6.900000    35.230202 
6.950000    14.054466 
7.000000    25.940821 
7.050000    3.588319 
7.100000    29.710552 
7.150000    11.041050 
7.200000    19.546453 
7.250000    -3.164114 
7.300000    9.698125 
7.350000    13.890227 
7.400000    9.401846 
7.450000    -13.639086 
7.500000    -3.319508 
7.550000    5.319397 
7.600000    -15.456613 
7.650000    -13.555378 
7.700000    2.972071 
7.750000    -2.395108 
7.800000    -7.296552 
7.850000    -5.988941 
7.900000    10.075140 
7.950000    -3.818826 
7.999999    -7.688578 
8.049999    2.755429 
8.100000    5.547894 
8.150000    3.636515 
8.200000    10.415070 
8.250000    2.947719 
8.300000    8.294329 
8.350000    2.156990 
8.400000    19.205050 
8.450000    8.086191 
8.500000    -3.050898 
8.549999    6.557605 
8.599999    13.225480 
8.650000    6.118020 
8.700000    -2.394042 
8.750000    -8.071492 
8.800000    5.280101 
8.850000    3.971315 
8.900000    -4.129582 
8.950000    -1.374635 
9.000000    -5.917544 
9.050000    -4.572955 
9.099999    3.426368 
9.149999    -9.878646 
9.200000    -2.977835 
9.250000    3.822620 
9.300000    7.725069 
9.350000    6.296266 
9.400000    1.846200 
9.450000    23.491686 
9.500000    16.987091 
9.550000    5.185213 
9.600000    11.303827 
9.649999    -1.395324 
9.699999    -0.028781 
9.750000    -0.980657 
9.800000    -14.427097 
9.850000    4.958388 
9.900000    0.035521 
9.950000    0.952616 
10.000000    3.152713 
10.050000    20.842201 
10.100000    3.133119 
10.150000    -4.685904 
10.199999    -11.360548 
10.249999    -15.358291 
10.300000    -11.184237 
10.350000    -4.458597 
10.400000    3.636300 
10.450000    -6.619804 
10.500000    5.471118 
10.550000    2.204682 
10.600000    0.480932 
10.650000    6.793170 
10.700000    -19.085279 
10.749999    9.684352 
10.799999    -4.509048 
10.849999    1.781490 
10.900000    -5.764812 
10.950000    6.382370 
11.000000    -10.192019 
11.050000    1.698882 
11.100000    3.320492 
11.150000    1.357205 
11.200000    -10.655296 
11.250000    -0.266781 
11.299999    9.386959 
11.349999    -20.373852 
11.399999    0.032310 
11.450000    7.878133 
11.500000    3.554399 
11.550000    21.604492 
11.600000    -7.743340 
11.650000    3.019819 
11.700000    0.114212 
11.750000    -2.976731 
11.800000    19.972198 
11.849999    3.162485 
11.899999    8.220819 
11.949999    11.233692 
12.000000    -5.955522 
12.050000    -11.159306 
12.100000    -9.224797 
12.150000    -11.281167 
12.200000    0.975930 
12.250000    5.397645 
12.300000    4.027326 
12.350000    4.125896 
12.399999    -8.139939 
12.449999    -10.112017 
12.499999    -8.180896 
12.550000    0.940668 
12.600000    -12.736198 
12.650000    12.525225 
12.700000    16.125788 
12.750000    6.232369 
12.800000    4.929349 
12.850000    3.787333 
12.900000    -14.358997 
12.949999    11.302106 
12.999999    -13.684987 
13.049999    2.963529 
13.100000    7.977850 
13.150000    1.610366 
13.200000    5.795711 
13.250000    1.308863 
13.300000    2.342728 
13.350000    2.038511 
13.400000    9.321948 
13.450000    7.452978 
13.499999    21.676653 
13.549999    7.181622 
13.599999    0.619689 
13.650000    3.301381 
13.700000    3.991683 
13.750000    8.259085 
13.800000    -0.212593 
13.850000    -4.890687 
13.900000    -3.126747 
13.950000    1.363639 
14.000000    -26.793945 
14.049999    -5.825372 
14.099999    -2.595129 
14.149999    1.954037 
14.200000    -12.186336 
14.250000    -6.274936 
14.300000    12.503988 
14.350000    12.848964 
14.400000    10.773382 
14.450000    3.945200 
14.500000    15.875462 
14.549999    10.281635 
14.599999    -1.182665 
14.649999    3.633794 
14.699999    14.814530 
14.750000    21.228247 
14.800000    5.993309 
14.850000    6.560570 
14.900000    -12.030167 
14.950000    5.156317 
15.000000    20.668486 
15.050000    3.425865 
15.099999    -16.704775 
15.149999    -8.772021 
15.199999    -15.756873 
15.249999    -4.514522 
15.299999    -12.798901 
15.350000    2.679003 
15.400000    -4.170752 
15.450000    1.288741 
15.500000    0.912854 
15.550000    -9.252085 
15.600000    2.067445 
15.650000    4.260352 
15.699999    8.639061 
15.750000    1.113536 
15.799999    -11.863947 
15.850000    13.973618 
15.899999    4.285693 
15.950000    16.389248 
15.999999    -3.719671 
16.050000    -3.167282 
16.099999    -1.982187 
16.150000    9.585460 
16.200000    -7.753118 
16.249999    2.757459 
16.300000    -4.144560 
16.349999    -12.064964 
16.400000    -17.407232 
16.449999    -1.585353 
16.500000    -2.079668 
16.549999    4.289142 
16.600000    14.076763 
16.649999    6.161954 
16.700000    -13.229074 
16.750000    -5.372467 
16.799999    -8.250334 
16.850000    -6.346871 
16.899999    -3.080388 
16.950000    4.679104 
16.999999    -0.142009 
17.050000    -6.052054 
17.099999    7.703858 
17.150000    3.325257 
17.199999    26.785164 
17.250000    -6.410561 
17.300000    12.390205 
17.349999    9.177487 
17.400000    -0.040458 
17.449999    -1.444505 
17.500000    2.725939 
17.549999    2.188378 
17.600000    19.142105 
17.649999    7.906319 
17.700000    3.958958 
17.749999    -3.899488 
17.800000    -7.209376 
17.850000    0.383449 
17.899999    -5.136112 
17.950000    11.777700 
17.999999    0.678590 
18.050000    0.632298 
18.099999    -9.760075 
18.150000    0.331045 
18.199999    -4.798284 
18.250000    -14.197996 
18.299999    -9.206206 
18.350000    6.589778 
18.400000    18.054897 
18.449999    26.321331 
18.500000    12.993769 
18.549999    14.477074 
18.600000    4.965857 
18.649999    17.219543 
18.700000    8.869044 
18.749999    -7.890538 
18.800000    4.692284 
18.849999    13.687637 
18.900000    14.334826 
18.950000    10.793479 
18.999999    -8.160808 
19.050000    -16.808737 
19.099999    -3.501219 
19.150000    -0.248578 
19.199999    8.459567 
19.250000    -1.018808 
19.299999    -9.158341 
19.350000    -7.249698 
19.399999    -13.002398 
19.450000    -6.074486 
19.500000    -2.660761 
19.549999    -8.575010 
19.600000    14.711028 
19.649999    16.015535 
19.700000    19.631096 
19.749999    -7.046293 
19.800000    6.382600 
19.849999    17.802572 
19.900000    1.821135 
19.949999    -11.927594 


Reverse Correlation Function   