Time    Magnitude 

0.000000    -0.070750 
0.050000    0.148780 
0.100000    0.168036 
0.150000    -0.139320 
0.200000    0.247578 
0.250000    0.013118 
0.300000    0.245612 
0.350000    0.068456 
0.400000    0.091912 
0.450000    0.165542 
0.500000    0.018875 
0.550000    0.188630 
0.600000    0.155779 
0.650000    0.123317 
0.700000    0.063479 
0.750000    -0.076815 
0.800000    0.135604 
0.850000    0.083025 
0.900000    0.120766 
0.950000    0.112651 
1.000000    0.296033 
1.050000    0.076549 
1.100000    -0.215895 
1.150000    -0.210811 
1.200000    -0.077477 
1.250000    0.016031 
1.300000    0.112929 
1.350000    -0.129924 
1.400000    -0.012071 
1.450000    -0.163559 
1.500000    -0.044772 
1.550000    -0.219670 
1.600000    -0.090685 
1.650000    0.010598 
1.700000    -0.184572 
1.750000    -0.040422 
1.800000    -0.276588 
1.850000    -0.287515 
1.900000    -0.081038 
1.950000    0.233829 
2.000000    0.268051 
2.050000    0.389994 
2.100000    -0.035798 
2.150000    -0.555369 
2.200000    -0.957821 
2.250000    -0.728379 
2.300000    -0.047394 
2.350000    0.522587 
2.400000    1.122442 
2.450000    0.569103 
2.500000    -0.343310 
2.550000    -0.991119 
2.600000    -1.140092 
2.650000    -0.444234 
2.700000    0.367585 
2.750000    1.031585 
2.800000    0.773059 
2.850000    0.215830 
2.900000    -0.728634 
2.950000    -1.217214 
3.000000    -1.152274 
3.050000    -0.188570 
3.100000    0.717542 
3.150000    1.274203 
3.200000    1.038158 
3.250000    0.089756 
3.300000    -0.920624 
3.350000    -1.224556 
3.400000    -0.751443 
3.450000    0.082541 
3.500000    1.014254 
3.550000    1.023205 
3.600000    0.591339 
3.650000    -0.240077 
3.700000    -0.744604 
3.750000    -0.808173 
3.800000    -0.433793 
3.850000    0.354888 
3.900000    0.564554 
3.950000    0.686787 
4.000000    0.389088 
4.050000    -0.263272 
4.100000    -0.763681 
4.150000    -0.740162 
4.200000    -0.288923 
4.250000    0.263097 
4.300000    0.551351 
4.350000    0.693257 
4.400000    0.514590 
4.450000    -0.280061 
4.500000    -0.473021 
4.550000    -0.681850 
4.600000    -0.251442 
4.650000    -0.026402 
4.700000    0.488327 
4.750000    0.550903 
4.800000    0.230637 
4.850000    -0.076835 
4.900000    -0.629442 
4.950000    -0.594769 
5.000000    -0.381572 
5.050000    0.223399 
5.100000    0.344986 
5.150000    0.392543 
5.200000    0.145711 
5.250000    -0.287558 
5.300000    -0.444645 
5.350000    -0.416588 
5.400000    -0.161151 
5.450000    0.028463 
5.500000    0.162344 
5.550000    0.345573 
5.600000    0.151321 
5.650000    -0.555320 
5.700000    -0.519561 
5.750000    -0.161504 
5.800000    0.068489 
5.850000    0.223917 
5.900000    0.025182 
5.950000    -0.019883 
6.000000    -0.259702 
6.050000    -0.309096 
6.100000    -0.384534 
6.150000    0.008169 
6.200000    0.222618 
6.250000    0.409426 
6.300000    0.214226 
6.350000    -0.077322 
6.400000    -0.168012 
6.450000    -0.406053 
6.500000    -0.214991 
6.550000    0.096815 
6.600000    0.241378 
6.650000    0.333169 
6.700000    0.323227 
6.750000    0.067145 
6.800000    -0.449810 
6.850000    -0.085994 
6.900000    -0.049546 
6.950000    0.036795 
7.000000    0.256197 
7.050000    0.272160 
7.100000    0.171622 
7.150000    -0.200682 
7.200000    -0.313002 
7.250000    -0.088751 
7.300000    0.171200 
7.350000    0.244501 
7.400000    0.053170 
7.450000    0.347203 
7.500000    0.046056 
7.550000    -0.013343 
7.600000    -0.269532 
7.650000    -0.016767 
7.700000    0.133098 
7.750000    0.111407 
7.800000    0.354707 
7.850000    0.125564 
7.900000    0.060185 
7.950000    -0.164467 
7.999999    -0.166200 
8.049999    -0.000876 
8.100000    0.281870 
8.150000    0.064194 
8.200000    0.259209 
8.250000    -0.166675 
8.300000    -0.139763 
8.350000    -0.264685 
8.400000    -0.097213 
8.450000    -0.079219 
8.500000    0.117877 
8.549999    0.179025 
8.599999    0.082346 
8.650000    0.032186 
8.700000    -0.303995 
8.750000    -0.094178 
8.800000    -0.209837 
8.850000    -0.010207 
8.900000    0.214898 
8.950000    0.117143 
9.000000    0.071881 
9.050000    0.226039 
9.099999    0.049719 
9.149999    -0.088688 
9.200000    -0.015646 
9.250000    -0.214887 
9.300000    0.071068 
9.350000    -0.033011 
9.400000    0.028906 
9.450000    -0.017431 
9.500000    0.002583 
9.550000    0.150966 
9.600000    0.069305 
9.649999    -0.022979 
9.699999    -0.072641 
9.750000    0.149702 
9.800000    0.009854 
9.850000    0.111982 
9.900000    0.172487 
9.950000    -0.127209 
10.000000    0.251812 
10.050000    -0.107629 
10.100000    0.258397 
10.150000    0.077499 
10.199999    -0.103445 
10.249999    0.061798 
10.300000    -0.077823 
10.350000    0.030610 
10.400000    0.068611 
10.450000    -0.018959 
10.500000    0.221677 
10.550000    0.342876 
10.600000    -0.182928 
10.650000    -0.121819 
10.700000    0.066709 
10.749999    0.079342 
10.799999    0.074043 
10.849999    0.019804 
10.900000    0.264247 
10.950000    0.155852 
11.000000    0.041671 
11.050000    -0.378930 
11.100000    -0.215688 
11.150000    -0.073401 
11.200000    0.016584 
11.250000    0.033019 
11.299999    0.135639 
11.349999    0.147084 
11.399999    -0.051588 
11.450000    -0.105308 
11.500000    -0.222071 
11.550000    -0.132941 
11.600000    -0.091877 
11.650000    0.077873 
11.700000    -0.115114 
11.750000    0.040070 
11.800000    -0.092381 
11.849999    -0.067437 
11.899999    -0.216044 
11.949999    -0.199791 
12.000000    0.198527 
12.050000    0.196733 
12.100000    -0.150662 
12.150000    0.029655 
12.200000    0.160746 
12.250000    -0.104920 
12.300000    -0.282660 
12.350000    -0.065070 
12.399999    0.067921 
12.449999    -0.046743 
12.499999    -0.018336 
12.550000    -0.113363 
12.600000    -0.007695 
12.650000    -0.215491 
12.700000    -0.211164 
12.750000    -0.065580 
12.800000    0.065032 
12.850000    -0.083616 
12.900000    -0.251478 
12.949999    -0.274004 
12.999999    -0.159698 
13.049999    -0.021932 
13.100000    0.067639 
13.150000    -0.089770 
13.200000    -0.121825 
13.250000    -0.061605 
13.300000    -0.132965 
13.350000    -0.143869 
13.400000    -0.250388 
13.450000    -0.097353 
13.499999    -0.162004 
13.549999    -0.208818 
13.599999    -0.064140 
13.650000    0.005494 
13.700000    -0.000110 
13.750000    -0.269239 
13.800000    0.002981 
13.850000    0.002827 
13.900000    -0.000611 
13.950000    0.086326 
14.000000    -0.099547 
14.049999    0.016889 
14.099999    -0.153426 
14.149999    -0.068698 
14.200000    0.196853 
14.250000    -0.006213 
14.300000    -0.096781 
14.350000    0.105443 
14.400000    0.099392 
14.450000    -0.127488 
14.500000    -0.037767 
14.549999    -0.130306 
14.599999    0.140534 
14.649999    -0.039319 
14.699999    0.215095 
14.750000    0.026163 
14.800000    0.037840 
14.850000    0.045298 
14.900000    0.210531 
14.950000    0.019278 
15.000000    -0.033382 
15.050000    0.088638 
15.099999    0.134394 
15.149999    0.221288 
15.199999    -0.067648 
15.249999    0.077146 
15.299999    -0.087412 
15.350000    -0.134139 
15.400000    0.098656 
15.450000    0.329154 
15.500000    0.018457 
15.550000    0.139886 
15.600000    0.046583 
15.650000    0.161355 
15.699999    -0.016453 
15.750000    -0.124076 
15.799999    -0.028811 
15.850000    0.177965 
15.899999    0.114873 
15.950000    0.220690 
15.999999    -0.000177 
16.050000    0.002274 
16.099999    0.240698 
16.150000    0.145883 
16.200000    0.158651 
16.249999    0.162894 
16.300000    -0.186562 
16.349999    0.108781 
16.400000    -0.077500 
16.449999    0.477152 
16.500000    -0.102663 
16.549999    0.090510 
16.600000    0.007306 
16.649999    0.180619 
16.700000    0.213387 
16.750000    0.052250 
16.799999    0.043113 
16.850000    -0.016776 
16.899999    0.236368 
16.950000    -0.023016 
16.999999    0.145181 
17.050000    0.094057 
17.099999    -0.028223 
17.150000    0.178157 
17.199999    -0.125850 
17.250000    0.274968 
17.300000    0.024488 
17.349999    0.228013 
17.400000    -0.061587 
17.449999    0.059956 
17.500000    0.096230 
17.549999    -0.123077 
17.600000    0.048796 
17.649999    0.049544 
17.700000    -0.092149 
17.749999    0.165026 
17.800000    0.094948 
17.850000    0.002184 
17.899999    -0.081566 
17.950000    0.195735 
17.999999    0.297806 
18.050000    -0.039849 
18.099999    0.129905 
18.150000    -0.136062 
18.199999    -0.065653 
18.250000    0.261571 
18.299999    -0.222580 
18.350000    0.179125 
18.400000    0.190396 
18.449999    -0.118223 
18.500000    -0.075383 
18.549999    -0.029163 
18.600000    0.037618 
18.649999    0.003431 
18.700000    -0.127082 
18.749999    0.127200 
18.800000    -0.079988 
18.849999    0.267300 
18.900000    -0.032102 
18.950000    -0.135632 
18.999999    0.008705 
19.050000    0.109134 
19.099999    -0.052175 
19.150000    0.033733 
19.199999    0.142647 
19.250000    0.033585 
19.299999    0.037159 
19.350000    0.034661 
19.399999    -0.031288 
19.450000    -0.069184 
19.500000    -0.085513 
19.549999    0.028823 
19.600000    -0.022185 
19.649999    -0.171406 
19.700000    0.113314 
19.749999    -0.186529 
19.800000    -0.114974 
19.849999    -0.126712 
19.900000    -0.070537 
19.949999    -0.070747 


Reverse Correlation Function   