Time    Magnitude 

0.000000    9.255195 
0.050000    29.291670 
0.100000    26.209965 
0.150000    21.660210 
0.200000    -7.192318 
0.250000    4.515644 
0.300000    -13.244621 
0.350000    -28.116220 
0.400000    -20.590889 
0.450000    -3.542821 
0.500000    4.036285 
0.550000    23.045555 
0.600000    9.872251 
0.650000    27.208538 
0.700000    51.399902 
0.750000    25.197090 
0.800000    -1.640570 
0.850000    -5.371734 
0.900000    11.950384 
0.950000    7.110929 
1.000000    -5.615808 
1.050000    -17.318300 
1.100000    30.503622 
1.150000    39.367863 
1.200000    32.520943 
1.250000    29.201519 
1.300000    47.002926 
1.350000    34.289211 
1.400000    34.978481 
1.450000    23.966223 
1.500000    -22.669636 
1.550000    5.686605 
1.600000    -7.540600 
1.650000    -22.325933 
1.700000    -7.276025 
1.750000    -36.023109 
1.800000    16.465034 
1.850000    18.530842 
1.900000    35.624756 
1.950000    69.393036 
2.000000    23.443439 
2.050000    51.185188 
2.100000    33.731350 
2.150000    -20.897221 
2.200000    -60.997139 
2.250000    -74.022995 
2.300000    -95.577965 
2.350000    -95.426758 
2.400000    -87.191460 
2.450000    0.818157 
2.500000    83.130638 
2.550000    159.230164 
2.600000    192.606079 
2.650000    197.223175 
2.700000    155.699249 
2.750000    28.426104 
2.800000    -66.629555 
2.850000    -205.499313 
2.900000    -258.807983 
2.950000    -263.427338 
3.000000    -212.433441 
3.050000    -108.020630 
3.100000    5.610671 
3.150000    125.685669 
3.200000    197.311417 
3.250000    226.178940 
3.300000    187.452423 
3.350000    124.209106 
3.400000    21.482471 
3.450000    -103.981056 
3.500000    -152.868317 
3.550000    -148.046310 
3.600000    -151.226349 
3.650000    -99.799400 
3.700000    -15.074351 
3.750000    77.734161 
3.800000    114.513748 
3.850000    135.792908 
3.900000    142.838531 
3.950000    79.593178 
4.000000    -8.275234 
4.050000    -39.234230 
4.100000    -67.316109 
4.150000    -116.188454 
4.200000    -76.487930 
4.250000    -42.962868 
4.300000    22.890656 
4.350000    39.648117 
4.400000    56.051838 
4.450000    87.385498 
4.500000    82.215767 
4.550000    86.198448 
4.600000    -18.333906 
4.650000    -25.096014 
4.700000    -51.668613 
4.750000    -45.259468 
4.800000    -76.336876 
4.850000    -28.961842 
4.900000    -8.849860 
4.950000    26.269215 
5.000000    21.998171 
5.050000    7.075675 
5.100000    27.476810 
5.150000    47.052753 
5.200000    13.603691 
5.250000    11.959115 
5.300000    -4.489708 
5.350000    -6.445467 
5.400000    -41.118340 
5.450000    -16.773338 
5.500000    -10.028729 
5.550000    9.312425 
5.600000    -8.371034 
5.650000    13.822894 
5.700000    35.454746 
5.750000    31.868275 
5.800000    52.157173 
5.850000    21.196995 
5.900000    19.642149 
5.950000    -2.794723 
6.000000    2.694315 
6.050000    -34.692001 
6.100000    -34.048275 
6.150000    -36.017605 
6.200000    -1.539494 
6.250000    14.075153 
6.300000    9.567954 
6.350000    22.628927 
6.400000    32.593781 
6.450000    27.523821 
6.500000    13.494196 
6.550000    -0.034497 
6.600000    -10.425830 
6.650000    -18.098280 
6.700000    8.424778 
6.750000    -27.373093 
6.800000    -19.166859 
6.850000    -38.436096 
6.900000    16.320545 
6.950000    -7.187931 
7.000000    23.724457 
7.050000    47.403526 
7.100000    53.489841 
7.150000    22.027035 
7.200000    10.805856 
7.250000    0.515105 
7.300000    -1.514345 
7.350000    20.135361 
7.400000    16.125906 
7.450000    13.544617 
7.500000    20.336227 
7.550000    -12.559944 
7.600000    1.554195 
7.650000    5.659212 
7.700000    11.423460 
7.750000    -24.534515 
7.800000    -4.725882 
7.850000    -9.068373 
7.900000    -9.063414 
7.950000    30.638628 
7.999999    21.643877 
8.049999    5.588999 
8.100000    28.112564 
8.150000    -0.199086 
8.200000    -1.876923 
8.250000    -32.720490 
8.300000    -8.528043 
8.350000    -14.713565 
8.400000    10.264428 
8.450000    -3.640528 
8.500000    24.798830 
8.549999    8.975254 
8.599999    15.543036 
8.650000    -1.396110 
8.700000    -4.330302 
8.750000    12.825740 
8.800000    -38.476295 
8.850000    -18.226831 
8.900000    -15.419106 
8.950000    -4.064339 
9.000000    -10.472009 
9.050000    -13.585954 
9.099999    -16.591518 
9.149999    16.925720 
9.200000    9.024736 
9.250000    10.913501 
9.300000    -3.100233 
9.350000    -9.533540 
9.400000    -31.748116 
9.450000    -19.623455 
9.500000    -26.477522 
9.550000    22.775002 
9.600000    17.014992 
9.649999    18.240238 
9.699999    21.071028 
9.750000    23.020700 
9.800000    37.280022 
9.850000    14.590099 
9.900000    28.789713 
9.950000    -15.492619 
10.000000    -27.816502 
10.050000    -16.858978 
10.100000    -14.415936 
10.150000    6.415306 
10.199999    20.023500 
10.249999    -16.827581 
10.300000    52.710106 
10.350000    -5.935295 
10.400000    37.681313 
10.450000    13.806498 
10.500000    16.681074 
10.550000    -21.407768 
10.600000    -32.262768 
10.650000    0.381270 
10.700000    15.645643 
10.749999    -5.827160 
10.799999    4.610021 
10.849999    -8.022469 
10.900000    -3.129790 
10.950000    -5.598554 
11.000000    -6.219268 
11.050000    -23.541485 
11.100000    -5.917494 
11.150000    4.088668 
11.200000    -34.503635 
11.250000    6.920120 
11.299999    3.469838 
11.349999    -18.750694 
11.399999    -19.305479 
11.450000    -6.145693 
11.500000    -8.230092 
11.550000    -8.127506 
11.600000    -13.151301 
11.650000    19.807861 
11.700000    -8.072923 
11.750000    11.199642 
11.800000    10.878018 
11.849999    28.062094 
11.899999    32.777092 
11.949999    27.611588 
12.000000    13.928725 
12.050000    17.700266 
12.100000    -2.441736 
12.150000    19.029602 
12.200000    12.510448 
12.250000    25.136494 
12.300000    -11.891243 
12.350000    13.726377 
12.399999    2.343061 
12.449999    -16.895721 
12.499999    7.738797 
12.550000    -9.087253 
12.600000    -14.478819 
12.650000    1.674652 
12.700000    -7.100342 
12.750000    -8.135011 
12.800000    2.455204 
12.850000    -12.071944 
12.900000    -11.109207 
12.949999    17.040003 
12.999999    -0.434529 
13.049999    -5.394655 
13.100000    20.599516 
13.150000    -14.953128 
13.200000    10.837348 
13.250000    8.696324 
13.300000    11.057781 
13.350000    14.376561 
13.400000    28.646242 
13.450000    7.606954 
13.499999    5.351377 
13.549999    -16.697235 
13.599999    -15.507167 
13.650000    -4.517702 
13.700000    -32.441380 
13.750000    -8.045156 
13.800000    -4.425800 
13.850000    -8.559409 
13.900000    18.837811 
13.950000    -3.899279 
14.000000    30.906210 
14.049999    -12.081650 
14.099999    8.760718 
14.149999    4.591116 
14.200000    4.797010 
14.250000    2.015179 
14.300000    3.574897 
14.350000    18.562494 
14.400000    -24.785120 
14.450000    5.802037 
14.500000    15.229959 
14.549999    22.599831 
14.599999    40.509048 
14.649999    37.781651 
14.699999    19.585472 
14.750000    38.251789 
14.800000    -36.080978 
14.850000    -5.873714 
14.900000    -34.564247 
14.950000    -10.607729 
15.000000    -14.822336 
15.050000    -11.909041 
15.099999    7.406036 
15.149999    35.306335 
15.199999    -0.025841 
15.249999    39.073215 
15.299999    26.148895 
15.350000    12.726775 
15.400000    -7.855451 
15.450000    -2.765142 
15.500000    8.029837 
15.550000    -8.061160 
15.600000    29.497423 
15.650000    -8.030773 
15.699999    35.241695 
15.750000    6.567467 
15.799999    0.923841 
15.850000    -2.636627 
15.899999    37.007961 
15.950000    5.103396 
15.999999    -9.952202 
16.050000    -24.844906 
16.099999    -19.558744 
16.150000    -2.369420 
16.200000    5.091027 
16.249999    11.328997 
16.300000    -3.774128 
16.349999    7.585456 
16.400000    31.924074 
16.449999    7.979872 
16.500000    35.517258 
16.549999    -9.788966 
16.600000    -5.334143 
16.649999    -11.787038 
16.700000    15.134840 
16.750000    10.855105 
16.799999    -11.611048 
16.850000    1.531541 
16.899999    1.599711 
16.950000    1.537753 
16.999999    13.482128 
17.050000    12.820347 
17.099999    10.144264 
17.150000    -0.727921 
17.199999    -0.409377 
17.250000    20.582998 
17.300000    -18.635792 
17.349999    -8.330986 
17.400000    4.770590 
17.449999    -15.086929 
17.500000    9.980623 
17.549999    -12.828871 
17.600000    -7.568931 
17.649999    24.768986 
17.700000    4.713902 
17.749999    -13.652581 
17.800000    38.574390 
17.850000    22.952349 
17.899999    -24.451603 
17.950000    9.132951 
17.999999    -8.294307 
18.050000    -16.470028 
18.099999    -31.884340 
18.150000    -26.833359 
18.199999    8.922508 
18.250000    3.702149 
18.299999    19.325092 
18.350000    7.235384 
18.400000    12.097857 
18.449999    4.271414 
18.500000    11.412889 
18.549999    -0.392731 
18.600000    -9.289718 
18.649999    7.106447 
18.700000    -9.745524 
18.749999    -23.211060 
18.800000    14.480330 
18.849999    -17.115419 
18.900000    -4.628675 
18.950000    -7.187522 
18.999999    -8.017109 
19.050000    4.971402 
19.099999    -0.020422 
19.150000    12.634486 
19.199999    -3.369762 
19.250000    7.078474 
19.299999    9.373069 
19.350000    15.391413 
19.399999    5.260302 
19.450000    28.916796 
19.500000    -4.729567 
19.549999    19.393358 
19.600000    12.709044 
19.649999    16.378576 
19.700000    -3.658536 
19.749999    -1.550108 
19.800000    11.886675 
19.849999    8.356522 
19.900000    0.182885 
19.949999    7.229973 


Reverse Correlation Function   