Time    Magnitude 

0.000000    0.002366 
0.050000    -0.001578 
0.100000    -0.001633 
0.150000    0.002074 
0.200000    0.000163 
0.250000    0.001263 
0.300000    -0.004302 
0.350000    -0.003534 
0.400000    0.002760 
0.450000    -0.001897 
0.500000    0.001448 
0.550000    -0.001406 
0.600000    -0.000100 
0.650000    -0.001570 
0.700000    -0.001792 
0.750000    0.003258 
0.800000    0.002416 
0.850000    0.000626 
0.900000    -0.003994 
0.950000    0.002494 
1.000000    0.001767 
1.050000    0.007629 
1.100000    -0.002508 
1.150000    -0.003779 
1.200000    0.001100 
1.250000    0.005338 
1.300000    0.000674 
1.350000    -0.001802 
1.400000    0.001468 
1.450000    -0.001420 
1.500000    0.000129 
1.550000    -0.004140 
1.600000    -0.003786 
1.650000    -0.001602 
1.700000    -0.002277 
1.750000    0.001298 
1.800000    -0.001645 
1.850000    0.000702 
1.900000    0.002451 
1.950000    -0.002262 
2.000000    0.002503 
2.050000    -0.002374 
2.100000    -0.001896 
2.150000    -0.000163 
2.200000    -0.001430 
2.250000    0.002348 
2.300000    0.005945 
2.350000    -0.004418 
2.400000    -0.001308 
2.450000    0.004314 
2.500000    0.000579 
2.550000    0.004404 
2.600000    0.002732 
2.650000    -0.000849 
2.700000    -0.004452 
2.750000    -0.001179 
2.800000    0.003455 
2.850000    -0.000915 
2.900000    0.002768 
2.950000    -0.001829 
3.000000    0.003639 
3.050000    -0.001259 
3.100000    -0.000239 
3.150000    0.002829 
3.200000    0.000796 
3.250000    0.006617 
3.300000    0.003671 
3.350000    -0.005179 
3.400000    -0.001236 
3.450000    0.005115 
3.500000    -0.003381 
3.550000    0.001783 
3.600000    -0.004842 
3.650000    0.001111 
3.700000    0.001542 
3.750000    0.001129 
3.800000    0.003396 
3.850000    0.004033 
3.900000    -0.000531 
3.950000    0.000294 
4.000000    0.001897 
4.050000    -0.002791 
4.100000    0.003286 
4.150000    0.000305 
4.200000    -0.003342 
4.250000    0.001910 
4.300000    -0.004760 
4.350000    -0.004317 
4.400000    -0.001627 
4.450000    -0.001544 
4.500000    -0.001433 
4.550000    0.000050 
4.600000    0.001285 
4.650000    0.002817 
4.700000    -0.000498 
4.750000    0.005470 
4.800000    0.003095 
4.850000    -0.001977 
4.900000    -0.001434 
4.950000    -0.001363 
5.000000    0.001206 
5.050000    -0.002135 
5.100000    -0.000969 
5.150000    0.001035 
5.200000    0.008026 
5.250000    -0.003844 
5.300000    -0.001662 
5.350000    -0.000235 
5.400000    -0.000977 
5.450000    0.003707 
5.500000    0.005169 
5.550000    0.001110 
5.600000    -0.000669 
5.650000    0.002807 
5.700000    0.002711 
5.750000    0.001673 
5.800000    -0.000520 
5.850000    0.001215 
5.900000    -0.001634 
5.950000    -0.002844 
6.000000    0.000706 
6.050000    0.000996 
6.100000    0.003140 
6.150000    -0.002589 
6.200000    0.000727 
6.250000    0.000249 
6.300000    0.000356 
6.350000    -0.001206 
6.400000    0.002038 
6.450000    -0.000362 
6.500000    0.001308 
6.550000    0.001204 
6.600000    0.000897 
6.650000    0.000198 
6.700000    -0.000870 
6.750000    -0.000508 
6.800000    -0.001512 
6.850000    0.003051 
6.900000    -0.002407 
6.950000    0.000858 
7.000000    0.003303 
7.050000    -0.001861 
7.100000    -0.000222 
7.150000    0.002564 
7.200000    0.001934 
7.250000    0.002946 
7.300000    -0.004275 
7.350000    0.000849 
7.400000    -0.000703 
7.450000    0.004131 
7.500000    0.003425 
7.550000    -0.002119 
7.600000    -0.001163 
7.650000    0.001477 
7.700000    0.005970 
7.750000    -0.000206 
7.800000    0.000223 
7.850000    0.000458 
7.900000    -0.000264 
7.950000    -0.001062 
7.999999    -0.001771 
8.049999    0.002961 
8.100000    -0.003081 
8.150000    -0.003064 
8.200000    0.000605 
8.250000    0.000358 
8.300000    -0.001192 
8.350000    -0.001114 
8.400000    0.002010 
8.450000    0.003519 
8.500000    0.001173 
8.549999    -0.003058 
8.599999    0.003083 
8.650000    -0.004311 
8.700000    0.001313 
8.750000    0.000933 
8.800000    -0.003751 
8.850000    -0.000928 
8.900000    -0.004518 
8.950000    -0.000125 
9.000000    0.003510 
9.050000    0.003488 
9.099999    -0.006918 
9.149999    -0.003237 
9.200000    0.005096 
9.250000    0.000919 
9.300000    -0.001796 
9.350000    -0.003926 
9.400000    0.006077 
9.450000    0.001540 
9.500000    0.000034 
9.550000    -0.000082 
9.600000    -0.006377 
9.649999    -0.002906 
9.699999    0.002579 
9.750000    -0.003776 
9.800000    0.001440 
9.850000    -0.002055 
9.900000    -0.002067 
9.950000    -0.000092 
10.000000    0.001426 
10.050000    -0.000337 
10.100000    0.001265 
10.150000    0.002881 
10.199999    -0.007353 
10.249999    0.001752 
10.300000    0.000380 
10.350000    0.001001 
10.400000    -0.004284 
10.450000    0.000338 
10.500000    -0.003171 
10.550000    0.001162 
10.600000    -0.000817 
10.650000    0.000573 
10.700000    0.000072 
10.749999    -0.002271 
10.799999    0.005408 
10.849999    -0.002864 
10.900000    -0.006396 
10.950000    -0.002634 
11.000000    0.000141 
11.050000    -0.005182 
11.100000    -0.002243 
11.150000    0.002050 
11.200000    -0.002787 
11.250000    0.002455 
11.299999    0.002157 
11.349999    0.005108 
11.399999    0.006843 
11.450000    0.000220 
11.500000    -0.005475 
11.550000    0.000519 
11.600000    0.002306 
11.650000    0.001491 
11.700000    -0.000189 
11.750000    -0.000947 
11.800000    0.000824 
11.849999    0.004415 
11.899999    0.005616 
11.949999    -0.002129 
12.000000    0.004406 
12.050000    0.004649 
12.100000    -0.002820 
12.150000    0.006836 
12.200000    -0.002101 
12.250000    -0.004178 
12.300000    -0.000607 
12.350000    0.001272 
12.399999    0.002821 
12.449999    0.002904 
12.499999    0.001307 
12.550000    -0.004167 
12.600000    -0.000291 
12.650000    0.001152 
12.700000    -0.000450 
12.750000    0.001851 
12.800000    -0.004663 
12.850000    -0.003953 
12.900000    0.001186 
12.949999    -0.001479 
12.999999    0.002531 
13.049999    -0.000618 
13.100000    -0.000912 
13.150000    0.002913 
13.200000    0.003259 
13.250000    0.004301 
13.300000    -0.001239 
13.350000    0.000250 
13.400000    0.002056 
13.450000    -0.003457 
13.499999    0.004382 
13.549999    -0.001797 
13.599999    0.000512 
13.650000    0.000827 
13.700000    0.003613 
13.750000    -0.002636 
13.800000    0.000851 
13.850000    0.002687 
13.900000    -0.004784 
13.950000    -0.001104 
14.000000    0.000344 
14.049999    0.004211 
14.099999    0.001557 
14.149999    0.002199 
14.200000    0.000771 
14.250000    0.001594 
14.300000    -0.002204 
14.350000    0.004014 
14.400000    -0.000047 
14.450000    -0.001712 
14.500000    0.000215 
14.549999    -0.005784 
14.599999    -0.003441 
14.649999    0.006329 
14.699999    -0.000529 
14.750000    -0.003410 
14.800000    0.000844 
14.850000    -0.001899 
14.900000    -0.001096 
14.950000    0.001979 
15.000000    0.003101 
15.050000    0.006657 
15.099999    0.000268 
15.149999    -0.003222 
15.199999    -0.003051 
15.249999    -0.001604 
15.299999    -0.001731 
15.350000    0.000749 
15.400000    0.000298 
15.450000    -0.003613 
15.500000    -0.005048 
15.550000    0.006285 
15.600000    0.000018 
15.650000    0.005904 
15.699999    -0.001454 
15.750000    -0.002090 
15.799999    -0.002110 
15.850000    0.003090 
15.899999    0.004191 
15.950000    0.000891 
15.999999    0.000238 
16.050000    0.000726 
16.099999    0.003947 
16.150000    0.002764 
16.200000    -0.002197 
16.249999    0.000841 
16.300000    0.001717 
16.349999    0.003191 
16.400000    -0.006779 
16.449999    -0.001525 
16.500000    0.002044 
16.549999    0.001914 
16.600000    -0.004224 
16.649999    -0.000107 
16.700000    -0.001160 
16.750000    0.000781 
16.799999    -0.002043 
16.850000    0.002001 
16.899999    0.006028 
16.950000    -0.002922 
16.999999    -0.002707 
17.050000    0.003396 
17.099999    0.001703 
17.150000    -0.006897 
17.199999    -0.002506 
17.250000    -0.002982 
17.300000    0.002606 
17.349999    0.001367 
17.400000    0.004960 
17.449999    0.002594 
17.500000    -0.001948 
17.549999    -0.001604 
17.600000    -0.002811 
17.649999    -0.000223 
17.700000    0.000412 
17.749999    0.007263 
17.800000    0.002731 
17.850000    0.002256 
17.899999    0.000656 
17.950000    -0.002229 
17.999999    -0.000813 
18.050000    -0.000967 
18.099999    -0.004161 
18.150000    0.004437 
18.199999    0.000127 
18.250000    0.003706 
18.299999    0.001928 
18.350000    -0.003765 
18.400000    -0.001881 
18.449999    -0.007448 
18.500000    0.009337 
18.549999    -0.002546 
18.600000    0.001423 
18.649999    -0.001987 
18.700000    0.000629 
18.749999    0.001478 
18.800000    -0.000576 
18.849999    0.001031 
18.900000    0.003305 
18.950000    -0.002660 
18.999999    -0.000365 
19.050000    0.003205 
19.099999    0.002721 
19.150000    0.003007 
19.199999    0.002016 
19.250000    0.001041 
19.299999    0.004554 
19.350000    0.000742 
19.399999    0.004312 
19.450000    0.000595 
19.500000    0.000236 
19.549999    -0.000520 
19.600000    0.004950 
19.649999    0.000661 
19.700000    -0.005350 
19.749999    0.005582 
19.800000    -0.003667 
19.849999    0.002118 
19.900000    0.001520 
19.949999    0.003422 


Reverse Correlation Function   