Time    Magnitude 

0.000000    0.565276 
0.050000    1.773866 
0.100000    3.166997 
0.150000    0.372850 
0.200000    2.026276 
0.250000    1.475342 
0.300000    -1.292473 
0.350000    -1.806055 
0.400000    -1.104970 
0.450000    -1.886970 
0.500000    0.109997 
0.550000    0.937259 
0.600000    -0.416014 
0.650000    -0.145291 
0.700000    -1.429833 
0.750000    -0.532997 
0.800000    0.578569 
0.850000    0.266217 
0.900000    2.848380 
0.950000    1.167072 
1.000000    3.349469 
1.050000    0.391523 
1.100000    2.058118 
1.150000    3.422097 
1.200000    3.242483 
1.250000    2.708527 
1.300000    1.149735 
1.350000    1.233854 
1.400000    0.386300 
1.450000    3.177632 
1.500000    0.183682 
1.550000    -0.939365 
1.600000    -2.540816 
1.650000    -2.124081 
1.700000    -1.978934 
1.750000    -0.094331 
1.800000    -1.560764 
1.850000    0.255665 
1.900000    -0.772239 
1.950000    1.998426 
2.000000    0.433704 
2.050000    0.809617 
2.100000    0.140620 
2.150000    1.705815 
2.200000    0.849676 
2.250000    -0.268901 
2.300000    1.962378 
2.350000    1.148305 
2.400000    4.450622 
2.450000    2.258145 
2.500000    3.247630 
2.550000    2.562236 
2.600000    -0.475435 
2.650000    -1.386582 
2.700000    -0.962173 
2.750000    -2.139250 
2.800000    -4.060125 
2.850000    -6.718868 
2.900000    -5.230312 
2.950000    -6.211767 
3.000000    -7.164530 
3.050000    -6.800463 
3.100000    -3.129245 
3.150000    -1.707189 
3.200000    -0.024796 
3.250000    1.892984 
3.300000    4.963493 
3.350000    8.418136 
3.400000    9.805229 
3.450000    11.695105 
3.500000    13.530552 
3.550000    13.947102 
3.600000    10.219052 
3.650000    8.673337 
3.700000    6.080186 
3.750000    0.218549 
3.800000    -3.777985 
3.850000    -6.588964 
3.900000    -7.408748 
3.950000    -12.552088 
4.000000    -11.727027 
4.050000    -14.736485 
4.100000    -15.876547 
4.150000    -12.953498 
4.200000    -10.358556 
4.250000    -9.353898 
4.300000    -5.320770 
4.350000    -1.950119 
4.400000    1.690275 
4.450000    4.983335 
4.500000    9.073248 
4.550000    11.744653 
4.600000    12.667060 
4.650000    14.654265 
4.700000    12.497688 
4.750000    10.830108 
4.800000    9.244237 
4.850000    7.291755 
4.900000    5.692312 
4.950000    2.723594 
5.000000    0.337317 
5.050000    -2.701763 
5.100000    -7.487256 
5.150000    -6.826262 
5.200000    -9.920099 
5.250000    -11.164432 
5.300000    -12.869473 
5.350000    -14.373571 
5.400000    -13.103912 
5.450000    -9.048942 
5.500000    -4.021458 
5.550000    -1.504868 
5.600000    1.647932 
5.650000    3.475422 
5.700000    6.822447 
5.750000    7.369991 
5.800000    10.595914 
5.850000    12.551117 
5.900000    9.987191 
5.950000    9.030354 
6.000000    7.202313 
6.050000    4.609850 
6.100000    2.173302 
6.150000    0.328315 
6.200000    -1.277907 
6.250000    -6.018319 
6.300000    -6.670906 
6.350000    -7.787705 
6.400000    -9.579334 
6.450000    -7.982586 
6.500000    -8.973182 
6.550000    -7.405092 
6.600000    -7.906552 
6.650000    -5.214856 
6.700000    -0.858356 
6.750000    1.804111 
6.800000    4.104019 
6.850000    1.034544 
6.900000    7.245224 
6.950000    6.737641 
7.000000    9.067590 
7.050000    7.553223 
7.100000    7.499603 
7.150000    7.082340 
7.200000    5.854890 
7.250000    2.670795 
7.300000    1.821382 
7.350000    -0.707383 
7.400000    -3.978076 
7.450000    -6.412920 
7.500000    -7.800488 
7.550000    -4.306199 
7.600000    -5.240129 
7.650000    -3.896047 
7.700000    -4.750724 
7.750000    -3.153223 
7.800000    -2.065792 
7.850000    -0.154079 
7.900000    -1.001274 
7.950000    -0.726488 
7.999999    3.386216 
8.049999    2.327898 
8.100000    3.614069 
8.150000    6.392428 
8.200000    6.528940 
8.250000    6.186544 
8.300000    3.105425 
8.350000    2.665593 
8.400000    0.289663 
8.450000    2.526277 
8.500000    1.258628 
8.549999    0.520579 
8.599999    -3.035568 
8.650000    -2.589494 
8.700000    -3.872965 
8.750000    -0.998417 
8.800000    -1.609829 
8.850000    -1.067030 
8.900000    -0.168920 
8.950000    -2.252227 
9.000000    -1.530110 
9.050000    -0.903368 
9.099999    -0.246950 
9.149999    -0.334626 
9.200000    -0.246684 
9.250000    -0.200904 
9.300000    3.538289 
9.350000    1.699146 
9.400000    2.910524 
9.450000    3.830477 
9.500000    3.517447 
9.550000    2.006282 
9.600000    0.853100 
9.649999    -0.226919 
9.699999    0.725926 
9.750000    -0.903290 
9.800000    -2.177506 
9.850000    -1.476677 
9.900000    1.495681 
9.950000    -0.769928 
10.000000    -1.727021 
10.050000    -0.401416 
10.100000    -2.428461 
10.150000    -3.154775 
10.199999    -1.365409 
10.249999    -0.710413 
10.300000    0.317872 
10.350000    -2.509206 
10.400000    1.408790 
10.450000    0.336296 
10.500000    -0.152181 
10.550000    1.441379 
10.600000    0.660553 
10.650000    2.779922 
10.700000    1.978516 
10.749999    -0.329935 
10.799999    0.510463 
10.849999    1.088401 
10.900000    0.430335 
10.950000    0.636918 
11.000000    0.147331 
11.050000    0.068441 
11.100000    -0.619768 
11.150000    1.004060 
11.200000    0.295185 
11.250000    -0.925310 
11.299999    -0.849706 
11.349999    0.294325 
11.399999    -1.001325 
11.450000    -0.860057 
11.500000    -1.096629 
11.550000    -0.901209 
11.600000    0.237009 
11.650000    -1.303125 
11.700000    0.893193 
11.750000    2.577559 
11.800000    0.746365 
11.849999    0.949694 
11.899999    0.969188 
11.949999    -2.079452 
12.000000    1.548820 
12.050000    2.626854 
12.100000    0.178041 
12.150000    -0.123679 
12.200000    0.415050 
12.250000    0.624949 
12.300000    3.242025 
12.350000    2.403645 
12.399999    3.790477 
12.449999    1.411558 
12.499999    -1.199369 
12.550000    -0.076385 
12.600000    -0.655375 
12.650000    -0.431467 
12.700000    -0.053601 
12.750000    -1.972997 
12.800000    1.705841 
12.850000    0.101981 
12.900000    -0.780241 
12.949999    -2.145348 
12.999999    -1.388504 
13.049999    0.281138 
13.100000    1.747042 
13.150000    0.068377 
13.200000    -0.535978 
13.250000    0.969401 
13.300000    1.000762 
13.350000    2.979901 
13.400000    0.966475 
13.450000    2.260918 
13.499999    2.236971 
13.549999    -0.241636 
13.599999    0.843473 
13.650000    -0.698785 
13.700000    0.110098 
13.750000    -0.150259 
13.800000    0.393244 
13.850000    -0.924692 
13.900000    0.196289 
13.950000    0.422460 
14.000000    -0.808800 
14.049999    -3.173985 
14.099999    -0.363515 
14.149999    -1.929590 
14.200000    1.548741 
14.250000    -0.419160 
14.300000    0.111564 
14.350000    -2.494693 
14.400000    0.864798 
14.450000    -0.146085 
14.500000    0.595982 
14.549999    1.041938 
14.599999    1.007298 
14.649999    0.874742 
14.699999    2.710800 
14.750000    1.719273 
14.800000    2.143489 
14.850000    -0.663005 
14.900000    -0.622732 
14.950000    0.521667 
15.000000    0.084402 
15.050000    1.183699 
15.099999    -0.481452 
15.149999    -0.334693 
15.199999    -3.463949 
15.249999    -1.860529 
15.299999    -1.538441 
15.350000    -0.346027 
15.400000    1.026484 
15.450000    -0.285835 
15.500000    -1.245183 
15.550000    0.387525 
15.600000    0.281828 
15.650000    0.598103 
15.699999    1.596096 
15.750000    0.571823 
15.799999    2.119926 
15.850000    1.777861 
15.899999    1.998858 
15.950000    0.324826 
15.999999    2.797104 
16.050000    0.739749 
16.099999    1.975486 
16.150000    1.564351 
16.200000    -2.403544 
16.249999    -1.825708 
16.300000    0.128479 
16.349999    -4.029807 
16.400000    -0.401611 
16.449999    0.572808 
16.500000    -1.597316 
16.549999    0.552188 
16.600000    -2.122396 
16.649999    -0.423760 
16.700000    0.117149 
16.750000    -1.074854 
16.799999    -0.658921 
16.850000    0.547917 
16.899999    0.162094 
16.950000    0.827864 
16.999999    -0.083510 
17.050000    1.974397 
17.099999    1.723312 
17.150000    1.689746 
17.199999    3.142965 
17.250000    1.591056 
17.300000    0.205454 
17.349999    -0.371362 
17.400000    2.017301 
17.449999    1.297588 
17.500000    -0.492298 
17.549999    -0.631985 
17.600000    1.764796 
17.649999    1.621395 
17.700000    2.110782 
17.749999    0.346784 
17.800000    2.241244 
17.850000    -0.010947 
17.899999    -2.158015 
17.950000    0.828734 
17.999999    -0.791163 
18.050000    -1.901559 
18.099999    -0.652259 
18.150000    -2.203168 
18.199999    2.083761 
18.250000    1.605977 
18.299999    -0.141112 
18.350000    1.354886 
18.400000    0.917471 
18.449999    1.696632 
18.500000    4.041059 
18.549999    2.064519 
18.600000    0.835903 
18.649999    0.282431 
18.700000    -0.450368 
18.749999    1.065533 
18.800000    2.867479 
18.849999    1.695006 
18.900000    1.164941 
18.950000    1.480775 
18.999999    -0.476893 
19.050000    -0.851569 
19.099999    -0.046596 
19.150000    -0.422548 
19.199999    -1.892865 
19.250000    -1.346071 
19.299999    -1.683016 
19.350000    -2.013587 
19.399999    -0.732416 
19.450000    1.035490 
19.500000    1.113585 
19.549999    2.663790 
19.600000    -0.732216 
19.649999    3.241297 
19.700000    3.377621 
19.749999    -0.625882 
19.800000    -0.377932 
19.849999    -1.112727 
19.900000    1.430153 
19.949999    -0.314377 


Reverse Correlation Function   