Time    Magnitude 

0.000000    2.233486 
0.050000    0.869593 
0.100000    2.126588 
0.150000    0.196218 
0.200000    -0.982145 
0.250000    -0.469854 
0.300000    0.207264 
0.350000    -0.813976 
0.400000    1.235348 
0.450000    -0.616009 
0.500000    -0.774308 
0.550000    1.184904 
0.600000    1.079125 
0.650000    -0.749515 
0.700000    1.900934 
0.750000    -0.542163 
0.800000    -4.507393 
0.850000    -2.607908 
0.900000    -1.275612 
0.950000    1.707201 
1.000000    2.036685 
1.050000    -0.346809 
1.100000    -0.688281 
1.150000    0.919578 
1.200000    -0.475872 
1.250000    -0.506183 
1.300000    -0.668348 
1.350000    1.292969 
1.400000    -2.282501 
1.450000    1.635835 
1.500000    -0.178086 
1.550000    0.137554 
1.600000    0.554491 
1.650000    -0.573447 
1.700000    -2.374829 
1.750000    -2.690568 
1.800000    -1.799057 
1.850000    -2.702187 
1.900000    -3.547549 
1.950000    -0.972559 
2.000000    4.552925 
2.050000    9.096381 
2.100000    9.407414 
2.150000    3.128936 
2.200000    -7.578291 
2.250000    -13.626972 
2.300000    -15.625349 
2.350000    -6.440174 
2.400000    5.614100 
2.450000    16.032278 
2.500000    12.923512 
2.550000    0.948387 
2.600000    -9.516518 
2.650000    -15.405752 
2.700000    -12.027294 
2.750000    0.361388 
2.800000    13.349303 
2.850000    13.382006 
2.900000    10.231631 
2.950000    -1.708539 
3.000000    -12.408898 
3.050000    -15.367841 
3.100000    -11.618573 
3.150000    1.915841 
3.200000    12.021567 
3.250000    12.829679 
3.300000    8.215525 
3.350000    -3.319654 
3.400000    -9.997853 
3.450000    -9.244947 
3.500000    -4.152885 
3.550000    2.562558 
3.600000    11.591747 
3.650000    8.864822 
3.700000    3.075246 
3.750000    -4.382064 
3.800000    -9.281524 
3.850000    -6.216331 
3.900000    -2.187442 
3.950000    4.280320 
4.000000    7.194190 
4.050000    5.199409 
4.100000    -0.616953 
4.150000    -3.745168 
4.200000    -5.484121 
4.250000    -5.178428 
4.300000    -0.551282 
4.350000    2.454750 
4.400000    5.888547 
4.450000    2.815916 
4.500000    0.871631 
4.550000    0.244585 
4.600000    -4.171814 
4.650000    -3.051718 
4.700000    -0.871898 
4.750000    -0.923680 
4.800000    0.231858 
4.850000    3.995431 
4.900000    2.390503 
4.950000    -2.884653 
5.000000    -0.790870 
5.050000    -0.367981 
5.100000    1.926859 
5.150000    -1.013479 
5.200000    2.875159 
5.250000    1.983365 
5.300000    1.125452 
5.350000    -0.844467 
5.400000    1.385281 
5.450000    1.132147 
5.500000    -0.497509 
5.550000    -0.060511 
5.600000    0.196962 
5.650000    2.269798 
5.700000    1.274283 
5.750000    -1.029605 
5.800000    -1.295766 
5.850000    0.074142 
5.900000    -2.585040 
5.950000    1.886562 
6.000000    2.819936 
6.050000    0.538555 
6.100000    -1.902620 
6.150000    -2.489946 
6.200000    -0.605074 
6.250000    -1.671310 
6.300000    -2.353197 
6.350000    -1.061048 
6.400000    2.579501 
6.450000    4.183260 
6.500000    1.807013 
6.550000    -0.758662 
6.600000    2.138116 
6.650000    -0.308209 
6.700000    0.276967 
6.750000    1.265573 
6.800000    1.608193 
6.850000    1.250065 
6.900000    1.180887 
6.950000    -0.727153 
7.000000    -1.175557 
7.050000    -0.114710 
7.100000    -3.247035 
7.150000    -2.161805 
7.200000    0.101457 
7.250000    0.119944 
7.300000    0.427563 
7.350000    2.283699 
7.400000    -0.910162 
7.450000    -1.248662 
7.500000    0.785198 
7.550000    -0.428356 
7.600000    0.521217 
7.650000    -0.494353 
7.700000    -1.024641 
7.750000    2.078863 
7.800000    -1.053359 
7.850000    0.523117 
7.900000    1.436262 
7.950000    -1.203468 
7.999999    -0.719802 
8.049999    1.339719 
8.100000    -0.157093 
8.150000    -0.347146 
8.200000    2.316545 
8.250000    -1.084777 
8.300000    -0.709558 
8.350000    -0.821434 
8.400000    0.605967 
8.450000    -0.292520 
8.500000    -0.908666 
8.549999    -0.413475 
8.599999    -0.656795 
8.650000    -1.178380 
8.700000    -1.773979 
8.750000    0.841457 
8.800000    0.812177 
8.850000    1.442815 
8.900000    3.888655 
8.950000    -0.803591 
9.000000    0.547286 
9.050000    2.234903 
9.099999    -0.741904 
9.149999    1.529135 
9.200000    0.366447 
9.250000    0.449205 
9.300000    2.295032 
9.350000    -0.693892 
9.400000    2.199526 
9.450000    1.595181 
9.500000    0.541618 
9.550000    3.962745 
9.600000    0.492516 
9.649999    -0.662005 
9.699999    0.212154 
9.750000    0.291461 
9.800000    -0.045261 
9.850000    1.067625 
9.900000    0.175933 
9.950000    1.046229 
10.000000    1.426647 
10.050000    0.902630 
10.100000    2.333143 
10.150000    -0.638517 
10.199999    0.695151 
10.249999    -0.956998 
10.300000    2.530042 
10.350000    0.127489 
10.400000    1.360033 
10.450000    -2.799491 
10.500000    -1.244083 
10.550000    2.129674 
10.600000    -0.777867 
10.650000    -0.764597 
10.700000    -0.943463 
10.749999    1.395263 
10.799999    0.419231 
10.849999    -1.286781 
10.900000    -1.671553 
10.950000    -0.197207 
11.000000    -0.998610 
11.050000    0.053903 
11.100000    0.287847 
11.150000    -2.004190 
11.200000    2.176653 
11.250000    0.689203 
11.299999    1.626144 
11.349999    -0.684167 
11.399999    0.119464 
11.450000    1.347292 
11.500000    2.593905 
11.550000    -0.577531 
11.600000    0.718024 
11.650000    -1.352534 
11.700000    -1.235329 
11.750000    2.614122 
11.800000    3.724010 
11.849999    0.723631 
11.899999    -0.856476 
11.949999    -2.087368 
12.000000    -1.794261 
12.050000    -1.224325 
12.100000    1.541058 
12.150000    1.187832 
12.200000    0.202822 
12.250000    -0.859122 
12.300000    -0.432629 
12.350000    -1.121648 
12.399999    -0.032038 
12.449999    -1.005320 
12.499999    1.001517 
12.550000    1.431961 
12.600000    -0.182616 
12.650000    0.353515 
12.700000    0.542561 
12.750000    -1.300782 
12.800000    -0.607593 
12.850000    -1.611673 
12.900000    1.575900 
12.949999    1.012087 
12.999999    -1.622343 
13.049999    0.364890 
13.100000    -1.731037 
13.150000    -1.742734 
13.200000    -0.499171 
13.250000    0.746393 
13.300000    -2.452048 
13.350000    0.266257 
13.400000    -2.742912 
13.450000    1.313356 
13.499999    -2.290330 
13.549999    -3.352264 
13.599999    0.297135 
13.650000    0.549575 
13.700000    -1.201615 
13.750000    -0.823090 
13.800000    0.838118 
13.850000    -2.797255 
13.900000    1.789338 
13.950000    -0.201181 
14.000000    0.605715 
14.049999    -1.891966 
14.099999    0.908787 
14.149999    -1.212018 
14.200000    -0.096449 
14.250000    1.523384 
14.300000    -0.475733 
14.350000    -0.689539 
14.400000    3.039895 
14.450000    0.886573 
14.500000    0.377918 
14.549999    -0.121218 
14.599999    0.075073 
14.649999    1.082435 
14.699999    1.037429 
14.750000    1.021025 
14.800000    -0.514819 
14.850000    0.911914 
14.900000    0.478915 
14.950000    0.278885 
15.000000    0.459389 
15.050000    -1.149066 
15.099999    -2.181667 
15.149999    1.571585 
15.199999    0.788949 
15.249999    -1.412499 
15.299999    -0.356664 
15.350000    -2.077930 
15.400000    0.505728 
15.450000    1.393845 
15.500000    1.669961 
15.550000    0.212696 
15.600000    0.517542 
15.650000    1.989457 
15.699999    0.715158 
15.750000    2.465369 
15.799999    -1.455461 
15.850000    1.136309 
15.899999    0.338320 
15.950000    -0.771338 
15.999999    1.619867 
16.050000    0.163070 
16.099999    1.705696 
16.150000    0.898999 
16.200000    0.987765 
16.249999    1.044195 
16.300000    0.006435 
16.349999    2.729914 
16.400000    -1.160469 
16.449999    0.581898 
16.500000    -0.812162 
16.549999    -0.058966 
16.600000    3.829365 
16.649999    -0.019232 
16.700000    0.702627 
16.750000    -0.424694 
16.799999    -0.786915 
16.850000    -2.142200 
16.899999    0.703089 
16.950000    1.975255 
16.999999    2.291871 
17.050000    1.083460 
17.099999    -1.006109 
17.150000    -2.220980 
17.199999    1.039257 
17.250000    1.078057 
17.300000    -0.055965 
17.349999    0.518333 
17.400000    3.294150 
17.449999    1.981584 
17.500000    1.320310 
17.549999    2.458783 
17.600000    0.667756 
17.649999    0.598889 
17.700000    -0.199077 
17.749999    2.024493 
17.800000    -0.408020 
17.850000    -1.002144 
17.899999    0.336799 
17.950000    0.498506 
17.999999    1.529930 
18.050000    -1.834411 
18.099999    -0.467029 
18.150000    1.044421 
18.199999    0.611411 
18.250000    -0.777062 
18.299999    -1.237105 
18.350000    0.079899 
18.400000    2.142212 
18.449999    2.846841 
18.500000    1.810642 
18.549999    -0.358183 
18.600000    -0.031860 
18.649999    1.193152 
18.700000    0.757912 
18.749999    0.461143 
18.800000    0.208835 
18.849999    -1.854346 
18.900000    2.593537 
18.950000    -1.009566 
18.999999    -1.292180 
19.050000    -2.887557 
19.099999    -0.611430 
19.150000    0.587524 
19.199999    0.087757 
19.250000    -0.301850 
19.299999    -3.091000 
19.350000    0.344677 
19.399999    0.715133 
19.450000    1.365428 
19.500000    -0.394117 
19.549999    -1.653350 
19.600000    1.759960 
19.649999    -0.118091 
19.700000    0.452277 
19.749999    -2.055495 
19.800000    -0.049179 
19.849999    -1.979773 
19.900000    -0.457478 
19.949999    -3.153391 


Reverse Correlation Function   