Time    Magnitude 

0.000000    4.968914 
0.050000    -4.325857 
0.100000    -30.179319 
0.150000    -14.465606 
0.200000    -18.948662 
0.250000    -13.051810 
0.300000    9.379198 
0.350000    -19.449039 
0.400000    -21.439262 
0.450000    20.350773 
0.500000    -11.723086 
0.550000    13.349516 
0.600000    4.905962 
0.650000    12.779847 
0.700000    7.879262 
0.750000    5.428796 
0.800000    -15.544465 
0.850000    -18.723988 
0.900000    -6.367591 
0.950000    -0.874744 
1.000000    -15.667726 
1.050000    -13.562115 
1.100000    1.851372 
1.150000    14.499891 
1.200000    -13.488550 
1.250000    -8.465732 
1.300000    7.605027 
1.350000    5.874181 
1.400000    5.089809 
1.450000    -9.484850 
1.500000    3.346730 
1.550000    -0.319566 
1.600000    0.513127 
1.650000    -14.517713 
1.700000    0.784270 
1.750000    2.304026 
1.800000    6.323695 
1.850000    5.577324 
1.900000    17.766020 
1.950000    20.258224 
2.000000    -11.449092 
2.050000    -13.270364 
2.100000    12.577683 
2.150000    9.995985 
2.200000    20.814709 
2.250000    8.214300 
2.300000    17.260162 
2.350000    27.335308 
2.400000    41.188648 
2.450000    9.011282 
2.500000    -8.183754 
2.550000    -22.121693 
2.600000    -45.907688 
2.650000    -42.037949 
2.700000    -56.479507 
2.750000    -38.252747 
2.800000    -18.733049 
2.850000    -5.841686 
2.900000    21.497078 
2.950000    60.141960 
3.000000    86.587532 
3.050000    95.135635 
3.100000    92.788605 
3.150000    31.969862 
3.200000    -5.002098 
3.250000    -56.361084 
3.300000    -114.894585 
3.350000    -132.687073 
3.400000    -158.848053 
3.450000    -119.604057 
3.500000    -75.235741 
3.550000    -44.851963 
3.600000    31.755367 
3.650000    85.232407 
3.700000    125.715164 
3.750000    132.008331 
3.800000    138.242920 
3.850000    94.161018 
3.900000    45.069424 
3.950000    -2.622566 
4.000000    -68.556686 
4.050000    -70.142899 
4.100000    -115.902481 
4.150000    -108.084435 
4.200000    -74.132469 
4.250000    -46.973438 
4.300000    3.595725 
4.350000    22.356241 
4.400000    46.044266 
4.450000    84.306099 
4.500000    79.667717 
4.550000    81.774231 
4.600000    34.195999 
4.650000    8.586439 
4.700000    1.317184 
4.750000    -15.011833 
4.800000    -45.434078 
4.850000    -62.566395 
4.900000    -61.070099 
4.950000    -47.402897 
5.000000    -9.181112 
5.050000    0.075925 
5.100000    37.909050 
5.150000    36.341900 
5.200000    60.975021 
5.250000    44.571056 
5.300000    23.435331 
5.350000    13.154541 
5.400000    -12.013116 
5.450000    -1.209867 
5.500000    -9.097132 
5.550000    -50.147770 
5.600000    -24.004343 
5.650000    -18.289379 
5.700000    6.842537 
5.750000    28.578005 
5.800000    10.694148 
5.850000    14.769477 
5.900000    33.236919 
5.950000    38.423313 
6.000000    8.754440 
6.050000    11.323891 
6.100000    -5.381008 
6.150000    -18.917168 
6.200000    -7.558222 
6.250000    -23.320272 
6.300000    -12.139326 
6.350000    2.422684 
6.400000    6.849366 
6.450000    9.379748 
6.500000    32.178257 
6.550000    32.755116 
6.600000    23.251427 
6.650000    20.519197 
6.700000    18.822382 
6.750000    13.490060 
6.800000    24.151316 
6.850000    -9.865877 
6.900000    -10.859913 
6.950000    -14.067327 
7.000000    -11.354923 
7.050000    -4.985680 
7.100000    -5.827407 
7.150000    1.375225 
7.200000    11.470780 
7.250000    -0.639509 
7.300000    20.765280 
7.350000    27.134382 
7.400000    11.395734 
7.450000    17.884609 
7.500000    19.488626 
7.550000    13.114960 
7.600000    -8.225788 
7.650000    -8.581437 
7.700000    1.176109 
7.750000    -2.893417 
7.800000    11.279651 
7.850000    11.429316 
7.900000    -14.368979 
7.950000    27.353729 
7.999999    14.067426 
8.049999    8.892783 
8.100000    7.662314 
8.150000    23.199085 
8.200000    3.428537 
8.250000    -2.325289 
8.300000    16.078718 
8.350000    -10.151029 
8.400000    10.067833 
8.450000    -10.558148 
8.500000    10.006919 
8.549999    2.347674 
8.599999    18.926077 
8.650000    3.913565 
8.700000    -22.932016 
8.750000    -9.613354 
8.800000    -6.160745 
8.850000    -5.875526 
8.900000    12.339124 
8.950000    24.868900 
9.000000    15.878771 
9.050000    6.662553 
9.099999    8.431249 
9.149999    -28.180531 
9.200000    -27.625010 
9.250000    -17.238859 
9.300000    -24.788206 
9.350000    -18.474819 
9.400000    -16.373030 
9.450000    -25.261961 
9.500000    -8.337914 
9.550000    -10.633642 
9.600000    18.256161 
9.649999    16.376333 
9.699999    19.468740 
9.750000    4.973001 
9.800000    6.211714 
9.850000    0.856305 
9.900000    -3.190227 
9.950000    -5.656765 
10.000000    -4.155531 
10.050000    -23.739786 
10.100000    -9.592910 
10.150000    -7.529147 
10.199999    10.729758 
10.249999    -18.354584 
10.300000    5.125294 
10.350000    9.816587 
10.400000    7.653419 
10.450000    5.605178 
10.500000    5.236239 
10.550000    -7.094985 
10.600000    -17.916731 
10.650000    -1.559043 
10.700000    -4.160612 
10.749999    -14.339964 
10.799999    7.932183 
10.849999    -3.754377 
10.900000    -3.271376 
10.950000    -20.499058 
11.000000    -1.226409 
11.050000    11.867643 
11.100000    12.204435 
11.150000    4.239424 
11.200000    2.087232 
11.250000    17.978922 
11.299999    7.536442 
11.349999    -8.766559 
11.399999    5.480502 
11.450000    -10.465359 
11.500000    -3.947383 
11.550000    -3.063752 
11.600000    -0.737629 
11.650000    -10.470709 
11.700000    9.106685 
11.750000    -8.538062 
11.800000    -5.137140 
11.849999    12.628543 
11.899999    7.703147 
11.949999    13.423712 
12.000000    17.368973 
12.050000    1.824400 
12.100000    3.867274 
12.150000    8.995522 
12.200000    -15.785011 
12.250000    -1.723663 
12.300000    0.156848 
12.350000    -3.508794 
12.399999    -9.640781 
12.449999    -20.093338 
12.499999    -2.980309 
12.550000    13.901985 
12.600000    -4.104264 
12.650000    31.207336 
12.700000    0.119397 
12.750000    -8.705529 
12.800000    -0.490895 
12.850000    5.512645 
12.900000    5.067189 
12.949999    9.239892 
12.999999    19.237419 
13.049999    6.326077 
13.100000    -11.051134 
13.150000    19.272213 
13.200000    4.938638 
13.250000    2.718315 
13.300000    12.426676 
13.350000    -23.322676 
13.400000    -1.530447 
13.450000    2.850857 
13.499999    1.014995 
13.549999    8.071280 
13.599999    -8.139114 
13.650000    9.403684 
13.700000    -4.137359 
13.750000    8.338426 
13.800000    18.485172 
13.850000    5.743343 
13.900000    -0.686441 
13.950000    6.595499 
14.000000    -16.747410 
14.049999    -3.293170 
14.099999    -7.879725 
14.149999    -6.834576 
14.200000    8.908900 
14.250000    7.713428 
14.300000    -2.504711 
14.350000    -4.949606 
14.400000    -1.241576 
14.450000    -6.474941 
14.500000    -4.231957 
14.549999    10.117798 
14.599999    13.334758 
14.649999    1.119854 
14.699999    3.207894 
14.750000    -18.450989 
14.800000    -12.330177 
14.850000    -24.779467 
14.900000    -11.261005 
14.950000    -11.734970 
15.000000    4.588650 
15.050000    11.719202 
15.099999    1.756447 
15.149999    -0.044530 
15.199999    1.751993 
15.249999    -11.711540 
15.299999    1.474957 
15.350000    -0.406146 
15.400000    -8.141785 
15.450000    3.359977 
15.500000    -7.770545 
15.550000    12.603558 
15.600000    -16.487097 
15.650000    -2.011469 
15.699999    -2.210513 
15.750000    -14.105199 
15.799999    -3.352665 
15.850000    9.553233 
15.899999    8.807913 
15.950000    -23.854046 
15.999999    -1.956380 
16.050000    -13.719187 
16.099999    4.159718 
16.150000    10.730688 
16.200000    17.838112 
16.249999    -22.329460 
16.300000    -0.677961 
16.349999    -5.241885 
16.400000    2.049367 
16.449999    -18.463982 
16.500000    -14.649957 
16.549999    5.056489 
16.600000    9.767426 
16.649999    1.046867 
16.700000    10.838722 
16.750000    3.357774 
16.799999    16.401419 
16.850000    6.021796 
16.899999    3.797239 
16.950000    -2.404625 
16.999999    24.502876 
17.050000    15.722494 
17.099999    13.225610 
17.150000    -11.632286 
17.199999    -8.372189 
17.250000    8.594860 
17.300000    7.146993 
17.349999    1.269227 
17.400000    -2.238581 
17.449999    6.480817 
17.500000    -3.367157 
17.549999    -11.093700 
17.600000    -13.789360 
17.649999    12.535157 
17.700000    5.760169 
17.749999    -4.809090 
17.800000    8.243310 
17.850000    -10.382722 
17.899999    7.028427 
17.950000    0.095158 
17.999999    0.555224 
18.050000    -7.021607 
18.099999    1.027862 
18.150000    2.333922 
18.199999    10.912440 
18.250000    -2.107251 
18.299999    5.009534 
18.350000    -6.903304 
18.400000    9.121736 
18.449999    -16.236502 
18.500000    -18.076370 
18.549999    -3.815430 
18.600000    -24.879808 
18.649999    -9.013205 
18.700000    -7.215879 
18.749999    15.137519 
18.800000    6.901666 
18.849999    9.875738 
18.900000    30.729446 
18.950000    14.621664 
18.999999    2.617652 
19.050000    -15.174683 
19.099999    12.595306 
19.150000    -18.951441 
19.199999    21.344585 
19.250000    10.873335 
19.299999    -10.312822 
19.350000    -20.880980 
19.399999    0.220516 
19.450000    19.073364 
19.500000    0.453259 
19.549999    9.640931 
19.600000    6.868789 
19.649999    17.959780 
19.700000    8.270825 
19.749999    5.162630 
19.800000    8.284499 
19.849999    18.254412 
19.900000    4.793796 
19.949999    -1.160417 


Reverse Correlation Function   