Time    Magnitude 

0.000000    -2.691828 
0.050000    -5.299316 
0.100000    4.129352 
0.150000    12.966610 
0.200000    17.776802 
0.250000    -0.750092 
0.300000    -24.219593 
0.350000    10.057918 
0.400000    5.344744 
0.450000    12.902143 
0.500000    -12.500678 
0.550000    -6.396338 
0.600000    -3.809722 
0.650000    -3.543389 
0.700000    -3.660393 
0.750000    7.519299 
0.800000    3.641207 
0.850000    5.883555 
0.900000    6.006696 
0.950000    -10.057581 
1.000000    13.090904 
1.050000    6.191878 
1.100000    7.291331 
1.150000    11.104732 
1.200000    4.591691 
1.250000    20.478428 
1.300000    -1.832216 
1.350000    5.050627 
1.400000    13.339661 
1.450000    -0.630369 
1.500000    -7.760828 
1.550000    9.372837 
1.600000    13.364263 
1.650000    -10.306591 
1.700000    4.735648 
1.750000    3.893522 
1.800000    -3.422601 
1.850000    -5.565815 
1.900000    -14.205090 
1.950000    -6.771704 
2.000000    11.994532 
2.050000    19.292595 
2.100000    -2.485800 
2.150000    19.355444 
2.200000    17.867281 
2.250000    4.082978 
2.300000    20.179176 
2.350000    9.117006 
2.400000    26.902464 
2.450000    37.493103 
2.500000    4.376948 
2.550000    14.899801 
2.600000    18.000532 
2.650000    20.786966 
2.700000    16.995096 
2.750000    -6.705545 
2.800000    -15.183725 
2.850000    -10.792191 
2.900000    -60.323650 
2.950000    -38.339329 
3.000000    -61.619263 
3.050000    -48.572323 
3.100000    -65.991196 
3.150000    -55.875294 
3.200000    -44.178082 
3.250000    -21.003178 
3.300000    -19.412092 
3.350000    12.197508 
3.400000    33.171890 
3.450000    63.530502 
3.500000    76.821106 
3.550000    71.526497 
3.600000    102.629288 
3.650000    100.269012 
3.700000    53.050835 
3.750000    74.243309 
3.800000    52.729229 
3.850000    28.125811 
3.900000    6.808831 
3.950000    -22.827711 
4.000000    -25.894718 
4.050000    -42.987534 
4.100000    -56.758095 
4.150000    -71.580597 
4.200000    -72.691879 
4.250000    -70.103317 
4.300000    -75.745392 
4.350000    -72.299072 
4.400000    -63.311646 
4.450000    -45.901016 
4.500000    -7.287021 
4.550000    2.336571 
4.600000    12.290654 
4.650000    47.751045 
4.700000    55.074677 
4.750000    58.356991 
4.800000    71.666573 
4.850000    58.029858 
4.900000    46.329185 
4.950000    56.379627 
5.000000    56.698071 
5.050000    39.818859 
5.100000    8.766606 
5.150000    -1.493541 
5.200000    9.386204 
5.250000    -6.567849 
5.300000    -19.715109 
5.350000    -16.807453 
5.400000    -29.525818 
5.450000    -15.630432 
5.500000    -42.912754 
5.550000    -32.172394 
5.600000    -42.892750 
5.650000    -12.187883 
5.700000    -10.922194 
5.750000    -23.948664 
5.800000    -9.329696 
5.850000    -4.944390 
5.900000    42.522480 
5.950000    22.774641 
6.000000    29.923384 
6.050000    40.828918 
6.100000    25.006470 
6.150000    27.551451 
6.200000    5.479399 
6.250000    11.491268 
6.300000    -0.726706 
6.350000    -7.823173 
6.400000    -11.093107 
6.450000    -36.210526 
6.500000    -11.495528 
6.550000    -22.278313 
6.600000    -10.090178 
6.650000    -15.774330 
6.700000    13.525193 
6.750000    -10.873411 
6.800000    6.372565 
6.850000    -13.683088 
6.900000    1.218386 
6.950000    -3.582953 
7.000000    -1.130661 
7.050000    2.298279 
7.100000    4.295684 
7.150000    18.931610 
7.200000    -2.773799 
7.250000    27.860844 
7.300000    27.764414 
7.350000    7.602140 
7.400000    9.799521 
7.450000    0.292015 
7.500000    -9.578427 
7.550000    9.125261 
7.600000    1.939249 
7.650000    9.427652 
7.700000    -2.997615 
7.750000    2.331555 
7.800000    -25.904186 
7.850000    -5.659089 
7.900000    -17.351963 
7.950000    -3.989849 
7.999999    4.951550 
8.049999    6.125413 
8.100000    -16.503620 
8.150000    -0.595055 
8.200000    0.610037 
8.250000    17.960037 
8.300000    25.718035 
8.350000    20.260557 
8.400000    12.833072 
8.450000    -15.385325 
8.500000    5.582022 
8.549999    14.948564 
8.599999    20.494390 
8.650000    -6.427070 
8.700000    4.811133 
8.750000    11.109188 
8.800000    1.423901 
8.850000    9.254799 
8.900000    6.574019 
8.950000    -17.685017 
9.000000    -18.420258 
9.050000    -4.522606 
9.099999    -25.756248 
9.149999    -14.439229 
9.200000    6.611604 
9.250000    -21.023888 
9.300000    -0.009850 
9.350000    6.852716 
9.400000    -14.247210 
9.450000    6.030495 
9.500000    12.241327 
9.550000    11.116470 
9.600000    19.992752 
9.649999    6.257108 
9.699999    -0.305783 
9.750000    5.141459 
9.800000    16.222878 
9.850000    -0.369005 
9.900000    13.151287 
9.950000    15.409497 
10.000000    0.070660 
10.050000    5.271737 
10.100000    17.561012 
10.150000    10.339113 
10.199999    -7.841409 
10.249999    -14.522377 
10.300000    -28.521458 
10.350000    9.085168 
10.400000    -3.450631 
10.450000    -12.615357 
10.500000    8.079236 
10.550000    2.423397 
10.600000    21.422472 
10.650000    -1.801032 
10.700000    11.019298 
10.749999    -18.451571 
10.799999    8.637715 
10.849999    10.961267 
10.900000    -16.458710 
10.950000    -5.562154 
11.000000    9.271744 
11.050000    4.497626 
11.100000    1.884049 
11.150000    -0.381729 
11.200000    19.926643 
11.250000    9.178288 
11.299999    3.673218 
11.349999    -2.862398 
11.399999    1.851771 
11.450000    -16.404398 
11.500000    -2.377330 
11.550000    18.993462 
11.600000    4.799282 
11.650000    4.881641 
11.700000    -11.880269 
11.750000    -7.491568 
11.800000    15.567102 
11.849999    -6.089145 
11.899999    13.589673 
11.949999    -3.930573 
12.000000    11.818600 
12.050000    -6.788033 
12.100000    15.649014 
12.150000    -2.253475 
12.200000    18.753670 
12.250000    7.927000 
12.300000    7.226660 
12.350000    14.119775 
12.399999    -11.455372 
12.449999    -5.874465 
12.499999    10.764847 
12.550000    3.794465 
12.600000    16.259140 
12.650000    3.549831 
12.700000    -0.042398 
12.750000    -7.679956 
12.800000    -6.900078 
12.850000    8.402327 
12.900000    -5.833104 
12.949999    -10.628095 
12.999999    1.367724 
13.049999    1.103382 
13.100000    12.944990 
13.150000    8.579455 
13.200000    0.098879 
13.250000    0.608233 
13.300000    3.751910 
13.350000    8.655232 
13.400000    0.725958 
13.450000    -3.287865 
13.499999    5.624098 
13.549999    -3.091220 
13.599999    0.982130 
13.650000    11.415670 
13.700000    5.358233 
13.750000    9.321669 
13.800000    -7.130935 
13.850000    -7.760661 
13.900000    -0.350954 
13.950000    -1.335435 
14.000000    -6.617393 
14.049999    2.929175 
14.099999    -19.624157 
14.149999    -2.248669 
14.200000    3.842859 
14.250000    1.272504 
14.300000    -11.905344 
14.350000    -23.735023 
14.400000    -1.619589 
14.450000    -3.187503 
14.500000    -4.620559 
14.549999    -1.987459 
14.599999    -0.673404 
14.649999    -2.044914 
14.699999    9.325995 
14.750000    1.829475 
14.800000    6.828074 
14.850000    9.867289 
14.900000    -0.923362 
14.950000    -0.218929 
15.000000    -2.144161 
15.050000    -2.153748 
15.099999    1.274916 
15.149999    -10.428524 
15.199999    2.704811 
15.249999    -6.228000 
15.299999    11.342288 
15.350000    -19.187422 
15.400000    -5.083143 
15.450000    -0.171451 
15.500000    -0.486908 
15.550000    -6.556905 
15.600000    -20.886618 
15.650000    5.562224 
15.699999    -4.136083 
15.750000    -13.996173 
15.799999    -5.820006 
15.850000    -4.599055 
15.899999    24.527956 
15.950000    -11.764698 
15.999999    12.892296 
16.050000    2.591403 
16.099999    -7.628939 
16.150000    4.510839 
16.200000    -19.950724 
16.249999    -8.751145 
16.300000    22.120182 
16.349999    9.805020 
16.400000    -10.305433 
16.449999    11.904969 
16.500000    -6.381529 
16.549999    16.095432 
16.600000    7.407696 
16.649999    4.580280 
16.700000    -8.128422 
16.750000    7.664247 
16.799999    -10.197921 
16.850000    -23.190893 
16.899999    -9.134583 
16.950000    2.424954 
16.999999    9.308925 
17.050000    1.341597 
17.099999    3.203399 
17.150000    6.674373 
17.199999    0.053158 
17.250000    -2.697214 
17.300000    -3.898870 
17.349999    2.314285 
17.400000    -10.926180 
17.449999    5.847259 
17.500000    -4.296535 
17.549999    -0.859628 
17.600000    7.175412 
17.649999    15.376547 
17.700000    6.586698 
17.749999    21.743406 
17.800000    22.277580 
17.850000    17.789761 
17.899999    7.810573 
17.950000    10.556792 
17.999999    -10.061484 
18.050000    -7.385509 
18.099999    0.779222 
18.150000    0.021635 
18.199999    6.357377 
18.250000    -11.982991 
18.299999    -22.663528 
18.350000    -16.316324 
18.400000    -11.675593 
18.449999    14.535579 
18.500000    -5.258534 
18.549999    12.523177 
18.600000    9.550843 
18.649999    11.525016 
18.700000    10.658847 
18.749999    8.687168 
18.800000    6.787195 
18.849999    14.432864 
18.900000    6.089558 
18.950000    6.628158 
18.999999    13.347388 
19.050000    -1.229820 
19.099999    3.539485 
19.150000    0.976099 
19.199999    -9.004715 
19.250000    -12.901056 
19.299999    -2.094002 
19.350000    2.680271 
19.399999    -4.839542 
19.450000    -14.198133 
19.500000    -11.565070 
19.549999    -1.170914 
19.600000    -0.444784 
19.649999    0.666897 
19.700000    -8.684979 
19.749999    19.515762 
19.800000    1.951115 
19.849999    -5.678323 
19.900000    -3.040994 
19.949999    -4.705678 


Reverse Correlation Function   