Time    Magnitude 

0.000000    27.667439 
0.050000    0.136984 
0.100000    5.196776 
0.150000    -2.804966 
0.200000    30.534237 
0.250000    3.847072 
0.300000    21.167652 
0.350000    -11.902778 
0.400000    12.364805 
0.450000    11.112200 
0.500000    6.427610 
0.550000    8.906782 
0.600000    -2.469121 
0.650000    16.516556 
0.700000    5.443699 
0.750000    -1.129925 
0.800000    -4.517951 
0.850000    5.080989 
0.900000    -13.118458 
0.950000    -1.950277 
1.000000    7.330266 
1.050000    -9.971176 
1.100000    -7.846855 
1.150000    8.718966 
1.200000    -17.385290 
1.250000    -12.208313 
1.300000    -2.403757 
1.350000    10.065563 
1.400000    6.868851 
1.450000    35.640911 
1.500000    65.869087 
1.550000    41.101925 
1.600000    1.086385 
1.650000    -44.656799 
1.700000    -38.177788 
1.750000    -45.176723 
1.800000    33.550686 
1.850000    79.214195 
1.900000    59.414753 
1.950000    -49.129562 
2.000000    -157.133713 
2.050000    -121.474373 
2.100000    -69.959915 
2.150000    94.380157 
2.200000    139.762848 
2.250000    46.906868 
2.300000    -92.746735 
2.350000    -147.218903 
2.400000    -99.973305 
2.450000    26.756248 
2.500000    111.523064 
2.550000    89.736229 
2.600000    -6.500661 
2.650000    -65.162735 
2.700000    -80.662781 
2.750000    -24.057270 
2.800000    33.409313 
2.850000    66.417038 
2.900000    37.055229 
2.950000    2.784485 
3.000000    -41.465786 
3.050000    -39.059849 
3.100000    -29.239412 
3.150000    23.931278 
3.200000    26.612329 
3.250000    10.345275 
3.300000    -16.355137 
3.350000    -30.982204 
3.400000    -17.954126 
3.450000    -0.774599 
3.500000    -1.557274 
3.550000    19.519094 
3.600000    10.741408 
3.650000    -7.674376 
3.700000    5.514205 
3.750000    -4.757000 
3.800000    22.003914 
3.850000    3.008348 
3.900000    2.810857 
3.950000    38.437378 
4.000000    3.784904 
4.050000    0.537267 
4.100000    -9.691480 
4.150000    3.736259 
4.200000    9.330923 
4.250000    29.488268 
4.300000    -10.548915 
4.350000    -23.708992 
4.400000    -31.950134 
4.450000    2.785240 
4.500000    9.054466 
4.550000    -1.742862 
4.600000    -3.703098 
4.650000    -0.467040 
4.700000    13.002132 
4.750000    -13.442105 
4.800000    23.199284 
4.850000    -22.507759 
4.900000    34.709633 
4.950000    15.079008 
5.000000    0.813098 
5.050000    13.717049 
5.100000    21.265310 
5.150000    15.519835 
5.200000    8.909398 
5.250000    -0.863677 
5.300000    2.995502 
5.350000    1.337155 
5.400000    -0.720586 
5.450000    18.043678 
5.500000    -5.712242 
5.550000    -1.163954 
5.600000    6.149278 
5.650000    -26.527046 
5.700000    10.622012 
5.750000    13.511441 
5.800000    20.767309 
5.850000    8.879654 
5.900000    2.882574 
5.950000    -35.979355 
6.000000    -1.372601 
6.050000    5.573277 
6.100000    6.791611 
6.150000    0.343071 
6.200000    -8.958732 
6.250000    -3.560075 
6.300000    3.785812 
6.350000    -8.204865 
6.400000    7.050262 
6.450000    18.064915 
6.500000    1.494141 
6.550000    -2.709534 
6.600000    -1.261789 
6.650000    -20.555502 
6.700000    -15.216324 
6.750000    -26.129332 
6.800000    1.190381 
6.850000    -9.615980 
6.900000    -41.191044 
6.950000    14.400629 
7.000000    1.365435 
7.050000    3.930140 
7.100000    9.611972 
7.150000    -6.156814 
7.200000    11.392507 
7.250000    -7.014187 
7.300000    -17.401237 
7.350000    -20.533813 
7.400000    19.098930 
7.450000    15.761475 
7.500000    18.251854 
7.550000    11.510578 
7.600000    -13.616144 
7.650000    -0.239290 
7.700000    17.923943 
7.750000    24.576540 
7.800000    22.777756 
7.850000    -8.772060 
7.900000    18.761185 
7.950000    2.016208 
7.999999    -4.413313 
8.049999    12.928063 
8.100000    -3.235049 
8.150000    20.352818 
8.200000    6.766005 
8.250000    6.039699 
8.300000    6.617506 
8.350000    -3.713796 
8.400000    -10.566288 
8.450000    27.888914 
8.500000    -5.926980 
8.549999    16.066109 
8.599999    -0.786070 
8.650000    6.698730 
8.700000    7.267684 
8.750000    24.319132 
8.800000    38.828846 
8.850000    3.890287 
8.900000    -14.980299 
8.950000    2.484363 
9.000000    -7.769082 
9.050000    2.878217 
9.099999    1.402516 
9.149999    29.557877 
9.200000    -5.328558 
9.250000    20.579662 
9.300000    -8.928653 
9.350000    -6.295941 
9.400000    -4.786860 
9.450000    -4.379455 
9.500000    3.301069 
9.550000    9.263622 
9.600000    18.802607 
9.649999    5.600759 
9.699999    28.290968 
9.750000    -17.259569 
9.800000    30.654972 
9.850000    -11.166284 
9.900000    12.883851 
9.950000    7.140427 
10.000000    -7.972887 
10.050000    5.523983 
10.100000    15.280452 
10.150000    11.365929 
10.199999    -4.674901 
10.249999    4.928458 
10.300000    3.371665 
10.350000    29.049047 
10.400000    -18.047935 
10.450000    28.086828 
10.500000    18.369862 
10.550000    21.960865 
10.600000    6.588150 
10.650000    -1.781342 
10.700000    -13.343033 
10.749999    -2.641684 
10.799999    -3.574393 
10.849999    -10.149559 
10.900000    -12.699421 
10.950000    6.245193 
11.000000    -6.738387 
11.050000    11.120721 
11.100000    1.937262 
11.150000    3.576877 
11.200000    2.966126 
11.250000    -4.341172 
11.299999    8.818949 
11.349999    -6.361052 
11.399999    -0.003772 
11.450000    -20.277998 
11.500000    7.782560 
11.550000    14.951016 
11.600000    0.221643 
11.650000    -19.147526 
11.700000    -6.935859 
11.750000    -0.876959 
11.800000    4.203222 
11.849999    9.269869 
11.899999    -0.356565 
11.949999    -19.317898 
12.000000    -1.670721 
12.050000    -29.041279 
12.100000    19.360798 
12.150000    5.658265 
12.200000    15.188141 
12.250000    21.994980 
12.300000    -9.098157 
12.350000    17.898230 
12.399999    10.683262 
12.449999    3.539823 
12.499999    2.710029 
12.550000    -16.109364 
12.600000    -5.586296 
12.650000    0.789696 
12.700000    20.425446 
12.750000    6.868691 
12.800000    10.702656 
12.850000    14.428063 
12.900000    18.624907 
12.949999    10.343447 
12.999999    0.791066 
13.049999    6.024203 
13.100000    -12.941135 
13.150000    14.173568 
13.200000    -15.915433 
13.250000    -3.108307 
13.300000    6.350929 
13.350000    -20.585201 
13.400000    -5.215698 
13.450000    -6.861773 
13.499999    1.946255 
13.549999    24.970762 
13.599999    -9.534991 
13.650000    -9.094425 
13.700000    6.736125 
13.750000    28.412085 
13.800000    9.335375 
13.850000    -11.076882 
13.900000    4.983718 
13.950000    0.349529 
14.000000    6.644651 
14.049999    16.794550 
14.099999    5.713408 
14.149999    -18.008556 
14.200000    -2.900656 
14.250000    15.693637 
14.300000    -0.042002 
14.350000    2.271400 
14.400000    14.538538 
14.450000    9.989292 
14.500000    3.174239 
14.549999    -18.512135 
14.599999    -8.910713 
14.649999    -27.684502 
14.699999    -5.708226 
14.750000    19.659477 
14.800000    13.228875 
14.850000    2.477284 
14.900000    -13.606941 
14.950000    3.934258 
15.000000    2.049182 
15.050000    20.890041 
15.099999    36.286156 
15.149999    2.304278 
15.199999    -5.565760 
15.249999    -11.778872 
15.299999    6.707366 
15.350000    8.147935 
15.400000    -11.302057 
15.450000    3.459524 
15.500000    13.299476 
15.550000    -14.387264 
15.600000    -1.078206 
15.650000    2.759977 
15.699999    8.146784 
15.750000    -12.387278 
15.799999    -20.610933 
15.850000    2.887994 
15.899999    11.264306 
15.950000    -3.563246 
15.999999    4.329072 
16.050000    0.944399 
16.099999    2.640111 
16.150000    1.045759 
16.200000    -15.769208 
16.249999    -15.304521 
16.300000    4.981067 
16.349999    -5.950391 
16.400000    9.882222 
16.449999    -6.081900 
16.500000    -19.458666 
16.549999    2.189333 
16.600000    -8.404770 
16.649999    13.399717 
16.700000    -7.845248 
16.750000    15.089971 
16.799999    -2.046251 
16.850000    3.417814 
16.899999    11.803163 
16.950000    -3.339568 
16.999999    7.945251 
17.050000    1.564971 
17.099999    25.605762 
17.150000    -3.118221 
17.199999    -22.796213 
17.250000    -11.565443 
17.300000    2.260402 
17.349999    21.685358 
17.400000    8.822747 
17.449999    -4.771402 
17.500000    18.183258 
17.549999    18.431118 
17.600000    -6.988876 
17.649999    23.879578 
17.700000    12.604535 
17.749999    28.417004 
17.800000    -19.932329 
17.850000    1.647904 
17.899999    -22.203547 
17.950000    5.052321 
17.999999    -14.701844 
18.050000    16.533539 
18.099999    16.463068 
18.150000    1.797675 
18.199999    11.991343 
18.250000    13.578663 
18.299999    20.456209 
18.350000    20.827211 
18.400000    -8.406640 
18.449999    -8.330544 
18.500000    12.237069 
18.549999    15.278671 
18.600000    -12.072991 
18.649999    6.089208 
18.700000    20.764393 
18.749999    17.069330 
18.800000    23.214476 
18.849999    -2.760241 
18.900000    -14.233386 
18.950000    9.317233 
18.999999    -2.967824 
19.050000    2.534028 
19.099999    -7.225303 
19.150000    6.979881 
19.199999    17.135015 
19.250000    -4.788295 
19.299999    15.702759 
19.350000    19.505617 
19.399999    -6.470660 
19.450000    -6.694684 
19.500000    -6.557100 
19.549999    2.230492 
19.600000    22.507679 
19.649999    26.488338 
19.700000    10.267014 
19.749999    2.223721 
19.800000    20.426826 
19.849999    5.257283 
19.900000    14.095466 
19.949999    8.825432 


Reverse Correlation Function   