Time    Magnitude 

0.000000    -0.073914 
0.050000    -0.101555 
0.100000    -0.137229 
0.150000    0.272054 
0.200000    -0.060391 
0.250000    0.405191 
0.300000    0.107238 
0.350000    -0.087643 
0.400000    0.010035 
0.450000    -0.057049 
0.500000    -0.016783 
0.550000    0.023619 
0.600000    -0.005996 
0.650000    -0.163237 
0.700000    0.050379 
0.750000    0.006336 
0.800000    -0.068715 
0.850000    0.173995 
0.900000    0.042174 
0.950000    -0.028647 
1.000000    -0.106429 
1.050000    -0.090184 
1.100000    0.083590 
1.150000    -0.197078 
1.200000    0.118425 
1.250000    -0.002512 
1.300000    0.167024 
1.350000    -0.183746 
1.400000    0.298517 
1.450000    -0.126837 
1.500000    -0.236350 
1.550000    -0.099122 
1.600000    -0.314744 
1.650000    0.108037 
1.700000    0.218530 
1.750000    0.087503 
1.800000    -0.113287 
1.850000    -0.375213 
1.900000    -0.703210 
1.950000    0.281800 
2.000000    0.488119 
2.050000    0.291403 
2.100000    -0.179500 
2.150000    -0.724554 
2.200000    -0.218283 
2.250000    0.298827 
2.300000    0.793912 
2.350000    0.178532 
2.400000    -0.424276 
2.450000    -0.726405 
2.500000    -0.232840 
2.550000    0.272887 
2.600000    0.508945 
2.650000    -0.100840 
2.700000    -0.520087 
2.750000    -0.678727 
2.800000    -0.166169 
2.850000    0.506601 
2.900000    0.539953 
2.950000    0.082894 
3.000000    -0.544093 
3.050000    -0.794607 
3.100000    -0.115418 
3.150000    0.147912 
3.200000    0.373164 
3.250000    0.279037 
3.300000    -0.428968 
3.350000    -0.775664 
3.400000    -0.149044 
3.450000    0.342271 
3.500000    0.420720 
3.550000    -0.015286 
3.600000    -0.413809 
3.650000    -0.714967 
3.700000    -0.134441 
3.750000    0.201474 
3.800000    0.312495 
3.850000    0.046304 
3.900000    0.039531 
3.950000    -0.186928 
4.000000    -0.077748 
4.050000    0.186619 
4.100000    -0.154791 
4.150000    0.027783 
4.200000    -0.324555 
4.250000    0.017836 
4.300000    0.179705 
4.350000    0.078318 
4.400000    -0.006306 
4.450000    -0.070962 
4.500000    -0.246321 
4.550000    -0.111718 
4.600000    -0.005300 
4.650000    0.170402 
4.700000    0.064679 
4.750000    -0.140687 
4.800000    0.036166 
4.850000    0.135177 
4.900000    0.378391 
4.950000    0.231636 
5.000000    -0.015555 
5.050000    -0.083088 
5.100000    -0.100310 
5.150000    0.114299 
5.200000    0.174246 
5.250000    0.187914 
5.300000    0.175325 
5.350000    -0.228375 
5.400000    -0.142084 
5.450000    -0.128843 
5.500000    0.184639 
5.550000    0.549066 
5.600000    0.345134 
5.650000    -0.243730 
5.700000    -0.229238 
5.750000    0.035025 
5.800000    0.115296 
5.850000    0.209995 
5.900000    0.153922 
5.950000    -0.011132 
6.000000    -0.185328 
6.050000    0.052986 
6.100000    0.043100 
6.150000    0.173053 
6.200000    -0.011228 
6.250000    -0.318790 
6.300000    0.114041 
6.350000    0.061924 
6.400000    0.047230 
6.450000    0.083323 
6.500000    0.109279 
6.550000    0.028706 
6.600000    0.080351 
6.650000    0.113782 
6.700000    -0.053805 
6.750000    0.332292 
6.800000    -0.026819 
6.850000    -0.197242 
6.900000    -0.033862 
6.950000    0.062696 
7.000000    0.042712 
7.050000    -0.000687 
7.100000    -0.035353 
7.150000    -0.112401 
7.200000    0.276296 
7.250000    0.200327 
7.300000    0.088168 
7.350000    0.230447 
7.400000    -0.024679 
7.450000    0.062774 
7.500000    0.039253 
7.550000    0.002221 
7.600000    0.247753 
7.650000    -0.030397 
7.700000    -0.134104 
7.750000    0.017192 
7.800000    0.282088 
7.850000    -0.035115 
7.900000    0.253593 
7.950000    0.179970 
7.999999    -0.016721 
8.049999    0.167668 
8.100000    0.188894 
8.150000    -0.010583 
8.200000    0.056131 
8.250000    -0.081467 
8.300000    0.116913 
8.350000    0.086980 
8.400000    0.278964 
8.450000    0.106302 
8.500000    0.129623 
8.549999    0.231109 
8.599999    -0.068897 
8.650000    -0.004095 
8.700000    0.160028 
8.750000    -0.073905 
8.800000    0.106659 
8.850000    -0.102668 
8.900000    0.072699 
8.950000    0.135223 
9.000000    0.225439 
9.050000    0.061052 
9.099999    0.172296 
9.149999    -0.072418 
9.200000    0.190534 
9.250000    0.108042 
9.300000    0.153081 
9.350000    -0.080586 
9.400000    -0.023352 
9.450000    0.148642 
9.500000    0.236299 
9.550000    -0.001871 
9.600000    0.214522 
9.649999    0.181531 
9.699999    0.193538 
9.750000    -0.066020 
9.800000    0.155524 
9.850000    0.104149 
9.900000    0.336473 
9.950000    -0.254152 
10.000000    -0.181932 
10.050000    0.380127 
10.100000    -0.041614 
10.150000    0.097058 
10.199999    0.144817 
10.249999    -0.063333 
10.300000    0.029689 
10.350000    -0.172406 
10.400000    0.286747 
10.450000    0.136379 
10.500000    0.109387 
10.550000    0.216109 
10.600000    0.117269 
10.650000    0.222778 
10.700000    0.040158 
10.749999    0.280140 
10.799999    0.031680 
10.849999    -0.031225 
10.900000    0.071609 
10.950000    0.161021 
11.000000    0.119363 
11.050000    0.351198 
11.100000    0.196012 
11.150000    0.035695 
11.200000    0.010209 
11.250000    -0.001300 
11.299999    0.076076 
11.349999    -0.025434 
11.399999    0.086487 
11.450000    0.437749 
11.500000    -0.127586 
11.550000    0.115011 
11.600000    -0.049936 
11.650000    0.135211 
11.700000    0.067194 
11.750000    0.128524 
11.800000    -0.044467 
11.849999    0.163859 
11.899999    -0.290869 
11.949999    -0.062537 
12.000000    0.061393 
12.050000    -0.016111 
12.100000    -0.029210 
12.150000    0.082058 
12.200000    -0.095821 
12.250000    0.083552 
12.300000    0.185945 
12.350000    0.037798 
12.399999    0.153831 
12.449999    -0.135727 
12.499999    0.201138 
12.550000    0.076019 
12.600000    -0.167338 
12.650000    0.046926 
12.700000    0.184949 
12.750000    -0.018904 
12.800000    -0.114355 
12.850000    -0.073775 
12.900000    0.139811 
12.949999    -0.122776 
12.999999    0.056137 
13.049999    -0.168514 
13.100000    0.005309 
13.150000    -0.136681 
13.200000    0.317256 
13.250000    0.022372 
13.300000    0.134223 
13.350000    -0.068614 
13.400000    0.059695 
13.450000    0.064644 
13.499999    0.081767 
13.549999    0.202286 
13.599999    0.062657 
13.650000    -0.098458 
13.700000    0.126065 
13.750000    0.024228 
13.800000    0.340554 
13.850000    0.386423 
13.900000    0.286042 
13.950000    -0.041449 
14.000000    0.198126 
14.049999    0.078216 
14.099999    0.229680 
14.149999    -0.073115 
14.200000    0.192518 
14.250000    -0.075214 
14.300000    -0.184712 
14.350000    0.082343 
14.400000    0.140385 
14.450000    0.140951 
14.500000    0.276217 
14.549999    -0.029890 
14.599999    0.085919 
14.649999    0.103901 
14.699999    0.256480 
14.750000    0.214276 
14.800000    0.077875 
14.850000    -0.109299 
14.900000    0.208905 
14.950000    -0.018944 
15.000000    0.304974 
15.050000    0.144007 
15.099999    0.139976 
15.149999    0.072944 
15.199999    0.149597 
15.249999    0.160887 
15.299999    0.040826 
15.350000    -0.056356 
15.400000    0.169875 
15.450000    -0.053971 
15.500000    0.052706 
15.550000    0.120150 
15.600000    -0.297559 
15.650000    -0.368221 
15.699999    0.163467 
15.750000    0.025619 
15.799999    -0.002708 
15.850000    0.046027 
15.899999    0.132855 
15.950000    0.026648 
15.999999    0.058721 
16.050000    -0.087160 
16.099999    0.313586 
16.150000    0.114590 
16.200000    -0.053726 
16.249999    0.044425 
16.300000    -0.000785 
16.349999    -0.100051 
16.400000    0.071817 
16.449999    -0.018867 
16.500000    0.135396 
16.549999    0.174259 
16.600000    -0.071473 
16.649999    -0.158462 
16.700000    -0.015435 
16.750000    -0.009230 
16.799999    0.110113 
16.850000    0.173086 
16.899999    0.117359 
16.950000    -0.101004 
16.999999    -0.011461 
17.050000    0.280042 
17.099999    0.130123 
17.150000    0.020442 
17.199999    -0.013529 
17.250000    0.332003 
17.300000    0.043828 
17.349999    0.114847 
17.400000    -0.153925 
17.449999    -0.008886 
17.500000    0.150344 
17.549999    -0.018743 
17.600000    0.037927 
17.649999    -0.297006 
17.700000    -0.147615 
17.749999    -0.025909 
17.800000    -0.038159 
17.850000    0.126464 
17.899999    0.153741 
17.950000    -0.032978 
17.999999    -0.239378 
18.050000    0.221851 
18.099999    0.043504 
18.150000    -0.114753 
18.199999    0.131720 
18.250000    0.136812 
18.299999    -0.098182 
18.350000    0.002871 
18.400000    -0.093202 
18.449999    -0.234528 
18.500000    0.171813 
18.549999    -0.153592 
18.600000    0.043352 
18.649999    0.220234 
18.700000    0.174977 
18.749999    0.127473 
18.800000    -0.029500 
18.849999    -0.219741 
18.900000    0.249832 
18.950000    -0.019094 
18.999999    -0.144431 
19.050000    0.056412 
19.099999    -0.164320 
19.150000    -0.038647 
19.199999    0.018446 
19.250000    -0.047110 
19.299999    0.092266 
19.350000    0.064707 
19.399999    0.096343 
19.450000    0.012446 
19.500000    -0.201333 
19.549999    -0.057670 
19.600000    -0.136935 
19.649999    0.217359 
19.700000    -0.230903 
19.749999    -0.093641 
19.800000    -0.009758 
19.849999    -0.014333 
19.900000    -0.017707 
19.949999    0.071634 


Reverse Correlation Function   