Time    Magnitude 

0.000000    7.181949 
0.050000    9.340257 
0.100000    14.991768 
0.150000    6.365167 
0.200000    -9.683418 
0.250000    6.424468 
0.300000    -20.489189 
0.350000    8.162254 
0.400000    -3.668478 
0.450000    -12.660863 
0.500000    -13.211067 
0.550000    0.248517 
0.600000    6.013484 
0.650000    22.058460 
0.700000    5.290624 
0.750000    -8.672020 
0.800000    16.911505 
0.850000    -2.831561 
0.900000    -5.763172 
0.950000    -9.832848 
1.000000    -15.959517 
1.050000    -11.792299 
1.100000    12.235854 
1.150000    2.840669 
1.200000    19.200985 
1.250000    9.252835 
1.300000    20.452789 
1.350000    44.428745 
1.400000    -16.058416 
1.450000    19.413200 
1.500000    8.090319 
1.550000    11.263307 
1.600000    -16.256296 
1.650000    22.553703 
1.700000    -1.089010 
1.750000    -4.322511 
1.800000    -3.163268 
1.850000    19.239704 
1.900000    60.096214 
1.950000    50.748585 
2.000000    45.993587 
2.050000    37.853802 
2.100000    39.024048 
2.150000    11.490025 
2.200000    -14.045971 
2.250000    -84.985115 
2.300000    -87.150055 
2.350000    -125.017006 
2.400000    -104.160042 
2.450000    -83.418953 
2.500000    3.626617 
2.550000    82.231979 
2.600000    167.365234 
2.650000    165.030655 
2.700000    161.737305 
2.750000    118.139114 
2.800000    34.156826 
2.850000    -85.259491 
2.900000    -144.314514 
2.950000    -219.802185 
3.000000    -198.985916 
3.050000    -161.730209 
3.100000    -76.761932 
3.150000    41.039276 
3.200000    93.151756 
3.250000    176.325745 
3.300000    177.904831 
3.350000    173.076157 
3.400000    100.438271 
3.450000    17.050341 
3.500000    -49.554787 
3.550000    -121.185890 
3.600000    -118.232513 
3.650000    -129.990540 
3.700000    -86.674049 
3.750000    -33.296013 
3.800000    38.267361 
3.850000    79.588951 
3.900000    86.694473 
3.950000    119.980705 
4.000000    73.504211 
4.050000    21.577868 
4.100000    -32.101173 
4.150000    -32.388611 
4.200000    -63.624821 
4.250000    -67.096581 
4.300000    -36.107048 
4.350000    -1.966993 
4.400000    12.259907 
4.450000    32.979172 
4.500000    71.223747 
4.550000    71.446732 
4.600000    40.470402 
4.650000    21.684101 
4.700000    -27.819973 
4.750000    -41.232864 
4.800000    -29.898645 
4.850000    -55.425434 
4.900000    -20.224693 
4.950000    -4.262096 
5.000000    5.655766 
5.050000    36.324982 
5.100000    27.155148 
5.150000    42.596741 
5.200000    13.883788 
5.250000    31.785824 
5.300000    -6.769252 
5.350000    3.340175 
5.400000    -20.643105 
5.450000    -21.305252 
5.500000    -52.051510 
5.550000    -16.175772 
5.600000    -3.325912 
5.650000    5.780700 
5.700000    17.367376 
5.750000    24.972717 
5.800000    43.803864 
5.850000    57.802135 
5.900000    13.414091 
5.950000    -8.727239 
6.000000    -1.077920 
6.050000    -27.410564 
6.100000    -10.858819 
6.150000    -18.846722 
6.200000    -26.446424 
6.250000    10.388433 
6.300000    2.989211 
6.350000    1.114588 
6.400000    36.170338 
6.450000    51.893375 
6.500000    51.656776 
6.550000    3.518160 
6.600000    5.263891 
6.650000    -2.647418 
6.700000    -17.879271 
6.750000    -18.684431 
6.800000    -21.528311 
6.850000    -2.029078 
6.900000    -16.323555 
6.950000    -2.965645 
7.000000    3.687514 
7.050000    26.553345 
7.100000    36.131271 
7.150000    16.731522 
7.200000    -1.241138 
7.250000    15.940167 
7.300000    -9.625564 
7.350000    -2.877806 
7.400000    -6.691180 
7.450000    2.351315 
7.500000    -11.633462 
7.550000    -0.272154 
7.600000    -5.747642 
7.650000    -16.567528 
7.700000    -12.823130 
7.750000    12.813156 
7.800000    -3.833372 
7.850000    7.366158 
7.900000    5.607059 
7.950000    15.150199 
7.999999    3.239062 
8.049999    -38.633015 
8.100000    -6.716477 
8.150000    -18.041748 
8.200000    7.518770 
8.250000    8.164190 
8.300000    -2.018144 
8.350000    -6.225471 
8.400000    -4.191633 
8.450000    9.497478 
8.500000    1.020952 
8.549999    3.324362 
8.599999    7.923632 
8.650000    -4.781979 
8.700000    -5.435259 
8.750000    -23.684532 
8.800000    13.490705 
8.850000    -24.987356 
8.900000    -16.765900 
8.950000    -17.676792 
9.000000    -1.956446 
9.050000    -16.051537 
9.099999    9.800474 
9.149999    15.405899 
9.200000    28.906263 
9.250000    28.312153 
9.300000    4.569148 
9.350000    -7.614909 
9.400000    3.853514 
9.450000    -31.266966 
9.500000    -26.308704 
9.550000    -22.718468 
9.600000    -4.608751 
9.649999    -6.364048 
9.699999    2.436554 
9.750000    20.958199 
9.800000    24.441198 
9.850000    27.158175 
9.900000    33.312222 
9.950000    13.098592 
10.000000    -5.821586 
10.050000    -47.331879 
10.100000    -7.593541 
10.150000    -1.812449 
10.199999    -23.435991 
10.249999    -5.375521 
10.300000    2.170967 
10.350000    0.910934 
10.400000    18.858627 
10.450000    6.183568 
10.500000    16.541626 
10.550000    1.518263 
10.600000    3.823035 
10.650000    9.507201 
10.700000    -10.190562 
10.749999    -3.990850 
10.799999    -3.261454 
10.849999    -21.907593 
10.900000    6.310032 
10.950000    10.662340 
11.000000    12.964589 
11.050000    -16.798805 
11.100000    0.589162 
11.150000    12.316483 
11.200000    -5.135097 
11.250000    15.874508 
11.299999    20.792982 
11.349999    -14.375436 
11.399999    -4.177254 
11.450000    -7.902944 
11.500000    13.208808 
11.550000    -2.278425 
11.600000    10.540190 
11.650000    -3.683879 
11.700000    2.785883 
11.750000    10.751613 
11.800000    -16.644400 
11.849999    18.144756 
11.899999    15.875260 
11.949999    0.728944 
12.000000    0.515275 
12.050000    0.878640 
12.100000    -9.482175 
12.150000    3.758406 
12.200000    5.770200 
12.250000    -10.346708 
12.300000    10.839149 
12.350000    11.161118 
12.399999    -4.283302 
12.449999    23.340385 
12.499999    13.372122 
12.550000    -0.882767 
12.600000    0.763067 
12.650000    14.943707 
12.700000    9.227291 
12.750000    -4.625355 
12.800000    3.225322 
12.850000    -2.259989 
12.900000    5.963850 
12.949999    10.452785 
12.999999    1.560733 
13.049999    2.763601 
13.100000    3.356564 
13.150000    21.190847 
13.200000    -7.823396 
13.250000    -2.256905 
13.300000    -2.373201 
13.350000    11.430961 
13.400000    11.747992 
13.450000    7.412536 
13.499999    -15.923360 
13.549999    31.465837 
13.599999    -13.463471 
13.650000    -7.221492 
13.700000    8.278371 
13.750000    -4.423843 
13.800000    -19.909784 
13.850000    -10.208114 
13.900000    -13.934623 
13.950000    32.695293 
14.000000    10.922552 
14.049999    12.574656 
14.099999    18.674040 
14.149999    -22.273138 
14.200000    -6.215682 
14.250000    -1.316854 
14.300000    5.276249 
14.350000    -23.265099 
14.400000    -21.196787 
14.450000    -9.896874 
14.500000    0.229303 
14.549999    24.316677 
14.599999    16.814863 
14.649999    13.399382 
14.699999    7.133910 
14.750000    24.671721 
14.800000    32.860600 
14.850000    15.143659 
14.900000    2.168447 
14.950000    -25.950140 
15.000000    -5.797009 
15.050000    -7.673254 
15.099999    7.519130 
15.149999    26.468061 
15.199999    37.523422 
15.249999    29.072655 
15.299999    9.596319 
15.350000    27.348022 
15.400000    10.248974 
15.450000    2.422308 
15.500000    -6.011485 
15.550000    -11.836971 
15.600000    -2.025801 
15.650000    4.946328 
15.699999    12.891089 
15.750000    8.186736 
15.799999    24.931095 
15.850000    15.300221 
15.899999    9.231090 
15.950000    28.675810 
15.999999    11.546829 
16.050000    -9.106029 
16.099999    -19.768150 
16.150000    5.751740 
16.200000    -29.594189 
16.249999    25.201622 
16.300000    3.243885 
16.349999    3.094694 
16.400000    -9.526217 
16.449999    -2.518380 
16.500000    14.724838 
16.549999    -0.331133 
16.600000    5.754673 
16.649999    11.317316 
16.700000    -13.040173 
16.750000    -5.596762 
16.799999    -10.228445 
16.850000    1.941723 
16.899999    -4.652592 
16.950000    -7.591018 
16.999999    15.142738 
17.050000    6.381607 
17.099999    18.992256 
17.150000    -19.102196 
17.199999    2.651955 
17.250000    7.142244 
17.300000    -6.083220 
17.349999    0.642710 
17.400000    6.105493 
17.449999    3.408976 
17.500000    -19.865290 
17.549999    18.354044 
17.600000    5.455402 
17.649999    17.751245 
17.700000    -1.043051 
17.749999    14.956416 
17.800000    -6.475311 
17.850000    3.312739 
17.899999    18.485531 
17.950000    17.757843 
17.999999    -11.420139 
18.050000    -7.889304 
18.099999    -30.883402 
18.150000    -25.392538 
18.199999    -5.789302 
18.250000    -23.300913 
18.299999    -3.032817 
18.350000    -14.824260 
18.400000    -5.382045 
18.449999    11.439125 
18.500000    16.997663 
18.549999    -8.384937 
18.600000    16.299269 
18.649999    0.748167 
18.700000    1.908275 
18.749999    -3.334844 
18.800000    -3.317209 
18.849999    36.929146 
18.900000    -2.247537 
18.950000    -8.388400 
18.999999    -1.195301 
19.050000    34.423679 
19.099999    -3.297757 
19.150000    24.009392 
19.199999    23.326654 
19.250000    22.709969 
19.299999    10.288813 
19.350000    -2.914627 
19.399999    -5.308072 
19.450000    31.732027 
19.500000    14.447554 
19.549999    15.771097 
19.600000    -24.876238 
19.649999    -4.497435 
19.700000    19.091869 
19.749999    4.183866 
19.800000    -11.865149 
19.849999    8.379530 
19.900000    -8.505224 
19.949999    0.516949 


Reverse Correlation Function   