Time    Magnitude 

0.000000    11.239315 
0.050000    8.980080 
0.100000    29.342636 
0.150000    -1.480225 
0.200000    1.508228 
0.250000    9.241274 
0.300000    23.521217 
0.350000    -19.607656 
0.400000    -11.400942 
0.450000    7.440950 
0.500000    -3.781928 
0.550000    46.177464 
0.600000    1.832985 
0.650000    24.338131 
0.700000    9.261040 
0.750000    13.104222 
0.800000    10.336661 
0.850000    -11.149892 
0.900000    9.225140 
0.950000    -3.933899 
1.000000    2.670461 
1.050000    -11.955832 
1.100000    18.131565 
1.150000    4.077888 
1.200000    -37.499107 
1.250000    -2.270851 
1.300000    -0.819120 
1.350000    -14.289614 
1.400000    -26.639261 
1.450000    12.869441 
1.500000    6.787864 
1.550000    23.085176 
1.600000    -6.370557 
1.650000    3.935178 
1.700000    -20.244734 
1.750000    -12.454128 
1.800000    -3.198839 
1.850000    -29.828285 
1.900000    12.558238 
1.950000    -14.597046 
2.000000    43.352089 
2.050000    -12.176900 
2.100000    4.109760 
2.150000    6.934669 
2.200000    13.126863 
2.250000    -16.239828 
2.300000    16.100826 
2.350000    -14.696491 
2.400000    -34.981007 
2.450000    -53.740898 
2.500000    -93.789894 
2.550000    -120.605194 
2.600000    -115.153885 
2.650000    -109.346260 
2.700000    -29.862085 
2.750000    7.227010 
2.800000    51.509712 
2.850000    108.967255 
2.900000    185.311630 
2.950000    172.707596 
3.000000    182.251190 
3.050000    184.086136 
3.100000    128.654190 
3.150000    89.289742 
3.200000    -19.521341 
3.250000    -90.568611 
3.300000    -155.735672 
3.350000    -219.481155 
3.400000    -215.667786 
3.450000    -191.632187 
3.500000    -171.345947 
3.550000    -104.245651 
3.600000    -17.587099 
3.650000    62.388733 
3.700000    116.075645 
3.750000    179.240860 
3.800000    185.343140 
3.850000    197.999924 
3.900000    155.996506 
3.950000    110.284210 
4.000000    69.706337 
4.050000    11.538630 
4.100000    -46.615986 
4.150000    -80.291267 
4.200000    -95.346359 
4.250000    -99.597107 
4.300000    -121.419014 
4.350000    -94.991158 
4.400000    -98.634315 
4.450000    -40.983398 
4.500000    33.743759 
4.550000    43.306679 
4.600000    49.666618 
4.650000    80.989464 
4.700000    81.888573 
4.750000    80.234344 
4.800000    86.938225 
4.850000    49.408195 
4.900000    21.314957 
4.950000    8.494609 
5.000000    -11.867229 
5.050000    -37.295330 
5.100000    -61.892223 
5.150000    -55.394630 
5.200000    -46.223404 
5.250000    -36.358150 
5.300000    8.264629 
5.350000    13.625128 
5.400000    19.152269 
5.450000    51.936974 
5.500000    42.834579 
5.550000    40.081734 
5.600000    27.724771 
5.650000    42.193226 
5.700000    24.507742 
5.750000    -2.419149 
5.800000    9.606015 
5.850000    -5.426217 
5.900000    -36.139870 
5.950000    -16.005409 
6.000000    -9.854325 
6.050000    -31.399239 
6.100000    -4.651635 
6.150000    -16.085871 
6.200000    18.177774 
6.250000    8.300299 
6.300000    -3.056061 
6.350000    0.698257 
6.400000    -1.102905 
6.450000    21.704725 
6.500000    4.513155 
6.550000    0.306621 
6.600000    -27.205770 
6.650000    -8.334091 
6.700000    1.419547 
6.750000    -18.729328 
6.800000    -15.555758 
6.850000    -22.996084 
6.900000    -3.603184 
6.950000    30.349632 
7.000000    -0.771927 
7.050000    14.957110 
7.100000    -12.279027 
7.150000    18.168360 
7.200000    1.557197 
7.250000    1.075830 
7.300000    -1.446030 
7.350000    19.161531 
7.400000    10.645926 
7.450000    21.889418 
7.500000    -15.374985 
7.550000    -0.833020 
7.600000    -12.659043 
7.650000    4.964256 
7.700000    24.498453 
7.750000    21.647501 
7.800000    14.879137 
7.850000    11.979644 
7.900000    22.038612 
7.950000    9.122729 
7.999999    15.613434 
8.049999    5.992223 
8.100000    -26.573874 
8.150000    -23.084431 
8.200000    -12.256371 
8.250000    0.262574 
8.300000    -19.431292 
8.350000    -12.164368 
8.400000    -5.512558 
8.450000    0.531528 
8.500000    -27.736372 
8.549999    4.279457 
8.599999    28.193741 
8.650000    4.469446 
8.700000    9.100665 
8.750000    11.923410 
8.800000    7.214493 
8.850000    2.403644 
8.900000    11.276264 
8.950000    -14.632607 
9.000000    -2.724326 
9.050000    13.475362 
9.099999    8.432119 
9.149999    -5.044051 
9.200000    -21.562878 
9.250000    -11.073106 
9.300000    -13.182574 
9.350000    -0.045374 
9.400000    29.957121 
9.450000    6.692597 
9.500000    3.817186 
9.550000    31.171999 
9.600000    0.064318 
9.649999    -10.268900 
9.699999    19.055475 
9.750000    2.318946 
9.800000    22.095972 
9.850000    14.307847 
9.900000    10.436012 
9.950000    6.488418 
10.000000    10.054639 
10.050000    -7.394866 
10.100000    -17.013914 
10.150000    -16.491146 
10.199999    20.140184 
10.249999    20.280558 
10.300000    20.976902 
10.350000    6.712267 
10.400000    -4.063033 
10.450000    11.963625 
10.500000    12.061813 
10.550000    9.634552 
10.600000    13.158504 
10.650000    -17.723440 
10.700000    1.189662 
10.749999    21.557047 
10.799999    1.260726 
10.849999    8.789758 
10.900000    -11.918282 
10.950000    -12.985518 
11.000000    -29.500294 
11.050000    -2.706076 
11.100000    9.694368 
11.150000    -9.408859 
11.200000    7.842816 
11.250000    14.288329 
11.299999    4.850856 
11.349999    -2.057828 
11.399999    2.249279 
11.450000    3.025267 
11.500000    -9.760855 
11.550000    6.385643 
11.600000    19.122866 
11.650000    14.822074 
11.700000    -6.214860 
11.750000    -10.566461 
11.800000    -18.792635 
11.849999    -1.158738 
11.899999    -24.801580 
11.949999    -3.461816 
12.000000    4.661644 
12.050000    9.670566 
12.100000    -17.179604 
12.150000    14.715789 
12.200000    -8.608732 
12.250000    -2.504371 
12.300000    8.343225 
12.350000    -30.414791 
12.399999    1.595606 
12.449999    -0.005442 
12.499999    -13.840478 
12.550000    -15.063758 
12.600000    15.658182 
12.650000    -1.646326 
12.700000    25.987259 
12.750000    -9.589452 
12.800000    12.088717 
12.850000    4.940773 
12.900000    3.640875 
12.949999    9.307128 
12.999999    6.379645 
13.049999    -7.077528 
13.100000    7.236348 
13.150000    -15.582310 
13.200000    -11.485261 
13.250000    -14.188956 
13.300000    -39.546150 
13.350000    -39.957458 
13.400000    2.629072 
13.450000    -13.158063 
13.499999    4.901370 
13.549999    12.518039 
13.599999    19.051380 
13.650000    -9.190571 
13.700000    16.630159 
13.750000    28.399469 
13.800000    -19.381969 
13.850000    38.717461 
13.900000    1.935215 
13.950000    16.026928 
14.000000    -10.079627 
14.049999    -13.803654 
14.099999    1.143595 
14.149999    -23.579977 
14.200000    -4.731616 
14.250000    -15.308331 
14.300000    17.576773 
14.350000    25.029575 
14.400000    8.741104 
14.450000    2.324787 
14.500000    -8.178835 
14.549999    -15.678393 
14.599999    6.001176 
14.649999    3.289928 
14.699999    -2.451342 
14.750000    -9.037108 
14.800000    -4.955085 
14.850000    6.473493 
14.900000    0.348021 
14.950000    6.000051 
15.000000    -36.205654 
15.050000    11.937631 
15.099999    -15.334399 
15.149999    20.940357 
15.199999    -14.171552 
15.249999    6.225265 
15.299999    10.429113 
15.350000    3.511832 
15.400000    -12.056488 
15.450000    11.569540 
15.500000    30.150806 
15.550000    5.225269 
15.600000    9.949944 
15.650000    -3.995816 
15.699999    19.060072 
15.750000    -5.979390 
15.799999    2.739185 
15.850000    -9.307481 
15.899999    1.584566 
15.950000    -12.091973 
15.999999    4.458924 
16.050000    14.640633 
16.099999    -11.989333 
16.150000    3.074505 
16.200000    1.835231 
16.249999    -8.603092 
16.300000    7.834822 
16.349999    -11.455571 
16.400000    -1.174014 
16.449999    -14.827579 
16.500000    -9.992225 
16.549999    -15.196622 
16.600000    -31.611423 
16.649999    8.136344 
16.700000    8.781723 
16.750000    10.214255 
16.799999    5.092932 
16.850000    -9.539088 
16.899999    31.397039 
16.950000    28.399982 
16.999999    -8.933485 
17.050000    -7.485200 
17.099999    18.679998 
17.150000    10.137681 
17.199999    -9.232160 
17.250000    -1.441944 
17.300000    -13.406037 
17.349999    -9.962355 
17.400000    -15.430465 
17.449999    -38.779041 
17.500000    -0.843176 
17.549999    -0.320775 
17.600000    -5.675254 
17.649999    -1.034256 
17.700000    -20.211817 
17.749999    -5.222666 
17.800000    8.597713 
17.850000    -1.179647 
17.899999    34.361053 
17.950000    27.718630 
17.999999    18.538610 
18.050000    8.208063 
18.099999    16.534353 
18.150000    9.724399 
18.199999    21.099934 
18.250000    -9.872093 
18.299999    -3.132513 
18.350000    -13.575124 
18.400000    -0.187058 
18.449999    -17.962793 
18.500000    -6.418010 
18.549999    -16.259739 
18.600000    -4.553140 
18.649999    -19.484808 
18.700000    -13.930173 
18.749999    -16.062185 
18.800000    34.329441 
18.849999    23.532202 
18.900000    1.117906 
18.950000    34.687557 
18.999999    1.496938 
19.050000    32.675961 
19.099999    10.729694 
19.150000    -5.010290 
19.199999    -24.538153 
19.250000    -21.457560 
19.299999    -14.580956 
19.350000    -23.602474 
19.399999    -3.372663 
19.450000    -23.816240 
19.500000    -28.894314 
19.549999    -16.751144 
19.600000    -1.493800 
19.649999    4.655504 
19.700000    5.469988 
19.749999    6.219319 
19.800000    27.300104 
19.849999    15.789645 
19.900000    22.013186 
19.949999    14.192293 


Reverse Correlation Function   