Time    Magnitude 

0.000000    -14.229387 
0.050000    -3.937396 
0.100000    -2.109030 
0.150000    5.044829 
0.200000    -8.755566 
0.250000    1.633061 
0.300000    -8.161740 
0.350000    1.974841 
0.400000    28.044003 
0.450000    3.547516 
0.500000    5.161233 
0.550000    5.775640 
0.600000    12.124049 
0.650000    -26.769472 
0.700000    -15.052682 
0.750000    -11.359879 
0.800000    -10.639116 
0.850000    -21.164083 
0.900000    -1.769899 
0.950000    8.305162 
1.000000    15.022534 
1.050000    -7.946311 
1.100000    -18.409307 
1.150000    0.422460 
1.200000    -26.668671 
1.250000    -2.575763 
1.300000    5.985160 
1.350000    -3.204460 
1.400000    9.623608 
1.450000    37.959293 
1.500000    30.583311 
1.550000    24.976961 
1.600000    15.379526 
1.650000    20.443838 
1.700000    4.443084 
1.750000    -16.987280 
1.800000    -50.707485 
1.850000    -87.385590 
1.900000    -68.613678 
1.950000    26.767227 
2.000000    113.452576 
2.050000    161.151733 
2.100000    95.265244 
2.150000    -20.853809 
2.200000    -154.383224 
2.250000    -195.033173 
2.300000    -146.204025 
2.350000    19.005840 
2.400000    108.229683 
2.450000    149.036057 
2.500000    95.441765 
2.550000    -28.568394 
2.600000    -109.928970 
2.650000    -112.699379 
2.700000    -59.967648 
2.750000    42.037868 
2.800000    91.417435 
2.850000    103.090477 
2.900000    57.000549 
2.950000    -12.038757 
3.000000    -87.070724 
3.050000    -103.688309 
3.100000    -39.020802 
3.150000    31.928177 
3.200000    45.273510 
3.250000    72.347214 
3.300000    35.626076 
3.350000    -18.136351 
3.400000    -45.373116 
3.450000    -26.670176 
3.500000    -6.853549 
3.550000    14.435210 
3.600000    44.814724 
3.650000    56.864502 
3.700000    16.447084 
3.750000    -5.702649 
3.800000    -12.489298 
3.850000    -10.991858 
3.900000    -15.850865 
3.950000    13.318453 
4.000000    15.027323 
4.050000    29.397066 
4.100000    7.282591 
4.150000    -3.140203 
4.200000    1.123449 
4.250000    4.461741 
4.300000    -26.410583 
4.350000    6.277250 
4.400000    -26.037945 
4.450000    -19.266123 
4.500000    3.968884 
4.550000    -18.524874 
4.600000    7.520669 
4.650000    -9.213951 
4.700000    -6.499322 
4.750000    3.646990 
4.800000    -5.442429 
4.850000    -10.230141 
4.900000    -23.079067 
4.950000    -4.591802 
5.000000    -14.343143 
5.050000    15.700109 
5.100000    -2.400444 
5.150000    -2.431546 
5.200000    -0.316171 
5.250000    -12.748048 
5.300000    -5.276518 
5.350000    7.434090 
5.400000    14.594318 
5.450000    6.530242 
5.500000    -24.946102 
5.550000    32.437252 
5.600000    11.252460 
5.650000    -22.566864 
5.700000    1.199734 
5.750000    -12.030378 
5.800000    -10.305560 
5.850000    -6.302749 
5.900000    14.390779 
5.950000    1.269355 
6.000000    18.238560 
6.050000    -1.673208 
6.100000    11.417376 
6.150000    -5.315889 
6.200000    -10.595863 
6.250000    -9.316047 
6.300000    -13.183702 
6.350000    16.060400 
6.400000    -20.094961 
6.450000    21.252449 
6.500000    23.283140 
6.550000    5.968816 
6.600000    13.965913 
6.650000    -2.265054 
6.700000    -16.599977 
6.750000    -0.080374 
6.800000    23.326248 
6.850000    2.222207 
6.900000    -8.951949 
6.950000    25.723354 
7.000000    30.330704 
7.050000    -27.987293 
7.100000    -23.941959 
7.150000    -4.617351 
7.200000    -11.653439 
7.250000    9.787197 
7.300000    10.326173 
7.350000    13.233098 
7.400000    23.681465 
7.450000    40.797852 
7.500000    -21.804131 
7.550000    -16.162235 
7.600000    -5.280696 
7.650000    -8.012395 
7.700000    3.397141 
7.750000    31.591232 
7.800000    15.654700 
7.850000    -15.848130 
7.900000    1.684882 
7.950000    -9.888263 
7.999999    9.323756 
8.049999    -13.963181 
8.100000    -4.002715 
8.150000    2.525991 
8.200000    11.480502 
8.250000    -13.606485 
8.300000    18.666706 
8.350000    8.115454 
8.400000    -6.180821 
8.450000    0.709927 
8.500000    4.704746 
8.549999    -11.425901 
8.599999    18.286562 
8.650000    7.068666 
8.700000    -3.719459 
8.750000    -13.714626 
8.800000    0.369823 
8.850000    -4.951366 
8.900000    -7.803304 
8.950000    14.170942 
9.000000    -12.847166 
9.050000    -1.797918 
9.099999    -3.184572 
9.149999    15.134809 
9.200000    7.353767 
9.250000    -11.538735 
9.300000    19.154949 
9.350000    0.258049 
9.400000    22.416100 
9.450000    0.097728 
9.500000    7.944829 
9.550000    3.452241 
9.600000    -10.805702 
9.649999    5.391820 
9.699999    -10.989579 
9.750000    -3.834673 
9.800000    6.044503 
9.850000    -9.144706 
9.900000    -16.616467 
9.950000    -3.354097 
10.000000    -27.281803 
10.050000    -15.629087 
10.100000    -15.282196 
10.150000    2.908588 
10.199999    -22.334013 
10.249999    12.032127 
10.300000    4.426550 
10.350000    10.518288 
10.400000    16.278605 
10.450000    -12.804009 
10.500000    20.757059 
10.550000    15.724672 
10.600000    9.943710 
10.650000    3.230002 
10.700000    18.656567 
10.749999    -12.494626 
10.799999    -8.474113 
10.849999    0.693504 
10.900000    1.093470 
10.950000    7.669666 
11.000000    -1.148517 
11.050000    2.181909 
11.100000    8.189623 
11.150000    10.124859 
11.200000    -8.852061 
11.250000    -10.967843 
11.299999    -4.239332 
11.349999    -5.019016 
11.399999    -9.815219 
11.450000    2.285571 
11.500000    -0.756035 
11.550000    21.461109 
11.600000    1.481480 
11.650000    -6.105404 
11.700000    -2.301523 
11.750000    -2.463852 
11.800000    12.028133 
11.849999    -1.781076 
11.899999    -16.913725 
11.949999    -4.743016 
12.000000    8.706140 
12.050000    -7.294922 
12.100000    -5.558521 
12.150000    2.196210 
12.200000    7.092260 
12.250000    -9.688624 
12.300000    -11.381053 
12.350000    0.019788 
12.399999    -1.067554 
12.449999    7.878079 
12.499999    0.162743 
12.550000    7.086148 
12.600000    -2.089565 
12.650000    12.491846 
12.700000    0.764771 
12.750000    4.491442 
12.800000    22.137346 
12.850000    -5.587772 
12.900000    -2.487954 
12.949999    1.401704 
12.999999    0.341080 
13.049999    -20.763500 
13.100000    -8.930403 
13.150000    -2.385394 
13.200000    -1.887293 
13.250000    -6.604948 
13.300000    1.477957 
13.350000    -0.993379 
13.400000    1.246880 
13.450000    0.818680 
13.499999    -12.879022 
13.549999    22.399780 
13.599999    -12.475217 
13.650000    6.750910 
13.700000    -4.242409 
13.750000    -16.743839 
13.800000    0.810741 
13.850000    -19.779442 
13.900000    -13.615432 
13.950000    9.733955 
14.000000    8.736161 
14.049999    17.482401 
14.099999    43.772209 
14.149999    -4.545995 
14.200000    -11.937706 
14.250000    15.054029 
14.300000    5.426694 
14.350000    0.209783 
14.400000    8.254579 
14.450000    2.770866 
14.500000    0.515253 
14.549999    -16.656229 
14.599999    -20.398365 
14.649999    -14.141845 
14.699999    12.117059 
14.750000    -12.952707 
14.800000    -0.958540 
14.850000    15.460480 
14.900000    -2.540848 
14.950000    -4.078026 
15.000000    -2.621726 
15.050000    14.905416 
15.099999    8.500190 
15.149999    -2.465147 
15.199999    12.648818 
15.249999    -6.676013 
15.299999    -3.153341 
15.350000    0.777669 
15.400000    11.824315 
15.450000    8.122050 
15.500000    -10.320821 
15.550000    22.673704 
15.600000    6.505063 
15.650000    26.658865 
15.699999    -12.418007 
15.750000    9.100049 
15.799999    -1.076444 
15.850000    2.490603 
15.899999    25.353294 
15.950000    -5.107185 
15.999999    12.653433 
16.050000    9.595847 
16.099999    11.955727 
16.150000    11.966435 
16.200000    4.328483 
16.249999    -5.082933 
16.300000    10.359014 
16.349999    -20.706038 
16.400000    -16.621613 
16.449999    9.814225 
16.500000    2.397889 
16.549999    25.415001 
16.600000    22.037279 
16.649999    13.998995 
16.700000    19.602839 
16.750000    1.773300 
16.799999    -1.479571 
16.850000    9.489626 
16.899999    -8.251939 
16.950000    35.335670 
16.999999    -1.370894 
17.050000    4.421636 
17.099999    -16.039005 
17.150000    9.757064 
17.199999    8.082361 
17.250000    -3.342191 
17.300000    8.082783 
17.349999    10.435554 
17.400000    2.064490 
17.449999    8.553579 
17.500000    -0.767229 
17.549999    1.494487 
17.600000    9.698714 
17.649999    -0.852851 
17.700000    -14.717132 
17.749999    19.794497 
17.800000    12.337660 
17.850000    -5.932598 
17.899999    9.362250 
17.950000    19.175859 
17.999999    12.040901 
18.050000    22.074768 
18.099999    -29.471737 
18.150000    -8.060843 
18.199999    -2.870766 
18.250000    1.938392 
18.299999    -8.248770 
18.350000    7.125545 
18.400000    -1.736617 
18.449999    23.609756 
18.500000    10.651584 
18.549999    6.337520 
18.600000    4.379601 
18.649999    -12.534828 
18.700000    -4.684239 
18.749999    13.509297 
18.800000    11.836352 
18.849999    -17.224339 
18.900000    4.633358 
18.950000    -9.851679 
18.999999    1.912662 
19.050000    -4.673151 
19.099999    -21.722616 
19.150000    -8.513989 
19.199999    1.623253 
19.250000    -6.699501 
19.299999    11.229765 
19.350000    18.083559 
19.399999    -6.323928 
19.450000    4.352305 
19.500000    2.951440 
19.549999    11.039289 
19.600000    -13.235970 
19.649999    -11.689194 
19.700000    -6.067665 
19.749999    2.380884 
19.800000    -5.942473 
19.849999    -9.916457 
19.900000    -8.303568 
19.949999    -10.795938 


Reverse Correlation Function   