Time    Magnitude 

0.000000    -12.128578 
0.050000    -3.972782 
0.100000    -7.364893 
0.150000    -8.077323 
0.200000    -1.953896 
0.250000    12.177121 
0.300000    4.834243 
0.350000    -3.053074 
0.400000    0.689540 
0.450000    3.161236 
0.500000    9.230302 
0.550000    14.144839 
0.600000    -0.246019 
0.650000    16.150738 
0.700000    -13.390224 
0.750000    10.793847 
0.800000    13.630353 
0.850000    6.467528 
0.900000    6.169754 
0.950000    5.083423 
1.000000    -10.058008 
1.050000    -10.126965 
1.100000    5.931098 
1.150000    -7.922681 
1.200000    1.141746 
1.250000    -11.038477 
1.300000    7.521306 
1.350000    -1.520712 
1.400000    9.535875 
1.450000    -2.913511 
1.500000    -11.804766 
1.550000    3.675045 
1.600000    -4.440408 
1.650000    7.934548 
1.700000    3.752932 
1.750000    21.253023 
1.800000    13.324478 
1.850000    32.503319 
1.900000    21.215940 
1.950000    15.668169 
2.000000    -10.472533 
2.050000    -35.712242 
2.100000    -33.200512 
2.150000    -6.790023 
2.200000    11.233891 
2.250000    33.632450 
2.300000    42.474541 
2.350000    28.192724 
2.400000    -5.129917 
2.450000    -46.326981 
2.500000    -59.406586 
2.550000    -44.194134 
2.600000    -16.387512 
2.650000    17.220842 
2.700000    48.948971 
2.750000    44.934200 
2.800000    15.294297 
2.850000    -13.697688 
2.900000    -43.364010 
2.950000    -39.604183 
3.000000    -18.521801 
3.050000    9.461174 
3.100000    26.016993 
3.150000    18.595669 
3.200000    12.533194 
3.250000    -7.669887 
3.300000    -24.123627 
3.350000    -15.531073 
3.400000    -4.040043 
3.450000    18.991146 
3.500000    12.122740 
3.550000    26.241125 
3.600000    -2.162647 
3.650000    2.336116 
3.700000    -26.820641 
3.750000    -21.461880 
3.800000    -5.235640 
3.850000    0.825633 
3.900000    12.539606 
3.950000    12.091584 
4.000000    6.178404 
4.050000    7.733329 
4.100000    -12.284672 
4.150000    -13.574670 
4.200000    -4.100825 
4.250000    -3.872057 
4.300000    5.492422 
4.350000    -6.235450 
4.400000    0.288879 
4.450000    -1.903911 
4.500000    13.251119 
4.550000    -9.373956 
4.600000    1.306636 
4.650000    1.567477 
4.700000    -5.654251 
4.750000    -3.442747 
4.800000    -0.889311 
4.850000    -3.344742 
4.900000    0.431274 
4.950000    3.116134 
5.000000    -1.996896 
5.050000    -1.824708 
5.100000    -7.664142 
5.150000    2.087626 
5.200000    0.309152 
5.250000    7.538225 
5.300000    1.100373 
5.350000    0.878372 
5.400000    10.145316 
5.450000    6.826232 
5.500000    3.137607 
5.550000    9.929621 
5.600000    2.854042 
5.650000    -4.094057 
5.700000    -5.563695 
5.750000    12.160369 
5.800000    -2.739555 
5.850000    0.955991 
5.900000    -2.046695 
5.950000    -8.008949 
6.000000    -10.482198 
6.050000    -1.932585 
6.100000    9.972756 
6.150000    8.394032 
6.200000    5.813018 
6.250000    -1.086984 
6.300000    1.156313 
6.350000    -10.298843 
6.400000    8.097122 
6.450000    -7.624985 
6.500000    7.226635 
6.550000    -10.122095 
6.600000    10.232605 
6.650000    6.844888 
6.700000    10.044971 
6.750000    -8.989396 
6.800000    -7.081774 
6.850000    0.649188 
6.900000    -3.146578 
6.950000    -10.606146 
7.000000    0.173171 
7.050000    -5.532547 
7.100000    2.868058 
7.150000    14.871786 
7.200000    11.383732 
7.250000    -14.907557 
7.300000    11.781992 
7.350000    -7.453471 
7.400000    1.297587 
7.450000    -10.082578 
7.500000    2.765311 
7.550000    -10.444401 
7.600000    1.153996 
7.650000    -4.835522 
7.700000    -0.871607 
7.750000    -0.780807 
7.800000    -19.780237 
7.850000    -6.954926 
7.900000    4.479550 
7.950000    -13.149416 
7.999999    -5.155395 
8.049999    -4.065008 
8.100000    -2.016048 
8.150000    8.262048 
8.200000    7.953340 
8.250000    2.689663 
8.300000    -6.384833 
8.350000    0.796815 
8.400000    9.174924 
8.450000    13.146607 
8.500000    17.887520 
8.549999    1.123923 
8.599999    0.506764 
8.650000    5.062377 
8.700000    9.230943 
8.750000    -1.599953 
8.800000    6.171828 
8.850000    0.080626 
8.900000    2.879878 
8.950000    -1.181988 
9.000000    7.624874 
9.050000    -4.749014 
9.099999    5.889581 
9.149999    10.815686 
9.200000    -2.679068 
9.250000    6.011305 
9.300000    -0.812023 
9.350000    1.714313 
9.400000    2.598855 
9.450000    1.049519 
9.500000    1.962377 
9.550000    -7.951870 
9.600000    -1.626650 
9.649999    5.000945 
9.699999    11.707428 
9.750000    -1.547784 
9.800000    -0.508679 
9.850000    4.498000 
9.900000    -3.205901 
9.950000    -1.165072 
10.000000    -13.345430 
10.050000    -4.114766 
10.100000    -1.349289 
10.150000    4.080613 
10.199999    4.605297 
10.249999    -5.642843 
10.300000    -4.114710 
10.350000    5.472436 
10.400000    2.016875 
10.450000    -5.216731 
10.500000    -3.445207 
10.550000    -8.978969 
10.600000    -6.216900 
10.650000    -0.855971 
10.700000    -3.082795 
10.749999    -7.811618 
10.799999    -5.311128 
10.849999    -2.840042 
10.900000    -2.913712 
10.950000    3.609612 
11.000000    -2.987868 
11.050000    0.970271 
11.100000    -12.382695 
11.150000    -0.465407 
11.200000    8.345736 
11.250000    2.489669 
11.299999    0.773390 
11.349999    -1.772764 
11.399999    6.904529 
11.450000    1.133654 
11.500000    -8.226539 
11.550000    8.538746 
11.600000    -5.330720 
11.650000    5.165219 
11.700000    -12.989022 
11.750000    4.509997 
11.800000    18.282856 
11.849999    -4.776972 
11.899999    3.940401 
11.949999    -7.843310 
12.000000    4.729692 
12.050000    4.150675 
12.100000    -2.884435 
12.150000    0.248172 
12.200000    -11.447127 
12.250000    4.672419 
12.300000    -5.457297 
12.350000    -11.211511 
12.399999    -5.931285 
12.449999    4.251264 
12.499999    -4.656978 
12.550000    12.562329 
12.600000    2.982658 
12.650000    -14.504548 
12.700000    1.483193 
12.750000    -8.423474 
12.800000    -2.800243 
12.850000    1.327602 
12.900000    22.989147 
12.949999    -11.514555 
12.999999    1.891527 
13.049999    -1.976707 
13.100000    -6.089369 
13.150000    10.538079 
13.200000    2.343154 
13.250000    15.231597 
13.300000    3.232064 
13.350000    6.494547 
13.400000    11.588115 
13.450000    9.970601 
13.499999    9.336827 
13.549999    -0.316871 
13.599999    -7.923634 
13.650000    17.028179 
13.700000    3.671327 
13.750000    -1.723405 
13.800000    -3.055382 
13.850000    -1.898300 
13.900000    3.419412 
13.950000    0.989794 
14.000000    7.337234 
14.049999    -1.165102 
14.099999    -10.425008 
14.149999    5.913311 
14.200000    -1.193668 
14.250000    14.802363 
14.300000    -9.533049 
14.350000    -0.749868 
14.400000    2.042757 
14.450000    8.885245 
14.500000    5.122604 
14.549999    -3.180902 
14.599999    -17.917389 
14.649999    -5.910664 
14.699999    -1.948957 
14.750000    -4.659187 
14.800000    5.537185 
14.850000    2.972097 
14.900000    6.951785 
14.950000    6.037749 
15.000000    -8.688749 
15.050000    -1.685969 
15.099999    -5.439397 
15.149999    -0.056778 
15.199999    5.995957 
15.249999    -8.761333 
15.299999    1.603169 
15.350000    -1.958993 
15.400000    14.406900 
15.450000    9.255632 
15.500000    2.880624 
15.550000    6.403192 
15.600000    -1.650200 
15.650000    -1.115607 
15.699999    -5.443437 
15.750000    1.002869 
15.799999    -8.777631 
15.850000    6.302510 
15.899999    -6.901586 
15.950000    3.295717 
15.999999    -20.694359 
16.050000    2.791785 
16.099999    8.390871 
16.150000    -12.550852 
16.200000    -9.005191 
16.249999    -6.021443 
16.300000    16.373650 
16.349999    5.375169 
16.400000    10.555721 
16.449999    19.019598 
16.500000    5.516767 
16.549999    -4.104429 
16.600000    -11.547510 
16.649999    -12.374554 
16.700000    4.201617 
16.750000    -5.605031 
16.799999    4.837245 
16.850000    -1.716877 
16.899999    -1.035694 
16.950000    -4.488934 
16.999999    27.721535 
17.050000    15.162298 
17.099999    -7.907342 
17.150000    8.763523 
17.199999    12.887475 
17.250000    3.088250 
17.300000    4.233698 
17.349999    3.709692 
17.400000    5.187371 
17.449999    16.138474 
17.500000    -0.232815 
17.549999    17.357416 
17.600000    1.562630 
17.649999    7.688232 
17.700000    2.225886 
17.749999    2.429344 
17.800000    4.924851 
17.850000    0.151213 
17.899999    0.369286 
17.950000    5.865396 
17.999999    4.642654 
18.050000    11.317649 
18.099999    4.404940 
18.150000    -2.917827 
18.199999    0.883965 
18.250000    11.697495 
18.299999    5.081083 
18.350000    -8.291061 
18.400000    2.112384 
18.449999    -17.370647 
18.500000    7.734835 
18.549999    16.521076 
18.600000    5.323577 
18.649999    6.735615 
18.700000    7.337060 
18.749999    0.282954 
18.800000    -3.729247 
18.849999    8.407253 
18.900000    -2.471306 
18.950000    -4.869243 
18.999999    6.723265 
19.050000    1.769792 
19.099999    10.629468 
19.150000    12.417315 
19.199999    8.287054 
19.250000    7.680898 
19.299999    7.932114 
19.350000    -2.880376 
19.399999    -6.095214 
19.450000    0.620809 
19.500000    0.909829 
19.549999    2.004264 
19.600000    -4.594424 
19.649999    14.421636 
19.700000    3.423947 
19.749999    2.282069 
19.800000    1.552900 
19.849999    -4.828263 
19.900000    -9.464588 
19.949999    -1.252546 


Reverse Correlation Function   