Time    Magnitude 

0.000000    20.853029 
0.050000    30.997128 
0.100000    -13.067158 
0.150000    -23.925140 
0.200000    -35.484764 
0.250000    -11.637823 
0.300000    1.126119 
0.350000    14.104708 
0.400000    -13.546041 
0.450000    17.738688 
0.500000    -5.328507 
0.550000    15.882567 
0.600000    33.082989 
0.650000    8.257028 
0.700000    0.883414 
0.750000    13.347993 
0.800000    4.542819 
0.850000    -10.961486 
0.900000    0.938665 
0.950000    -12.080496 
1.000000    -5.794275 
1.050000    4.221345 
1.100000    -0.949903 
1.150000    6.666786 
1.200000    9.274848 
1.250000    5.407228 
1.300000    -2.596583 
1.350000    3.219619 
1.400000    25.709265 
1.450000    13.552558 
1.500000    -10.945593 
1.550000    -1.742408 
1.600000    -16.541897 
1.650000    -15.834867 
1.700000    -25.712671 
1.750000    3.360061 
1.800000    -3.018425 
1.850000    -17.850227 
1.900000    -0.695241 
1.950000    -3.531306 
2.000000    11.046268 
2.050000    12.523155 
2.100000    12.342588 
2.150000    17.726002 
2.200000    4.775962 
2.250000    -20.969666 
2.300000    15.647091 
2.350000    5.730305 
2.400000    -4.851113 
2.450000    5.003935 
2.500000    19.516626 
2.550000    17.921585 
2.600000    19.469370 
2.650000    5.999147 
2.700000    26.328447 
2.750000    -2.815861 
2.800000    24.118124 
2.850000    -10.952985 
2.900000    -10.290999 
2.950000    1.177559 
3.000000    2.943057 
3.050000    -9.773944 
3.100000    7.385968 
3.150000    -18.812485 
3.200000    -37.939274 
3.250000    -35.409031 
3.300000    -54.501823 
3.350000    -52.260880 
3.400000    -24.997271 
3.450000    6.728255 
3.500000    41.026199 
3.550000    37.510468 
3.600000    69.767746 
3.650000    109.762077 
3.700000    109.918091 
3.750000    82.918121 
3.800000    81.984619 
3.850000    36.798531 
3.900000    -4.520072 
3.950000    -27.455212 
4.000000    -96.303635 
4.050000    -161.237076 
4.100000    -185.116302 
4.150000    -165.876160 
4.200000    -174.016525 
4.250000    -104.951958 
4.300000    -31.768263 
4.350000    2.719939 
4.400000    93.808334 
4.450000    111.234718 
4.500000    187.228943 
4.550000    155.054443 
4.600000    137.671616 
4.650000    117.375404 
4.700000    69.374863 
4.750000    2.114746 
4.800000    -42.246346 
4.850000    -93.938873 
4.900000    -115.192871 
4.950000    -107.314606 
5.000000    -100.523041 
5.050000    -73.950500 
5.100000    -60.875916 
5.150000    -18.917816 
5.200000    27.723234 
5.250000    59.448708 
5.300000    46.476437 
5.350000    63.612110 
5.400000    49.895309 
5.450000    60.990540 
5.500000    26.795282 
5.550000    13.418994 
5.600000    10.666081 
5.650000    -18.432280 
5.700000    -44.364258 
5.750000    -31.476292 
5.800000    -15.914480 
5.850000    -7.335814 
5.900000    -18.006294 
5.950000    -13.540771 
6.000000    -3.980689 
6.050000    29.142632 
6.100000    10.124357 
6.150000    23.776361 
6.200000    1.205156 
6.250000    11.337101 
6.300000    15.470209 
6.350000    10.635878 
6.400000    -2.418556 
6.450000    36.955460 
6.500000    -13.690158 
6.550000    2.126117 
6.600000    -16.059919 
6.650000    -7.041818 
6.700000    -28.077726 
6.750000    -3.336643 
6.800000    -7.677433 
6.850000    13.119107 
6.900000    11.174348 
6.950000    10.941730 
7.000000    15.462234 
7.050000    -2.269208 
7.100000    8.670128 
7.150000    6.733187 
7.200000    -14.621514 
7.250000    -15.661380 
7.300000    5.564188 
7.350000    -3.089608 
7.400000    4.386419 
7.450000    5.016812 
7.500000    15.975817 
7.550000    2.613133 
7.600000    25.271793 
7.650000    9.022686 
7.700000    -6.928378 
7.750000    -11.489120 
7.800000    -9.547606 
7.850000    -19.906269 
7.900000    -31.380142 
7.950000    -38.308903 
8.000000    -4.281848 
8.050000    3.789422 
8.100000    -4.719699 
8.150000    15.521779 
8.200000    6.551134 
8.250000    40.695026 
8.300000    19.687891 
8.350000    12.197285 
8.400000    34.551731 
8.450000    19.465408 
8.500000    -10.200046 
8.550000    9.959304 
8.600000    -21.317474 
8.650000    -7.668236 
8.700000    0.064509 
8.750000    4.379259 
8.800000    20.114180 
8.850000    12.917328 
8.900000    -6.312468 
8.950000    -0.143146 
9.000000    11.687141 
9.050000    12.415956 
9.100000    -11.687679 
9.150000    8.657430 
9.200000    14.578042 
9.250000    -9.639097 
9.300000    -7.609877 
9.350000    -4.246498 
9.400000    -25.625647 
9.450000    11.832479 
9.500000    -22.651640 
9.550000    -8.068537 
9.600000    -8.276911 
9.650000    13.417459 
9.700000    11.059238 
9.750000    4.536078 
9.800000    18.209080 
9.850000    18.291441 
9.900000    -14.403222 
9.950000    19.929482 
10.000000    -17.207342 
10.050000    2.064938 
10.100000    -6.796795 
10.150000    7.079451 
10.200000    -6.655790 
10.250000    2.884290 
10.300000    -9.531606 
10.350000    14.142147 
10.400000    15.111037 
10.450000    26.367603 
10.500000    27.464434 
10.550000    -26.970921 
10.600000    -3.286319 
10.650000    -4.009375 
10.700000    0.141349 
10.750000    -18.700838 
10.800000    -13.548245 
10.850000    -11.238501 
10.900000    2.421132 
10.950000    -5.265861 
11.000000    -9.139967 
11.050000    15.956552 
11.100000    -5.980557 
11.150000    -1.232826 
11.200000    31.556433 
11.250000    1.374450 
11.300000    23.496645 
11.350000    -5.991816 
11.400000    15.276408 
11.450000    -0.220066 
11.500000    4.167514 
11.550000    -23.323576 
11.600000    -17.479631 
11.650000    -2.950515 
11.700000    4.286663 
11.750000    -22.825241 
11.800000    14.559154 
11.850000    2.977537 
11.900000    11.718720 
11.950000    -10.692760 
12.000000    -14.961166 
12.050000    10.229926 
12.100000    -6.382527 
12.150000    -13.576134 
12.200000    -22.042500 
12.250000    11.240186 
12.300000    25.940042 
12.350000    7.765472 
12.400000    -17.792704 
12.450000    -15.097756 
12.500000    -2.293036 
12.550000    5.851353 
12.600000    -9.317223 
12.650000    -1.901392 
12.700000    1.982469 
12.750000    1.980595 
12.800000    7.577337 
12.850000    14.283385 
12.900000    -16.123440 
12.950000    -5.695304 
13.000000    -7.219344 
13.050000    -15.872269 
13.100000    -1.668971 
13.150000    -15.329252 
13.200000    -9.939765 
13.250000    22.056034 
13.300000    -9.584251 
13.350000    -3.432457 
13.400000    9.837479 
13.450000    -18.307007 
13.500000    30.616327 
13.550000    6.672154 
13.600000    11.750701 
13.650000    7.699969 
13.700000    24.593023 
13.750000    0.270836 
13.800000    7.399794 
13.850000    -21.974554 
13.900000    16.442455 
13.950000    7.469649 
14.000000    -4.781780 
14.050000    2.102155 
14.100000    -5.587757 
14.150000    8.101115 
14.200000    -1.747694 
14.250000    -12.820586 
14.300000    17.560404 
14.350000    -1.951005 
14.400000    -9.900616 
14.450000    18.558191 
14.500000    6.225160 
14.550000    1.656658 
14.600000    -7.751374 
14.650000    10.641258 
14.700000    2.501983 
14.750000    -2.445508 
14.800000    4.974267 
14.850000    -0.119277 
14.900000    -2.971035 
14.950000    -3.880828 
15.000000    15.173059 
15.050000    9.015470 
15.100000    26.543516 
15.150000    -9.874640 
15.200000    1.584816 
15.250000    10.733636 
15.300000    12.304923 
15.350000    -3.291371 
15.400000    4.013187 
15.450000    -7.733105 
15.500000    -24.508194 
15.550000    17.031450 
15.600000    -13.607304 
15.650000    -7.816114 
15.700000    -5.171691 
15.750000    -11.341699 
15.800000    23.105951 
15.850000    6.449683 
15.900000    -3.296415 
15.950000    22.300188 
16.000000    -12.480822 
16.050000    -15.288494 
16.100000    -3.585876 
16.150000    -3.248327 
16.200000    22.072813 
16.250000    -14.252794 
16.300000    10.618382 
16.350000    22.766428 
16.400000    -2.506429 
16.450000    -29.630461 
16.500000    2.458808 
16.550000    12.527708 
16.600000    11.622881 
16.650000    24.000610 
16.700000    -1.614476 
16.750000    3.940204 
16.800000    -1.281276 
16.850000    0.147933 
16.900000    -0.645667 
16.950000    6.302254 
17.000000    14.466780 
17.050000    3.605841 
17.100000    -22.181635 
17.150000    -21.918125 
17.200000    -10.861395 
17.250000    5.943334 
17.300000    0.718036 
17.350000    14.489854 
17.400000    7.555001 
17.450000    10.862602 
17.500000    -24.884529 
17.550000    -0.239208 
17.600000    6.577528 
17.650000    20.244160 
17.700000    4.994943 
17.750000    5.667878 
17.800000    3.993322 
17.850000    -7.815145 
17.900000    -10.595909 
17.950000    -19.192123 
18.000000    -13.646322 
18.050000    1.375085 
18.100000    7.298604 
18.150000    -15.611559 
18.200000    -6.164792 
18.250000    -20.936794 
18.300000    -9.992677 
18.350000    -2.828761 
18.400000    -11.080209 
18.450000    4.970255 
18.500000    -0.833336 
18.550000    -3.612386 
18.600000    -11.774824 
18.650000    12.732126 
18.700000    17.733799 
18.750000    20.830791 
18.800000    22.300343 
18.850000    4.454577 
18.900000    -0.085457 
18.950000    17.974932 
19.000000    -2.002700 
19.050000    7.370271 
19.100000    -9.439803 
19.150000    -6.712296 
19.200000    5.531609 
19.250000    -6.765863 
19.300000    3.532915 
19.350000    -28.358757 
19.400000    -19.050394 
19.450000    18.889915 
19.500000    -2.945100 
19.550000    23.778397 
19.600000    9.729754 
19.650000    14.033442 
19.700000    11.756274 
19.750000    3.912966 
19.799999    19.413500 
19.849999    14.095908 
19.899999    -2.579763 
19.949999    -3.235090 


Reverse Correlation Function   