Time    Magnitude 

0.000000    0.966785 
0.050000    0.434905 
0.100000    -0.402099 
0.150000    0.479650 
0.200000    -1.042924 
0.250000    -0.845131 
0.300000    -0.340866 
0.350000    -1.184206 
0.400000    -0.053358 
0.450000    -0.276805 
0.500000    -0.055475 
0.550000    1.291775 
0.600000    -1.740852 
0.650000    -0.966699 
0.700000    0.466278 
0.750000    -1.024976 
0.800000    2.097575 
0.850000    -0.479167 
0.900000    -0.309470 
0.950000    -0.176847 
1.000000    -0.841185 
1.050000    -1.603218 
1.100000    -1.337505 
1.150000    0.751072 
1.200000    -0.529413 
1.250000    0.047131 
1.300000    0.027299 
1.350000    1.282111 
1.400000    1.235027 
1.450000    0.267903 
1.500000    0.450869 
1.550000    0.853484 
1.600000    -0.182084 
1.650000    -0.202108 
1.700000    -0.211389 
1.750000    -0.979314 
1.800000    1.069912 
1.850000    -0.562864 
1.900000    -1.676738 
1.950000    -0.983751 
2.000000    0.548823 
2.050000    0.555853 
2.100000    -1.501549 
2.150000    -0.650511 
2.200000    0.952071 
2.250000    3.232748 
2.300000    0.773679 
2.350000    -0.135104 
2.400000    1.027457 
2.450000    -0.503271 
2.500000    0.843472 
2.550000    -0.269204 
2.600000    0.819492 
2.650000    -1.164615 
2.700000    0.533437 
2.750000    -2.079943 
2.800000    0.559298 
2.850000    -1.879763 
2.900000    -0.385253 
2.950000    -0.885615 
3.000000    1.012137 
3.050000    -1.021047 
3.100000    1.206911 
3.150000    -0.502979 
3.200000    -1.355220 
3.250000    -0.897539 
3.300000    -3.064430 
3.350000    -5.261047 
3.400000    -3.077866 
3.450000    -1.146875 
3.500000    0.905557 
3.550000    3.603237 
3.600000    5.687617 
3.650000    6.190733 
3.700000    7.836980 
3.750000    7.802500 
3.800000    6.909703 
3.850000    6.758691 
3.900000    5.644287 
3.950000    -0.670648 
4.000000    -3.383702 
4.050000    -9.012888 
4.100000    -13.727688 
4.150000    -16.155489 
4.200000    -15.114347 
4.250000    -12.059229 
4.300000    -7.557557 
4.350000    -3.053559 
4.400000    4.881994 
4.450000    8.405974 
4.500000    13.496506 
4.550000    15.162195 
4.600000    16.886881 
4.650000    13.586353 
4.700000    13.109954 
4.750000    5.172779 
4.800000    0.812853 
4.850000    -3.312323 
4.900000    -9.645050 
4.950000    -14.197333 
5.000000    -14.360599 
5.050000    -13.891245 
5.100000    -11.842383 
5.150000    -5.956264 
5.200000    -1.638850 
5.250000    4.191942 
5.300000    7.373577 
5.350000    10.653395 
5.400000    10.806281 
5.450000    14.584903 
5.500000    11.554704 
5.550000    7.339142 
5.600000    5.094844 
5.650000    1.290891 
5.700000    -2.297851 
5.750000    -6.799482 
5.800000    -6.689219 
5.850000    -11.241247 
5.900000    -9.679563 
5.950000    -3.914817 
6.000000    -4.893918 
6.050000    -0.124598 
6.100000    3.908238 
6.150000    5.916447 
6.200000    8.192570 
6.250000    8.608483 
6.300000    8.537731 
6.350000    6.478331 
6.400000    4.625442 
6.450000    -0.071782 
6.500000    -0.317912 
6.550000    -4.978772 
6.600000    -4.591855 
6.650000    -7.098578 
6.700000    -5.263025 
6.750000    -5.564579 
6.800000    -0.177791 
6.850000    1.159585 
6.900000    2.773211 
6.950000    4.781054 
7.000000    4.561737 
7.050000    7.070240 
7.100000    2.846614 
7.150000    1.101953 
7.200000    -0.498835 
7.250000    0.230543 
7.300000    -1.836996 
7.350000    -1.698407 
7.400000    -2.077862 
7.450000    -0.147785 
7.500000    3.332711 
7.550000    -3.145827 
7.600000    2.364042 
7.650000    1.886502 
7.700000    1.116746 
7.750000    0.546858 
7.800000    1.050409 
7.850000    -0.725336 
7.900000    -0.302187 
7.950000    -0.860992 
8.000000    -1.093878 
8.050000    -0.733315 
8.100000    -1.261798 
8.150000    0.599579 
8.200000    0.747178 
8.250000    2.068586 
8.300000    0.307286 
8.350000    3.367249 
8.400000    1.407242 
8.450000    -0.714485 
8.500000    -2.042835 
8.550000    0.674117 
8.600000    0.926186 
8.650000    -2.588780 
8.700000    0.259358 
8.750000    -1.144106 
8.800000    0.114223 
8.850000    -1.788522 
8.900000    0.535327 
8.950000    1.088859 
9.000000    -0.599873 
9.050000    -0.823298 
9.100000    -1.069106 
9.150000    -0.530791 
9.200000    -0.915068 
9.250000    0.104191 
9.300000    1.958026 
9.350000    3.775006 
9.400000    -0.508014 
9.450000    0.345326 
9.500000    0.413717 
9.550000    -1.335946 
9.600000    -1.395950 
9.650000    -0.069655 
9.700000    1.472996 
9.750000    0.074641 
9.800000    2.156507 
9.850000    0.726360 
9.900000    1.122325 
9.950000    0.234322 
10.000000    0.320164 
10.050000    -1.011827 
10.100000    0.307038 
10.150000    2.283500 
10.200000    0.319337 
10.250000    -1.939163 
10.300000    0.128739 
10.350000    -1.453565 
10.400000    -1.331832 
10.450000    -0.324068 
10.500000    -1.887079 
10.550000    2.581537 
10.600000    3.426729 
10.650000    1.656031 
10.700000    0.818738 
10.750000    -1.731458 
10.800000    3.807781 
10.850000    -1.711839 
10.900000    -0.605879 
10.950000    0.055482 
11.000000    1.386826 
11.050000    -2.204463 
11.100000    0.658298 
11.150000    -0.495108 
11.200000    -1.621768 
11.250000    0.541772 
11.300000    3.180383 
11.350000    1.802037 
11.400000    2.184283 
11.450000    4.094419 
11.500000    1.563033 
11.550000    -0.505751 
11.600000    -1.226506 
11.650000    -0.663695 
11.700000    0.667410 
11.750000    -0.116010 
11.800000    -1.850839 
11.850000    -0.048481 
11.900000    0.424225 
11.950000    0.904210 
12.000000    0.882059 
12.050000    3.953794 
12.100000    1.395917 
12.150000    0.928110 
12.200000    2.295217 
12.250000    -1.248602 
12.300000    -0.544402 
12.350000    -0.382231 
12.400000    -0.279636 
12.450000    -2.122277 
12.500000    -2.142489 
12.550000    -1.292496 
12.600000    -0.098249 
12.650000    -2.027652 
12.700000    -2.013185 
12.750000    0.192327 
12.800000    -0.537129 
12.850000    1.441606 
12.900000    0.570206 
12.950000    1.612566 
13.000000    -0.537038 
13.050000    -1.020065 
13.100000    -0.781283 
13.150000    -1.613639 
13.200000    0.880319 
13.250000    0.257863 
13.300000    0.040807 
13.350000    -0.044028 
13.400000    2.832104 
13.450000    1.591375 
13.500000    -1.215669 
13.550000    0.426543 
13.600000    0.255131 
13.650000    -2.140826 
13.700000    0.310375 
13.750000    -0.001872 
13.800000    -0.287142 
13.850000    2.721016 
13.900000    0.151554 
13.950000    -1.264223 
14.000000    0.236272 
14.050000    -0.427480 
14.100000    -0.264029 
14.150000    -0.714578 
14.200000    0.054385 
14.250000    0.988040 
14.300000    0.183913 
14.350000    -0.947554 
14.400000    -0.948654 
14.450000    0.229787 
14.500000    -3.166226 
14.550000    3.694617 
14.600000    -0.382352 
14.650000    1.794674 
14.700000    0.739919 
14.750000    -0.106106 
14.800000    -1.941523 
14.850000    -1.815345 
14.900000    -1.596393 
14.950000    -0.647629 
15.000000    -1.789528 
15.050000    0.936392 
15.100000    -1.247616 
15.150000    -0.031041 
15.200000    -1.493069 
15.250000    -0.657953 
15.300000    -0.454210 
15.350000    0.218415 
15.400000    -0.209501 
15.450000    1.489985 
15.500000    0.369554 
15.550000    0.951072 
15.600000    -0.782006 
15.650000    -1.772036 
15.700000    0.139628 
15.750000    0.179845 
15.800000    0.951542 
15.850000    -1.713148 
15.900000    3.746867 
15.950000    1.946170 
16.000000    2.928011 
16.050000    -0.001662 
16.100000    1.382424 
16.150000    -1.195117 
16.200000    0.110707 
16.250000    -0.890204 
16.300000    0.251592 
16.350000    -0.042012 
16.400000    0.162244 
16.450000    -1.272998 
16.500000    0.781383 
16.550000    -0.599738 
16.600000    0.688545 
16.650000    1.254702 
16.700000    2.126796 
16.750000    1.375423 
16.800000    1.203691 
16.850000    -0.634333 
16.900000    -1.902299 
16.950000    -1.330611 
17.000000    -0.881608 
17.050000    -1.878636 
17.100000    1.523362 
17.150000    -1.100112 
17.200000    1.226284 
17.250000    -3.172618 
17.300000    1.187332 
17.350000    2.001995 
17.400000    0.699376 
17.450000    -0.138590 
17.500000    -1.644221 
17.550000    0.435349 
17.600000    1.604667 
17.650000    3.361892 
17.700000    -0.997032 
17.750000    1.011230 
17.800000    1.343643 
17.850000    -0.508608 
17.900000    0.131888 
17.950000    -0.021628 
18.000000    0.309746 
18.050000    -2.515716 
18.100000    -0.694099 
18.150000    -0.847541 
18.200000    0.845875 
18.250000    -1.861270 
18.300000    0.608888 
18.350000    -0.192003 
18.400000    -0.260815 
18.450000    0.389132 
18.500000    -0.715450 
18.550000    -0.876135 
18.600000    -1.229565 
18.650000    -1.924430 
18.700000    1.573965 
18.750000    0.590513 
18.800000    1.386355 
18.850000    -0.158645 
18.900000    -0.820055 
18.950000    1.531827 
19.000000    -0.027607 
19.050000    2.398799 
19.100000    0.361510 
19.150000    0.522400 
19.200000    -2.185140 
19.250000    0.237437 
19.300000    -0.933995 
19.350000    -0.168274 
19.400000    -1.118794 
19.450000    0.322527 
19.500000    0.655568 
19.550000    0.695642 
19.600000    2.661559 
19.650000    2.624031 
19.700000    1.645634 
19.750000    1.037298 
19.799999    -0.183197 
19.849999    2.359718 
19.899999    1.050689 
19.949999    -1.569511 


Reverse Correlation Function   