Time    Magnitude 

0.000000    -2.869601 
0.050000    -1.579035 
0.100000    0.614610 
0.150000    -1.539421 
0.200000    -1.054778 
0.250000    -0.892521 
0.300000    0.057033 
0.350000    0.811795 
0.400000    -0.995277 
0.450000    3.010160 
0.500000    0.355788 
0.550000    2.146518 
0.600000    1.136291 
0.650000    -0.048430 
0.700000    0.750477 
0.750000    1.848473 
0.800000    0.969782 
0.850000    1.728353 
0.900000    -0.238403 
0.950000    1.855599 
1.000000    -0.321444 
1.050000    -1.697970 
1.100000    -0.113285 
1.150000    -2.356989 
1.200000    -0.675799 
1.250000    0.055659 
1.300000    0.730698 
1.350000    3.619811 
1.400000    0.693688 
1.450000    1.400761 
1.500000    -0.039810 
1.550000    -0.502769 
1.600000    1.361265 
1.650000    -0.705961 
1.700000    1.466725 
1.750000    -0.767887 
1.800000    -0.616783 
1.850000    -0.977721 
1.900000    -1.041289 
1.950000    -3.977471 
2.000000    1.426488 
2.050000    -0.323613 
2.100000    2.032972 
2.150000    0.215473 
2.200000    -0.233664 
2.250000    1.818232 
2.300000    2.322135 
2.350000    2.751428 
2.400000    1.623527 
2.450000    0.699848 
2.500000    1.703871 
2.550000    -0.238262 
2.600000    -0.820868 
2.650000    -1.243671 
2.700000    -0.677021 
2.750000    0.842182 
2.800000    0.646406 
2.850000    -1.760010 
2.900000    -1.901337 
2.950000    0.738637 
3.000000    0.369321 
3.050000    0.778720 
3.100000    0.563248 
3.150000    -0.843668 
3.200000    -1.932241 
3.250000    -1.219096 
3.300000    -1.833947 
3.350000    -4.178527 
3.400000    -3.499203 
3.450000    -4.159565 
3.500000    1.814526 
3.550000    1.476099 
3.600000    0.614428 
3.650000    3.698245 
3.700000    7.476851 
3.750000    9.561713 
3.800000    9.841192 
3.850000    6.604738 
3.900000    4.487426 
3.950000    0.575067 
4.000000    -0.770769 
4.050000    -8.437672 
4.100000    -12.402618 
4.150000    -15.779930 
4.200000    -15.512248 
4.250000    -14.102935 
4.300000    -11.794850 
4.350000    -5.497571 
4.400000    0.429303 
4.450000    4.405644 
4.500000    10.580100 
4.550000    14.110199 
4.600000    17.122602 
4.650000    14.814417 
4.700000    12.693796 
4.750000    11.909877 
4.800000    4.977364 
4.850000    0.174141 
4.900000    -5.883653 
4.950000    -9.708367 
5.000000    -13.620346 
5.050000    -13.519515 
5.100000    -14.328816 
5.150000    -11.575532 
5.200000    -7.405498 
5.250000    -1.782804 
5.300000    4.463323 
5.350000    7.942324 
5.400000    10.226892 
5.450000    12.352891 
5.500000    11.298285 
5.550000    9.563953 
5.600000    9.048835 
5.650000    3.661821 
5.700000    1.243161 
5.750000    -7.533603 
5.800000    -8.111641 
5.850000    -10.712230 
5.900000    -9.787530 
5.950000    -9.537243 
6.000000    -6.671568 
6.050000    -4.384235 
6.100000    2.094003 
6.150000    3.021986 
6.200000    10.106473 
6.250000    8.636299 
6.300000    10.440951 
6.350000    9.420469 
6.400000    6.205273 
6.450000    4.043727 
6.500000    0.690943 
6.550000    -3.226213 
6.600000    -6.341147 
6.650000    -7.736480 
6.700000    -7.618220 
6.750000    -5.896364 
6.800000    -2.290901 
6.850000    2.332584 
6.900000    1.082224 
6.950000    2.775746 
7.000000    6.905592 
7.050000    5.153762 
7.100000    6.176205 
7.150000    4.557962 
7.200000    2.374669 
7.250000    -0.813246 
7.300000    -0.015870 
7.350000    -1.861778 
7.400000    -0.796694 
7.450000    -1.670191 
7.500000    -3.183602 
7.550000    -0.673712 
7.600000    -1.956961 
7.650000    1.182409 
7.700000    -0.746945 
7.750000    0.884622 
7.800000    0.027056 
7.850000    -0.389777 
7.900000    0.784964 
7.950000    0.242899 
8.000000    1.540284 
8.050000    0.185950 
8.100000    0.339779 
8.150000    -1.092591 
8.200000    3.172657 
8.250000    3.961594 
8.300000    1.706391 
8.350000    1.217073 
8.400000    1.083907 
8.450000    -0.556313 
8.500000    0.853664 
8.550000    -3.786336 
8.600000    -3.834000 
8.650000    -0.627269 
8.700000    -0.933385 
8.750000    -2.476660 
8.800000    -1.980940 
8.850000    -0.637313 
8.900000    -0.140302 
8.950000    0.694543 
9.000000    0.898413 
9.050000    0.429573 
9.100000    2.262890 
9.150000    3.810417 
9.200000    2.335174 
9.250000    -2.430871 
9.300000    -0.140675 
9.350000    0.007087 
9.400000    -1.819862 
9.450000    4.158932 
9.500000    -1.327095 
9.550000    -1.580547 
9.600000    3.496723 
9.650000    1.979534 
9.700000    1.474033 
9.750000    1.671889 
9.800000    0.203233 
9.850000    0.124048 
9.900000    -0.342159 
9.950000    1.552475 
10.000000    -1.957660 
10.050000    0.865711 
10.100000    -0.725418 
10.150000    0.057421 
10.200000    -0.294527 
10.250000    0.953027 
10.300000    0.413868 
10.350000    0.976401 
10.400000    0.670914 
10.450000    -0.450488 
10.500000    0.920950 
10.550000    -0.322642 
10.600000    4.326301 
10.650000    3.256996 
10.700000    0.171981 
10.750000    0.705390 
10.800000    -1.238458 
10.850000    -0.064225 
10.900000    -2.478803 
10.950000    -1.001259 
11.000000    0.998847 
11.050000    -1.870216 
11.100000    2.333265 
11.150000    0.410841 
11.200000    2.080302 
11.250000    0.204619 
11.300000    1.663441 
11.350000    1.880809 
11.400000    0.190133 
11.450000    0.580031 
11.500000    -0.186579 
11.550000    0.134548 
11.600000    -0.347309 
11.650000    -2.230332 
11.700000    -2.411082 
11.750000    -2.941654 
11.800000    -0.530951 
11.850000    -0.815497 
11.900000    -1.771022 
11.950000    2.131080 
12.000000    0.281565 
12.050000    1.669460 
12.100000    0.926362 
12.150000    0.989888 
12.200000    0.293658 
12.250000    0.249739 
12.300000    -0.638079 
12.350000    -0.355843 
12.400000    0.791136 
12.450000    -0.205516 
12.500000    -1.129637 
12.550000    -3.149956 
12.600000    -1.905695 
12.650000    -1.756662 
12.700000    -1.316524 
12.750000    1.969169 
12.800000    1.571543 
12.850000    1.543169 
12.900000    1.359178 
12.950000    -0.282320 
13.000000    -2.772494 
13.050000    -1.050411 
13.100000    0.118648 
13.150000    0.696025 
13.200000    -0.246163 
13.250000    0.266436 
13.300000    0.410866 
13.350000    0.608788 
13.400000    0.127340 
13.450000    0.913316 
13.500000    -0.846423 
13.550000    0.437342 
13.600000    0.710052 
13.650000    0.195888 
13.700000    1.133556 
13.750000    0.167557 
13.800000    -0.901901 
13.850000    0.391105 
13.900000    -1.474944 
13.950000    -0.200320 
14.000000    0.836915 
14.050000    -3.183908 
14.100000    -0.274271 
14.150000    -0.446563 
14.200000    -3.041046 
14.250000    -2.097394 
14.300000    1.070419 
14.350000    2.882897 
14.400000    0.909420 
14.450000    1.305819 
14.500000    0.050015 
14.550000    -1.859192 
14.600000    2.023079 
14.650000    3.217204 
14.700000    -0.244735 
14.750000    0.695567 
14.800000    -1.465742 
14.850000    0.854975 
14.900000    0.119105 
14.950000    -1.052629 
15.000000    -0.350513 
15.050000    0.378796 
15.100000    -0.949999 
15.150000    0.007893 
15.200000    -1.436009 
15.250000    0.375326 
15.300000    0.241554 
15.350000    2.203924 
15.400000    -0.113124 
15.450000    0.655047 
15.500000    1.285126 
15.550000    1.139113 
15.600000    3.069326 
15.650000    -2.849915 
15.700000    -1.985818 
15.750000    0.057679 
15.800000    -0.257155 
15.850000    -0.805022 
15.900000    -0.427226 
15.950000    0.158467 
16.000000    -0.393669 
16.050000    -1.156307 
16.100000    1.742301 
16.150000    1.941985 
16.200000    -1.070622 
16.250000    1.448191 
16.300000    -0.353245 
16.350000    2.607479 
16.400000    -0.928929 
16.450000    0.840129 
16.500000    -1.823585 
16.550000    0.486316 
16.600000    3.715366 
16.650000    -0.332428 
16.700000    -0.100327 
16.750000    0.362776 
16.800000    1.744505 
16.850000    2.205667 
16.900000    -1.868006 
16.950000    -0.695846 
17.000000    1.364052 
17.050000    -0.010283 
17.100000    -0.781521 
17.150000    1.685192 
17.200000    -0.601520 
17.250000    1.090751 
17.300000    2.468677 
17.350000    -0.820805 
17.400000    2.246704 
17.450000    -2.150514 
17.500000    -0.726526 
17.550000    0.906901 
17.600000    -2.554725 
17.650000    0.642059 
17.700000    1.828801 
17.750000    -1.397196 
17.800000    0.896657 
17.850000    1.912858 
17.900000    1.430572 
17.950000    -0.501551 
18.000000    0.389504 
18.050000    -1.718047 
18.100000    -0.857374 
18.150000    -1.258240 
18.200000    0.360363 
18.250000    -0.799194 
18.300000    -1.098567 
18.350000    0.171932 
18.400000    -2.951604 
18.450000    -1.520171 
18.500000    1.664497 
18.550000    -2.094964 
18.600000    0.298063 
18.650000    0.664329 
18.700000    -0.197061 
18.750000    -0.766611 
18.800000    0.897808 
18.850000    0.209966 
18.900000    -0.346180 
18.950000    1.809223 
19.000000    0.801360 
19.050000    2.215034 
19.100000    -0.229404 
19.150000    -0.621396 
19.200000    0.253188 
19.250000    -2.754248 
19.300000    -0.449203 
19.350000    -0.860953 
19.400000    1.193509 
19.450000    1.111235 
19.500000    0.434126 
19.550000    -0.980868 
19.600000    1.672525 
19.650000    -0.620871 
19.700000    1.422541 
19.750000    -0.112668 
19.799999    0.187000 
19.849999    1.044203 
19.899999    2.078542 
19.949999    0.555068 


Reverse Correlation Function   