Time    Magnitude 

0.000000    -22.538492 
0.050000    4.604650 
0.100000    18.400925 
0.150000    1.872076 
0.200000    6.967197 
0.250000    -3.478989 
0.300000    8.676065 
0.350000    15.397579 
0.400000    18.319473 
0.450000    33.650459 
0.500000    6.646234 
0.550000    9.792683 
0.600000    8.762244 
0.650000    6.432516 
0.700000    7.123140 
0.750000    -7.915837 
0.800000    -25.025110 
0.850000    1.639092 
0.900000    16.864632 
0.950000    -0.287134 
1.000000    5.111453 
1.050000    3.231847 
1.100000    0.137893 
1.150000    -5.731610 
1.200000    11.612650 
1.250000    4.373978 
1.300000    -20.476238 
1.350000    -14.180800 
1.400000    -14.373791 
1.450000    16.861620 
1.500000    -2.556909 
1.550000    33.135773 
1.600000    4.249477 
1.650000    26.919317 
1.700000    10.210791 
1.750000    -17.451775 
1.800000    2.315860 
1.850000    24.979242 
1.900000    31.901480 
1.950000    12.224298 
2.000000    -2.610275 
2.050000    -8.525465 
2.100000    12.213894 
2.150000    -3.486096 
2.200000    -13.863896 
2.250000    -6.831528 
2.300000    24.026400 
2.350000    5.574787 
2.400000    -14.441025 
2.450000    18.264534 
2.500000    3.285426 
2.550000    2.693946 
2.600000    1.653916 
2.650000    -19.017492 
2.700000    11.957979 
2.750000    14.017295 
2.800000    15.551266 
2.850000    28.307283 
2.900000    26.888718 
2.950000    9.493217 
3.000000    22.676996 
3.050000    30.922619 
3.100000    43.274540 
3.150000    27.317724 
3.200000    45.082821 
3.250000    32.785625 
3.300000    36.829582 
3.350000    60.521019 
3.400000    27.632118 
3.450000    13.000236 
3.500000    28.704884 
3.550000    1.278343 
3.600000    13.920593 
3.650000    24.315298 
3.700000    4.760332 
3.750000    32.301628 
3.800000    -2.516038 
3.850000    -6.751275 
3.900000    -43.040867 
3.950000    -29.530884 
4.000000    -38.471607 
4.050000    -53.612244 
4.100000    -56.803562 
4.150000    -57.301701 
4.200000    -92.562935 
4.250000    -91.363503 
4.300000    -122.356369 
4.350000    -97.393036 
4.400000    -123.573097 
4.450000    -112.733673 
4.500000    -106.629265 
4.550000    -90.432487 
4.600000    -88.450027 
4.650000    -73.765144 
4.700000    -62.974953 
4.750000    -62.337418 
4.800000    -37.064232 
4.850000    -18.038536 
4.900000    -5.908850 
4.950000    5.674993 
5.000000    17.601982 
5.050000    28.336473 
5.100000    51.300488 
5.150000    63.180023 
5.200000    87.190781 
5.250000    65.104538 
5.300000    73.863365 
5.350000    113.158035 
5.400000    110.990929 
5.450000    94.384094 
5.500000    100.910889 
5.550000    124.454231 
5.600000    126.018532 
5.650000    119.991173 
5.700000    111.752762 
5.750000    101.364555 
5.800000    111.449318 
5.850000    98.129379 
5.900000    88.594452 
5.950000    85.407394 
6.000000    51.347935 
6.050000    69.744331 
6.100000    71.030052 
6.150000    67.260757 
6.200000    32.824379 
6.250000    26.712332 
6.300000    20.639992 
6.350000    30.018559 
6.400000    1.637823 
6.450000    -45.434807 
6.500000    -26.096920 
6.550000    -50.054939 
6.600000    -37.479439 
6.650000    -59.117901 
6.700000    -67.258011 
6.750000    -85.263557 
6.800000    -77.443329 
6.850000    -79.858688 
6.900000    -85.969238 
6.950000    -75.596390 
7.000000    -83.300484 
7.050000    -110.577438 
7.100000    -75.613647 
7.150000    -107.401772 
7.200000    -133.398712 
7.250000    -71.579910 
7.300000    -80.271393 
7.350000    -93.062233 
7.400000    -72.132599 
7.450000    -68.111855 
7.500000    -54.941948 
7.550000    -39.833450 
7.600000    -41.166382 
7.650000    -33.737770 
7.700000    -23.060524 
7.750000    -17.623919 
7.800000    -2.123741 
7.850000    13.659898 
7.900000    2.501491 
7.950000    -2.282129 
8.000000    20.651524 
8.050000    25.876350 
8.100000    48.435112 
8.150000    65.019020 
8.200000    56.588005 
8.250000    74.553429 
8.300000    77.880928 
8.350000    49.384068 
8.400000    73.762764 
8.450000    69.224312 
8.500000    73.502182 
8.550000    47.488750 
8.600000    45.752857 
8.650000    58.939976 
8.700000    67.674019 
8.750000    63.890308 
8.800000    46.461102 
8.850000    51.760227 
8.900000    58.780277 
8.950000    51.964100 
9.000000    46.107780 
9.050000    30.111954 
9.100000    40.537956 
9.150000    36.673058 
9.200000    14.937134 
9.250000    32.855869 
9.300000    21.409927 
9.350000    20.491104 
9.400000    -22.132439 
9.450000    -3.833192 
9.500000    -7.414098 
9.550000    0.413312 
9.600000    -24.237228 
9.650000    -18.470726 
9.700000    -30.288927 
9.750000    -10.720733 
9.800000    -24.525763 
9.850000    -32.495895 
9.900000    -16.899752 
9.950000    -5.452025 
10.000000    -5.081481 
10.050000    -33.387539 
10.100000    -9.886053 
10.150000    -7.279891 
10.200000    -28.468889 
10.250000    -32.781624 
10.300000    -22.621763 
10.350000    -19.939598 
10.400000    -9.629385 
10.450000    -10.822025 
10.500000    -35.578571 
10.550000    -19.631104 
10.600000    -44.235592 
10.650000    -23.586227 
10.700000    -31.812704 
10.750000    5.152534 
10.800000    15.940639 
10.850000    -14.394238 
10.900000    -0.901264 
10.950000    10.740685 
11.000000    10.865506 
11.050000    -8.255275 
11.100000    -11.934118 
11.150000    -9.737971 
11.200000    10.097655 
11.250000    16.914175 
11.300000    32.062515 
11.350000    -0.469422 
11.400000    28.729897 
11.450000    37.515549 
11.500000    28.859879 
11.550000    20.323042 
11.600000    15.519527 
11.650000    12.697431 
11.700000    30.391375 
11.750000    5.252934 
11.800000    28.211287 
11.850000    1.271782 
11.900000    5.365984 
11.950000    2.494696 
12.000000    12.739912 
12.050000    -7.473777 
12.100000    22.414238 
12.150000    30.067808 
12.200000    -4.857046 
12.250000    -9.147651 
12.300000    8.311577 
12.350000    6.987648 
12.400000    33.348057 
12.450000    14.935409 
12.500000    -8.734549 
12.550000    28.402420 
12.600000    4.170529 
12.650000    10.137020 
12.700000    13.657007 
12.750000    8.503241 
12.800000    -12.514018 
12.850000    -14.400023 
12.900000    -3.100708 
12.950000    -0.674567 
13.000000    0.451265 
13.050000    5.589934 
13.100000    13.507440 
13.150000    -2.514386 
13.200000    2.805139 
13.250000    -13.112255 
13.300000    6.715316 
13.350000    -16.349976 
13.400000    -24.522797 
13.450000    -7.247656 
13.500000    -20.002459 
13.550000    -0.101279 
13.600000    -20.124372 
13.650000    -23.052864 
13.700000    -23.037432 
13.750000    -8.866359 
13.800000    -11.973003 
13.850000    6.608027 
13.900000    -18.361139 
13.950000    -2.482143 
14.000000    11.457635 
14.050000    -1.817704 
14.100000    -35.664700 
14.150000    -17.760771 
14.200000    -38.160725 
14.250000    -4.286382 
14.300000    12.255331 
14.350000    -11.006567 
14.400000    12.244410 
14.450000    -8.737946 
14.500000    15.168923 
14.550000    -13.963246 
14.600000    19.518299 
14.650000    -2.040201 
14.700000    6.909852 
14.750000    13.810521 
14.800000    12.831964 
14.850000    1.472305 
14.900000    2.661069 
14.950000    -2.270437 
15.000000    -5.275874 
15.050000    28.600811 
15.100000    32.363613 
15.150000    -11.376333 
15.200000    20.734051 
15.250000    4.829903 
15.300000    15.304684 
15.350000    -4.871260 
15.400000    1.023808 
15.450000    6.333971 
15.500000    18.067146 
15.550000    13.036833 
15.600000    -1.343784 
15.650000    -9.616071 
15.700000    -4.671981 
15.750000    16.329355 
15.800000    -18.163523 
15.850000    13.152142 
15.900000    -0.751039 
15.950000    7.739594 
16.000000    18.648439 
16.050000    38.505287 
16.100000    3.614663 
16.150000    18.143333 
16.200000    -15.185184 
16.250000    -18.191250 
16.300000    -7.011496 
16.350000    14.924015 
16.400000    3.190280 
16.450000    -16.899813 
16.500000    -17.776928 
16.550000    1.448348 
16.600000    -7.311930 
16.650000    17.189346 
16.700000    10.700582 
16.750000    -9.464396 
16.800000    -12.579399 
16.850000    -15.113147 
16.900000    -1.986061 
16.950000    -19.914425 
17.000000    -10.576524 
17.050000    -29.132650 
17.100000    9.214567 
17.150000    -18.004873 
17.200000    -19.073263 
17.250000    -4.960797 
17.300000    -3.581313 
17.350000    -12.865005 
17.400000    -2.282349 
17.450000    -2.628404 
17.500000    -16.059906 
17.550000    -4.454859 
17.600000    -0.969864 
17.650000    7.405720 
17.700000    -8.046325 
17.750000    -16.018654 
17.800000    1.006437 
17.850000    27.571259 
17.900000    15.370637 
17.950000    -2.648461 
18.000000    13.279765 
18.050000    15.582101 
18.100000    21.022310 
18.150000    7.596908 
18.200000    14.664490 
18.250000    -3.478314 
18.300000    3.733780 
18.350000    2.943869 
18.400000    2.359951 
18.450000    12.436378 
18.500000    -3.777741 
18.550000    39.604485 
18.600000    4.579742 
18.650000    -19.742096 
18.700000    48.481094 
18.750000    15.789883 
18.800000    10.034245 
18.850000    3.901618 
18.900000    34.378674 
18.950000    25.857302 
19.000000    25.940868 
19.050000    0.503275 
19.100000    8.517159 
19.150000    7.408108 
19.200000    17.144836 
19.250000    4.446381 
19.300000    -11.818069 
19.350000    4.084282 
19.400000    5.498751 
19.450000    -20.330406 
19.500000    -5.662397 
19.550000    -5.821773 
19.600000    9.407172 
19.650000    10.879831 
19.700000    4.771025 
19.750000    -24.537378 
19.799999    -3.807176 
19.849999    -7.360006 
19.899999    -25.271196 
19.949999    -2.244443 


Reverse Correlation Function   