Time    Magnitude 

0.000000    0.012229 
0.050000    -0.003137 
0.100000    -0.001065 
0.150000    0.044264 
0.200000    -0.010326 
0.250000    -0.057991 
0.300000    -0.022342 
0.350000    0.005152 
0.400000    -0.003389 
0.450000    0.017032 
0.500000    -0.019046 
0.550000    0.013892 
0.600000    -0.025756 
0.650000    -0.033377 
0.700000    0.005598 
0.750000    0.011531 
0.800000    0.001859 
0.850000    0.029417 
0.900000    0.033166 
0.950000    0.033084 
1.000000    0.008109 
1.050000    -0.029449 
1.100000    -0.003739 
1.150000    0.017326 
1.200000    -0.003130 
1.250000    0.011290 
1.300000    0.018111 
1.350000    0.021693 
1.400000    0.008850 
1.450000    0.005451 
1.500000    -0.032646 
1.550000    0.011042 
1.600000    0.004899 
1.650000    -0.010030 
1.700000    0.015977 
1.750000    0.023802 
1.800000    -0.019301 
1.850000    0.019607 
1.900000    0.024264 
1.950000    0.009966 
2.000000    -0.037047 
2.050000    -0.020626 
2.100000    0.035082 
2.150000    -0.012818 
2.200000    0.065041 
2.250000    0.011813 
2.300000    0.015719 
2.350000    0.003182 
2.400000    0.000958 
2.450000    -0.026095 
2.500000    -0.015408 
2.550000    -0.026197 
2.600000    0.013462 
2.650000    0.058618 
2.700000    -0.022213 
2.750000    0.026942 
2.800000    0.067693 
2.850000    0.003642 
2.900000    0.003567 
2.950000    0.025778 
3.000000    -0.017890 
3.050000    0.015430 
3.100000    -0.014724 
3.150000    -0.019985 
3.200000    0.071636 
3.250000    0.002782 
3.300000    -0.028871 
3.350000    0.067902 
3.400000    0.051850 
3.450000    0.058382 
3.500000    0.072423 
3.550000    0.077874 
3.600000    -0.005103 
3.650000    0.079655 
3.700000    -0.011118 
3.750000    -0.066042 
3.800000    -0.083575 
3.850000    -0.059147 
3.900000    -0.049193 
3.950000    -0.136351 
4.000000    -0.058610 
4.050000    -0.076398 
4.100000    -0.071380 
4.150000    0.059778 
4.200000    0.108201 
4.250000    0.099617 
4.300000    0.130061 
4.350000    0.088531 
4.400000    0.100882 
4.450000    0.072798 
4.500000    0.063297 
4.550000    0.038789 
4.600000    0.004183 
4.650000    -0.078828 
4.700000    -0.123540 
4.750000    -0.099160 
4.800000    -0.062147 
4.850000    -0.128153 
4.900000    -0.042535 
4.950000    0.009433 
5.000000    0.026928 
5.050000    0.002645 
5.100000    0.026191 
5.150000    0.097767 
5.200000    0.109685 
5.250000    0.116051 
5.300000    0.036713 
5.350000    0.052326 
5.400000    0.073068 
5.450000    0.013959 
5.500000    -0.019999 
5.550000    0.005418 
5.600000    -0.050941 
5.650000    -0.027350 
5.700000    -0.077110 
5.750000    -0.061727 
5.800000    -0.004607 
5.850000    -0.063621 
5.900000    -0.008997 
5.950000    0.060697 
6.000000    0.064436 
6.050000    0.075628 
6.100000    0.081042 
6.150000    0.027218 
6.200000    0.055988 
6.250000    -0.007671 
6.300000    -0.031806 
6.350000    -0.036748 
6.400000    -0.077672 
6.450000    -0.062831 
6.500000    -0.002312 
6.550000    -0.009475 
6.600000    -0.049808 
6.650000    -0.000427 
6.700000    0.032632 
6.750000    0.043080 
6.800000    0.039105 
6.850000    0.066554 
6.900000    0.052607 
6.950000    0.071709 
7.000000    0.011322 
7.050000    0.066979 
7.100000    0.038330 
7.150000    -0.008834 
7.200000    -0.013386 
7.250000    0.001213 
7.300000    -0.039486 
7.350000    -0.014692 
7.400000    -0.002988 
7.450000    0.025016 
7.500000    0.030058 
7.550000    0.030697 
7.600000    0.029922 
7.650000    0.038137 
7.700000    0.076956 
7.750000    -0.075489 
7.800000    0.002660 
7.850000    -0.011671 
7.900000    -0.009830 
7.950000    0.025692 
8.000000    0.005479 
8.050000    -0.007430 
8.100000    -0.021631 
8.150000    0.014573 
8.200000    0.000293 
8.250000    0.000310 
8.300000    -0.010680 
8.350000    0.021269 
8.400000    -0.015985 
8.450000    -0.001462 
8.500000    -0.054685 
8.550000    -0.031881 
8.600000    -0.024179 
8.650000    0.013105 
8.700000    0.021209 
8.750000    -0.033524 
8.800000    0.002230 
8.850000    -0.025740 
8.900000    0.027221 
8.950000    0.020365 
9.000000    0.026512 
9.050000    0.025076 
9.100000    0.011373 
9.150000    0.015776 
9.200000    -0.008414 
9.250000    0.038469 
9.300000    -0.012459 
9.350000    -0.024501 
9.400000    0.014932 
9.450000    -0.036829 
9.500000    -0.008968 
9.550000    -0.004623 
9.600000    -0.016876 
9.650000    -0.039687 
9.700000    0.006105 
9.750000    0.063959 
9.800000    -0.036367 
9.850000    -0.012957 
9.900000    0.065312 
9.950000    -0.005079 
10.000000    0.034330 
10.050000    0.008912 
10.100000    0.018500 
10.150000    0.008370 
10.200000    -0.003480 
10.250000    0.008389 
10.300000    -0.003137 
10.350000    -0.008613 
10.400000    0.066048 
10.450000    -0.029223 
10.500000    0.019448 
10.550000    -0.006761 
10.600000    0.029260 
10.650000    0.000253 
10.700000    0.008004 
10.750000    0.008331 
10.800000    0.013588 
10.850000    0.013839 
10.900000    0.009146 
10.950000    0.004576 
11.000000    0.005751 
11.050000    0.004702 
11.100000    0.008102 
11.150000    -0.016237 
11.200000    -0.013283 
11.250000    0.019303 
11.300000    0.089260 
11.350000    0.031622 
11.400000    -0.029328 
11.450000    -0.031291 
11.500000    0.035461 
11.550000    0.000680 
11.600000    0.048545 
11.650000    -0.056042 
11.700000    -0.002296 
11.750000    -0.022297 
11.800000    -0.002875 
11.850000    0.035243 
11.900000    0.052860 
11.950000    0.013406 
12.000000    -0.020803 
12.050000    0.009840 
12.100000    -0.065266 
12.150000    -0.029553 
12.200000    -0.026649 
12.250000    -0.020111 
12.300000    0.017593 
12.350000    0.060693 
12.400000    0.043039 
12.450000    0.023406 
12.500000    -0.022126 
12.550000    -0.010281 
12.600000    0.019377 
12.650000    -0.039914 
12.700000    -0.013370 
12.750000    -0.026728 
12.800000    0.009867 
12.850000    -0.003488 
12.900000    0.034576 
12.950000    -0.021971 
13.000000    -0.053593 
13.050000    0.025071 
13.100000    -0.002663 
13.150000    0.038093 
13.200000    -0.039537 
13.250000    0.012100 
13.300000    0.034727 
13.350000    0.027136 
13.400000    -0.023444 
13.450000    0.007914 
13.500000    0.031909 
13.550000    -0.039695 
13.600000    0.013717 
13.650000    0.008925 
13.700000    0.017079 
13.750000    0.006516 
13.800000    0.014642 
13.850000    -0.015713 
13.900000    -0.002728 
13.950000    0.053569 
14.000000    0.030197 
14.050000    0.055336 
14.100000    0.037978 
14.150000    0.008230 
14.200000    0.021310 
14.250000    -0.002540 
14.300000    0.011666 
14.350000    0.017026 
14.400000    0.041326 
14.450000    0.027520 
14.500000    0.018973 
14.550000    0.011894 
14.600000    0.034420 
14.650000    0.035736 
14.700000    -0.034658 
14.750000    -0.041395 
14.800000    -0.018283 
14.850000    -0.028112 
14.900000    0.019230 
14.950000    -0.000993 
15.000000    0.040079 
15.050000    -0.030906 
15.100000    -0.020724 
15.150000    -0.026181 
15.200000    0.050741 
15.250000    0.005413 
15.300000    0.011586 
15.350000    -0.037300 
15.400000    -0.009422 
15.450000    0.066425 
15.500000    -0.063210 
15.550000    -0.029868 
15.600000    0.024524 
15.650000    0.001889 
15.700000    0.013177 
15.750000    0.016338 
15.800000    -0.020369 
15.850000    0.020922 
15.900000    0.032083 
15.950000    0.027264 
16.000000    0.021715 
16.050000    0.053958 
16.100000    -0.010701 
16.150000    0.003200 
16.200000    0.028957 
16.250000    -0.033083 
16.300000    0.032329 
16.350000    -0.036928 
16.400000    0.028595 
16.450000    0.019460 
16.500000    0.016598 
16.550000    0.015282 
16.600000    0.028068 
16.650000    0.034805 
16.700000    -0.037106 
16.750000    -0.044431 
16.800000    0.066411 
16.850000    -0.006511 
16.900000    -0.017039 
16.950000    0.000600 
17.000000    0.060247 
17.050000    0.026454 
17.100000    0.012076 
17.150000    -0.028032 
17.200000    0.005341 
17.250000    0.029254 
17.300000    0.023041 
17.350000    -0.046603 
17.400000    0.005653 
17.450000    0.017630 
17.500000    -0.008474 
17.550000    -0.015246 
17.600000    -0.001192 
17.650000    0.011184 
17.700000    -0.012325 
17.750000    -0.013340 
17.800000    0.051157 
17.850000    0.030106 
17.900000    0.026386 
17.950000    -0.016860 
18.000000    -0.009071 
18.050000    0.007027 
18.100000    0.038268 
18.150000    0.020794 
18.200000    -0.023114 
18.250000    -0.014146 
18.300000    0.018521 
18.350000    0.008599 
18.400000    -0.002098 
18.450000    0.043839 
18.500000    0.017646 
18.550000    -0.010775 
18.600000    -0.053820 
18.650000    0.025705 
18.700000    0.059931 
18.750000    0.016728 
18.800000    -0.032910 
18.850000    -0.007798 
18.900000    0.020541 
18.950000    0.022064 
19.000000    0.010282 
19.050000    -0.052509 
19.100000    -0.054510 
19.150000    -0.057815 
19.200000    0.013984 
19.250000    -0.034484 
19.300000    0.035948 
19.350000    0.011987 
19.400000    -0.028010 
19.450000    0.061818 
19.500000    0.021241 
19.550000    0.022604 
19.600000    0.047986 
19.650000    0.023033 
19.700000    -0.008064 
19.750000    -0.027745 
19.799999    0.032321 
19.849999    -0.021023 
19.899999    -0.033794 
19.949999    -0.034600 


Reverse Correlation Function   