Time    Magnitude 

0.000000    0.518612 
0.050000    -0.165201 
0.100000    0.295747 
0.150000    -0.000235 
0.200000    -0.566220 
0.250000    0.581664 
0.300000    -0.429902 
0.350000    0.435285 
0.400000    0.877685 
0.450000    0.604062 
0.500000    0.055460 
0.550000    -0.280902 
0.600000    0.106006 
0.650000    0.125931 
0.700000    0.119247 
0.750000    0.564746 
0.800000    0.748570 
0.850000    -0.059558 
0.900000    0.698496 
0.950000    0.411864 
1.000000    0.741940 
1.050000    -0.605614 
1.100000    -0.258145 
1.150000    0.454004 
1.200000    -0.418429 
1.250000    0.555254 
1.300000    0.267299 
1.350000    -0.521550 
1.400000    -0.528712 
1.450000    -0.011557 
1.500000    -0.442147 
1.550000    -0.384540 
1.600000    0.005858 
1.650000    -0.555131 
1.700000    -0.470552 
1.750000    0.518558 
1.800000    0.219249 
1.850000    -0.212431 
1.900000    0.267045 
1.950000    1.166052 
2.000000    0.661413 
2.050000    -0.344118 
2.100000    -0.632830 
2.150000    -0.498108 
2.200000    -1.449561 
2.250000    -0.796088 
2.300000    -0.311212 
2.350000    1.849870 
2.400000    1.041327 
2.450000    2.471295 
2.500000    2.497553 
2.550000    0.229615 
2.600000    -0.643828 
2.650000    -3.054253 
2.700000    -3.304491 
2.750000    -3.506847 
2.800000    -1.714769 
2.850000    -0.097157 
2.900000    2.968834 
2.950000    4.550133 
3.000000    3.813108 
3.050000    1.588350 
3.100000    -0.630604 
3.150000    -2.930968 
3.200000    -4.400337 
3.250000    -2.795730 
3.300000    -0.092850 
3.350000    1.820227 
3.400000    3.105554 
3.450000    4.546786 
3.500000    2.487017 
3.550000    0.594428 
3.600000    -2.103806 
3.650000    -2.677948 
3.700000    -3.358847 
3.750000    -1.173591 
3.800000    -0.059416 
3.850000    1.368101 
3.900000    1.897761 
3.950000    1.790582 
4.000000    1.382890 
4.050000    0.327176 
4.100000    -0.650509 
4.150000    -0.836948 
4.200000    -1.292054 
4.250000    -1.325701 
4.300000    0.711456 
4.350000    1.193349 
4.400000    0.567801 
4.450000    0.656084 
4.500000    -0.019923 
4.550000    0.381093 
4.600000    -0.013895 
4.650000    0.639965 
4.700000    -0.364472 
4.750000    -0.189769 
4.800000    0.453104 
4.850000    -0.259825 
4.900000    -0.145578 
4.950000    -0.574451 
5.000000    -0.603001 
5.050000    1.458832 
5.100000    1.045442 
5.150000    0.841807 
5.200000    0.601380 
5.250000    0.171953 
5.300000    -0.439617 
5.350000    -0.702114 
5.400000    -0.360606 
5.450000    -0.055471 
5.500000    0.287732 
5.550000    -0.311289 
5.600000    0.610073 
5.650000    0.844757 
5.700000    0.739586 
5.750000    0.039891 
5.800000    -0.984182 
5.850000    -0.625081 
5.900000    -0.204082 
5.950000    -0.931396 
6.000000    -0.371986 
6.050000    0.806943 
6.100000    0.229748 
6.150000    0.666986 
6.200000    -0.245856 
6.250000    -0.025676 
6.300000    -0.804109 
6.350000    -0.543361 
6.400000    -0.248423 
6.450000    0.897271 
6.500000    0.575660 
6.550000    -0.082380 
6.600000    0.377697 
6.650000    0.143900 
6.700000    0.438329 
6.750000    -0.118622 
6.800000    1.449120 
6.850000    -0.513616 
6.900000    0.210562 
6.950000    -0.062366 
7.000000    -0.443475 
7.050000    0.028771 
7.100000    -0.832896 
7.150000    -0.317850 
7.200000    -0.038232 
7.250000    1.149541 
7.300000    0.835545 
7.350000    -0.199764 
7.400000    0.650229 
7.450000    0.290577 
7.500000    -1.153303 
7.550000    -0.438791 
7.600000    -0.679067 
7.650000    -0.870853 
7.700000    0.391879 
7.750000    -0.883286 
7.800000    0.166229 
7.850000    0.237330 
7.900000    -0.212639 
7.950000    0.054106 
8.000000    -0.066327 
8.050000    -0.408137 
8.100000    -0.757809 
8.150000    0.688405 
8.200000    -0.044368 
8.250000    1.132668 
8.300000    0.317394 
8.350000    1.047222 
8.400000    0.804952 
8.450000    0.387683 
8.500000    0.102434 
8.550000    -0.878716 
8.600000    -0.572475 
8.650000    0.130222 
8.700000    0.628410 
8.750000    0.434932 
8.800000    0.729837 
8.850000    0.425863 
8.900000    1.515943 
8.950000    0.844345 
9.000000    -0.645711 
9.050000    0.786530 
9.100000    0.644505 
9.150000    0.368074 
9.200000    -0.190004 
9.250000    0.145845 
9.300000    -1.516735 
9.350000    0.112640 
9.400000    0.363422 
9.450000    0.854276 
9.500000    0.146765 
9.550000    0.694930 
9.600000    -0.802564 
9.650000    -0.168731 
9.700000    0.245796 
9.750000    0.005230 
9.800000    0.409758 
9.850000    0.336428 
9.900000    0.319236 
9.950000    0.162210 
10.000000    0.181571 
10.050000    1.010859 
10.100000    0.294361 
10.150000    -0.151292 
10.200000    0.213317 
10.250000    -0.346391 
10.300000    0.837141 
10.350000    -0.144449 
10.400000    0.517537 
10.450000    -0.143139 
10.500000    0.099417 
10.550000    -0.814403 
10.600000    0.703181 
10.650000    1.036755 
10.700000    0.334231 
10.750000    0.135145 
10.800000    0.204156 
10.850000    0.580922 
10.900000    -0.017358 
10.950000    0.798380 
11.000000    -0.858643 
11.050000    -0.089074 
11.100000    -0.200162 
11.150000    -0.141676 
11.200000    -0.158936 
11.250000    -0.070444 
11.300000    -0.060993 
11.350000    -0.605783 
11.400000    -0.425945 
11.450000    -0.245857 
11.500000    0.599732 
11.550000    0.273896 
11.600000    0.513338 
11.650000    -0.309954 
11.700000    0.225587 
11.750000    -0.352781 
11.800000    -0.622099 
11.850000    -0.036830 
11.900000    -0.750474 
11.950000    -0.403379 
12.000000    0.094041 
12.050000    0.019693 
12.100000    0.185079 
12.150000    0.281614 
12.200000    0.840096 
12.250000    0.277047 
12.300000    0.152762 
12.350000    -0.390599 
12.400000    0.346052 
12.450000    -0.283115 
12.500000    -0.881996 
12.550000    -0.902532 
12.600000    -1.330477 
12.650000    0.400146 
12.700000    -0.104106 
12.750000    0.050465 
12.800000    -1.112636 
12.850000    -0.112821 
12.900000    0.188484 
12.950000    -0.733894 
13.000000    -0.378052 
13.050000    0.232572 
13.100000    -0.341612 
13.150000    0.124324 
13.200000    0.359163 
13.250000    0.018324 
13.300000    0.384969 
13.350000    -0.087769 
13.400000    -1.417773 
13.450000    0.111407 
13.500000    -0.122943 
13.550000    0.265059 
13.600000    0.445532 
13.650000    -0.268246 
13.700000    0.227580 
13.750000    0.547937 
13.800000    -0.288214 
13.850000    -0.121142 
13.900000    0.418281 
13.950000    -0.334708 
14.000000    -0.052082 
14.050000    0.377504 
14.100000    0.485901 
14.150000    0.567436 
14.200000    0.511363 
14.250000    -0.112463 
14.300000    0.038926 
14.350000    0.047848 
14.400000    -0.298544 
14.450000    0.523251 
14.500000    0.331132 
14.550000    0.229797 
14.600000    0.190301 
14.650000    -0.368210 
14.700000    0.913639 
14.750000    -0.136934 
14.800000    0.085008 
14.850000    -0.446883 
14.900000    -0.483069 
14.950000    0.019052 
15.000000    -0.698949 
15.050000    -0.337681 
15.100000    -0.460579 
15.150000    0.509022 
15.200000    -0.297469 
15.250000    -0.656185 
15.300000    0.711249 
15.350000    -0.651644 
15.400000    0.339794 
15.450000    0.373488 
15.500000    0.576923 
15.550000    0.709979 
15.600000    -0.632014 
15.650000    -0.861108 
15.700000    -0.178357 
15.750000    -0.217872 
15.800000    -0.795411 
15.850000    0.320939 
15.900000    0.653525 
15.950000    0.278234 
16.000000    1.004666 
16.050000    0.228851 
16.100000    -0.453251 
16.150000    -0.402509 
16.200000    0.592338 
16.250000    0.366980 
16.300000    -0.012297 
16.350000    -0.141330 
16.400000    1.037980 
16.450000    0.993171 
16.500000    0.417062 
16.550000    0.137717 
16.600000    0.050917 
16.650000    0.609153 
16.700000    0.010703 
16.750000    0.678001 
16.800000    0.394119 
16.850000    0.052641 
16.900000    -0.759670 
16.950000    1.056074 
17.000000    0.364085 
17.050000    1.073292 
17.100000    0.385909 
17.150000    -0.245909 
17.200000    -0.456364 
17.250000    -0.107069 
17.300000    0.004483 
17.350000    0.491527 
17.400000    -0.899801 
17.450000    0.764746 
17.500000    -0.230256 
17.550000    0.692799 
17.600000    -0.489866 
17.650000    -0.754297 
17.700000    0.423986 
17.750000    -0.330900 
17.800000    -0.447933 
17.850000    0.023589 
17.900000    0.918723 
17.950000    -0.374532 
18.000000    1.085014 
18.050000    0.882217 
18.100000    0.486294 
18.150000    0.475768 
18.200000    0.376712 
18.250000    0.430226 
18.300000    -0.192653 
18.350000    -0.512885 
18.400000    -0.277511 
18.450000    -0.274682 
18.500000    0.317394 
18.550000    0.316054 
18.600000    0.361496 
18.650000    -0.535356 
18.700000    -0.403526 
18.750000    -0.283688 
18.800000    0.317050 
18.850000    0.703503 
18.900000    -0.567084 
18.950000    -0.126305 
19.000000    0.042399 
19.050000    0.494831 
19.100000    0.265118 
19.150000    0.270166 
19.200000    -0.138563 
19.250000    0.204175 
19.300000    0.057246 
19.350000    0.352446 
19.400000    -0.682855 
19.450000    0.302191 
19.500000    0.476186 
19.550000    -0.590764 
19.600000    -0.477121 
19.650000    -0.162597 
19.700000    0.084006 
19.750000    -0.669955 
19.799999    -0.240487 
19.849999    -0.291895 
19.899999    -0.019672 
19.949999    0.510937 


Reverse Correlation Function   