Time    Magnitude 

0.000000    -10.348519 
0.050000    -7.135074 
0.100000    -1.192607 
0.150000    -13.272394 
0.200000    0.885671 
0.250000    4.687560 
0.300000    18.227306 
0.350000    -15.652252 
0.400000    -6.714063 
0.450000    -7.466301 
0.500000    -14.651097 
0.550000    -22.018080 
0.600000    -0.305007 
0.650000    -0.830518 
0.700000    11.765107 
0.750000    -11.324179 
0.800000    -5.172197 
0.850000    29.594494 
0.900000    -9.663630 
0.950000    3.950683 
1.000000    6.805783 
1.050000    6.747179 
1.100000    17.793413 
1.150000    17.242714 
1.200000    -3.707649 
1.250000    5.744164 
1.300000    6.001340 
1.350000    -3.004640 
1.400000    0.373945 
1.450000    -10.384571 
1.500000    -12.001950 
1.550000    5.940616 
1.600000    4.107540 
1.650000    4.624591 
1.700000    -2.891976 
1.750000    4.563875 
1.800000    -5.372436 
1.850000    -0.578532 
1.900000    -19.154760 
1.950000    14.001596 
2.000000    -1.103892 
2.050000    4.114027 
2.100000    -5.010601 
2.150000    19.148653 
2.200000    -13.662267 
2.250000    -3.120734 
2.300000    0.461855 
2.350000    -12.821269 
2.400000    -25.699228 
2.450000    19.349813 
2.500000    -12.925112 
2.550000    -10.370526 
2.600000    -1.677866 
2.650000    -8.508187 
2.700000    3.797833 
2.750000    -9.608770 
2.800000    11.433871 
2.850000    12.760719 
2.900000    17.805717 
2.950000    -2.479282 
3.000000    15.485665 
3.050000    13.038736 
3.100000    10.416000 
3.150000    10.701012 
3.200000    20.501232 
3.250000    3.137897 
3.300000    18.014992 
3.350000    3.915844 
3.400000    17.683537 
3.450000    29.567400 
3.500000    36.325886 
3.550000    23.996778 
3.600000    27.995771 
3.650000    29.875736 
3.700000    22.172626 
3.750000    26.643877 
3.800000    21.173843 
3.850000    21.927519 
3.900000    29.975136 
3.950000    18.639330 
4.000000    12.248575 
4.050000    17.320240 
4.100000    0.977004 
4.150000    1.236064 
4.200000    -26.369600 
4.250000    -15.524773 
4.300000    -18.231495 
4.350000    -38.880074 
4.400000    -25.238457 
4.450000    -43.166000 
4.500000    -58.614079 
4.550000    -44.743340 
4.600000    -49.517673 
4.650000    -44.511929 
4.700000    -58.414032 
4.750000    -61.807987 
4.800000    -72.410004 
4.850000    -79.211708 
4.900000    -71.327339 
4.950000    -81.223320 
5.000000    -50.238831 
5.050000    -58.710102 
5.100000    -46.482296 
5.150000    -53.872616 
5.200000    -19.380110 
5.250000    -30.305359 
5.300000    -3.106268 
5.350000    4.125021 
5.400000    6.846793 
5.450000    18.811693 
5.500000    40.224873 
5.550000    11.767701 
5.600000    33.938019 
5.650000    63.881344 
5.700000    25.298523 
5.750000    58.324753 
5.800000    62.874779 
5.850000    75.160126 
5.900000    74.967102 
5.950000    79.812698 
6.000000    88.055534 
6.050000    77.285332 
6.100000    86.550819 
6.150000    70.778252 
6.200000    93.165039 
6.250000    77.438156 
6.300000    75.992599 
6.350000    67.843513 
6.400000    83.717125 
6.450000    78.020882 
6.500000    67.359489 
6.550000    59.525375 
6.600000    41.724709 
6.650000    44.944515 
6.700000    39.399883 
6.750000    5.379853 
6.800000    20.366220 
6.850000    20.450611 
6.900000    4.498870 
6.950000    -9.235547 
7.000000    -27.112434 
7.050000    -36.553215 
7.100000    -27.028099 
7.150000    -18.827982 
7.200000    -40.563385 
7.250000    -34.189991 
7.300000    -46.309132 
7.350000    -46.150688 
7.400000    -63.490726 
7.450000    -71.523163 
7.500000    -67.925285 
7.550000    -70.710014 
7.600000    -67.428818 
7.650000    -68.434120 
7.700000    -65.548027 
7.750000    -53.763905 
7.800000    -60.848297 
7.850000    -72.142113 
7.900000    -51.957809 
7.950000    -71.226555 
8.000000    -54.858318 
8.050000    -40.408245 
8.100000    -58.162045 
8.150000    -50.883423 
8.200000    -48.604561 
8.250000    -29.972509 
8.300000    -39.952934 
8.350000    -10.670535 
8.400000    -20.750153 
8.450000    18.516056 
8.500000    16.247557 
8.550000    -3.670180 
8.600000    -19.812534 
8.650000    14.878700 
8.700000    28.028160 
8.750000    31.124413 
8.800000    30.218060 
8.850000    32.514870 
8.900000    39.132599 
8.950000    24.590528 
9.000000    32.365196 
9.050000    54.419312 
9.100000    52.361973 
9.150000    37.252056 
9.200000    40.276657 
9.250000    56.198414 
9.300000    36.710751 
9.350000    65.322800 
9.400000    39.198841 
9.450000    23.397564 
9.500000    51.895416 
9.550000    33.540760 
9.600000    32.709446 
9.650000    35.012192 
9.700000    45.093777 
9.750000    34.974976 
9.800000    46.510338 
9.850000    23.605448 
9.900000    16.763388 
9.950000    24.613113 
10.000000    3.630170 
10.050000    27.668695 
10.100000    14.399517 
10.150000    12.319341 
10.200000    -20.868090 
10.250000    8.796606 
10.300000    -12.133182 
10.350000    -9.005942 
10.400000    10.423406 
10.450000    -14.779074 
10.500000    -28.527184 
10.550000    -29.709755 
10.600000    -22.634409 
10.650000    -22.444574 
10.700000    -34.731262 
10.750000    -16.772078 
10.800000    -20.920727 
10.850000    -38.308926 
10.900000    -8.987712 
10.950000    -33.637764 
11.000000    -9.153500 
11.050000    -28.890366 
11.100000    -20.468073 
11.150000    -22.127609 
11.200000    -13.010709 
11.250000    -12.529340 
11.300000    9.502673 
11.350000    -8.126348 
11.400000    -18.880104 
11.450000    15.968141 
11.500000    -7.763892 
11.550000    -19.500385 
11.600000    -16.884172 
11.650000    -16.953060 
11.700000    -7.909822 
11.750000    -5.328900 
11.800000    -0.241845 
11.850000    14.031706 
11.900000    -4.738522 
11.950000    10.624459 
12.000000    9.456428 
12.050000    12.932856 
12.100000    12.232697 
12.150000    14.743822 
12.200000    5.464843 
12.250000    -1.352466 
12.300000    -13.250068 
12.350000    -8.069496 
12.400000    9.706409 
12.450000    1.450464 
12.500000    13.565840 
12.550000    9.085052 
12.600000    5.065844 
12.650000    14.207035 
12.700000    34.409405 
12.750000    16.517149 
12.800000    1.915032 
12.850000    13.993305 
12.900000    19.483509 
12.950000    27.345655 
13.000000    2.774172 
13.050000    5.789727 
13.100000    17.638899 
13.150000    2.711424 
13.200000    5.300205 
13.250000    9.893158 
13.300000    -12.169929 
13.350000    11.090794 
13.400000    7.468226 
13.450000    -0.556245 
13.500000    -1.806875 
13.550000    3.461979 
13.600000    23.941271 
13.650000    11.727042 
13.700000    -10.191912 
13.750000    5.729396 
13.800000    0.110275 
13.850000    -13.953911 
13.900000    4.023742 
13.950000    -29.621964 
14.000000    2.262837 
14.050000    1.336768 
14.100000    19.049597 
14.150000    -6.540839 
14.200000    2.167658 
14.250000    4.340242 
14.300000    7.053934 
14.350000    -14.731468 
14.400000    1.504836 
14.450000    0.607257 
14.500000    -25.068491 
14.550000    -12.944084 
14.600000    22.798109 
14.650000    -18.477079 
14.700000    -14.252547 
14.750000    -17.487482 
14.800000    6.428203 
14.850000    -4.523076 
14.900000    1.075014 
14.950000    6.621179 
15.000000    -4.374231 
15.050000    6.202671 
15.100000    6.257152 
15.150000    2.720841 
15.200000    8.393133 
15.250000    0.397664 
15.300000    0.462219 
15.350000    21.312819 
15.400000    21.745256 
15.450000    -0.576008 
15.500000    2.539775 
15.550000    -4.408568 
15.600000    15.629482 
15.650000    1.225052 
15.700000    2.731957 
15.750000    2.478230 
15.800000    24.100330 
15.850000    -18.117022 
15.900000    -17.382200 
15.950000    -3.986674 
16.000000    11.955499 
16.050000    24.365789 
16.100000    -15.146440 
16.150000    13.576985 
16.200000    12.394919 
16.250000    1.563248 
16.300000    20.078728 
16.350000    -9.011338 
16.400000    5.044947 
16.450000    -4.846933 
16.500000    4.937005 
16.550000    21.890568 
16.600000    0.393625 
16.650000    -5.916185 
16.700000    0.516070 
16.750000    -11.323011 
16.800000    -3.552300 
16.850000    -28.126873 
16.900000    -3.301312 
16.950000    4.173635 
17.000000    14.766796 
17.050000    -19.045874 
17.100000    -4.786983 
17.150000    -14.416830 
17.200000    0.427752 
17.250000    -27.194618 
17.300000    1.770657 
17.350000    -8.003434 
17.400000    1.564730 
17.450000    -18.376711 
17.500000    -20.938074 
17.550000    -20.179684 
17.600000    1.347814 
17.650000    -21.397375 
17.700000    -13.196450 
17.750000    -18.259878 
17.800000    3.533999 
17.850000    3.651420 
17.900000    -2.916803 
17.950000    -15.587397 
18.000000    -11.094523 
18.050000    3.311425 
18.100000    6.247750 
18.150000    7.108572 
18.200000    2.147321 
18.250000    -2.708165 
18.300000    -1.015255 
18.350000    -8.474258 
18.400000    9.333004 
18.450000    -3.093532 
18.500000    -22.021519 
18.550000    -7.634364 
18.600000    -7.431143 
18.650000    17.319078 
18.700000    21.922844 
18.750000    -8.181456 
18.800000    2.140930 
18.850000    12.002790 
18.900000    14.131170 
18.950000    8.459863 
19.000000    26.946543 
19.050000    12.224166 
19.100000    7.810052 
19.150000    1.637077 
19.200000    2.802258 
19.250000    8.879859 
19.300000    1.160784 
19.350000    27.655960 
19.400000    14.462285 
19.450000    13.678988 
19.500000    29.731071 
19.550000    3.835334 
19.600000    9.191576 
19.650000    -19.753889 
19.700000    6.877439 
19.750000    -0.524291 
19.799999    14.452578 
19.849999    -3.446661 
19.899999    -1.086232 
19.949999    11.288786 


Reverse Correlation Function   