Time    Magnitude 

0.000000    -6.813753 
0.050000    -11.425788 
0.100000    -19.493298 
0.150000    -19.267189 
0.200000    5.703506 
0.250000    1.173471 
0.300000    11.479492 
0.350000    36.141289 
0.400000    16.647987 
0.450000    13.092492 
0.500000    -15.585802 
0.550000    -12.194360 
0.600000    6.060454 
0.650000    -2.586394 
0.700000    -2.419902 
0.750000    -5.938370 
0.800000    8.571799 
0.850000    -2.496882 
0.900000    11.476079 
0.950000    13.611021 
1.000000    3.194784 
1.050000    21.248800 
1.100000    3.064823 
1.150000    3.057784 
1.200000    3.423789 
1.250000    -1.201990 
1.300000    2.416626 
1.350000    -42.838215 
1.400000    1.428857 
1.450000    1.620893 
1.500000    -7.181790 
1.550000    5.788235 
1.600000    2.952309 
1.650000    -11.826234 
1.700000    -20.040424 
1.750000    -12.712024 
1.800000    28.489304 
1.850000    26.251965 
1.900000    21.861813 
1.950000    35.432419 
2.000000    -1.397215 
2.050000    17.925543 
2.100000    -6.271229 
2.150000    -5.634639 
2.200000    12.843571 
2.250000    -0.011936 
2.300000    22.862024 
2.350000    8.930574 
2.400000    6.636387 
2.450000    -7.837124 
2.500000    -6.164251 
2.550000    -9.392078 
2.600000    -10.911730 
2.650000    16.743040 
2.700000    -4.207475 
2.750000    13.476947 
2.800000    -12.585310 
2.850000    -26.931791 
2.900000    -28.722904 
2.950000    -53.697693 
3.000000    -32.361458 
3.050000    -32.290363 
3.100000    -28.094288 
3.150000    -25.864841 
3.200000    24.547167 
3.250000    49.040825 
3.300000    80.134926 
3.350000    87.981979 
3.400000    93.761414 
3.450000    87.033745 
3.500000    110.716248 
3.550000    63.375092 
3.600000    1.835487 
3.650000    -46.267113 
3.700000    -120.606995 
3.750000    -141.611008 
3.800000    -188.493332 
3.850000    -153.027679 
3.900000    -105.517303 
3.950000    -73.265648 
4.000000    -22.364801 
4.050000    22.731224 
4.100000    112.877693 
4.150000    124.211960 
4.200000    138.690933 
4.250000    163.193634 
4.300000    147.649780 
4.350000    93.594917 
4.400000    49.060516 
4.450000    -18.363846 
4.500000    -76.165550 
4.550000    -91.690834 
4.600000    -90.697639 
4.650000    -83.253914 
4.700000    -77.993484 
4.750000    -33.050354 
4.800000    -15.932064 
4.850000    31.855169 
4.900000    31.078535 
4.950000    47.161407 
5.000000    50.398476 
5.050000    91.436584 
5.100000    72.699165 
5.150000    28.369419 
5.200000    31.120399 
5.250000    23.060144 
5.300000    -19.678205 
5.350000    -30.715078 
5.400000    -31.962526 
5.450000    -24.725861 
5.500000    -43.669373 
5.550000    -21.189514 
5.600000    -22.183292 
5.650000    -0.373148 
5.700000    8.345961 
5.750000    9.689851 
5.800000    17.842737 
5.850000    3.831513 
5.900000    19.134224 
5.950000    7.797324 
6.000000    -15.181171 
6.050000    1.722583 
6.100000    6.960647 
6.150000    -7.731817 
6.200000    26.027212 
6.250000    -1.906306 
6.300000    3.448439 
6.350000    7.612161 
6.400000    -12.272739 
6.450000    7.015195 
6.500000    7.623550 
6.550000    -14.621842 
6.600000    -16.654984 
6.650000    -2.542268 
6.700000    -3.386287 
6.750000    15.285378 
6.800000    0.539038 
6.850000    12.019031 
6.900000    -11.377944 
6.950000    -5.578548 
7.000000    7.057111 
7.050000    1.316349 
7.100000    -4.252689 
7.150000    20.799862 
7.200000    -8.724581 
7.250000    2.794406 
7.300000    16.053999 
7.350000    0.373597 
7.400000    -7.230820 
7.450000    11.986619 
7.500000    -4.194613 
7.550000    14.910408 
7.600000    1.866905 
7.650000    -12.615411 
7.700000    20.899883 
7.750000    -2.275769 
7.800000    19.011873 
7.850000    10.394589 
7.900000    22.452061 
7.950000    17.283533 
8.000000    8.276562 
8.050000    4.415284 
8.100000    -1.949762 
8.150000    -0.332889 
8.200000    3.304139 
8.250000    10.469409 
8.300000    29.122328 
8.350000    -8.095153 
8.400000    9.769151 
8.450000    31.603344 
8.500000    -8.607839 
8.550000    -14.154649 
8.600000    4.563496 
8.650000    -14.536753 
8.700000    -17.646696 
8.750000    -5.054481 
8.800000    -16.647644 
8.850000    -1.043167 
8.900000    12.118243 
8.950000    20.199635 
9.000000    -14.610782 
9.050000    5.424712 
9.100000    -16.972578 
9.150000    8.030622 
9.200000    13.693445 
9.250000    16.352423 
9.300000    15.157208 
9.350000    3.488911 
9.400000    2.769199 
9.450000    -3.321589 
9.500000    -4.924960 
9.550000    -8.299727 
9.600000    -0.074614 
9.650000    -11.670615 
9.700000    -21.464230 
9.750000    -24.435553 
9.800000    -13.175094 
9.850000    -2.802263 
9.900000    7.500568 
9.950000    23.452766 
10.000000    12.795268 
10.050000    8.325994 
10.100000    18.627150 
10.150000    0.736106 
10.200000    11.610579 
10.250000    -8.428867 
10.300000    -6.331938 
10.350000    -2.937818 
10.400000    -24.489799 
10.450000    -37.230278 
10.500000    -22.552725 
10.550000    -7.777964 
10.600000    -24.933374 
10.650000    17.882536 
10.700000    5.344440 
10.750000    27.688345 
10.800000    26.083467 
10.850000    17.452183 
10.900000    -4.194166 
10.950000    26.232729 
11.000000    30.098583 
11.050000    11.132375 
11.100000    1.293843 
11.150000    4.258519 
11.200000    5.984796 
11.250000    -3.854847 
11.300000    -18.306700 
11.350000    -6.604711 
11.400000    9.718496 
11.450000    -4.603623 
11.500000    2.365689 
11.550000    35.354614 
11.600000    2.489580 
11.650000    9.419326 
11.700000    -10.605352 
11.750000    -4.211731 
11.800000    -6.534390 
11.850000    -18.801233 
11.900000    -2.178648 
11.950000    24.320436 
12.000000    2.087831 
12.050000    0.420634 
12.100000    4.368073 
12.150000    6.547687 
12.200000    -0.203238 
12.250000    2.247480 
12.300000    -4.425407 
12.350000    25.343512 
12.400000    -6.418826 
12.450000    29.518772 
12.500000    -16.552797 
12.550000    -6.609449 
12.600000    -6.991132 
12.650000    -2.644900 
12.700000    -17.880100 
12.750000    -24.217960 
12.800000    -7.848708 
12.850000    -0.497426 
12.900000    7.264369 
12.950000    7.307953 
13.000000    11.392253 
13.050000    -5.832365 
13.100000    -6.979131 
13.150000    16.090910 
13.200000    1.493498 
13.250000    5.574979 
13.300000    11.333034 
13.350000    10.323007 
13.400000    2.995959 
13.450000    8.461250 
13.500000    -10.738141 
13.550000    17.319954 
13.600000    1.956928 
13.650000    -8.217467 
13.700000    -18.776913 
13.750000    -4.155938 
13.800000    8.558088 
13.850000    -17.288012 
13.900000    -13.735375 
13.950000    12.820539 
14.000000    24.851379 
14.050000    14.011436 
14.100000    -23.029619 
14.150000    -10.090311 
14.200000    -12.396441 
14.250000    6.004240 
14.300000    -3.002770 
14.350000    8.726361 
14.400000    -3.442254 
14.450000    -3.501812 
14.500000    -0.469703 
14.550000    -11.473736 
14.600000    2.178781 
14.650000    -10.003743 
14.700000    4.783223 
14.750000    7.801198 
14.800000    27.455736 
14.850000    -9.718536 
14.900000    -6.284485 
14.950000    -11.175784 
15.000000    4.483540 
15.050000    -17.013657 
15.100000    -17.734280 
15.150000    -19.083128 
15.200000    4.782398 
15.250000    -24.582670 
15.300000    -4.807181 
15.350000    -9.051890 
15.400000    16.730923 
15.450000    5.040209 
15.500000    3.191384 
15.550000    -0.281570 
15.600000    24.975567 
15.650000    -13.060478 
15.700000    -4.247844 
15.750000    -6.629254 
15.800000    -15.252466 
15.850000    13.307978 
15.900000    6.249149 
15.950000    -7.733974 
16.000000    13.332924 
16.050000    6.148595 
16.100000    1.176467 
16.150000    10.137964 
16.200000    15.697289 
16.250000    -22.331194 
16.300000    15.051184 
16.350000    -4.031608 
16.400000    2.713540 
16.450000    -7.146955 
16.500000    -8.123616 
16.550000    2.996344 
16.600000    -11.289645 
16.650000    -11.785919 
16.700000    7.695729 
16.750000    -0.680199 
16.800000    1.712825 
16.850000    -7.456147 
16.900000    -5.002854 
16.950000    6.006032 
17.000000    7.091298 
17.050000    -3.575427 
17.100000    -8.601667 
17.150000    -13.418583 
17.200000    3.173142 
17.250000    -12.715315 
17.300000    -0.037761 
17.350000    -7.197471 
17.400000    3.408440 
17.450000    6.945162 
17.500000    4.882790 
17.550000    -4.584683 
17.600000    4.264999 
17.650000    -28.151600 
17.700000    -19.761259 
17.750000    16.753101 
17.800000    -5.278778 
17.850000    2.797568 
17.900000    1.983055 
17.950000    -10.731963 
18.000000    3.327644 
18.050000    6.869752 
18.100000    -6.249399 
18.150000    4.788009 
18.200000    -1.997121 
18.250000    -9.434486 
18.300000    -2.339425 
18.350000    16.044449 
18.400000    16.714571 
18.450000    32.511364 
18.500000    17.005497 
18.550000    -8.881599 
18.600000    -8.202638 
18.650000    -4.730360 
18.700000    -10.996104 
18.750000    17.102928 
18.800000    1.043555 
18.850000    -13.976523 
18.900000    -19.405554 
18.950000    -21.174072 
19.000000    -18.347076 
19.050000    14.356663 
19.100000    9.388848 
19.150000    -7.423956 
19.200000    5.919037 
19.250000    25.784218 
19.300000    19.598486 
19.350000    6.089565 
19.400000    8.548184 
19.450000    16.351589 
19.500000    -3.300979 
19.550000    -5.043657 
19.600000    6.292356 
19.650000    -4.157979 
19.700000    -12.703491 
19.750000    -22.685207 
19.799999    -24.681955 
19.849999    -16.910282 
19.899999    -15.144893 
19.949999    8.572198 


Reverse Correlation Function   