Time    Magnitude 

0.000000    7.520430 
0.050000    7.075188 
0.100000    2.418806 
0.150000    20.710142 
0.200000    7.450536 
0.250000    4.137752 
0.300000    -7.593519 
0.350000    34.888805 
0.400000    12.744098 
0.450000    -13.751711 
0.500000    -1.844712 
0.550000    2.376444 
0.600000    7.596099 
0.650000    -24.079742 
0.700000    -7.594051 
0.750000    15.632397 
0.800000    1.723731 
0.850000    9.173958 
0.900000    2.221510 
0.950000    20.959974 
1.000000    16.008961 
1.050000    12.933064 
1.100000    29.950018 
1.150000    15.316625 
1.200000    17.072655 
1.250000    -4.028533 
1.300000    -0.960220 
1.350000    8.670075 
1.400000    15.380596 
1.450000    -2.642674 
1.500000    -0.107153 
1.550000    8.100764 
1.600000    -2.903715 
1.650000    21.636583 
1.700000    4.998001 
1.750000    15.662743 
1.800000    5.741311 
1.850000    29.014505 
1.900000    29.249990 
1.950000    41.631432 
2.000000    15.157355 
2.050000    19.931419 
2.100000    -13.927724 
2.150000    -6.143857 
2.200000    14.147573 
2.250000    27.542522 
2.300000    -10.517101 
2.350000    4.954186 
2.400000    6.256613 
2.450000    -14.761228 
2.500000    -12.126101 
2.550000    -13.814581 
2.600000    16.206602 
2.650000    4.401089 
2.700000    18.219553 
2.750000    9.410090 
2.800000    -15.666371 
2.850000    -19.761194 
2.900000    -31.463673 
2.950000    -23.120459 
3.000000    -19.280014 
3.050000    9.968426 
3.100000    -12.586796 
3.150000    16.910915 
3.200000    19.695230 
3.250000    65.288673 
3.300000    101.328514 
3.350000    98.497589 
3.400000    112.958153 
3.450000    86.589096 
3.500000    66.200691 
3.550000    37.534100 
3.600000    -1.895702 
3.650000    -85.101517 
3.700000    -109.235023 
3.750000    -140.549789 
3.800000    -151.179092 
3.850000    -138.911575 
3.900000    -113.245888 
3.950000    -62.704369 
4.000000    6.304420 
4.050000    63.495434 
4.100000    114.581696 
4.150000    117.132812 
4.200000    148.737061 
4.250000    139.149521 
4.300000    128.831528 
4.350000    52.386311 
4.400000    17.669275 
4.450000    -16.201633 
4.500000    -54.927734 
4.550000    -78.071083 
4.600000    -112.365433 
4.650000    -53.421951 
4.700000    -20.655510 
4.750000    -36.522678 
4.800000    16.761866 
4.850000    47.994453 
4.900000    61.087280 
4.950000    68.279419 
5.000000    66.223801 
5.050000    56.412430 
5.100000    31.650452 
5.150000    27.415007 
5.200000    -12.000062 
5.250000    12.723447 
5.300000    -16.110144 
5.350000    -3.382377 
5.400000    -7.631953 
5.450000    6.898890 
5.500000    3.137988 
5.550000    12.247949 
5.600000    25.356274 
5.650000    16.812483 
5.700000    13.493972 
5.750000    22.437737 
5.800000    22.187555 
5.850000    29.363226 
5.900000    20.232796 
5.950000    2.938393 
6.000000    2.142761 
6.050000    -12.261336 
6.100000    -31.013666 
6.150000    10.813445 
6.200000    19.061237 
6.250000    16.697710 
6.300000    18.125555 
6.350000    5.106921 
6.400000    17.613132 
6.450000    11.497682 
6.500000    13.181044 
6.550000    14.186633 
6.600000    -11.492154 
6.650000    16.958275 
6.700000    4.995545 
6.750000    2.251053 
6.800000    17.725536 
6.850000    15.392241 
6.900000    9.342608 
6.950000    3.911730 
7.000000    21.331741 
7.050000    -4.019794 
7.100000    13.163644 
7.150000    25.731958 
7.200000    5.988421 
7.250000    19.334538 
7.300000    3.843675 
7.350000    16.990168 
7.400000    6.250071 
7.450000    -0.995586 
7.500000    8.014030 
7.550000    21.101559 
7.600000    -9.153088 
7.650000    -2.343181 
7.700000    11.110153 
7.750000    7.052451 
7.800000    11.875734 
7.850000    32.847263 
7.900000    17.846672 
7.950000    25.679005 
8.000000    31.715187 
8.050000    8.309815 
8.100000    8.579632 
8.150000    2.991904 
8.200000    1.893461 
8.250000    6.923871 
8.300000    -12.435303 
8.350000    4.533260 
8.400000    -2.787701 
8.450000    -5.549999 
8.500000    26.264223 
8.550000    18.668400 
8.600000    21.909523 
8.650000    13.421303 
8.700000    21.490023 
8.750000    0.230441 
8.800000    23.203766 
