Time    Magnitude 

0.000000    -0.464233 
0.050000    0.363901 
0.100000    -0.372628 
0.150000    0.811064 
0.200000    0.338364 
0.250000    0.028029 
0.300000    0.121257 
0.350000    0.561460 
0.400000    0.829026 
0.450000    0.211768 
0.500000    0.497762 
0.550000    -0.111337 
0.600000    0.082552 
0.650000    -0.169747 
0.700000    -0.271454 
0.750000    -0.523832 
0.800000    -0.656293 
0.850000    -0.812154 
0.900000    -0.335361 
0.950000    0.436427 
1.000000    0.517824 
1.050000    0.672609 
1.100000    -0.204009 
1.150000    1.103857 
1.200000    -0.013608 
1.250000    0.099631 
1.300000    0.655984 
1.350000    -0.572370 
1.400000    -0.159611 
1.450000    0.026570 
1.500000    -0.352338 
1.550000    -0.060795 
1.600000    -0.391111 
1.650000    -0.425567 
1.700000    -0.060355 
1.750000    0.190607 
1.800000    -0.177311 
1.850000    0.479845 
1.900000    0.318051 
1.950000    0.301581 
2.000000    0.084233 
2.050000    0.117954 
2.100000    0.422056 
2.150000    0.849734 
2.200000    -0.267176 
2.250000    -0.229371 
2.300000    -0.108209 
2.350000    -0.778476 
2.400000    0.062760 
2.450000    -0.597830 
2.500000    0.084020 
2.550000    -0.688338 
2.600000    -0.461178 
2.650000    0.232971 
2.700000    0.245048 
2.750000    0.237264 
2.800000    -0.356056 
2.850000    1.024953 
2.900000    0.290785 
2.950000    0.264491 
3.000000    -0.829952 
3.050000    -1.021209 
3.100000    -0.329164 
3.150000    -0.869802 
3.200000    -0.057894 
3.250000    -0.334537 
3.300000    0.085738 
3.350000    1.234889 
3.400000    1.390458 
3.450000    2.129068 
3.500000    2.253015 
3.550000    1.925553 
3.600000    1.320601 
3.650000    0.222939 
3.700000    -0.483070 
3.750000    -1.491295 
3.800000    -2.725981 
3.850000    -2.281129 
3.900000    -3.823541 
3.950000    -3.450855 
4.000000    -2.397777 
4.050000    -1.624854 
4.100000    0.152593 
4.150000    1.625870 
4.200000    2.644432 
4.250000    3.883741 
4.300000    4.103948 
4.350000    4.011743 
4.400000    4.234252 
4.450000    2.726483 
4.500000    1.996573 
4.550000    -0.156423 
4.600000    -1.318849 
4.650000    -2.728101 
4.700000    -3.728410 
4.750000    -4.786022 
4.800000    -4.410806 
4.850000    -3.319327 
4.900000    -2.498626 
4.950000    -0.665929 
5.000000    1.564501 
5.050000    2.049893 
5.100000    3.238898 
5.150000    4.242933 
5.200000    3.770683 
5.250000    3.668204 
5.300000    3.076692 
5.350000    2.109768 
5.400000    0.481411 
5.450000    -0.187600 
5.500000    -2.388337 
5.550000    -3.447963 
5.600000    -3.426831 
5.650000    -3.646788 
5.700000    -3.539567 
5.750000    -1.923838 
5.800000    -0.597137 
5.850000    0.922785 
5.900000    1.717277 
5.950000    3.180507 
6.000000    4.141888 
6.050000    3.546902 
6.100000    3.446204 
6.150000    2.708113 
6.200000    2.175267 
6.250000    0.245121 
6.300000    -1.375211 
6.350000    -2.276452 
6.400000    -3.589195 
6.450000    -2.580924 
6.500000    -3.189116 
6.550000    -1.209311 
6.600000    -1.079303 
6.650000    0.025102 
6.700000    1.771475 
6.750000    2.847787 
6.800000    2.605153 
6.850000    3.121306 
6.900000    2.781585 
6.950000    1.958246 
7.000000    1.591314 
7.050000    -0.214436 
7.100000    -0.534559 
7.150000    -1.800212 
7.200000    -1.718144 
7.250000    -2.148540 
7.300000    -1.563916 
7.350000    -1.581327 
7.400000    -1.507646 
7.450000    0.501507 
7.500000    0.810770 
7.550000    0.681208 
7.600000    1.888505 
7.650000    2.178074 
7.700000    1.455210 
7.750000    1.727045 
7.800000    0.899040 
7.850000    0.129779 
7.900000    -0.623944 
7.950000    -0.264032 
8.000000    -1.053739 
8.050000    -1.209928 
8.100000    -1.278852 
8.150000    -1.084565 
8.200000    -0.847789 
8.250000    -0.496923 
8.300000    -0.152520 
8.350000    0.003546 
8.400000    0.469525 
8.450000    0.850138 
8.500000    0.478051 
8.550000    0.405211 
8.600000    0.633723 
8.650000    0.303604 
8.700000    -0.116576 
8.750000    0.083631 
8.800000    -0.660067 
8.850000    0.108835 
8.900000    -1.239840 
8.950000    -0.633409 
9.000000    -0.173569 
9.050000    0.262294 
9.100000    0.494431 
9.150000    -0.021402 
9.200000    0.309451 
9.250000    0.852676 
9.300000    0.550878 
9.350000    0.659150 
9.400000    -0.424611 
9.450000    -0.256401 
9.500000    -0.481456 
9.550000    0.452183 
9.600000    -0.845473 
9.650000    -0.654621 
9.700000    -0.694599 
9.750000    -0.861691 
9.800000    -0.828034 
9.850000    -0.470774 
9.900000    0.127514 
9.950000    0.708580 
10.000000    -0.123012 
10.050000    0.710228 
10.100000    -0.041718 
10.150000    -0.804996 
10.200000    0.696646 
10.250000    0.389964 
10.300000    0.004233 
10.350000    -0.061321 
10.400000    -0.298133 
10.450000    0.472973 
10.500000    0.010971 
10.550000    -0.474866 
10.600000    -0.438935 
10.650000    0.423730 
10.700000    0.179264 
10.750000    -0.064914 
10.800000    0.570561 
10.850000    1.197464 
10.900000    0.420316 
10.950000    0.447363 
11.000000    1.446690 
11.050000    0.235625 
11.100000    -0.052841 
11.150000    0.230928 
11.200000    -0.367163 
11.250000    -0.121997 
11.300000    0.013169 
11.350000    -0.070250 
11.400000    0.074946 
11.450000    -0.184466 
11.500000    -0.783962 
11.550000    -0.021348 
11.600000    0.224999 
11.650000    0.751878 
11.700000    0.231923 
11.750000    -0.396669 
11.800000    0.629944 
11.850000    -0.450997 
11.900000    -0.666431 
11.950000    -0.018094 
12.000000    -0.432962 
12.050000    -0.687734 
12.100000    -0.875215 
12.150000    -0.124514 
12.200000    -0.673202 
12.250000    0.455824 
12.300000    -0.098842 
12.350000    -0.554793 
12.400000    0.136374 
12.450000    -0.042977 
12.500000    -0.721591 
12.550000    0.426762 
12.600000    0.581730 
12.650000    -0.483181 
12.700000    0.000287 
12.750000    0.210656 
12.800000    -0.186257 
12.850000    -0.310216 
12.900000    -0.041300 
12.950000    -0.339993 
13.000000    -0.763687 
13.050000    -0.453385 
13.100000    1.123369 
13.150000    -0.118473 
13.200000    0.269830 
13.250000    -1.215977 
13.300000    -0.716626 
13.350000    -0.057613 
13.400000    -0.251013 
13.450000    0.426521 
13.500000    0.473721 
13.550000    0.790455 
13.600000    -0.114365 
13.650000    -0.309258 
13.700000    -0.554521 
13.750000    -0.512652 
13.800000    -0.685937 
13.850000    0.193464 
13.900000    -0.502470 
13.950000    0.428022 
14.000000    -0.099750 
14.050000    -0.343143 
14.100000    0.216628 
14.150000    -0.250024 
14.200000    -0.607871 
14.250000    0.249908 
14.300000    -0.228524 
14.350000    0.642740 
14.400000    0.382998 
14.450000    0.722596 
14.500000    -0.137610 
14.550000    0.287972 
14.600000    -1.009875 
14.650000    -0.716708 
14.700000    -0.309700 
14.750000    -0.321184 
14.800000    -0.827325 
14.850000    0.073088 
14.900000    0.256662 
14.950000    -0.010473 
15.000000    -0.567483 
15.050000    -0.126479 
15.100000    -1.203897 
15.150000    0.277844 
15.200000    0.166645 
15.250000    0.748639 
15.300000    -0.126086 
15.350000    0.288391 
15.400000    -0.886730 
15.450000    -0.431873 
15.500000    -0.095829 
15.550000    -0.536212 
15.600000    -0.253748 
15.650000    -0.336128 
15.700000    0.677674 
15.750000    -0.054020 
15.800000    -0.294292 
15.850000    0.302869 
15.900000    0.124861 
15.950000    0.251280 
16.000000    0.360112 
16.050000    -0.642074 
16.100000    0.502216 
16.150000    1.059532 
16.200000    0.239560 
16.250000    -0.462293 
16.300000    -0.359024 
16.350000    -0.237203 
16.400000    0.093680 
16.450000    0.626227 
16.500000    -0.272945 
16.550000    0.254924 
16.600000    0.340870 
16.650000    -0.543582 
16.700000    -0.287747 
16.750000    0.056778 
16.800000    0.713099 
16.850000    -0.682313 
16.900000    0.020761 
16.950000    -0.002273 
17.000000    -0.453242 
17.050000    -0.156652 
17.100000    0.399722 
17.150000    0.678941 
17.200000    0.055805 
17.250000    -0.192442 
17.300000    0.249435 
17.350000    -0.340476 
17.400000    0.938331 
17.450000    0.066161 
17.500000    -0.152201 
17.550000    0.108598 
17.600000    0.083845 
17.650000    0.538941 
17.700000    0.317550 
17.750000    0.008599 
17.800000    -0.005932 
17.850000    -0.292639 
17.900000    0.080719 
17.950000    0.016036 
18.000000    0.669472 
18.050000    -0.204932 
18.100000    0.080888 
18.150000    0.447702 
18.200000    0.189270 
18.250000    0.067472 
18.300000    0.060859 
18.350000    0.610553 
18.400000    0.076876 
18.450000    0.433364 
18.500000    -0.311407 
18.550000    0.433012 
18.600000    0.200350 
18.650000    -0.310500 
18.700000    -0.227922 
18.750000    -0.045756 
18.800000    -0.394974 
18.850000    -0.082206 
18.900000    0.493609 
18.950000    -0.751550 
19.000000    -0.199805 
19.050000    -0.118918 
19.100000    -0.117843 
19.150000    -0.315147 
19.200000    0.688591 
19.250000    0.143084 
19.300000    0.224056 
19.350000    1.377191 
19.400000    0.667252 
19.450000    0.159382 
19.500000    0.193430 
19.550000    0.795685 
19.600000    0.831624 
19.650000    0.366048 
19.700000    0.695290 
19.750000    0.389676 
19.799999    -0.431765 
19.849999    -0.754559 
19.899999    -0.500498 
19.949999    -0.148168 


Reverse Correlation Function   