Time    Magnitude 

0.000000    10.488135 
0.050000    9.563706 
0.100000    -4.477586 
0.150000    3.019030 
0.200000    -7.949440 
0.250000    4.518211 
0.300000    9.506524 
0.350000    3.480819 
0.400000    -10.565629 
0.450000    8.260478 
0.500000    -11.156761 
0.550000    -4.611660 
0.600000    1.835832 
0.650000    -6.579145 
0.700000    -11.920321 
0.750000    -5.105542 
0.800000    -15.238371 
0.850000    -5.097378 
0.900000    -1.020304 
0.950000    -6.331958 
1.000000    2.668180 
1.050000    2.741302 
1.100000    -8.646490 
1.150000    -9.837925 
1.200000    -7.324893 
1.250000    5.648238 
1.300000    2.375525 
1.350000    -7.278322 
1.400000    2.716695 
1.450000    -5.632780 
1.500000    -3.218198 
1.550000    15.972305 
1.600000    7.886936 
1.650000    -12.631112 
1.700000    -4.191529 
1.750000    0.680808 
1.800000    1.357438 
1.850000    7.848128 
1.900000    3.515749 
1.950000    5.082460 
2.000000    0.214259 
2.050000    2.358843 
2.100000    2.318491 
2.150000    -6.616441 
2.200000    -1.670285 
2.250000    -3.513489 
2.300000    -4.442940 
2.350000    4.418955 
2.400000    -5.448225 
2.450000    -0.142001 
2.500000    -0.000875 
2.550000    -8.417354 
2.600000    -12.368052 
2.650000    3.910335 
2.700000    -0.600381 
2.750000    6.075703 
2.800000    -0.951115 
2.850000    -5.619773 
2.900000    3.241567 
2.950000    8.920935 
3.000000    3.436169 
3.050000    -2.802485 
3.100000    -7.788851 
3.150000    13.098430 
3.200000    19.112146 
3.250000    -0.555442 
3.300000    3.652633 
3.350000    12.888049 
3.400000    7.021337 
3.450000    10.710774 
3.500000    11.793423 
3.550000    1.994222 
3.600000    16.911238 
3.650000    18.035967 
3.700000    30.742044 
3.750000    10.393341 
3.800000    28.891459 
3.850000    2.053394 
3.900000    12.313128 
3.950000    4.814348 
4.000000    5.961342 
4.050000    6.572399 
4.100000    10.836820 
4.150000    -10.015538 
4.200000    4.991605 
4.250000    -2.610750 
4.300000    -12.532772 
4.350000    -16.393154 
4.400000    -25.715546 
4.450000    -40.025211 
4.500000    -35.971470 
4.550000    -33.719315 
4.600000    -41.545078 
4.650000    -48.959457 
4.700000    -45.644814 
4.750000    -43.250874 
4.800000    -55.589451 
4.850000    -61.732872 
4.900000    -42.160820 
4.950000    -38.370296 
5.000000    -46.564922 
5.050000    -56.519955 
5.100000    -34.057407 
5.150000    -29.768290 
5.200000    -17.535175 
5.250000    -24.638287 
5.300000    -10.981515 
5.350000    -3.197158 
5.400000    13.589362 
5.450000    9.826248 
5.500000    17.853474 
5.550000    34.643349 
5.600000    32.140678 
5.650000    52.143295 
5.700000    29.814869 
5.750000    49.946152 
5.800000    28.269669 
5.850000    44.715916 
5.900000    50.642738 
5.950000    40.290707 
6.000000    45.978798 
6.050000    68.558861 
6.100000    46.232212 
6.150000    53.198849 
6.200000    65.555885 
6.250000    54.284737 
6.300000    60.396461 
6.350000    61.855591 
6.400000    49.230961 
6.450000    61.396923 
6.500000    54.814178 
6.550000    42.423302 
6.600000    46.534542 
6.650000    28.543106 
6.700000    37.748455 
6.750000    35.118664 
6.800000    30.213999 
6.850000    24.320946 
6.900000    5.439466 
6.950000    3.276960 
7.000000    -3.339794 
7.050000    2.860315 
7.100000    -10.534007 
7.150000    -18.518255 
7.200000    -15.506964 
7.250000    -19.138575 
7.300000    -25.900341 
7.350000    -42.730961 
7.400000    -36.694839 
7.450000    -44.314484 
7.500000    -54.682217 
7.550000    -58.077576 
7.600000    -55.031765 
7.650000    -47.546303 
7.700000    -46.233982 
7.750000    -63.970238 
7.800000    -63.311653 
7.850000    -59.555630 
7.900000    -52.779648 
7.950000    -67.378456 
8.000000    -55.948254 
8.050000    -44.613300 
8.100000    -58.093304 
8.150000    -40.148472 
8.200000    -25.121851 
8.250000    -21.296312 
8.300000    -30.733330 
8.350000    -32.755501 
8.400000    -52.695362 
8.450000    -11.758402 
8.500000    -15.909277 
8.550000    -16.708632 
8.600000    -4.777407 
8.650000    -6.828657 
8.700000    4.180738 
8.750000    8.320933 
8.800000    2.624619 
8.850000    17.229908 
8.900000    19.355692 
8.950000    22.706165 
9.000000    16.389545 
9.050000    13.576103 
9.100000    23.853163 
9.150000    32.576832 
9.200000    33.113407 
9.250000    35.179569 
9.300000    53.540863 
9.350000    44.332878 
9.400000    42.542053 
9.450000    35.861362 
9.500000    24.616154 
9.550000    55.814934 
9.600000    41.114124 
9.650000    29.892122 
9.700000    44.324551 
9.750000    37.022499 
9.800000    48.118595 
9.850000    29.612759 
9.900000    28.462072 
9.950000    26.376293 
10.000000    25.693575 
10.050000    36.906818 
10.100000    20.307623 
10.150000    28.065855 
10.200000    17.337446 
10.250000    1.690609 
10.300000    10.071028 
10.350000    3.152411 
10.400000    -2.042302 
10.450000    7.055217 
10.500000    3.665102 
10.550000    9.304695 
10.600000    2.860017 
10.650000    -3.991141 
10.700000    -5.238388 
10.750000    -8.275183 
10.800000    -13.605124 
10.850000    -13.298830 
10.900000    -1.754671 
10.950000    -23.079609 
11.000000    -17.222481 
11.050000    -20.491804 
11.100000    -30.126265 
11.150000    -19.010080 
11.200000    -18.496901 
11.250000    -9.398779 
11.300000    -18.435497 
11.350000    -16.829916 
11.400000    -4.438848 
11.450000    -18.051785 
11.500000    -12.390410 
11.550000    -12.654577 
11.600000    -26.063299 
11.650000    -14.357272 
11.700000    -4.827874 
11.750000    1.660323 
11.800000    -15.577363 
11.850000    1.443668 
11.900000    8.548741 
11.950000    -1.031871 
12.000000    -6.168905 
12.050000    -7.743743 
12.100000    -7.531075 
12.150000    4.184013 
12.200000    0.366012 
12.250000    2.202048 
12.300000    0.854757 
12.350000    -8.838123 
12.400000    19.476933 
12.450000    0.351336 
12.500000    20.487831 
12.550000    7.646954 
12.600000    16.020958 
12.650000    -4.778468 
12.700000    8.719063 
12.750000    17.849735 
12.800000    18.404320 
12.850000    1.499706 
12.900000    7.225005 
12.950000    4.726953 
13.000000    5.965797 
13.050000    7.763686 
13.100000    22.989006 
13.150000    -1.606332 
13.200000    17.230824 
13.250000    12.805216 
13.300000    10.974287 
13.350000    17.337473 
13.400000    8.264954 
13.450000    13.898878 
13.500000    -2.999255 
13.550000    8.845226 
13.600000    8.518987 
13.650000    6.555110 
13.700000    -2.863427 
13.750000    4.837712 
13.800000    11.813505 
13.850000    12.540182 
13.900000    -2.524202 
13.950000    13.358968 
14.000000    2.557661 
14.050000    12.222367 
14.100000    -3.981783 
14.150000    -3.952164 
14.200000    0.980714 
14.250000    -0.019861 
14.300000    1.385203 
14.350000    -5.612530 
14.400000    -1.814126 
14.450000    2.493053 
14.500000    4.774361 
14.550000    -25.114454 
14.600000    -8.128727 
14.650000    -8.609053 
14.700000    -16.530472 
14.750000    -6.224545 
14.800000    -12.772712 
14.850000    -8.243589 
14.900000    15.492199 
14.950000    0.960036 
15.000000    -9.837591 
15.050000    12.045071 
15.100000    4.108520 
15.150000    6.698344 
15.200000    -9.615905 
15.250000    -6.116841 
15.300000    10.734221 
15.350000    -9.854093 
15.400000    12.155344 
15.450000    24.575296 
15.500000    13.203141 
15.550000    5.065425 
15.600000    5.661058 
15.650000    -1.639825 
15.700000    8.428170 
15.750000    0.995090 
15.800000    1.917373 
15.850000    4.435492 
15.900000    -0.220591 
15.950000    5.470363 
16.000000    -6.064706 
16.050000    11.848043 
16.100000    15.496207 
16.150000    -11.320598 
16.200000    1.804761 
16.250000    -21.386662 
16.300000    4.063499 
16.350000    -10.054705 
16.400000    0.986554 
16.450000    20.388294 
16.500000    8.385933 
16.550000    36.959076 
16.600000    9.063540 
16.650000    1.940777 
16.700000    17.087297 
16.750000    -10.310845 
16.800000    -7.507994 
16.850000    1.577044 
16.900000    0.260288 
16.950000    -5.908050 
17.000000    0.833217 
17.050000    -15.968942 
17.100000    20.081482 
17.150000    -8.153603 
17.200000    -10.278444 
17.250000    -1.424518 
17.300000    -0.753467 
17.350000    -4.785683 
17.400000    7.123633 
17.450000    4.783513 
17.500000    5.095798 
17.550000    -10.171104 
17.600000    10.059840 
17.650000    -12.577424 
17.700000    0.935830 
17.750000    -14.269647 
17.800000    -11.442884 
17.850000    -21.854515 
17.900000    -13.439372 
17.950000    4.489727 
18.000000    -15.572982 
18.050000    -12.239396 
18.100000    -13.606268 
18.150000    -6.689964 
18.200000    -6.292855 
18.250000    -36.441109 
18.300000    -0.530031 
18.350000    2.721004 
18.400000    -11.515959 
18.450000    7.659292 
18.500000    4.126710 
18.550000    5.882952 
18.600000    -5.878223 
18.650000    1.805425 
18.700000    -5.038450 
18.750000    0.312456 
18.800000    0.388443 
18.850000    -9.711862 
18.900000    4.930396 
18.950000    -7.297328 
19.000000    3.514701 
19.050000    -1.096699 
19.100000    -0.138987 
19.150000    5.232483 
19.200000    3.017912 
19.250000    3.849247 
19.300000    1.359599 
19.350000    5.093357 
19.400000    22.085749 
19.450000    14.310473 
19.500000    -1.033237 
19.550000    22.411608 
19.600000    -0.909227 
19.650000    7.958803 
19.700000    3.770199 
19.750000    3.747868 
19.799999    10.887252 
19.849999    -2.727829 
19.899999    -9.913623 
19.949999    0.876345 


Reverse Correlation Function   