Time    Magnitude 

0.000000    2.583658 
0.050000    -1.834727 
0.100000    4.568882 
0.150000    2.983070 
0.200000    16.242582 
0.250000    -4.938956 
0.300000    4.606724 
0.350000    12.369398 
0.400000    2.824628 
0.450000    -3.434966 
0.500000    -8.830597 
0.550000    0.100978 
0.600000    -8.653440 
0.650000    2.908749 
0.700000    -1.422137 
0.750000    0.037321 
0.800000    -4.244067 
0.850000    3.763052 
0.900000    7.419842 
0.950000    0.949527 
1.000000    9.338347 
1.050000    9.037436 
1.100000    -0.585397 
1.150000    9.192811 
1.200000    -4.968479 
1.250000    -10.701146 
1.300000    12.782677 
1.350000    -6.595871 
1.400000    1.829343 
1.450000    9.681876 
1.500000    -6.099360 
1.550000    10.260587 
1.600000    9.516128 
1.650000    5.948813 
1.700000    -2.605272 
1.750000    2.096747 
1.800000    11.742947 
1.850000    1.306256 
1.900000    4.601618 
1.950000    -1.956820 
2.000000    8.405889 
2.050000    -2.271315 
2.100000    -6.182736 
2.150000    0.809539 
2.200000    -2.343647 
2.250000    1.089060 
2.300000    -1.272678 
2.350000    -7.284651 
2.400000    0.817877 
2.450000    1.451223 
2.500000    7.934466 
2.550000    2.389053 
2.600000    -2.288265 
2.650000    2.927818 
2.700000    10.042108 
2.750000    0.234473 
2.800000    10.552824 
2.850000    -5.791820 
2.900000    13.740003 
2.950000    0.879023 
3.000000    0.345352 
3.050000    11.184795 
3.100000    9.564179 
3.150000    -0.597787 
3.200000    2.590192 
3.250000    2.345939 
3.300000    1.689063 
3.350000    -8.216123 
3.400000    -7.075491 
3.450000    -13.538711 
3.500000    -14.676492 
3.550000    -7.360765 
3.600000    -14.064437 
3.650000    -6.042917 
3.700000    -10.136920 
3.750000    6.560703 
3.800000    4.752172 
3.850000    27.687050 
3.900000    34.612751 
3.950000    43.162380 
4.000000    43.337654 
4.050000    40.750423 
4.100000    39.344940 
4.150000    27.771496 
4.200000    11.433867 
4.250000    -16.456017 
4.300000    -4.478299 
4.350000    -40.114483 
4.400000    -48.198025 
4.450000    -60.159790 
4.500000    -58.442238 
4.550000    -63.786247 
4.600000    -27.748302 
4.650000    -31.518208 
4.700000    3.725019 
4.750000    5.584730 
4.800000    42.768826 
4.850000    44.703358 
4.900000    48.772949 
4.950000    54.533154 
5.000000    65.788239 
5.050000    25.257202 
5.100000    37.879089 
5.150000    9.005345 
5.200000    -1.782309 
5.250000    -12.844138 
5.300000    -22.303865 
5.350000    -47.419453 
5.400000    -30.392899 
5.450000    -33.070564 
5.500000    -37.452938 
5.550000    -31.676697 
5.600000    -16.222557 
5.650000    -10.609825 
5.700000    0.009931 
5.750000    12.186016 
5.800000    28.590942 
5.850000    23.326424 
5.900000    15.967965 
5.950000    33.136002 
6.000000    26.276709 
6.050000    19.529152 
6.100000    13.699897 
6.150000    6.941027 
6.200000    -5.442888 
6.250000    -5.123290 
6.300000    -11.098669 
6.350000    -9.833278 
6.400000    -9.652312 
6.450000    -13.002115 
6.500000    -18.732937 
6.550000    -10.758944 
6.600000    10.057525 
6.650000    2.372648 
6.700000    4.719460 
6.750000    1.308691 
6.800000    18.796476 
6.850000    27.892046 
6.900000    17.665386 
6.950000    19.359850 
7.000000    4.326484 
7.050000    -1.983556 
7.100000    -2.867922 
7.150000    -6.276407 
7.200000    0.410398 
7.250000    -4.952701 
7.300000    -5.857384 
7.350000    -10.835321 
7.400000    -9.039645 
7.450000    9.995588 
7.500000    -11.576108 
7.550000    -4.159269 
7.600000    4.909615 
7.650000    -8.891334 
7.700000    -5.472597 
7.750000    -1.483416 
7.800000    17.075045 
7.850000    3.467901 
7.900000    5.863433 
7.950000    5.683825 
8.000000    0.829775 
8.050000    4.270528 
8.100000    -9.809433 
8.150000    10.721359 
8.200000    6.004525 
8.250000    3.611899 
8.300000    -21.071684 
8.350000    -17.279678 
8.400000    -6.495084 
8.450000    -15.617805 
8.500000    -5.876999 
8.550000    1.447436 
8.600000    -12.746913 
8.650000    1.529306 
8.700000    5.014290 
8.750000    13.433742 
8.800000    8.732698 
8.850000    -3.068959 
8.900000    13.181805 
8.950000    5.906518 
9.000000    2.732793 
9.050000    7.916564 
9.100000    -8.230700 
9.150000    -7.320033 
9.200000    -9.613746 
9.250000    -0.519972 
9.300000    -3.694108 
9.350000    -0.616668 
9.400000    -7.723124 
9.450000    -13.264585 
9.500000    2.717676 
9.550000    -2.709058 
9.600000    5.606698 
9.650000    19.365622 
9.700000    10.627151 
9.750000    4.590436 
9.800000    12.283081 
9.850000    -6.196198 
9.900000    6.206152 
9.950000    1.049875 
10.000000    -1.721830 
10.050000    -11.203563 
10.100000    -3.176919 
10.150000    9.422626 
10.200000    -2.658526 
10.250000    -23.361015 
10.300000    -8.063516 
10.350000    -1.110696 
10.400000    2.023658 
10.450000    6.845619 
10.500000    1.643414 
10.550000    7.218678 
10.600000    4.588413 
10.650000    10.891772 
10.700000    11.241219 
10.750000    0.385408 
10.800000    4.842944 
10.850000    -1.481812 
10.900000    0.837583 
10.950000    1.887899 
11.000000    4.980314 
11.050000    -6.527700 
11.100000    -8.104005 
11.150000    5.103855 
11.200000    8.543542 
11.250000    -3.266000 
11.300000    2.250057 
11.350000    -1.083304 
11.400000    9.751146 
11.450000    -1.804900 
11.500000    5.104622 
11.550000    1.849320 
11.600000    0.772202 
11.650000    8.117131 
11.700000    -7.582008 
11.750000    -11.972352 
11.800000    -3.388725 
11.850000    -4.207071 
11.900000    -0.134021 
11.950000    -11.517878 
12.000000    3.270802 
12.050000    -7.334739 
12.100000    3.491137 
12.150000    -8.048671 
12.200000    -3.557581 
12.250000    -2.959502 
12.300000    1.386036 
12.350000    -5.013007 
12.400000    -6.913208 
12.450000    -11.872002 
12.500000    -9.752430 
12.550000    -0.714039 
12.600000    1.761733 
12.650000    4.433497 
12.700000    13.672775 
12.750000    -0.083378 
12.800000    -0.012764 
12.850000    -1.694761 
12.900000    5.433799 
12.950000    -7.128453 
13.000000    9.396086 
13.050000    -1.338485 
13.100000    1.223841 
13.150000    4.320265 
13.200000    0.299937 
13.250000    -4.311079 
13.300000    6.164487 
13.350000    -10.597192 
13.400000    -10.417418 
13.450000    -13.738503 
13.500000    -14.211183 
13.550000    4.634550 
13.600000    -1.675653 
13.650000    4.343058 
13.700000    -2.494225 
13.750000    2.946773 
13.800000    1.957149 
13.850000    2.106579 
13.900000    -15.574099 
13.950000    10.496491 
14.000000    -2.316508 
14.050000    8.347070 
14.100000    -6.341238 
14.150000    0.787764 
14.200000    -4.318034 
14.250000    -10.861196 
14.300000    0.453783 
14.350000    -11.960179 
14.400000    -9.550074 
14.450000    1.475638 
14.500000    -2.367981 
14.550000    0.061474 
14.600000    6.983413 
14.650000    4.381518 
14.700000    -12.877946 
14.750000    8.551704 
14.800000    6.483537 
14.850000    10.664687 
14.900000    8.785316 
14.950000    -10.510838 
15.000000    1.977575 
15.050000    5.299316 
15.100000    5.355196 
15.150000    -10.943367 
15.200000    4.080828 
15.250000    -16.594570 
15.300000    -17.813047 
15.350000    -4.406838 
15.400000    -9.742393 
15.450000    0.226812 
15.500000    -3.511577 
15.550000    -0.056123 
15.600000    -2.655478 
15.650000    3.144454 
15.700000    7.241836 
15.750000    0.026355 
15.800000    -3.141945 
15.850000    -1.059163 
15.900000    -14.415987 
15.950000    2.454583 
16.000000    10.652360 
16.050000    4.410942 
16.100000    6.707185 
16.150000    -7.195651 
16.200000    0.306941 
16.250000    -1.071098 
16.300000    -0.396519 
16.350000    -6.783690 
16.400000    2.402195 
16.450000    4.206551 
16.500000    -3.646254 
16.550000    -6.288460 
16.600000    -2.998509 
16.650000    -14.824752 
16.700000    5.444964 
16.750000    -2.805994 
16.800000    12.904901 
16.850000    -11.689656 
16.900000    2.249405 
16.950000    -3.218527 
17.000000    -3.134352 
17.050000    0.353401 
17.100000    -5.776373 
17.150000    -7.797046 
17.200000    0.644336 
17.250000    -10.121223 
17.300000    -2.693258 
17.350000    -4.285559 
17.400000    -1.086273 
17.450000    9.164438 
17.500000    4.091793 
17.550000    2.146385 
17.600000    -5.227076 
17.650000    -8.837122 
17.700000    3.577771 
17.750000    -4.807637 
17.800000    0.153772 
17.850000    2.766076 
17.900000    8.452245 
17.950000    -1.264433 
18.000000    -8.083492 
18.050000    -0.635441 
18.100000    9.018959 
18.150000    7.655355 
18.200000    13.634387 
18.250000    9.375736 
18.300000    7.354552 
18.350000    4.551143 
18.400000    -2.933184 
18.450000    -2.664146 
18.500000    -6.169913 
18.550000    1.965690 
18.600000    -12.433222 
18.650000    3.900615 
18.700000    -1.305909 
18.750000    -12.691581 
18.800000    7.122660 
18.850000    -4.789362 
18.900000    0.416125 
18.950000    9.227737 
19.000000    6.891353 
19.050000    5.595070 
19.100000    8.388027 
19.150000    0.080892 
19.200000    -7.695287 
19.250000    1.580900 
19.300000    -17.865984 
19.350000    -4.434097 
19.400000    0.683925 
19.450000    -7.796297 
19.500000    -0.305416 
19.550000    -4.801087 
19.600000    -14.757491 
19.650000    -4.591263 
19.700000    -12.577749 
19.750000    13.389998 
19.799999    -9.828772 
19.849999    3.443968 
19.899999    -3.850770 
19.949999    8.812432 


Reverse Correlation Function   