Time    Magnitude 

0.000000    -1.328485 
0.050000    1.857183 
0.100000    0.302039 
0.150000    0.244993 
0.200000    0.681741 
0.250000    -0.114396 
0.300000    -0.528440 
0.350000    2.764647 
0.400000    0.519947 
0.450000    1.668331 
0.500000    -1.163244 
0.550000    1.503928 
0.600000    -2.485931 
0.650000    -0.708238 
0.700000    -1.152252 
0.750000    -1.131208 
0.800000    0.198726 
0.850000    -1.083816 
0.900000    0.926924 
0.950000    1.637527 
1.000000    -0.586634 
1.050000    1.070368 
1.100000    -1.189450 
1.150000    0.338463 
1.200000    -0.884697 
1.250000    1.012437 
1.300000    0.565293 
1.350000    -0.806440 
1.400000    -0.386203 
1.450000    -3.638025 
1.500000    -1.027643 
1.550000    -1.940559 
1.600000    1.474877 
1.650000    -0.889199 
1.700000    0.586815 
1.750000    -0.988151 
1.800000    2.176604 
1.850000    1.807966 
1.900000    1.253958 
1.950000    1.729887 
2.000000    1.147945 
2.050000    1.926060 
2.100000    3.369435 
2.150000    0.550504 
2.200000    -1.375987 
2.250000    -1.062706 
2.300000    1.289988 
2.350000    -1.916724 
2.400000    0.402822 
2.450000    0.209149 
2.500000    -3.835314 
2.550000    -0.350450 
2.600000    -1.114121 
2.650000    -0.175459 
2.700000    0.222070 
2.750000    1.612900 
2.800000    0.747642 
2.850000    -0.268491 
2.900000    -2.886812 
2.950000    -3.343934 
3.000000    -4.948703 
3.050000    -5.753780 
3.100000    -1.291323 
3.150000    -1.552518 
3.200000    0.453996 
3.250000    2.619176 
3.300000    6.036425 
3.350000    10.070170 
3.400000    12.987775 
3.450000    12.220116 
3.500000    9.047340 
3.550000    7.504995 
3.600000    3.242795 
3.650000    -4.772864 
3.700000    -9.379492 
3.750000    -16.872316 
3.800000    -18.737621 
3.850000    -21.317989 
3.900000    -17.346674 
3.950000    -13.507269 
4.000000    -1.194759 
4.050000    4.095956 
4.100000    11.116494 
4.150000    17.745651 
4.200000    22.313377 
4.250000    22.448652 
4.300000    21.250380 
4.350000    16.349045 
4.400000    8.423916 
4.450000    -1.519935 
4.500000    -6.948218 
4.550000    -13.711277 
4.600000    -18.855806 
4.650000    -17.769989 
4.700000    -14.094327 
4.750000    -14.196600 
4.800000    -9.687410 
4.850000    0.398269 
4.900000    7.479549 
4.950000    10.958017 
5.000000    14.098838 
5.050000    13.917370 
5.100000    15.904906 
5.150000    12.911371 
5.200000    7.342321 
5.250000    1.315321 
5.300000    -2.692580 
5.350000    -6.552955 
5.400000    -13.338819 
5.450000    -9.328579 
5.500000    -10.553778 
5.550000    -7.207655 
5.600000    -3.119478 
5.650000    2.163538 
5.700000    6.592971 
5.750000    6.554888 
5.800000    10.627966 
5.850000    10.225468 
5.900000    8.072471 
5.950000    8.325875 
6.000000    5.883865 
6.050000    2.049662 
6.100000    -2.740368 
6.150000    -6.161418 
6.200000    -5.666675 
6.250000    -6.913708 
6.300000    -4.355332 
6.350000    -4.962546 
6.400000    -0.588791 
6.450000    2.610659 
6.500000    5.459577 
6.550000    2.957972 
6.600000    7.854098 
6.650000    6.951813 
6.700000    3.120403 
6.750000    3.148313 
6.800000    1.193874 
6.850000    -3.655218 
6.900000    -2.388609 
6.950000    -2.464085 
7.000000    -1.985188 
7.050000    -1.314773 
7.100000    -0.321630 
7.150000    -0.030935 
7.200000    1.436719 
7.250000    0.981894 
7.300000    2.247711 
7.350000    2.115254 
7.400000    -1.408090 
7.450000    -2.300192 
7.500000    -1.406461 
7.550000    -2.336723 
7.600000    -2.484637 
7.650000    -4.008924 
7.700000    -2.261586 
7.750000    -0.592062 
7.800000    1.148140 
7.850000    2.140057 
7.900000    0.917096 
7.950000    1.330057 
8.000000    4.049149 
8.050000    2.317224 
8.100000    2.567164 
8.150000    0.448182 
8.200000    -0.348206 
8.250000    -1.430069 
8.300000    -0.829912 
8.350000    -2.758794 
8.400000    -2.071789 
8.450000    -0.508032 
8.500000    -0.141539 
8.550000    1.912765 
8.600000    -0.094522 
8.650000    1.884287 
8.700000    1.175859 
8.750000    0.714966 
8.800000    1.303048 
8.850000    -0.001437 
8.900000    1.639123 
8.950000    1.067380 
9.000000    0.115927 
9.050000    0.511285 
9.100000    -0.800648 
9.150000    0.104099 
9.200000    1.984158 
9.250000    -0.357318 
9.300000    2.687814 
9.350000    1.001356 
9.400000    -1.235369 
9.450000    2.724890 
9.500000    0.789599 
9.550000    -1.372082 
9.600000    -0.509156 
9.650000    1.383965 
9.700000    -0.001492 
9.750000    -1.814676 
9.800000    -1.717841 
9.850000    -0.746605 
9.900000    -0.532003 
9.950000    -0.633762 
10.000000    1.123554 
10.050000    1.498712 
10.100000    -0.898631 
10.150000    0.172724 
10.200000    1.856497 
10.250000    2.218967 
10.300000    1.206610 
10.350000    -0.463021 
10.400000    -0.125368 
10.450000    -1.067012 
10.500000    -1.145419 
10.550000    -0.949704 
10.600000    -0.817602 
10.650000    -0.972350 
10.700000    0.686287 
10.750000    -0.608728 
10.800000    -0.280791 
10.850000    1.542516 
10.900000    2.840607 
10.950000    -0.067441 
11.000000    3.241013 
11.050000    -0.330879 
11.100000    0.068384 
11.150000    -0.032547 
11.200000    -1.865933 
11.250000    0.045275 
11.300000    -2.708024 
11.350000    -1.264554 
11.400000    -1.181055 
11.450000    -0.329822 
11.500000    0.017997 
11.550000    2.826422 
11.600000    0.553881 
11.650000    2.529129 
11.700000    2.440166 
11.750000    3.818244 
11.800000    0.681235 
11.850000    -0.475944 
11.900000    -1.640684 
11.950000    1.146278 
12.000000    2.113708 
12.050000    -0.388744 
12.100000    0.334398 
12.150000    -1.226939 
12.200000    -1.871264 
12.250000    -2.756249 
12.300000    -1.093499 
12.350000    -0.259265 
12.400000    1.148192 
12.450000    -0.333992 
12.500000    0.906496 
12.550000    -0.047038 
12.600000    -2.275836 
12.650000    -2.645639 
12.700000    0.393254 
12.750000    -0.761969 
12.800000    -0.608833 
12.850000    2.355662 
12.900000    1.623677 
12.950000    -1.323513 
13.000000    0.717391 
13.050000    1.502893 
13.100000    0.772013 
13.150000    -0.152071 
13.200000    0.341136 
13.250000    0.620504 
13.300000    0.978997 
13.350000    1.498527 
13.400000    1.017833 
13.450000    1.007558 
13.500000    -1.241303 
13.550000    0.546662 
13.600000    -2.198234 
13.650000    -1.603810 
13.700000    -0.080001 
13.750000    -1.394550 
13.800000    -1.301158 
13.850000    -1.758765 
13.900000    -0.918367 
13.950000    0.490772 
14.000000    1.355852 
14.050000    -0.937214 
14.100000    0.681350 
14.150000    0.065902 
14.200000    1.996330 
14.250000    1.017886 
14.300000    2.011242 
14.350000    1.690421 
14.400000    -0.153951 
14.450000    -0.757077 
14.500000    -2.019973 
14.550000    -3.273441 
14.600000    1.587394 
14.650000    0.930513 
14.700000    0.807249 
14.750000    1.255858 
14.800000    1.542856 
14.850000    -2.711145 
14.900000    -0.996357 
14.950000    1.957183 
15.000000    1.848513 
15.050000    1.959885 
15.100000    0.017413 
15.150000    2.360849 
15.200000    0.266906 
15.250000    -1.913034 
15.300000    -0.350350 
15.350000    1.264957 
15.400000    -3.788716 
15.450000    -0.362710 
15.500000    2.929429 
15.550000    0.247025 
15.600000    3.459730 
15.650000    0.370462 
15.700000    -2.339633 
15.750000    -2.009760 
15.800000    -1.289558 
15.850000    2.101328 
15.900000    0.866284 
15.950000    -1.684743 
16.000000    -0.439160 
16.050000    -2.554429 
16.100000    -0.697787 
16.150000    0.894530 
16.200000    -0.205868 
16.250000    0.182600 
16.300000    1.538734 
16.350000    1.431739 
16.400000    1.077993 
16.450000    1.427290 
16.500000    1.377089 
16.550000    0.670546 
16.600000    -1.998567 
16.650000    0.034371 
16.700000    2.225938 
16.750000    -0.282024 
16.800000    1.578581 
16.850000    -1.469400 
16.900000    -0.619215 
16.950000    -0.372167 
17.000000    -0.209913 
17.050000    3.559360 
17.100000    2.002763 
17.150000    -0.019203 
17.200000    -2.655936 
17.250000    -0.638471 
17.300000    -1.948583 
17.350000    -0.104644 
17.400000    0.101190 
17.450000    -1.982109 
17.500000    -0.039563 
17.550000    0.446554 
17.600000    -1.459488 
17.650000    -0.747160 
17.700000    -0.466464 
17.750000    -2.522670 
17.800000    -0.964879 
17.850000    0.768670 
17.900000    0.707941 
17.950000    -0.747783 
18.000000    -3.883771 
18.050000    0.815935 
18.100000    -0.044496 
18.150000    0.422088 
18.200000    -1.639234 
18.250000    -0.062068 
18.300000    0.890530 
18.350000    1.132864 
18.400000    0.062374 
18.450000    -0.383792 
18.500000    -0.785420 
18.550000    -0.525433 
18.600000    2.336854 
18.650000    1.223969 
18.700000    0.855343 
18.750000    -2.633624 
18.800000    -1.238739 
18.850000    0.787046 
18.900000    -1.639431 
18.950000    -1.594404 
19.000000    -2.815239 
19.050000    -2.855436 
19.100000    1.060810 
19.150000    1.364336 
19.200000    0.539682 
19.250000    3.783819 
19.300000    4.953522 
19.350000    3.442194 
19.400000    3.047305 
19.450000    2.470717 
19.500000    1.347999 
19.550000    -0.441682 
19.600000    -0.450911 
19.650000    -0.930107 
19.700000    -3.048506 
19.750000    -0.361330 
19.799999    -0.960252 
19.849999    -1.383651 
19.899999    -2.661329 
19.949999    -1.238964 


Reverse Correlation Function   