Time    Magnitude 

0.000000    -0.816948 
0.050000    -0.670183 
0.100000    -0.634957 
0.150000    -0.597268 
0.200000    0.443443 
0.250000    -0.305152 
0.300000    0.074883 
0.350000    0.223762 
0.400000    1.916105 
0.450000    -0.414347 
0.500000    1.269596 
0.550000    -2.827476 
0.600000    1.659062 
0.650000    0.211307 
0.700000    -0.692685 
0.750000    0.710518 
0.800000    -0.370508 
0.850000    -1.461342 
0.900000    1.005095 
0.950000    -0.120340 
1.000000    -1.032446 
1.050000    0.221015 
1.100000    -0.597899 
1.150000    -0.116581 
1.200000    1.049576 
1.250000    0.137439 
1.300000    1.197899 
1.350000    0.862900 
1.400000    -0.482162 
1.450000    -1.516310 
1.500000    -0.001912 
1.550000    -0.524804 
1.600000    1.345345 
1.650000    -0.087605 
1.700000    -0.511761 
1.750000    -0.042503 
1.800000    0.545114 
1.850000    -0.121498 
1.900000    0.994133 
1.950000    -0.960518 
2.000000    0.031444 
2.050000    1.339846 
2.100000    0.597849 
2.150000    -0.330840 
2.200000    -0.539765 
2.250000    -0.034661 
2.300000    -0.150281 
2.350000    0.207279 
2.400000    0.268448 
2.450000    0.954918 
2.500000    -1.276950 
2.550000    0.439030 
2.600000    -0.639910 
2.650000    0.228067 
2.700000    1.564459 
2.750000    -1.080988 
2.800000    -1.237716 
2.850000    0.518568 
2.900000    -0.959258 
2.950000    -1.129244 
3.000000    -1.712666 
3.050000    -1.831279 
3.100000    -2.140766 
3.150000    -1.901514 
3.200000    -0.983654 
3.250000    0.824446 
3.300000    3.956538 
3.350000    4.115389 
3.400000    3.504202 
3.450000    5.233594 
3.500000    4.129071 
3.550000    4.424075 
3.600000    -0.089729 
3.650000    -2.746109 
3.700000    -5.673267 
3.750000    -6.366703 
3.800000    -7.835771 
3.850000    -8.594602 
3.900000    -6.849475 
3.950000    -4.206804 
4.000000    -1.267257 
4.050000    0.399367 
4.100000    1.992489 
4.150000    6.441883 
4.200000    7.269180 
4.250000    8.125608 
4.300000    5.535238 
4.350000    6.187503 
4.400000    2.930373 
4.450000    -0.000893 
4.500000    -1.089816 
4.550000    -5.805747 
4.600000    -7.359891 
4.650000    -7.328882 
4.700000    -7.063158 
4.750000    -5.577859 
4.800000    -1.174394 
4.850000    -1.088795 
4.900000    3.500267 
4.950000    5.069620 
5.000000    4.707247 
5.050000    6.868757 
5.100000    4.846404 
5.150000    4.416522 
5.200000    3.286996 
5.250000    2.176344 
5.300000    -2.822638 
5.350000    -5.703145 
5.400000    -6.207825 
5.450000    -3.084297 
5.500000    -3.660680 
5.550000    -3.366240 
5.600000    -4.480440 
5.650000    1.574590 
5.700000    4.371490 
5.750000    3.124558 
5.800000    3.633234 
5.850000    5.474465 
5.900000    3.780876 
5.950000    4.133352 
6.000000    1.222764 
6.050000    -0.270767 
6.100000    -0.029349 
6.150000    -0.759653 
6.200000    -2.934980 
6.250000    -3.855866 
6.300000    -3.299816 
6.350000    -2.984996 
6.400000    -0.131415 
6.450000    0.877540 
6.500000    0.934262 
6.550000    1.124116 
6.600000    0.974379 
6.650000    1.947227 
6.700000    0.480844 
6.750000    2.398383 
6.800000    1.667075 
6.850000    -1.933091 
6.900000    -2.045461 
6.950000    -1.182278 
7.000000    -1.897797 
7.050000    -0.130686 
7.100000    -0.249428 
7.150000    0.890742 
7.200000    -0.142724 
7.250000    0.937418 
7.300000    0.985733 
7.350000    0.450945 
7.400000    0.498962 
7.450000    0.880238 
7.500000    -0.044615 
7.550000    -2.489313 
7.600000    -0.494075 
7.650000    -0.011402 
7.700000    -0.062250 
7.750000    1.201342 
7.800000    -0.020198 
7.850000    0.040860 
7.900000    0.693563 
7.950000    -0.001865 
8.000000    0.831561 
8.050000    -0.223379 
8.100000    -0.589477 
8.150000    0.901892 
8.200000    -0.583356 
8.250000    -0.185491 
8.300000    0.511572 
8.350000    0.279925 
8.400000    -2.324340 
8.450000    -0.615695 
8.500000    -0.181091 
8.550000    -0.105644 
8.600000    -0.030064 
8.650000    -0.124782 
8.700000    -0.204433 
8.750000    -0.554474 
8.800000    0.417801 
8.850000    0.211208 
8.900000    -0.553571 
8.950000    0.055799 
9.000000    0.759932 
9.050000    0.140128 
9.100000    0.261950 
9.150000    -0.137941 
9.200000    0.701943 
9.250000    2.501143 
9.300000    1.474951 
9.350000    1.915831 
9.400000    1.908525 
9.450000    0.052448 
9.500000    -0.868424 
9.550000    -0.433859 
9.600000    -0.588742 
9.650000    0.000144 
9.700000    -1.966387 
9.750000    -0.450104 
9.800000    -1.974478 
9.850000    -0.585293 
9.900000    -1.478312 
9.950000    0.444089 
10.000000    1.629293 
10.050000    2.404981 
10.100000    0.919393 
10.150000    0.517385 
10.200000    -0.799660 
10.250000    -1.052573 
10.300000    -0.350446 
10.350000    -0.451748 
10.400000    -0.270088 
10.450000    -1.472492 
10.500000    -0.819355 
10.550000    0.928774 
10.600000    -1.377613 
10.650000    -0.161592 
10.700000    -0.429941 
10.750000    1.300220 
10.800000    1.134119 
10.850000    1.022136 
10.900000    0.515598 
10.950000    0.545094 
11.000000    1.623248 
11.050000    -1.013084 
11.100000    0.023305 
11.150000    -0.164270 
11.200000    -0.823144 
11.250000    -0.683843 
11.300000    -0.565486 
11.350000    0.753527 
11.400000    0.524883 
11.450000    -0.218229 
11.500000    1.304716 
11.550000    2.013723 
11.600000    0.731971 
11.650000    1.192536 
11.700000    2.366984 
11.750000    0.155894 
11.800000    -0.682639 
11.850000    1.104715 
11.900000    -0.533814 
11.950000    1.051336 
12.000000    -0.058117 
12.050000    -0.795247 
12.100000    -1.072401 
12.150000    0.198169 
12.200000    -1.564440 
12.250000    -0.184826 
12.300000    -0.760599 
12.350000    0.373811 
12.400000    0.177450 
12.450000    -0.142978 
12.500000    -0.153453 
12.550000    -1.232886 
12.600000    1.709849 
12.650000    2.300021 
12.700000    -0.345519 
12.750000    0.459363 
12.800000    -1.631933 
12.850000    -0.095824 
12.900000    0.121067 
12.950000    1.626290 
13.000000    1.442647 
13.050000    -1.172462 
13.100000    1.996094 
13.150000    -0.198412 
13.200000    0.421742 
13.250000    0.255024 
13.300000    -0.309916 
13.350000    -0.684689 
13.400000    0.115741 
13.450000    -0.192839 
13.500000    1.260503 
13.550000    0.566797 
13.600000    -1.748668 
13.650000    -0.749233 
13.700000    -0.813500 
13.750000    -0.178466 
13.800000    -1.443524 
13.850000    -0.020208 
13.900000    0.193178 
13.950000    0.519164 
14.000000    0.478813 
14.050000    1.216177 
14.100000    -1.148534 
14.150000    0.638231 
14.200000    -0.432036 
14.250000    1.326915 
14.300000    -0.428157 
14.350000    0.258844 
14.400000    -1.354115 
14.450000    -0.502844 
14.500000    -1.279942 
14.550000    -1.612348 
14.600000    -0.022909 
14.650000    -1.221360 
14.700000    -1.402165 
14.750000    -1.113345 
14.800000    0.923374 
14.850000    -0.497124 
14.900000    1.361473 
14.950000    0.014369 
15.000000    -2.083953 
15.050000    -0.110456 
15.100000    -0.233880 
15.150000    -0.059560 
15.200000    0.807921 
15.250000    -0.009127 
15.300000    -1.035884 
15.350000    -1.143409 
15.400000    0.748138 
15.450000    -0.712757 
15.500000    0.052130 
15.550000    -0.311761 
15.600000    1.846805 
15.650000    -0.760131 
15.700000    0.589872 
15.750000    -0.588628 
15.800000    0.492616 
15.850000    0.293117 
15.900000    -1.709813 
15.950000    0.589305 
16.000000    0.167115 
16.050000    0.932507 
16.100000    -1.370481 
16.150000    0.510582 
16.200000    -0.214216 
16.250000    -0.201951 
16.300000    0.086025 
16.350000    0.008924 
16.400000    1.077787 
16.450000    0.690950 
16.500000    -0.166867 
16.550000    -0.900994 
16.600000    0.498216 
16.650000    0.143425 
16.700000    0.485634 
16.750000    0.632213 
16.800000    -0.332179 
16.850000    -0.891172 
16.900000    -0.559041 
16.950000    0.068250 
17.000000    1.233579 
17.050000    -0.237470 
17.100000    0.093192 
17.150000    0.374788 
17.200000    -0.428527 
17.250000    0.396257 
17.300000    2.229112 
17.350000    -1.430429 
17.400000    -0.605645 
17.450000    0.991183 
17.500000    -0.522006 
17.550000    1.340363 
17.600000    -0.384389 
17.650000    -2.630827 
17.700000    -1.289391 
17.750000    -0.428287 
17.800000    -2.439764 
17.850000    0.393418 
17.900000    -0.138598 
17.950000    -0.853709 
18.000000    0.933389 
18.050000    -0.148075 
18.100000    -0.041761 
18.150000    -1.973570 
18.200000    -1.281285 
18.250000    0.929943 
18.300000    -1.092916 
18.350000    0.645653 
18.400000    -1.521008 
18.450000    0.129082 
18.500000    -1.028717 
18.550000    1.630800 
18.600000    0.108917 
18.650000    0.503069 
18.700000    0.356554 
18.750000    0.220471 
18.800000    0.228195 
18.850000    0.202620 
18.900000    -1.534578 
18.950000    -0.617742 
19.000000    0.211182 
19.050000    0.121450 
19.100000    -1.171495 
19.150000    -0.818834 
19.200000    -0.246514 
19.250000    -0.920364 
19.300000    1.392640 
19.350000    0.920985 
19.400000    -1.088034 
19.450000    1.123505 
19.500000    -0.115132 
19.550000    0.038103 
19.600000    0.136706 
19.650000    0.619219 
19.700000    -0.504617 
19.750000    -0.194906 
19.799999    -0.698183 
19.849999    -0.963668 
19.899999    -0.313979 
19.949999    -1.200264 


Reverse Correlation Function   