Time    Magnitude 

0.000000    -9.120569 
0.050000    -7.936161 
0.100000    7.137732 
0.150000    10.052940 
0.200000    2.761783 
0.250000    -1.454695 
0.300000    3.322607 
0.350000    -12.190401 
0.400000    7.139779 
0.450000    12.570759 
0.500000    -2.520639 
0.550000    3.010242 
0.600000    5.704326 
0.650000    11.086524 
0.700000    11.928889 
0.750000    12.036370 
0.800000    -1.363642 
0.850000    7.052786 
0.900000    0.191831 
0.950000    -1.580324 
1.000000    4.782755 
1.050000    1.419131 
1.100000    -1.381381 
1.150000    0.643509 
1.200000    0.057622 
1.250000    -21.902340 
1.300000    -16.540812 
1.350000    -2.549999 
1.400000    18.280869 
1.450000    -6.194773 
1.500000    4.169122 
1.550000    7.993592 
1.600000    -3.380042 
1.650000    -0.387292 
1.700000    -4.208766 
1.750000    -10.700395 
1.800000    7.482632 
1.850000    1.295833 
1.900000    -7.132321 
1.950000    5.184245 
2.000000    1.720703 
2.050000    13.201051 
2.100000    2.495419 
2.150000    -1.232516 
2.200000    -4.520586 
2.250000    1.822637 
2.300000    -1.576896 
2.350000    -8.808885 
2.400000    -11.018539 
2.450000    14.959956 
2.500000    -17.996016 
2.550000    -0.201784 
2.600000    13.073057 
2.650000    11.621976 
2.700000    12.876008 
2.750000    42.999508 
2.800000    26.691957 
2.850000    33.947266 
2.900000    25.346392 
2.950000    -14.973804 
3.000000    -40.337166 
3.050000    -64.412560 
3.100000    -63.327499 
3.150000    -23.683165 
3.200000    40.374641 
3.250000    70.513634 
3.300000    77.527794 
3.350000    24.458193 
3.400000    -30.392454 
3.450000    -70.052818 
3.500000    -71.121361 
3.550000    -27.021992 
3.600000    29.937769 
3.650000    78.278183 
3.700000    87.138275 
3.750000    13.555424 
3.800000    -34.702515 
3.850000    -73.287483 
3.900000    -52.945747 
3.950000    -23.381790 
4.000000    28.377569 
4.050000    63.258930 
4.100000    51.581711 
4.150000    0.751279 
4.200000    -13.208620 
4.250000    -39.149883 
4.300000    -20.853977 
4.350000    9.749146 
4.400000    35.941086 
4.450000    30.794909 
4.500000    18.235075 
4.550000    -5.129753 
4.600000    -36.859982 
4.650000    -36.431480 
4.700000    -13.377575 
4.750000    6.495915 
4.800000    31.936569 
4.850000    13.326839 
4.900000    -5.835589 
4.950000    16.384586 
5.000000    -7.606732 
5.050000    5.365994 
5.100000    -1.714704 
5.150000    -4.210228 
5.200000    5.763992 
5.250000    10.359087 
5.300000    -2.153450 
5.350000    3.327068 
5.400000    -3.352212 
5.450000    9.476981 
5.500000    -3.141320 
5.550000    -11.274675 
5.600000    -7.918318 
5.650000    -17.542994 
5.700000    8.599012 
5.750000    -14.450006 
5.800000    -3.571000 
5.850000    3.896498 
5.900000    4.125516 
5.950000    3.148324 
6.000000    9.535390 
6.050000    4.551558 
6.100000    -18.161793 
6.150000    -7.275674 
6.200000    -20.211739 
6.250000    -7.850519 
6.300000    4.552943 
6.350000    0.251524 
6.400000    -8.211891 
6.450000    -3.717244 
6.500000    -8.018858 
6.550000    16.465021 
6.600000    -1.518853 
6.650000    -13.024038 
6.700000    -12.833045 
6.750000    7.631430 
6.800000    4.236558 
6.850000    0.915528 
6.900000    0.129883 
6.950000    12.227199 
7.000000    -10.341439 
7.050000    -13.549558 
7.100000    -1.312534 
7.150000    5.548920 
7.200000    5.592913 
7.250000    12.187591 
7.300000    -5.750182 
7.350000    -4.674303 
7.400000    6.013490 
7.450000    -6.661816 
7.500000    -3.925306 
7.550000    12.332166 
7.600000    14.432179 
7.650000    12.334328 
7.700000    2.558661 
7.750000    -4.637970 
7.800000    15.153210 
7.850000    -6.836052 
7.900000    1.012648 
7.950000    -2.109935 
8.000000    6.453450 
8.050000    5.419749 
8.100000    3.239369 
8.150000    0.116012 
8.200000    3.379506 
8.250000    2.616459 
8.300000    -2.546882 
8.350000    -6.631023 
8.400000    -19.732130 
8.450000    -1.966966 
8.500000    -11.566310 
8.550000    4.822691 
8.600000    10.037326 
8.650000    -13.942639 
8.700000    1.041801 
8.750000    -16.210394 
8.800000    -0.970155 
8.850000    -9.440644 
8.900000    -1.665103 
8.950000    -6.100856 
9.000000    -6.985704 
9.050000    -0.499653 
9.100000    6.458227 
9.150000    -2.387848 
9.200000    7.907683 
9.250000    2.852807 
9.300000    -6.989773 
9.350000    9.579380 
9.400000    -5.973237 
9.450000    -8.295351 
9.500000    12.543387 
9.550000    -2.130567 
9.600000    8.512816 
9.650000    17.112774 
9.700000    13.077147 
9.750000    -2.798932 
9.800000    16.290449 
9.850000    -3.311489 
9.900000    14.302726 
9.950000    2.803269 
10.000000    3.704695 
10.050000    1.979619 
10.100000    19.087330 
10.150000    -4.790998 
10.200000    1.417254 
10.250000    0.463281 
10.300000    19.834236 
10.350000    9.345674 
10.400000    -1.663770 
10.450000    -5.171340 
10.500000    1.768857 
10.550000    -11.978948 
10.600000    -3.424709 
10.650000    2.679564 
10.700000    -2.320641 
10.750000    -7.332831 
10.800000    -10.518720 
10.850000    -4.239793 
10.900000    1.358479 
10.950000    -12.540833 
11.000000    -7.776455 
11.050000    6.146661 
11.100000    22.925833 
11.150000    -1.130204 
11.200000    -3.760358 
11.250000    -4.336945 
11.300000    0.670597 
11.350000    14.078313 
11.400000    -3.115248 
11.450000    10.722004 
11.500000    8.286975 
11.550000    -4.764666 
11.600000    4.668540 
11.650000    1.749679 
11.700000    8.594200 
11.750000    -2.147704 
11.800000    1.117965 
11.850000    10.137306 
11.900000    -0.087191 
11.950000    2.387015 
12.000000    11.483123 
12.050000    1.536294 
12.100000    -2.931175 
12.150000    13.460466 
12.200000    -14.065311 
12.250000    -0.135032 
12.300000    -2.394525 
12.350000    7.306770 
12.400000    -15.103381 
12.450000    -5.043371 
12.500000    14.392573 
12.550000    -0.708586 
12.600000    8.072383 
12.650000    -11.926311 
12.700000    2.495049 
12.750000    8.859883 
12.800000    0.751264 
12.850000    -8.666461 
12.900000    8.978301 
12.950000    1.590936 
13.000000    3.731012 
13.050000    14.473892 
13.100000    -10.503254 
13.150000    -7.160716 
13.200000    -4.089726 
13.250000    -17.582937 
13.300000    4.885728 
13.350000    9.401522 
13.400000    -1.751745 
13.450000    -2.564423 
13.500000    10.421435 
13.550000    7.238121 
13.600000    -0.614046 
13.650000    -7.236758 
13.700000    5.745024 
13.750000    -3.608087 
13.800000    -2.971222 
13.850000    -4.645526 
13.900000    10.590768 
13.950000    16.909830 
14.000000    -12.947497 
14.050000    -3.086089 
14.100000    4.049751 
14.150000    -3.857685 
14.200000    -13.698670 
14.250000    15.805793 
14.300000    3.951854 
14.350000    -20.633009 
14.400000    -8.482045 
14.450000    -2.021997 
14.500000    1.569789 
14.550000    7.940125 
14.600000    -11.323359 
14.650000    -3.085252 
14.700000    -3.910023 
14.750000    17.558094 
14.800000    0.626326 
14.850000    12.962612 
14.900000    -13.311842 
14.950000    -0.600844 
15.000000    -1.558587 
15.050000    -18.023701 
15.100000    -5.304068 
15.150000    6.065922 
15.200000    -10.375465 
15.250000    9.110223 
15.300000    -20.586897 
15.350000    -4.009022 
15.400000    8.151298 
15.450000    -4.121267 
15.500000    17.397854 
15.550000    8.548491 
15.600000    3.764032 
15.650000    -1.169602 
15.700000    13.855535 
15.750000    10.331903 
15.800000    8.610970 
15.850000    -8.364501 
15.900000    -2.811964 
15.950000    -13.424299 
16.000000    6.336134 
16.050000    -17.522116 
16.100000    -13.119657 
16.150000    0.184412 
16.200000    14.304882 
16.250000    -4.704755 
16.300000    -4.275619 
16.350000    2.506631 
16.400000    9.544664 
16.450000    12.502357 
16.500000    -3.363953 
16.550000    0.615733 
16.600000    8.718944 
16.650000    5.926275 
16.700000    1.396647 
16.750000    15.056961 
16.800000    -4.849168 
16.850000    3.586928 
16.900000    -3.322153 
16.950000    13.915084 
17.000000    10.134395 
17.050000    2.078317 
17.100000    -8.827323 
17.150000    4.393103 
17.200000    -13.226448 
17.250000    -20.824930 
17.300000    2.489288 
17.350000    -2.444550 
17.400000    -11.279367 
17.450000    -0.302989 
17.500000    -2.634540 
17.550000    17.673527 
17.600000    -6.509654 
17.650000    -2.269124 
17.700000    10.950942 
17.750000    8.398998 
17.800000    11.914081 
17.850000    3.963034 
17.900000    8.040086 
17.950000    4.950019 
18.000000    -6.113979 
18.050000    -1.966103 
18.100000    -12.359935 
18.150000    -19.092123 
18.200000    -1.902926 
18.250000    -12.657702 
18.300000    9.551545 
18.350000    4.779488 
18.400000    -12.408205 
18.450000    10.411495 
18.500000    -4.622601 
18.550000    0.801577 
18.600000    0.486882 
18.650000    -7.362458 
18.700000    -1.633443 
18.750000    -1.674044 
18.800000    3.779856 
18.850000    -2.411808 
18.900000    15.902412 
18.950000    10.471066 
19.000000    8.779223 
19.050000    -7.510436 
19.100000    15.273757 
19.150000    10.778171 
19.200000    -0.817364 
19.250000    -14.852200 
19.300000    1.172900 
19.350000    4.208026 
19.400000    -11.788889 
19.450000    10.192286 
19.500000    -2.748048 
19.550000    -8.594934 
19.600000    -11.652438 
19.650000    4.770108 
19.700000    1.293504 
19.750000    -5.287427 
19.799999    -1.592083 
19.849999    -15.209064 
19.899999    -17.883001 
19.949999    -10.121329 


Reverse Correlation Function   