Time    Magnitude 

0.000000    0.432548 
0.050000    0.759862 
0.100000    -0.062358 
0.150000    -1.588263 
0.200000    -1.676414 
0.250000    -1.745184 
0.300000    0.354405 
0.350000    3.186142 
0.400000    1.094481 
0.450000    2.906152 
0.500000    2.439463 
0.550000    1.937047 
0.600000    0.576750 
0.650000    -0.130081 
0.700000    0.158624 
0.750000    -1.267077 
0.800000    2.875489 
0.850000    1.664252 
0.900000    2.317854 
0.950000    1.239226 
1.000000    1.060045 
1.050000    -0.283914 
1.100000    2.635161 
1.150000    -0.592027 
1.200000    -0.320182 
1.250000    1.061785 
1.300000    1.102915 
1.350000    -0.703344 
1.400000    2.847710 
1.450000    1.259656 
1.500000    0.673778 
1.550000    -1.121927 
1.600000    -0.205044 
1.650000    -0.628788 
1.700000    -3.573801 
1.750000    -0.398146 
1.800000    -0.909817 
1.850000    0.385330 
1.900000    1.984550 
1.950000    0.900615 
2.000000    4.191478 
2.050000    -0.646435 
2.100000    -1.835089 
2.150000    -3.154445 
2.200000    -4.523839 
2.250000    -7.084063 
2.300000    -5.610933 
2.350000    -4.286846 
2.400000    0.772432 
2.450000    4.923315 
2.500000    11.927629 
2.550000    13.549852 
2.600000    10.826642 
2.650000    6.717187 
2.700000    -4.889284 
2.750000    -16.130613 
2.800000    -19.153120 
2.850000    -17.651241 
2.900000    -9.939808 
2.950000    3.641478 
3.000000    14.804403 
3.050000    19.720318 
3.100000    15.711164 
3.150000    6.294767 
3.200000    -4.570928 
3.250000    -11.673064 
3.300000    -17.051880 
3.350000    -14.059461 
3.400000    -4.637056 
3.450000    3.911596 
3.500000    13.526377 
3.550000    13.584663 
3.600000    10.054148 
3.650000    5.323492 
3.700000    -5.954967 
3.750000    -9.517818 
3.800000    -11.358251 
3.850000    -5.389844 
3.900000    0.970830 
3.950000    4.766469 
4.000000    9.982293 
4.050000    7.803272 
4.100000    6.581855 
4.150000    1.099470 
4.200000    -2.235624 
4.250000    -9.173274 
4.300000    -4.973622 
4.350000    -2.972490 
4.400000    1.677404 
4.450000    5.582628 
4.500000    5.180435 
4.550000    2.668571 
4.600000    3.293649 
4.650000    -2.121747 
4.700000    0.090872 
4.750000    -1.959180 
4.800000    -0.953531 
4.850000    -1.694432 
4.900000    2.109933 
4.950000    1.027252 
5.000000    1.142636 
5.050000    2.336157 
5.100000    -1.606856 
5.150000    3.534084 
5.200000    -1.599054 
5.250000    1.536200 
5.300000    0.443622 
5.350000    -1.309617 
5.400000    -1.590731 
5.450000    -2.268413 
5.500000    -2.024525 
5.550000    -0.897006 
5.600000    3.265433 
5.650000    2.519506 
5.700000    1.210820 
5.750000    1.299260 
5.800000    -0.699774 
5.850000    -1.045389 
5.900000    0.141475 
5.950000    -2.767568 
6.000000    -3.951042 
6.050000    -3.022640 
6.100000    -0.836545 
6.150000    1.913898 
6.200000    5.461064 
6.250000    1.954043 
6.300000    2.521928 
6.350000    -0.420040 
6.400000    -1.182613 
6.450000    -2.323558 
6.500000    -3.677871 
6.550000    -2.543454 
6.600000    -1.275104 
6.650000    2.847452 
6.700000    3.072362 
6.750000    4.497306 
6.800000    1.010291 
6.850000    0.072410 
6.900000    1.404546 
6.950000    -0.828250 
7.000000    -2.047113 
7.050000    0.336017 
7.100000    -2.681066 
7.150000    0.456384 
7.200000    2.013457 
7.250000    1.041804 
7.300000    -0.439340 
7.350000    -2.008257 
7.400000    -0.475777 
7.450000    -2.205199 
7.500000    1.271238 
7.550000    2.641394 
7.600000    -0.181872 
7.650000    1.152463 
7.700000    -0.535960 
7.750000    -1.037803 
7.800000    -1.159045 
7.850000    -0.225723 
7.900000    0.211920 
7.950000    -0.955101 
8.000000    -0.268969 
8.050000    -0.036328 
8.100000    -1.404289 
8.150000    -3.044307 
8.200000    -0.537001 
8.250000    0.421350 
8.300000    2.800662 
8.350000    1.431499 
8.400000    1.477358 
8.450000    2.480993 
8.500000    0.887925 
8.550000    -1.712405 
8.600000    -2.591278 
8.650000    -1.271092 
8.700000    -2.070058 
8.750000    -0.738766 
8.800000    0.877672 
8.850000    3.442611 
8.900000    1.408569 
8.950000    1.679574 
9.000000    0.908038 
9.050000    -0.218838 
9.100000    1.596735 
9.150000    -0.349775 
9.200000    0.674647 
9.250000    -0.045621 
9.300000    -1.296471 
9.350000    0.375710 
9.400000    0.551178 
9.450000    0.524550 
9.500000    -0.825205 
9.550000    -0.005225 
9.600000    0.849030 
9.650000    0.359424 
9.700000    0.876903 
9.750000    3.041577 
9.800000    1.744388 
9.850000    0.001650 
9.900000    0.911392 
9.950000    1.369591 
10.000000    -0.727571 
10.050000    0.321216 
10.100000    1.359326 
10.150000    0.999937 
10.200000    1.701517 
10.250000    -0.457027 
10.300000    -0.170115 
10.350000    -1.131886 
10.400000    -0.546640 
10.450000    -0.106458 
10.500000    0.073813 
10.550000    1.990906 
10.600000    1.281922 
10.650000    -3.172818 
10.700000    0.227024 
10.750000    1.366706 
10.800000    -0.441212 
10.850000    -1.358595 
10.900000    -0.852082 
10.950000    1.062972 
11.000000    -3.098563 
11.050000    1.920370 
11.100000    1.350762 
11.150000    -0.359103 
11.200000    0.827899 
11.250000    -2.710303 
11.300000    0.345221 
11.350000    1.790924 
11.400000    2.022375 
11.450000    -2.209632 
11.500000    0.403639 
11.550000    -1.798753 
11.600000    -0.785260 
11.650000    1.710050 
11.700000    0.667399 
11.750000    -0.204111 
11.800000    0.672008 
11.850000    0.668602 
11.900000    0.103575 
11.950000    1.426832 
12.000000    0.284737 
12.050000    0.214901 
12.100000    0.900845 
12.150000    0.716084 
12.200000    1.427559 
12.250000    -0.256896 
12.300000    0.154164 
12.350000    0.659800 
12.400000    0.113916 
12.450000    1.638655 
12.500000    0.194744 
12.550000    -0.615626 
12.600000    0.483025 
12.650000    -0.306678 
12.700000    1.287093 
12.750000    -1.809378 
12.800000    -0.335444 
12.850000    -0.121895 
12.900000    -2.178100 
12.950000    -2.918724 
13.000000    -1.133552 
13.050000    -0.742515 
13.100000    -0.118714 
13.150000    1.656234 
13.200000    -0.801064 
13.250000    1.417431 
13.300000    4.082089 
13.350000    -0.116609 
13.400000    -1.665000 
13.450000    -1.595074 
13.500000    -0.859249 
13.550000    0.955559 
13.600000    -1.623104 
13.650000    2.447016 
13.700000    -0.727781 
13.750000    1.375252 
13.800000    0.558024 
13.850000    3.249663 
13.900000    2.496027 
13.950000    -0.503863 
14.000000    -1.247324 
14.050000    0.945161 
14.100000    0.720738 
14.150000    -1.086468 
14.200000    -1.135521 
14.250000    0.000947 
14.300000    2.763856 
14.350000    0.200180 
14.400000    1.501024 
14.450000    2.282434 
14.500000    -0.080406 
14.550000    1.639979 
14.600000    0.218414 
14.650000    2.273769 
14.700000    -0.517648 
14.750000    -1.297997 
14.800000    0.493399 
14.850000    -0.925637 
14.900000    0.431411 
14.950000    0.350604 
15.000000    0.813615 
15.050000    1.837398 
15.100000    1.156165 
15.150000    -0.665422 
15.200000    0.461103 
15.250000    -1.670940 
15.300000    0.408713 
15.350000    -1.206316 
15.400000    -1.868847 
15.450000    -0.032670 
15.500000    0.888941 
15.550000    0.028164 
15.600000    1.191818 
15.650000    2.678504 
15.700000    -0.430873 
15.750000    -1.705388 
15.800000    -0.931689 
15.850000    0.158554 
15.900000    0.114496 
15.950000    0.544077 
16.000000    3.835581 
16.050000    1.269704 
16.100000    0.960424 
16.150000    -1.518537 
16.200000    -0.463935 
16.250000    -1.263649 
16.300000    1.147146 
16.350000    0.416104 
16.400000    -1.381416 
16.450000    -0.335966 
16.500000    -0.792269 
16.550000    0.683253 
16.600000    -0.760792 
16.650000    1.256005 
16.700000    -1.405972 
16.750000    -1.230763 
16.800000    0.695437 
16.850000    0.094529 
16.900000    -0.116611 
16.950000    -2.125400 
17.000000    2.160691 
17.050000    0.340077 
17.100000    1.685840 
17.150000    2.050667 
17.200000    1.495723 
17.250000    0.845778 
17.300000    -1.295643 
17.350000    0.785419 
17.400000    -2.160521 
17.450000    -0.118673 
17.500000    -1.054109 
17.550000    2.058409 
17.600000    1.680205 
17.650000    2.390776 
17.700000    1.020029 
17.750000    -0.607000 
17.800000    -0.667338 
17.850000    -2.268347 
17.900000    -2.752830 
17.950000    -1.300799 
18.000000    -2.866457 
18.050000    -0.911023 
18.100000    1.202609 
18.150000    0.965159 
18.200000    -0.650786 
18.250000    -1.383074 
18.300000    -1.369177 
18.350000    1.920116 
18.400000    -0.528835 
18.450000    0.534626 
18.500000    0.562010 
18.550000    -0.696229 
18.600000    1.494497 
18.650000    -0.361313 
18.700000    0.187053 
18.750000    1.116380 
18.800000    -0.357156 
18.850000    -1.663595 
18.900000    1.142996 
18.950000    -0.094411 
19.000000    0.784013 
19.050000    -0.153543 
19.100000    -0.421103 
19.150000    0.348194 
19.200000    -1.681719 
19.250000    0.586249 
19.300000    -1.404238 
19.350000    -0.007251 
19.400000    0.739228 
19.450000    -0.732215 
19.500000    -1.530791 
19.550000    -1.006986 
19.600000    -0.223185 
19.650000    -0.906742 
19.700000    -1.343571 
19.750000    0.140701 
19.799999    -1.819770 
19.849999    0.705653 
19.899999    2.611483 
19.949999    -0.858992 


Reverse Correlation Function   