Time    Magnitude 

0.000000    -0.164053 
0.050000    0.307926 
0.100000    0.485376 
0.150000    0.380413 
0.200000    0.867251 
0.250000    0.072540 
0.300000    -0.280027 
0.350000    0.281656 
0.400000    -0.119819 
0.450000    -0.420096 
0.500000    -0.558957 
0.550000    -0.535722 
0.600000    0.459449 
0.650000    -0.095723 
0.700000    -0.124646 
0.750000    1.027230 
0.800000    0.760984 
0.850000    0.636478 
0.900000    0.136165 
0.950000    -0.140181 
1.000000    -0.463591 
1.050000    -0.028877 
1.100000    0.168485 
1.150000    -0.030358 
1.200000    -0.398796 
1.250000    -0.348066 
1.300000    0.342703 
1.350000    0.893448 
1.400000    0.584329 
1.450000    0.536251 
1.500000    0.745916 
1.550000    -0.486467 
1.600000    -0.231099 
1.650000    -0.456915 
1.700000    -0.255531 
1.750000    -0.063608 
1.800000    -0.029628 
1.850000    0.006415 
1.900000    0.346449 
1.950000    -0.112534 
2.000000    0.197220 
2.050000    0.131367 
2.100000    0.426912 
2.150000    0.313833 
2.200000    0.682706 
2.250000    -0.171942 
2.300000    -0.864860 
2.350000    -1.363933 
2.400000    -1.607090 
2.450000    -0.971880 
2.500000    -1.396661 
2.550000    -0.394828 
2.600000    1.511011 
2.650000    2.078403 
2.700000    2.481198 
2.750000    3.063315 
2.800000    2.514055 
2.850000    0.713511 
2.900000    -0.516363 
2.950000    -2.339269 
3.000000    -4.497318 
3.050000    -5.155894 
3.100000    -4.309947 
3.150000    -2.285224 
3.200000    0.868944 
3.250000    2.176494 
3.300000    4.384779 
3.350000    5.211693 
3.400000    4.363009 
3.450000    2.993653 
3.500000    0.414524 
3.550000    -2.041723 
3.600000    -4.140148 
3.650000    -4.868647 
3.700000    -5.402783 
3.750000    -4.036583 
3.800000    -0.835723 
3.850000    1.406710 
3.900000    3.677505 
3.950000    4.201145 
4.000000    4.884387 
4.050000    2.855135 
4.100000    1.438027 
4.150000    -0.784319 
4.200000    -2.482540 
4.250000    -3.446416 
4.300000    -4.544396 
4.350000    -2.095985 
4.400000    -1.170561 
4.450000    0.363286 
4.500000    2.354120 
4.550000    3.069638 
4.600000    3.881300 
4.650000    2.512884 
4.700000    1.972786 
4.750000    -0.441785 
4.800000    -1.200255 
4.850000    -2.425333 
4.900000    -1.769058 
4.950000    -0.763089 
5.000000    -0.913383 
5.050000    0.272146 
5.100000    1.671290 
5.150000    1.432348 
5.200000    1.521470 
5.250000    2.066201 
5.300000    1.115556 
5.350000    -0.363056 
5.400000    -0.663326 
5.450000    -0.824323 
5.500000    -1.504206 
5.550000    -0.382483 
5.600000    -0.445614 
5.650000    0.532928 
5.700000    0.993077 
5.750000    0.839733 
5.800000    0.980940 
5.850000    0.553744 
5.900000    0.952310 
5.950000    0.933954 
6.000000    0.275356 
6.050000    -0.280566 
6.100000    -0.865541 
6.150000    -1.006599 
6.200000    -0.612743 
6.250000    -0.064657 
6.300000    -0.335110 
6.350000    0.064494 
6.400000    0.383907 
6.450000    1.568036 
6.500000    1.080702 
6.550000    0.194302 
6.600000    -0.452634 
6.650000    -0.492403 
6.700000    -0.365606 
6.750000    -0.348139 
6.800000    -0.620900 
6.850000    -0.142604 
6.900000    -1.225720 
6.950000    -0.196575 
7.000000    0.584198 
7.050000    0.223690 
7.100000    1.034463 
7.150000    0.899081 
7.200000    0.634442 
7.250000    0.461358 
7.300000    -0.102670 
7.350000    -1.136323 
7.400000    -0.679344 
7.450000    -0.075575 
7.500000    -0.072326 
7.550000    -0.786730 
7.600000    -0.526593 
7.650000    0.523897 
7.700000    0.804537 
7.750000    0.512431 
7.800000    0.828812 
7.850000    0.124657 
7.900000    -0.547530 
7.950000    -0.493114 
8.000000    0.396804 
8.050000    -0.470691 
8.100000    0.289315 
8.150000    0.122650 
8.200000    0.760924 
8.250000    0.429173 
8.300000    0.399833 
8.350000    0.586622 
8.400000    0.360539 
8.450000    0.673799 
8.500000    0.107620 
8.550000    0.172761 
8.600000    -0.297011 
8.650000    0.562319 
8.700000    0.173775 
8.750000    -0.236395 
8.800000    -0.765898 
8.850000    -0.696193 
8.900000    -0.332392 
8.950000    0.001220 
9.000000    0.213852 
9.050000    0.144488 
9.100000    -0.393556 
9.150000    -0.231531 
9.200000    -0.378443 
9.250000    0.633582 
9.300000    0.207641 
9.350000    0.041826 
9.400000    -0.205715 
9.450000    -0.460882 
9.500000    -0.189860 
9.550000    0.209524 
9.600000    -0.124757 
9.650000    0.316840 
9.700000    0.453332 
9.750000    0.463596 
9.800000    0.194109 
9.850000    -0.246625 
9.900000    -0.308007 
9.950000    -0.117381 
10.000000    0.386883 
10.050000    -0.903953 
10.100000    -0.907260 
10.150000    -0.615267 
10.200000    -0.854951 
10.250000    -0.002651 
10.300000    -0.059731 
10.350000    0.017406 
10.400000    0.806781 
10.450000    -0.072932 
10.500000    0.323712 
10.550000    0.192754 
10.600000    -0.059179 
10.650000    0.025997 
10.700000    0.049374 
10.750000    -0.668586 
10.800000    -0.645778 
10.850000    0.484171 
10.900000    -0.232321 
10.950000    0.666760 
11.000000    -0.590681 
11.050000    -0.374078 
11.100000    0.191858 
11.150000    0.317667 
11.200000    0.178300 
11.250000    0.246330 
11.300000    -0.872390 
11.350000    0.105548 
11.400000    -0.569277 
11.450000    0.367515 
11.500000    0.296023 
11.550000    -0.296967 
11.600000    0.245408 
11.650000    0.846609 
11.700000    0.624588 
11.750000    0.623611 
11.800000    0.126167 
11.850000    -0.250570 
11.900000    0.266698 
11.950000    -0.176174 
12.000000    0.171846 
12.050000    0.649613 
12.100000    -0.358842 
12.150000    -0.126036 
12.200000    0.410296 
12.250000    0.281365 
12.300000    0.101858 
12.350000    0.377160 
12.400000    -0.105594 
12.450000    -0.043504 
12.500000    0.355246 
12.550000    -0.190597 
12.600000    -0.022079 
12.650000    -0.341999 
12.700000    0.140647 
12.750000    -0.315527 
12.800000    0.607720 
12.850000    0.330494 
12.900000    -0.097569 
12.950000    0.258205 
13.000000    0.465662 
13.050000    -0.977868 
13.100000    0.654926 
13.150000    -0.046371 
13.200000    -0.330183 
13.250000    -0.053492 
13.300000    -0.223943 
13.350000    0.320753 
13.400000    0.072096 
13.450000    0.984001 
13.500000    0.003027 
13.550000    0.094853 
13.600000    -0.045797 
13.650000    -0.172860 
13.700000    0.345439 
13.750000    -0.329826 
13.800000    -0.720318 
13.850000    -0.212118 
13.900000    -0.270901 
13.950000    -0.392414 
14.000000    0.037442 
14.050000    -0.168153 
14.100000    0.762770 
14.150000    0.069723 
14.200000    0.189612 
14.250000    0.184298 
14.300000    -0.077156 
14.350000    -0.144302 
14.400000    -0.516528 
14.450000    0.158570 
14.500000    -0.375078 
14.550000    0.612054 
14.600000    0.558535 
14.650000    1.177330 
14.700000    0.261975 
14.750000    0.862430 
14.800000    0.059714 
14.850000    0.337872 
14.900000    0.012842 
14.950000    0.040108 
15.000000    -0.160066 
15.050000    -0.075043 
15.100000    -0.232487 
15.150000    0.372838 
15.200000    0.292281 
15.250000    -0.460413 
15.300000    0.791740 
15.350000    0.200188 
15.400000    0.567230 
15.450000    0.478075 
15.500000    -0.199877 
15.550000    -0.157082 
15.600000    -0.684902 
15.650000    -0.132744 
15.700000    -0.384569 
15.750000    1.055567 
15.800000    0.335124 
15.850000    0.581539 
15.900000    0.344504 
15.950000    0.608692 
16.000000    0.174082 
16.050000    1.053732 
16.100000    -0.114250 
16.150000    -0.335908 
16.200000    -0.024707 
16.250000    0.738835 
16.300000    -0.422393 
16.350000    0.025968 
16.400000    0.056482 
16.450000    0.832315 
16.500000    0.087076 
16.550000    0.039178 
16.600000    0.574766 
16.650000    0.252769 
16.700000    -0.218358 
16.750000    -0.348663 
16.800000    0.185923 
16.850000    -0.455857 
16.900000    0.286796 
16.950000    0.121802 
17.000000    0.057043 
17.050000    -0.111823 
17.100000    0.528461 
17.150000    0.440309 
17.200000    -0.261107 
17.250000    0.170431 
17.300000    -0.318739 
17.350000    0.441447 
17.400000    -0.787080 
17.450000    0.203171 
17.500000    0.007779 
17.550000    0.449576 
17.600000    -0.006906 
17.650000    -0.437961 
17.700000    -0.238963 
17.750000    -0.118340 
17.800000    1.169146 
17.850000    0.035763 
17.900000    0.418011 
17.950000    0.141171 
18.000000    0.277841 
18.050000    0.149302 
18.100000    -0.039828 
18.150000    -0.263555 
18.200000    -0.388714 
18.250000    -0.256418 
18.300000    0.092315 
18.350000    0.031928 
18.400000    1.122000 
18.450000    0.901009 
18.500000    -0.233370 
18.550000    -0.942291 
18.600000    0.322978 
18.650000    0.212414 
18.700000    0.035784 
18.750000    0.087974 
18.800000    0.100581 
18.850000    0.167265 
18.900000    -0.227919 
18.950000    0.172898 
19.000000    -0.176599 
19.050000    -0.256042 
19.100000    0.233686 
19.150000    0.316471 
19.200000    0.452535 
19.250000    0.416473 
19.300000    0.673759 
19.350000    0.600879 
19.400000    -0.299116 
19.450000    -0.356478 
19.500000    0.585041 
19.550000    -0.095362 
19.600000    0.085353 
19.650000    0.099237 
19.700000    -0.249516 
19.750000    -0.373100 
19.799999    0.614031 
19.849999    0.691986 
19.899999    0.229126 
19.949999    0.615993 


Reverse Correlation Function   