Time    Magnitude 

0.000000    -20.935789 
0.050000    -20.145113 
0.100000    2.919274 
0.150000    -5.282900 
0.200000    -5.363407 
0.250000    12.781607 
0.300000    -9.613764 
0.350000    -18.686644 
0.400000    2.596130 
0.450000    -26.058365 
0.500000    7.342903 
0.550000    -4.797653 
0.600000    2.792227 
0.650000    9.193577 
0.700000    2.675832 
0.750000    14.300097 
0.800000    9.358264 
0.850000    -2.107885 
0.900000    -4.101449 
0.950000    10.728148 
1.000000    -16.428823 
1.050000    -8.050177 
1.100000    8.696046 
1.150000    -4.077121 
1.200000    -9.215075 
1.250000    -6.223448 
1.300000    -9.436768 
1.350000    11.634222 
1.400000    1.547433 
1.450000    -7.737640 
1.500000    -3.211510 
1.550000    -6.781918 
1.600000    4.966904 
1.650000    -10.204042 
1.700000    -14.721839 
1.750000    2.666634 
1.800000    -10.184721 
1.850000    -14.420969 
1.900000    -10.410188 
1.950000    7.449938 
2.000000    11.522179 
2.050000    6.152085 
2.100000    1.116706 
2.150000    6.692480 
2.200000    -8.668431 
2.250000    -4.404332 
2.300000    -10.642485 
2.350000    15.039807 
2.400000    -8.618053 
2.450000    -11.738040 
2.500000    11.715330 
2.550000    20.090508 
2.600000    23.441170 
2.650000    0.217289 
2.700000    25.227354 
2.750000    18.786242 
2.800000    23.262152 
2.850000    22.946339 
2.900000    27.689447 
2.950000    22.099537 
3.000000    10.418190 
3.050000    18.565948 
3.100000    25.704910 
3.150000    9.713202 
3.200000    9.895173 
3.250000    -13.108790 
3.300000    -16.701488 
3.350000    -28.624676 
3.400000    -31.716475 
3.450000    -47.647102 
3.500000    -44.393520 
3.550000    -64.372414 
3.600000    -73.856674 
3.650000    -69.081741 
3.700000    -47.184017 
3.750000    -32.598553 
3.800000    -27.513741 
3.850000    -4.729393 
3.900000    -5.165062 
3.950000    22.885159 
4.000000    68.151161 
4.050000    61.269588 
4.100000    89.359535 
4.150000    87.754402 
4.200000    115.456261 
4.250000    85.986885 
4.300000    99.597595 
4.350000    102.709427 
4.400000    84.463356 
4.450000    80.803337 
4.500000    62.993465 
4.550000    60.211578 
4.600000    23.892313 
4.650000    4.464355 
4.700000    -26.501759 
4.750000    -36.695934 
4.800000    -48.297760 
4.850000    -65.704216 
4.900000    -77.813301 
4.950000    -97.044769 
5.000000    -78.070343 
5.050000    -112.855011 
5.100000    -100.404800 
5.150000    -89.752640 
5.200000    -64.289948 
5.250000    -58.265133 
5.300000    -66.089920 
5.350000    -44.607349 
5.400000    -29.856655 
5.450000    -16.573780 
5.500000    -3.970570 
5.550000    22.151484 
5.600000    4.332396 
5.650000    54.265903 
5.700000    33.052399 
5.750000    50.320656 
5.800000    42.660786 
5.850000    74.873184 
5.900000    58.714111 
5.950000    66.174713 
6.000000    54.052116 
6.050000    29.621605 
6.100000    56.318851 
6.150000    46.874500 
6.200000    20.410479 
6.250000    20.479687 
6.300000    13.964760 
6.350000    5.789967 
6.400000    15.773094 
6.450000    4.023153 
6.500000    4.423199 
6.550000    -8.461476 
6.600000    -3.660247 
6.650000    -9.746317 
6.700000    -6.305622 
6.750000    -8.448848 
6.800000    -22.842899 
6.850000    -5.341236 
6.900000    -26.569847 
6.950000    -20.806507 
7.000000    -28.515331 
7.050000    -8.601255 
7.100000    -8.270473 
7.150000    -20.520735 
7.200000    -11.621321 
7.250000    -2.599005 
7.300000    -9.517574 
7.350000    -3.654117 
7.400000    -6.252379 
7.450000    17.655066 
7.500000    -3.131658 
7.550000    5.915306 
7.600000    0.534357 
7.650000    18.839050 
7.700000    6.149575 
7.750000    3.937259 
7.800000    -3.996868 
7.850000    10.161113 
7.900000    7.853751 
7.950000    8.608707 
8.000000    -10.987078 
8.050000    4.626698 
8.100000    12.925923 
8.150000    12.135418 
8.200000    6.286726 
8.250000    2.769979 
8.300000    0.137763 
8.350000    19.573393 
8.400000    24.485811 
8.450000    -0.939057 
8.500000    -21.093491 
8.550000    -9.435281 
8.600000    -17.089424 
8.650000    6.480997 
8.700000    -14.775192 
8.750000    -3.672910 
8.800000    1.938548 
8.850000    -8.941259 
8.900000    22.355364 
8.950000    -11.792714 
9.000000    2.947029 
9.050000    -1.590913 
9.100000    -3.497343 
9.150000    18.205385 
9.200000    1.849039 
9.250000    11.344626 
9.300000    14.801346 
9.350000    3.959098 
9.400000    16.305195 
9.450000    24.258911 
9.500000    19.146536 
9.550000    16.076868 
9.600000    0.954252 
9.650000    -4.838166 
9.700000    -9.324617 
9.750000    21.952267 
9.800000    3.316013 
9.850000    -7.581466 
9.900000    -23.162783 
9.950000    14.523645 
10.000000    8.714198 
10.050000    -21.121346 
10.100000    11.500260 
10.150000    -13.976858 
10.200000    -15.207105 
10.250000    4.585011 
10.300000    -10.837143 
10.350000    -14.590734 
10.400000    -2.114134 
10.450000    12.890532 
10.500000    1.473441 
10.550000    -11.285584 
10.600000    21.365385 
10.650000    -0.664756 
10.700000    -6.461069 
10.750000    -1.890873 
10.800000    14.300938 
10.850000    8.113438 
10.900000    0.698978 
10.950000    12.285480 
11.000000    -25.113440 
11.050000    13.653532 
11.100000    -2.505525 
11.150000    7.294889 
11.200000    -9.937026 
11.250000    -3.846245 
11.300000    5.378275 
11.350000    8.540519 
11.400000    1.307109 
11.450000    1.454068 
11.500000    27.112162 
11.550000    -9.439255 
11.600000    11.853592 
11.650000    -9.021564 
11.700000    -3.971826 
11.750000    3.653087 
11.800000    12.662024 
11.850000    -2.817226 
11.900000    13.875572 
11.950000    14.505452 
12.000000    10.521153 
12.050000    9.538635 
12.100000    20.145193 
12.150000    18.023607 
12.200000    -13.387230 
12.250000    3.833084 
12.300000    26.575060 
12.350000    -5.806303 
12.400000    6.827711 
12.450000    -0.961342 
12.500000    8.427350 
12.550000    -12.848085 
12.600000    -8.661590 
12.650000    -9.962564 
12.700000    -13.367453 
12.750000    13.416243 
12.800000    20.049025 
12.850000    6.973931 
12.900000    -5.991804 
12.950000    1.295145 
13.000000    7.609560 
13.050000    -13.891349 
13.100000    17.336111 
13.150000    -6.069455 
13.200000    15.492915 
13.250000    4.281143 
13.300000    10.273302 
13.350000    -12.186422 
13.400000    -10.173917 
13.450000    3.263262 
13.500000    -9.024067 
13.550000    15.407453 
13.600000    9.515229 
13.650000    14.290236 
13.700000    -5.693416 
13.750000    -7.393540 
13.800000    -4.035758 
13.850000    -13.020777 
13.900000    -3.533108 
13.950000    9.557856 
14.000000    3.058827 
14.050000    2.177784 
14.100000    -4.913151 
14.150000    -9.652312 
14.200000    0.094292 
14.250000    3.846532 
14.300000    -0.025703 
14.350000    7.044621 
14.400000    -6.643698 
14.450000    0.470359 
14.500000    9.827313 
14.550000    -6.304618 
14.600000    5.801030 
14.650000    -27.143667 
14.700000    -8.226478 
14.750000    -9.191213 
14.800000    -4.880744 
14.850000    2.610995 
14.900000    -21.925201 
14.950000    -11.467278 
15.000000    -1.456804 
15.050000    16.260168 
15.100000    1.636202 
15.150000    -3.077065 
15.200000    -1.004416 
15.250000    1.519152 
15.300000    14.848917 
15.350000    5.918333 
15.400000    2.726159 
15.450000    4.647469 
15.500000    11.250800 
15.550000    30.061434 
15.600000    17.272367 
15.650000    34.401218 
15.700000    3.193811 
15.750000    8.697056 
15.800000    -6.477328 
15.850000    2.646899 
15.900000    -1.109596 
15.950000    -19.981789 
16.000000    -4.846784 
16.050000    -17.011826 
16.100000    -28.928076 
16.150000    0.869717 
16.200000    -7.697471 
16.250000    -18.811872 
16.300000    -8.192104 
16.350000    -9.696638 
16.400000    -9.922753 
16.450000    -1.043952 
16.500000    4.692452 
16.550000    -0.276019 
16.600000    -13.806994 
16.650000    -3.171385 
16.700000    -14.369347 
16.750000    -2.773093 
16.800000    16.437122 
16.850000    -12.554800 
16.900000    16.205065 
16.950000    8.720623 
17.000000    14.389371 
17.050000    0.037487 
17.100000    11.783677 
17.150000    8.777060 
17.200000    21.586485 
17.250000    11.142220 
17.300000    3.914589 
17.350000    -10.629803 
17.400000    -1.979816 
17.450000    -11.609297 
17.500000    14.816848 
17.550000    1.124141 
17.600000    -18.048519 
17.650000    -2.970159 
17.700000    -11.444866 
17.750000    -2.710648 
17.800000    -8.274737 
17.850000    -4.518270 
17.900000    1.298295 
17.950000    -2.454931 
18.000000    -14.069786 
18.050000    -9.862223 
18.100000    19.921846 
18.150000    -3.967844 
18.200000    4.554003 
18.250000    -4.683784 
18.300000    1.590465 
18.350000    -5.777502 
18.400000    13.181746 
18.450000    3.540206 
18.500000    7.301725 
18.550000    7.233320 
18.600000    -8.931536 
18.650000    -5.385891 
18.700000    5.431374 
18.750000    7.862717 
18.800000    -9.086055 
18.850000    -3.390757 
18.900000    10.968899 
18.950000    -13.414123 
19.000000    -9.476556 
19.050000    5.413533 
19.100000    -11.323270 
19.150000    6.968803 
19.200000    14.130317 
19.250000    15.574057 
19.300000    -0.758771 
19.350000    7.761979 
19.400000    -10.164966 
19.450000    -14.959845 
19.500000    -0.402169 
19.550000    5.573740 
19.600000    11.066943 
19.650000    17.044104 
19.700000    16.796614 
19.750000    -3.704963 
19.799999    14.570333 
19.849999    -7.025369 
19.899999    0.407755 
19.949999    -5.722551 


Reverse Correlation Function   