Time    Magnitude 

0.000000    -1.326997 
0.050000    -6.097852 
0.100000    1.326145 
0.150000    -4.289949 
0.200000    -4.618988 
0.250000    -2.964206 
0.300000    -1.227760 
0.350000    7.118241 
0.400000    7.628669 
0.450000    9.669392 
0.500000    -1.911161 
0.550000    14.080763 
0.600000    10.763025 
0.650000    -5.337771 
0.700000    7.397787 
0.750000    3.416858 
0.800000    -6.867696 
0.850000    -4.001521 
0.900000    4.248911 
0.950000    4.203053 
1.000000    -4.178977 
1.050000    11.083549 
1.100000    -6.895661 
1.150000    0.840645 
1.200000    4.664882 
1.250000    -4.109880 
1.300000    -2.429609 
1.350000    1.007835 
1.400000    3.364979 
1.450000    0.958374 
1.500000    -1.717940 
1.550000    -1.029827 
1.600000    -6.461180 
1.650000    0.194318 
1.700000    -1.488238 
1.750000    -1.326045 
1.800000    8.252014 
1.850000    5.837884 
1.900000    2.301892 
1.950000    8.140368 
2.000000    4.838779 
2.050000    -1.127695 
2.100000    -15.969770 
2.150000    -27.809509 
2.200000    -36.848618 
2.250000    -27.201134 
2.300000    -21.398888 
2.350000    0.516807 
2.400000    23.437628 
2.450000    38.029507 
2.500000    57.352089 
2.550000    52.023430 
2.600000    20.027433 
2.650000    -16.698524 
2.700000    -59.553719 
2.750000    -66.794960 
2.800000    -66.173409 
2.850000    -36.434589 
2.900000    14.182581 
2.950000    53.203239 
3.000000    61.412582 
3.050000    62.101959 
3.100000    39.572636 
3.150000    -0.870332 
3.200000    -35.217842 
3.250000    -53.327271 
3.300000    -48.523060 
3.350000    -28.128166 
3.400000    0.114589 
3.450000    35.493477 
3.500000    43.735165 
3.550000    46.153473 
3.600000    28.100929 
3.650000    5.119230 
3.700000    -12.537930 
3.750000    -26.163857 
3.800000    -19.357225 
3.850000    -19.310547 
3.900000    -2.940776 
3.950000    18.113865 
4.000000    18.492178 
4.050000    21.289742 
4.100000    11.590625 
4.150000    1.988781 
4.200000    -5.309039 
4.250000    -20.428722 
4.300000    -11.812205 
4.350000    -8.902608 
4.400000    12.429108 
4.450000    7.851501 
4.500000    0.599226 
4.550000    9.459976 
4.600000    3.296175 
4.650000    1.654120 
4.700000    3.419168 
4.750000    -5.740544 
4.800000    -6.607951 
4.850000    -6.914276 
4.900000    -6.551269 
4.950000    3.020992 
5.000000    -0.878060 
5.050000    -0.815178 
5.100000    5.371027 
5.150000    2.741633 
5.200000    2.398981 
5.250000    9.808343 
5.300000    -4.929869 
5.350000    -7.562332 
5.400000    -9.834595 
5.450000    -1.483485 
5.500000    8.770651 
5.550000    3.189473 
5.600000    10.028656 
5.650000    14.829956 
5.700000    6.331699 
5.750000    2.669229 
5.800000    2.401757 
5.850000    -10.097013 
5.900000    -7.779866 
5.950000    -7.693479 
6.000000    -9.272108 
6.050000    0.634169 
6.100000    -1.692837 
6.150000    2.800352 
6.200000    6.473294 
6.250000    7.548332 
6.300000    2.609494 
6.350000    2.440308 
6.400000    -5.332743 
6.450000    -7.065880 
6.500000    -9.218096 
6.550000    -1.284686 
6.600000    4.386308 
6.650000    -1.976896 
6.700000    -1.099590 
6.750000    3.328240 
6.800000    -4.413985 
6.850000    3.672132 
6.900000    1.456490 
6.950000    -6.963890 
7.000000    2.653936 
7.050000    -2.457934 
7.100000    1.630065 
7.150000    -0.172982 
7.200000    4.161559 
7.250000    2.044493 
7.300000    1.237232 
7.350000    -3.985321 
7.400000    4.715351 
7.450000    -1.120293 
7.500000    -0.338287 
7.550000    1.371600 
7.600000    -0.699670 
7.650000    2.284305 
7.700000    2.755015 
7.750000    2.896192 
7.800000    7.578574 
7.850000    0.552672 
7.900000    -0.077744 
7.950000    3.736849 
8.000000    -6.063930 
8.050000    -9.464954 
8.100000    -4.751648 
8.150000    -0.397105 
8.200000    9.212646 
8.250000    6.549348 
8.300000    2.233846 
8.350000    5.602666 
8.400000    1.013163 
8.450000    1.156782 
8.500000    -0.464728 
8.550000    -5.660076 
8.600000    -9.442284 
8.650000    2.952381 
8.700000    -2.241475 
8.750000    4.531806 
8.800000    7.131722 
8.850000    13.015330 
8.900000    2.881761 
8.950000    3.033524 
9.000000    -0.364539 
9.050000    -0.101353 
9.100000    -2.244910 
9.150000    5.506783 
9.200000    1.625773 
9.250000    -1.734601 
9.300000    6.036776 
9.350000    1.621532 
9.400000    -0.738980 
9.450000    7.087628 
9.500000    6.496254 
9.550000    -6.517277 
9.600000    0.230699 
9.650000    6.685517 
9.700000    -3.513352 
9.750000    3.168860 
9.800000    3.518910 
9.850000    -4.848663 
9.900000    9.257036 
9.950000    -5.060005 
10.000000    7.607233 
10.050000    -4.872178 
10.100000    6.943771 
10.150000    6.664108 
10.200000    3.999416 
10.250000    1.958912 
10.300000    0.926149 
10.350000    0.060149 
10.400000    9.576549 
10.450000    2.198094 
10.500000    -6.776986 
10.550000    4.214147 
10.600000    4.672541 
10.650000    0.237219 
10.700000    -3.557769 
10.750000    -3.634722 
10.800000    0.759503 
10.850000    1.350674 
10.900000    -2.342046 
10.950000    -8.787386 
11.000000    -0.959947 
11.050000    0.563812 
11.100000    -0.616253 
11.150000    -1.450235 
11.200000    -4.619095 
11.250000    3.537300 
11.300000    -7.573779 
11.350000    -3.486317 
11.400000    1.794909 
11.450000    -3.553837 
11.500000    0.424240 
11.550000    -2.032865 
11.600000    -2.676939 
11.650000    3.586651 
11.700000    5.996339 
11.750000    5.336137 
11.800000    -0.078728 
11.850000    1.283073 
11.900000    1.406859 
11.950000    2.025631 
12.000000    2.465023 
12.050000    3.285585 
12.100000    0.968705 
12.150000    0.540570 
12.200000    -0.501320 
12.250000    -4.341711 
12.300000    1.065447 
12.350000    -2.712974 
12.400000    3.489214 
12.450000    0.194267 
12.500000    1.671174 
12.550000    -2.410846 
12.600000    -1.528649 
12.650000    4.756113 
12.700000    6.269336 
12.750000    -1.044110 
12.800000    9.060202 
12.850000    -3.401056 
12.900000    8.353982 
12.950000    -2.646179 
13.000000    -4.733655 
13.050000    -3.931057 
13.100000    7.209676 
13.150000    -1.890280 
13.200000    8.727020 
13.250000    1.648432 
13.300000    1.803083 
13.350000    3.731520 
13.400000    -3.656874 
13.450000    -11.252728 
13.500000    -6.987433 
13.550000    2.682750 
13.600000    2.768095 
13.650000    5.093063 
13.700000    4.063998 
13.750000    1.546423 
13.800000    6.458351 
13.850000    3.414891 
13.900000    -0.370657 
13.950000    5.603748 
14.000000    0.080299 
14.050000    -1.383640 
14.100000    -1.225350 
14.150000    -4.827920 
14.200000    -7.669169 
14.250000    2.170472 
14.300000    0.706667 
14.350000    -2.156018 
14.400000    2.287570 
14.450000    -4.074719 
14.500000    2.825353 
14.550000    1.252373 
14.600000    1.436317 
14.650000    -1.125906 
14.700000    -13.637633 
14.750000    -2.022026 
14.800000    -0.806398 
14.850000    -5.609994 
14.900000    3.303446 
14.950000    4.385334 
15.000000    -0.116313 
15.050000    8.451261 
15.100000    -2.980309 
15.150000    5.687444 
15.200000    -5.092775 
15.250000    -9.214823 
15.300000    -0.098901 
15.350000    3.136286 
15.400000    -2.622038 
15.450000    2.277354 
15.500000    4.337031 
15.550000    -0.403966 
15.600000    11.342215 
15.650000    -2.811842 
15.700000    -1.205372 
15.750000    -0.052082 
15.800000    -10.818455 
15.850000    -2.696003 
15.900000    -1.472080 
15.950000    2.464674 
16.000000    6.153626 
16.050000    8.895722 
16.100000    6.207615 
16.150000    9.176012 
16.200000    0.763860 
16.250000    4.160454 
16.300000    6.550360 
16.350000    7.432887 
16.400000    5.503803 
16.450000    5.572368 
16.500000    1.881999 
16.550000    5.733566 
16.600000    3.784349 
16.650000    5.617329 
16.700000    3.371309 
16.750000    4.134995 
16.800000    2.924260 
16.850000    -1.100675 
16.900000    3.321435 
16.950000    1.566121 
17.000000    -3.002867 
17.050000    1.520264 
17.100000    4.088311 
17.150000    3.331275 
17.200000    2.248147 
17.250000    -3.104434 
17.300000    -3.709178 
17.350000    -4.060704 
17.400000    -3.194077 
17.450000    -3.336910 
17.500000    -1.390517 
17.550000    0.473021 
17.600000    3.184357 
17.650000    6.634452 
17.700000    0.483859 
17.750000    2.255375 
17.800000    -9.338877 
17.850000    -3.697482 
17.900000    -7.667846 
17.950000    -9.268083 
18.000000    0.312859 
18.050000    3.579881 
18.100000    4.997691 
18.150000    3.664187 
18.200000    -4.775523 
18.250000    -8.613611 
18.300000    -2.535956 
18.350000    -6.508825 
18.400000    -6.223728 
18.450000    8.721065 
18.500000    -2.800851 
18.550000    -1.925874 
18.600000    4.872405 
18.650000    1.527475 
18.700000    7.952221 
18.750000    3.776590 
18.800000    -7.009919 
18.850000    2.585742 
18.900000    0.756225 
18.950000    1.700559 
19.000000    -2.160542 
19.050000    -0.830817 
19.100000    0.101399 
19.150000    -4.942917 
19.200000    -2.039970 
19.250000    -5.771915 
19.300000    -3.897305 
19.350000    -9.211309 
19.400000    1.120578 
19.450000    1.417494 
19.500000    -0.655347 
19.550000    -4.414767 
19.600000    -2.156013 
19.650000    0.508365 
19.700000    -11.088815 
19.750000    1.045292 
19.799999    1.905463 
19.849999    0.865814 
19.899999    8.441280 
19.949999    3.902245 


Reverse Correlation Function   