Time    Magnitude 

0.000000    -2.353934 
0.050000    -6.317779 
0.100000    -0.710781 
0.150000    -2.473690 
0.200000    0.254160 
0.250000    -2.274419 
0.300000    1.874706 
0.350000    -4.145013 
0.400000    -2.403936 
0.450000    3.464192 
0.500000    -1.407976 
0.550000    1.327847 
0.600000    0.560629 
0.650000    7.203471 
0.700000    -0.409512 
0.750000    -1.684912 
0.800000    0.242058 
0.850000    -0.789211 
0.900000    -1.119822 
0.950000    -0.437702 
1.000000    5.601923 
1.050000    -0.351828 
1.100000    0.764949 
1.150000    -4.533464 
1.200000    -0.461020 
1.250000    2.473018 
1.300000    3.834695 
1.350000    2.653795 
1.400000    0.451248 
1.450000    0.787260 
1.500000    5.076064 
1.550000    1.404995 
1.600000    -6.060987 
1.650000    2.225799 
1.700000    -3.083682 
1.750000    -1.605888 
1.800000    1.830472 
1.850000    2.119827 
1.900000    4.512299 
1.950000    -3.108701 
2.000000    -3.708578 
2.050000    0.239916 
2.100000    -3.498336 
2.150000    0.436787 
2.200000    1.858966 
2.250000    -2.477959 
2.300000    0.465322 
2.350000    -2.932797 
2.400000    -4.254753 
2.450000    -3.362881 
2.500000    -3.238102 
2.550000    -0.368650 
2.600000    -1.531392 
2.650000    -3.219084 
2.700000    3.064580 
2.750000    8.124980 
2.800000    2.107128 
2.850000    5.582483 
2.900000    3.820444 
2.950000    -1.725851 
3.000000    -13.721946 
3.050000    -20.325487 
3.100000    -10.645107 
3.150000    2.146150 
3.200000    9.268388 
3.250000    23.129377 
3.300000    19.159380 
3.350000    7.407197 
3.400000    -11.675920 
3.450000    -25.306242 
3.500000    -23.431742 
3.550000    -8.954982 
3.600000    16.338415 
3.650000    21.519295 
3.700000    16.362833 
3.750000    -1.077351 
3.800000    -17.822607 
3.850000    -30.261089 
3.900000    -20.182245 
3.950000    -3.706079 
4.000000    20.524450 
4.050000    26.039156 
4.100000    10.953304 
4.150000    -6.702799 
4.200000    -19.867825 
4.250000    -12.496972 
4.300000    -8.157147 
4.350000    6.811555 
4.400000    12.377463 
4.450000    11.709878 
4.500000    6.889564 
4.550000    -8.040385 
4.600000    -16.046505 
4.650000    -12.807511 
4.700000    -3.517888 
4.750000    2.381422 
4.800000    12.574826 
4.850000    10.033960 
4.900000    3.538334 
4.950000    -4.139501 
5.000000    -8.055427 
5.050000    -4.946752 
5.100000    2.683251 
5.150000    6.299445 
5.200000    4.966509 
5.250000    3.664418 
5.300000    0.820936 
5.350000    -8.526007 
5.400000    -3.641171 
5.450000    -5.431952 
5.500000    0.020544 
5.550000    4.004586 
5.600000    5.799647 
5.650000    -3.538313 
5.700000    0.427302 
5.750000    1.782314 
5.800000    -3.798431 
5.850000    0.410386 
5.900000    -0.155181 
5.950000    0.686061 
6.000000    -5.906595 
6.050000    -3.101059 
6.100000    -3.862830 
6.150000    -2.673996 
6.200000    0.232883 
6.250000    0.034838 
6.300000    0.429943 
6.350000    1.988829 
6.400000    -0.332156 
6.450000    -0.909361 
6.500000    3.560267 
6.550000    -3.754153 
6.600000    5.045578 
6.650000    -5.791340 
6.700000    4.091340 
6.750000    -1.371107 
6.800000    2.916590 
6.850000    0.469097 
6.900000    1.073918 
6.950000    -2.362034 
7.000000    -2.675230 
7.050000    -1.622879 
7.100000    -3.683723 
7.150000    1.416292 
7.200000    -0.015870 
7.250000    1.570800 
7.300000    -5.549978 
7.350000    -0.441992 
7.400000    2.357748 
7.450000    -1.694486 
7.500000    -1.000270 
7.550000    -2.563049 
7.600000    4.790607 
7.650000    3.196716 
7.700000    -2.086928 
7.750000    -3.427009 
7.800000    2.662035 
7.850000    -1.790798 
7.900000    2.746239 
7.950000    2.177113 
8.000000    2.151164 
8.050000    -0.553076 
8.100000    3.964374 
8.150000    0.002934 
8.200000    3.074703 
8.250000    2.063422 
8.300000    1.161963 
8.350000    -0.396330 
8.400000    -4.003669 
8.450000    -2.022842 
8.500000    -1.244978 
8.550000    0.571752 
8.600000    3.964758 
8.650000    -0.596074 
8.700000    1.851739 
8.750000    -4.805987 
8.800000    -0.758866 
8.850000    -1.301165 
8.900000    0.267945 
8.950000    -2.183680 
9.000000    -2.050732 
9.050000    -1.001835 
9.100000    2.647212 
9.150000    3.720160 
9.200000    -5.060968 
9.250000    0.534152 
9.300000    1.179641 
9.350000    0.035718 
9.400000    -2.427936 
9.450000    -2.013143 
9.500000    -2.417361 
9.550000    0.236867 
9.600000    -2.247383 
9.650000    1.754036 
9.700000    4.045206 
9.750000    -0.999331 
9.800000    0.728070 
9.850000    2.142659 
9.900000    1.531547 
9.950000    -1.722091 
10.000000    0.855934 
10.050000    2.130446 
10.100000    0.482151 
10.150000    -2.619552 
10.200000    0.880630 
10.250000    1.386978 
10.300000    5.483903 
10.350000    3.518143 
10.400000    1.567280 
10.450000    2.497511 
10.500000    -1.676483 
10.550000    -2.378255 
10.600000    -0.010607 
10.650000    0.879390 
10.700000    -2.939340 
10.750000    3.461633 
10.800000    -3.345630 
10.850000    1.876223 
10.900000    -1.641771 
10.950000    -7.980847 
11.000000    -2.775578 
11.050000    4.463929 
11.100000    -1.066205 
11.150000    -3.090774 
11.200000    -1.592091 
11.250000    0.165958 
11.300000    -0.010075 
11.350000    -1.448871 
11.400000    -1.959339 
11.450000    2.245248 
11.500000    3.277128 
11.550000    -0.969240 
11.600000    -2.796687 
11.650000    -3.591791 
11.700000    -2.109147 
11.750000    2.603462 
11.800000    1.670481 
11.850000    3.427915 
11.900000    2.467979 
11.950000    -0.603184 
12.000000    -1.215002 
12.050000    -1.792899 
12.100000    2.713068 
12.150000    3.300113 
12.200000    5.945681 
12.250000    2.668998 
12.300000    -3.510298 
12.350000    2.033446 
12.400000    -2.385839 
12.450000    0.418040 
12.500000    1.459924 
12.550000    -1.494764 
12.600000    0.277939 
12.650000    2.591820 
12.700000    -4.189033 
12.750000    5.467234 
12.800000    -6.986494 
12.850000    -3.370843 
12.900000    2.509485 
12.950000    2.991534 
13.000000    -1.026582 
13.050000    -3.879866 
13.100000    -5.369091 
13.150000    -1.794343 
13.200000    3.253822 
13.250000    6.454656 
13.300000    -2.086620 
13.350000    0.513425 
13.400000    0.822235 
13.450000    -1.854373 
13.500000    -2.293359 
13.550000    1.782825 
13.600000    1.890230 
13.650000    -3.636529 
13.700000    -1.837514 
13.750000    -6.317100 
13.800000    -1.352496 
13.850000    0.911846 
13.900000    -2.665705 
13.950000    -0.138314 
14.000000    0.233584 
14.050000    -6.354465 
14.100000    2.889175 
14.150000    0.226786 
14.200000    0.337491 
14.250000    3.484601 
14.300000    -5.155023 
14.350000    -1.882527 
14.400000    2.063551 
14.450000    5.095422 
14.500000    8.021458 
14.550000    -4.715426 
14.600000    -0.181707 
14.650000    -1.913936 
14.700000    1.464764 
14.750000    -1.323007 
14.800000    1.489928 
14.850000    0.973542 
14.900000    -0.558653 
14.950000    -7.291124 
15.000000    0.430176 
15.050000    -2.606130 
15.100000    2.051784 
15.150000    -2.472419 
15.200000    -5.705662 
15.250000    0.116388 
15.300000    -0.890668 
15.350000    -5.718542 
15.400000    -1.119794 
15.450000    1.083035 
15.500000    2.322941 
15.550000    -0.224928 
15.600000    0.410646 
15.650000    -1.787766 
15.700000    -1.195273 
15.750000    -0.569664 
15.800000    -2.022166 
15.850000    1.816365 
15.900000    5.845586 
15.950000    3.022753 
16.000000    -0.400643 
16.050000    2.152794 
16.100000    -0.428410 
16.150000    1.399156 
16.200000    -1.926552 
16.250000    3.269781 
16.300000    -0.336005 
16.350000    2.665148 
16.400000    -0.382812 
16.450000    -3.386976 
16.500000    3.060288 
16.550000    -0.843509 
16.600000    4.627865 
16.650000    6.954033 
16.700000    1.109136 
16.750000    4.967104 
16.800000    4.984519 
16.850000    0.183972 
16.900000    2.214587 
16.950000    4.767133 
17.000000    3.215013 
17.050000    3.570023 
17.100000    3.201262 
17.150000    -0.964533 
17.200000    1.319979 
17.250000    2.505541 
17.300000    -4.810439 
17.350000    0.459374 
17.400000    1.013756 
17.450000    3.388183 
17.500000    0.897739 
17.550000    -3.777348 
17.600000    -5.720632 
17.650000    1.219138 
17.700000    3.527029 
17.750000    4.505213 
17.800000    0.939454 
17.850000    -0.707266 
17.900000    2.020457 
17.950000    3.006131 
18.000000    -3.118901 
18.050000    -0.742017 
18.100000    -0.303416 
18.150000    -1.330778 
18.200000    -3.382878 
18.250000    1.746294 
18.300000    4.501676 
18.350000    -2.756801 
18.400000    2.621198 
18.450000    5.044685 
18.500000    4.665124 
18.550000    1.009808 
18.600000    2.457057 
18.650000    4.181715 
18.700000    -2.462808 
18.750000    0.660136 
18.800000    -1.447912 
18.850000    -1.303445 
18.900000    2.811847 
18.950000    3.584645 
19.000000    1.889886 
19.050000    1.956250 
19.100000    -2.745250 
19.150000    2.134448 
19.200000    -0.221920 
19.250000    -2.116100 
19.300000    2.614081 
19.350000    3.215092 
19.400000    4.167659 
19.450000    -2.555243 
19.500000    1.655580 
19.550000    0.309145 
19.600000    4.504602 
19.650000    1.592764 
19.700000    1.916820 
19.750000    5.111178 
19.799999    1.300936 
19.849999    -0.238995 
19.899999    -0.435402 
19.949999    2.511006 


Reverse Correlation Function   