Time    Magnitude 

0.000000    14.258280 
0.050000    19.727737 
0.100000    -27.258888 
0.150000    -28.090004 
0.200000    -19.468643 
0.250000    -9.814450 
0.300000    0.747114 
0.350000    5.243864 
0.400000    22.045874 
0.450000    4.771206 
0.500000    -2.743816 
0.550000    -1.165544 
0.600000    -3.691976 
0.650000    15.436350 
0.700000    6.544485 
0.750000    2.882181 
0.800000    0.820804 
0.850000    -16.285490 
0.900000    -18.929693 
0.950000    -18.467945 
1.000000    -8.848202 
1.050000    7.004652 
1.100000    3.394513 
1.150000    9.799541 
1.200000    -11.806670 
1.250000    -1.232168 
1.300000    -5.487595 
1.350000    -1.182617 
1.400000    -10.517296 
1.450000    10.699428 
1.500000    4.190210 
1.550000    -2.324364 
1.600000    -0.578409 
1.650000    -9.901146 
1.700000    -11.059396 
1.750000    7.484818 
1.800000    -15.605480 
1.850000    -4.615642 
1.900000    4.629392 
1.950000    7.891480 
2.000000    -12.133244 
2.050000    5.914340 
2.100000    0.409773 
2.150000    -4.127345 
2.200000    9.642576 
2.250000    17.712427 
2.300000    -2.818399 
2.350000    5.361944 
2.400000    6.235422 
2.450000    15.589836 
2.500000    3.523695 
2.550000    13.337489 
2.600000    28.557205 
2.650000    22.378702 
2.700000    31.157040 
2.750000    55.781971 
2.800000    38.149681 
2.850000    34.529964 
2.900000    48.590736 
2.950000    69.068993 
3.000000    66.801666 
3.050000    37.975761 
3.100000    38.684464 
3.150000    49.051243 
3.200000    27.519129 
3.250000    21.454288 
3.300000    3.045102 
3.350000    -18.235109 
3.400000    -50.450176 
3.450000    -39.575977 
3.500000    -68.314812 
3.550000    -101.922501 
3.600000    -108.513268 
3.650000    -133.542633 
3.700000    -126.841507 
3.750000    -109.694847 
3.800000    -84.057228 
3.850000    -89.453552 
3.900000    -61.885029 
3.950000    -45.485374 
4.000000    -0.310335 
4.050000    12.890890 
4.100000    51.234951 
4.150000    68.962379 
4.200000    87.046227 
4.250000    112.146088 
4.300000    151.501419 
4.350000    142.732864 
4.400000    161.124405 
4.450000    133.894577 
4.500000    150.492661 
4.550000    118.665413 
4.600000    119.004158 
4.650000    107.524246 
4.700000    73.946190 
4.750000    77.649712 
4.800000    46.170723 
4.850000    0.687841 
4.900000    6.043515 
4.950000    -35.493977 
5.000000    -45.328545 
5.050000    -88.345619 
5.100000    -104.697334 
5.150000    -129.677460 
5.200000    -107.891167 
5.250000    -124.736595 
5.300000    -118.319016 
5.350000    -130.960648 
5.400000    -122.212723 
5.450000    -124.266953 
5.500000    -118.630310 
5.550000    -116.028465 
5.600000    -100.783005 
5.650000    -79.344040 
5.700000    -65.486923 
5.750000    -30.407164 
5.800000    -35.307011 
5.850000    -16.468203 
5.900000    11.596165 
5.950000    -0.653392 
6.000000    64.853302 
6.050000    60.608372 
6.100000    92.031731 
6.150000    82.708626 
6.200000    81.067162 
6.250000    72.770844 
6.300000    71.766693 
6.350000    89.049324 
6.400000    83.926445 
6.450000    93.139008 
6.500000    74.495758 
6.550000    60.342991 
6.600000    50.985806 
6.650000    68.914986 
6.700000    57.472942 
6.750000    49.626503 
6.800000    48.403221 
6.850000    35.597363 
6.900000    1.874799 
6.950000    -3.038675 
7.000000    -2.092562 
7.050000    -14.806841 
7.100000    -9.116316 
7.150000    -26.843752 
7.200000    -15.183512 
7.250000    -45.342129 
7.300000    -28.421236 
7.350000    -44.809803 
7.400000    -42.977257 
7.450000    -55.516323 
7.500000    -38.927135 
7.550000    -37.460800 
7.600000    -26.488047 
7.650000    -20.620462 
7.700000    -11.125322 
7.750000    -1.590776 
7.800000    -8.487143 
7.850000    -22.183399 
7.900000    3.827311 
7.950000    -2.765907 
8.000000    -3.222213 
8.050000    3.557647 
8.100000    -5.605307 
8.150000    -3.749737 
8.200000    12.182274 
8.250000    -10.055229 
8.300000    -2.653267 
8.350000    14.681844 
8.400000    19.198584 
8.450000    32.812160 
8.500000    12.038322 
8.550000    29.455202 
8.600000    9.096008 
8.650000    -1.290227 
8.700000    -2.032676 
8.750000    -16.567188 
8.800000    -9.457007 
8.850000    6.359303 
8.900000    -3.631582 
8.950000    -1.579140 
9.000000    -0.242752 
9.050000    -3.913720 
9.100000    3.121059 
9.150000    -0.093809 
9.200000    15.211614 
9.250000    7.584668 
9.300000    4.039899 
9.350000    2.528772 
9.400000    8.451754 
9.450000    19.827879 
9.500000    17.167765 
9.550000    -0.278026 
9.600000    13.699320 
9.650000    9.746191 
9.700000    3.586855 
9.750000    -9.545935 
9.800000    -8.388007 
9.850000    -11.322886 
9.900000    -5.871428 
9.950000    -4.066567 
10.000000    -10.514904 
10.050000    7.669108 
10.100000    -3.888064 
10.150000    13.940856 
10.200000    5.780334 
10.250000    12.001953 
10.300000    9.833115 
10.350000    4.348991 
10.400000    28.392612 
10.450000    16.762962 
10.500000    -6.379434 
10.550000    25.739956 
10.600000    36.467697 
10.650000    14.661186 
10.700000    4.481224 
10.750000    19.983366 
10.800000    8.535064 
10.850000    14.972659 
10.900000    12.228242 
10.950000    -0.269510 
11.000000    4.721327 
11.050000    -9.198093 
11.100000    -3.664868 
11.150000    2.490393 
11.200000    2.671989 
11.250000    -7.593944 
11.300000    2.226239 
11.350000    -2.539813 
11.400000    8.762136 
11.450000    -11.701572 
11.500000    -16.626822 
11.550000    15.918656 
11.600000    1.625703 
11.650000    3.211704 
11.700000    6.139311 
11.750000    6.394255 
11.800000    0.885414 
11.850000    6.272036 
11.900000    -12.923467 
11.950000    -4.290753 
12.000000    4.907458 
12.050000    -3.820315 
12.100000    -3.094191 
12.150000    11.796267 
12.200000    -8.419295 
12.250000    2.502329 
12.300000    -21.029537 
12.350000    -15.614531 
12.400000    3.270834 
12.450000    -6.183434 
12.500000    16.275627 
12.550000    16.323650 
12.600000    -0.303421 
12.650000    2.441102 
12.700000    5.785034 
12.750000    7.505002 
12.800000    -23.560600 
12.850000    -22.798931 
12.900000    6.764710 
12.950000    -23.161209 
13.000000    -7.561526 
13.050000    -17.784527 
13.100000    0.840859 
13.150000    12.538886 
13.200000    -11.163964 
13.250000    1.363631 
13.300000    -2.577659 
13.350000    6.646033 
13.400000    10.727971 
13.450000    -5.309765 
13.500000    3.199171 
13.550000    1.613982 
13.600000    -5.659877 
13.650000    -2.143554 
13.700000    -2.917155 
13.750000    -16.963121 
13.800000    17.873289 
13.850000    -14.103926 
13.900000    7.590620 
13.950000    14.981783 
14.000000    18.868837 
14.050000    2.139691 
14.100000    -2.518204 
14.150000    -5.743060 
14.200000    16.638788 
14.250000    14.084403 
14.300000    -13.143751 
14.350000    21.398266 
14.400000    15.036983 
14.450000    2.695114 
14.500000    -14.480491 
14.550000    9.671745 
14.600000    4.977378 
14.650000    -22.769855 
14.700000    -8.089437 
14.750000    -15.531043 
14.800000    -8.352120 
14.850000    -6.339946 
14.900000    -18.943232 
14.950000    -14.824722 
15.000000    1.058336 
15.050000    -11.806586 
15.100000    11.308264 
15.150000    -0.260610 
15.200000    -13.897453 
15.250000    -8.411854 
15.300000    -13.961345 
15.350000    0.514125 
15.400000    15.184389 
15.450000    -2.043099 
15.500000    -23.301222 
15.550000    -5.057701 
15.600000    8.453763 
15.650000    1.452361 
15.700000    21.106104 
15.750000    26.578876 
15.800000    9.458879 
15.850000    -6.155608 
15.900000    13.795154 
15.950000    3.439757 
16.000000    -16.697771 
16.050000    20.802361 
16.100000    23.360630 
16.150000    -0.356821 
16.200000    6.516342 
16.250000    -13.281147 
16.300000    4.195066 
16.350000    1.558470 
16.400000    -12.349365 
16.450000    -43.273205 
16.500000    -41.527233 
16.550000    -3.928286 
16.600000    -17.900883 
16.650000    -5.889309 
16.700000    -20.517584 
16.750000    -35.794418 
16.800000    2.978647 
16.850000    -4.193817 
16.900000    -3.637386 
16.950000    -4.764202 
17.000000    11.140392 
17.050000    -0.592177 
17.100000    2.010337 
17.150000    2.719743 
17.200000    2.791797 
17.250000    -11.315715 
17.300000    15.666465 
17.350000    14.269019 
17.400000    14.383762 
17.450000    -0.914913 
17.500000    -7.470522 
17.550000    -11.894235 
17.600000    -2.386647 
17.650000    -14.185199 
17.700000    1.690675 
17.750000    -13.126411 
17.800000    1.291391 
17.850000    -3.855569 
17.900000    6.121753 
17.950000    -10.872227 
18.000000    -4.012398 
18.050000    8.366274 
18.100000    -17.122940 
18.150000    4.692057 
18.200000    -19.406654 
18.250000    3.897764 
18.300000    -8.997490 
18.350000    -19.783560 
18.400000    -17.787848 
18.450000    -21.013405 
18.500000    -0.924995 
18.550000    17.287037 
18.600000    17.507246 
18.650000    8.171359 
18.700000    11.694567 
18.750000    1.948167 
18.800000    7.346693 
18.850000    -1.253609 
18.900000    -16.419584 
18.950000    -15.034065 
19.000000    -2.349541 
19.050000    -8.639683 
19.100000    3.390282 
19.150000    -5.852605 
19.200000    2.645324 
19.250000    -12.293670 
19.300000    11.106908 
19.350000    10.610146 
19.400000    -3.592049 
19.450000    -8.486299 
19.500000    17.986916 
19.550000    9.556856 
19.600000    -9.927764 
19.650000    5.797971 
19.700000    13.511441 
19.750000    11.684996 
19.799999    34.261284 
19.849999    15.572751 
19.899999    25.738422 
19.949999    29.687473 


Reverse Correlation Function   