Time    Magnitude 

0.000000    0.108941 
0.050000    -0.240105 
0.100000    0.795769 
0.150000    -0.085551 
0.200000    -0.307103 
0.250000    -0.156980 
0.300000    -0.557273 
0.350000    0.062881 
0.400000    -1.056341 
0.450000    -0.016040 
0.500000    0.424553 
0.550000    -0.826170 
0.600000    -0.243359 
0.650000    -0.850187 
0.700000    -0.339410 
0.750000    -0.692630 
0.800000    0.674584 
0.850000    0.397300 
0.900000    -0.037349 
0.950000    -1.613298 
1.000000    -2.614238 
1.050000    -0.947594 
1.100000    -1.337866 
1.150000    -1.009405 
1.200000    -0.314945 
1.250000    -0.417908 
1.300000    -1.331445 
1.350000    0.460809 
1.400000    -0.091109 
1.450000    0.366777 
1.500000    0.789061 
1.550000    0.143839 
1.600000    -1.633295 
1.650000    -0.302018 
1.700000    -0.156087 
1.750000    0.527957 
1.800000    -0.669864 
1.850000    -0.423498 
1.900000    1.052549 
1.950000    -0.684844 
2.000000    0.994424 
2.050000    0.026587 
2.100000    -0.031372 
2.150000    0.424794 
2.200000    0.287605 
2.250000    0.466244 
2.300000    0.637938 
2.350000    1.432388 
2.400000    -0.176185 
2.450000    0.692687 
2.500000    -0.894230 
2.550000    0.526314 
2.600000    -0.180004 
2.650000    -0.204895 
2.700000    0.391361 
2.750000    2.052567 
2.800000    0.913853 
2.850000    1.563135 
2.900000    2.823043 
2.950000    2.208906 
3.000000    2.590848 
3.050000    1.325869 
3.100000    1.248580 
3.150000    -0.409646 
3.200000    1.224908 
3.250000    -0.722550 
3.300000    -0.932598 
3.350000    -3.281570 
3.400000    -1.760630 
3.450000    -3.005693 
3.500000    -1.817050 
3.550000    -4.235921 
3.600000    -2.645184 
3.650000    -4.238694 
3.700000    -6.049401 
3.750000    -5.487720 
3.800000    -5.051312 
3.850000    -4.029490 
3.900000    -2.395664 
3.950000    -1.536323 
4.000000    -0.317171 
4.050000    1.586801 
4.100000    2.669762 
4.150000    5.446454 
4.200000    6.159231 
4.250000    4.907188 
4.300000    6.201587 
4.350000    7.600073 
4.400000    8.597061 
4.450000    8.929030 
4.500000    8.460413 
4.550000    6.230142 
4.600000    4.956101 
4.650000    6.206560 
4.700000    5.011213 
4.750000    4.161662 
4.800000    3.328775 
4.850000    1.998190 
4.900000    1.076341 
4.950000    -2.291022 
5.000000    -1.999647 
5.050000    -3.025540 
5.100000    -4.640880 
5.150000    -5.437998 
5.200000    -4.677285 
5.250000    -6.099185 
5.300000    -5.951692 
5.350000    -7.038014 
5.400000    -8.993361 
5.450000    -6.392092 
5.500000    -7.279434 
5.550000    -6.012709 
5.600000    -6.444795 
5.650000    -5.697629 
5.700000    -5.672856 
5.750000    -4.920045 
5.800000    -2.512454 
5.850000    -2.629621 
5.900000    -0.711653 
5.950000    0.440730 
6.000000    -0.055864 
6.050000    2.769027 
6.100000    3.052004 
6.150000    3.867411 
6.200000    6.488935 
6.250000    6.247771 
6.300000    5.836806 
6.350000    5.505063 
6.400000    6.255407 
6.450000    5.332696 
6.500000    4.642480 
6.550000    5.653269 
6.600000    5.176001 
6.650000    3.933046 
6.700000    4.596087 
6.750000    5.265678 
6.800000    4.020533 
6.850000    2.889693 
6.900000    1.515186 
6.950000    2.467051 
7.000000    -0.789234 
7.050000    -1.480765 
7.100000    -1.514974 
7.150000    -2.786808 
7.200000    -3.355135 
7.250000    -3.202533 
7.300000    -3.700663 
7.350000    -4.215253 
7.400000    -4.876417 
7.450000    -5.605684 
7.500000    -3.265023 
7.550000    -4.955591 
7.600000    -4.986724 
7.650000    -2.839843 
7.700000    -3.569295 
7.750000    -1.904762 
7.800000    -1.847762 
7.850000    -1.905788 
7.900000    -2.366765 
7.950000    0.620251 
8.000000    0.040874 
8.050000    0.895467 
8.100000    1.378684 
8.150000    0.628595 
8.200000    1.655039 
8.250000    3.045584 
8.300000    2.756680 
8.350000    1.909844 
8.400000    3.033494 
8.450000    3.149448 
8.500000    0.411919 
8.550000    2.975150 
8.600000    2.276591 
8.650000    2.475122 
8.700000    1.405361 
8.750000    1.281901 
8.800000    1.714675 
8.850000    1.407342 
8.900000    -0.062747 
8.950000    -1.291217 
9.000000    -0.072868 
9.050000    -0.603692 
9.100000    0.390410 
9.150000    -1.222958 
9.200000    0.189493 
9.250000    0.046077 
9.300000    -0.626077 
9.350000    -1.391478 
9.400000    -1.280573 
9.450000    -1.049366 
9.500000    -1.176607 
9.550000    -0.178777 
9.600000    -1.261272 
9.650000    -0.720678 
9.700000    -1.514095 
9.750000    -0.852286 
9.800000    0.111516 
9.850000    -2.056518 
9.900000    -1.122298 
9.950000    0.395889 
10.000000    -0.041621 
10.050000    -1.501646 
10.100000    -0.092273 
10.150000    0.862868 
10.200000    -0.112900 
10.250000    0.626636 
10.300000    0.494288 
10.350000    0.244654 
10.400000    0.117345 
10.450000    0.837046 
10.500000    0.647349 
10.550000    1.336730 
10.600000    0.192790 
10.650000    1.401265 
10.700000    0.618326 
10.750000    0.774582 
10.800000    0.583776 
10.850000    0.295895 
10.900000    0.350547 
10.950000    -0.874160 
11.000000    0.844952 
11.050000    -0.431381 
11.100000    0.693249 
11.150000    1.856579 
11.200000    -1.577083 
11.250000    -0.412936 
11.300000    -1.699869 
11.350000    -0.423997 
11.400000    -0.547620 
11.450000    -0.667288 
11.500000    -0.480608 
11.550000    -1.180321 
11.600000    -1.188932 
11.650000    2.080918 
11.700000    0.707151 
11.750000    0.304784 
11.800000    -0.707830 
11.850000    -0.107768 
11.900000    -0.299303 
11.950000    0.587589 
12.000000    0.155222 
12.050000    1.059942 
12.100000    -0.010230 
12.150000    1.204616 
12.200000    2.047393 
12.250000    -0.898803 
12.300000    0.807851 
12.350000    1.069075 
12.400000    -0.891763 
12.450000    -0.287860 
12.500000    2.069629 
12.550000    -0.140711 
12.600000    -0.516762 
12.650000    0.775017 
12.700000    0.536879 
12.750000    0.403541 
12.800000    1.975433 
12.850000    -0.277129 
12.900000    0.369776 
12.950000    -1.340020 
13.000000    -1.016966 
13.050000    0.169776 
13.100000    -0.379260 
13.150000    0.285557 
13.200000    -1.227512 
13.250000    -1.117321 
13.300000    -0.420209 
13.350000    -0.174474 
13.400000    0.018913 
13.450000    -1.502987 
13.500000    0.829216 
13.550000    -0.491331 
13.600000    -1.974857 
13.650000    -1.304287 
13.700000    -0.442573 
13.750000    0.305397 
13.800000    -0.146239 
13.850000    -0.814415 
13.900000    -1.107644 
13.950000    0.136849 
14.000000    -0.339028 
14.050000    0.285463 
14.100000    -0.986514 
14.150000    -0.894590 
14.200000    1.754654 
14.250000    -0.348885 
14.300000    -0.552122 
14.350000    -0.668037 
14.400000    -1.285348 
14.450000    -1.116955 
14.500000    0.746229 
14.550000    -0.766084 
14.600000    -0.294424 
14.650000    -0.318208 
14.700000    -0.690753 
14.750000    -0.805697 
14.800000    -0.325386 
14.850000    0.054761 
14.900000    0.359324 
14.950000    -0.928734 
15.000000    0.829336 
15.050000    0.122589 
15.100000    -1.269321 
15.150000    -1.410501 
15.200000    -0.145764 
15.250000    -0.038514 
15.300000    -1.869203 
15.350000    -1.706664 
15.400000    0.277283 
15.450000    -0.184294 
15.500000    -0.443846 
15.550000    0.381739 
15.600000    0.452827 
15.650000    0.523501 
15.700000    -0.779160 
15.750000    0.966535 
15.800000    -0.524420 
15.850000    -0.850486 
15.900000    0.095843 
15.950000    0.152641 
16.000000    -0.837365 
16.050000    0.725019 
16.100000    -0.166344 
16.150000    0.056450 
16.200000    -0.310708 
16.250000    -0.798838 
16.300000    -2.435578 
16.350000    -1.652747 
16.400000    -1.638996 
16.450000    -1.042315 
16.500000    -1.284857 
16.550000    -1.567269 
16.600000    -1.054795 
16.650000    -0.128961 
16.700000    -1.217932 
16.750000    -0.833085 
16.800000    0.141788 
16.850000    1.299478 
16.900000    -0.410738 
16.950000    0.469259 
17.000000    0.244945 
17.050000    -1.179776 
17.100000    0.181365 
17.150000    0.440651 
17.200000    -0.133390 
17.250000    -0.630732 
17.300000    0.645034 
17.350000    -0.754884 
17.400000    0.424034 
17.450000    -0.020653 
17.500000    -0.465668 
17.550000    -0.575153 
17.600000    -1.242152 
17.650000    0.063945 
17.700000    -1.177894 
17.750000    1.068988 
17.800000    -0.064215 
17.850000    -0.633280 
17.900000    -0.432442 
17.950000    0.623320 
18.000000    0.278208 
18.050000    1.031318 
18.100000    -0.007414 
18.150000    -1.187833 
18.200000    -0.285873 
18.250000    -1.634649 
18.300000    -1.253757 
18.350000    -1.473610 
18.400000    -1.708558 
18.450000    -0.719367 
18.500000    -0.931871 
18.550000    -0.296380 
18.600000    -0.711041 
18.650000    -0.997311 
18.700000    0.872349 
18.750000    -0.580366 
18.800000    1.527969 
18.850000    0.155280 
18.900000    -0.890217 
18.950000    -1.220310 
19.000000    0.093665 
19.050000    0.192440 
19.100000    0.727887 
19.150000    0.146983 
19.200000    -0.517829 
19.250000    -1.878536 
19.300000    0.171464 
19.350000    1.126498 
19.400000    0.285252 
19.450000    0.251283 
19.500000    1.051691 
19.550000    -0.371405 
19.600000    -0.067910 
19.650000    0.144001 
19.700000    1.417579 
19.750000    -0.641204 
19.799999    0.307048 
19.849999    1.094067 
19.899999    0.348749 
19.949999    1.450168 


Reverse Correlation Function   