Time    Magnitude 

0.000000    2.405953 
0.050000    0.176073 
0.100000    -0.068337 
0.150000    0.414416 
0.200000    -0.187011 
0.250000    -0.574743 
0.300000    1.312848 
0.350000    -0.242478 
0.400000    -0.593217 
0.450000    0.922707 
0.500000    3.597672 
0.550000    2.357652 
0.600000    -0.204645 
0.650000    -0.394551 
0.700000    0.191780 
0.750000    -0.823120 
0.800000    0.857124 
0.850000    0.014326 
0.900000    0.607045 
0.950000    0.081683 
1.000000    -1.526756 
1.050000    1.584221 
1.100000    1.096438 
1.150000    0.009781 
1.200000    0.807084 
1.250000    1.238320 
1.300000    -0.295717 
1.350000    -1.097176 
1.400000    0.385817 
1.450000    -0.653047 
1.500000    -0.467812 
1.550000    2.188145 
1.600000    0.040479 
1.650000    1.504955 
1.700000    0.380314 
1.750000    2.267254 
1.800000    1.592900 
1.850000    0.207623 
1.900000    1.071179 
1.950000    3.211076 
2.000000    2.702151 
2.050000    0.114292 
2.100000    0.102009 
2.150000    -2.836379 
2.200000    -4.190166 
2.250000    -2.854153 
2.300000    -2.445574 
2.350000    -3.397932 
2.400000    -0.438372 
2.450000    4.472684 
2.500000    6.727604 
2.550000    8.351183 
2.600000    9.062603 
2.650000    4.179063 
2.700000    -3.389891 
2.750000    -8.275787 
2.800000    -12.805389 
2.850000    -13.405371 
2.900000    -9.367770 
2.950000    -2.012687 
3.000000    6.942898 
3.050000    10.366601 
3.100000    14.686687 
3.150000    12.279791 
3.200000    6.432939 
3.250000    2.245458 
3.300000    -7.795937 
3.350000    -13.769456 
3.400000    -13.768616 
3.450000    -7.750293 
3.500000    -1.259256 
3.550000    4.031833 
3.600000    8.949662 
3.650000    12.785445 
3.700000    10.483447 
3.750000    5.344763 
3.800000    -1.308828 
3.850000    -5.942122 
3.900000    -8.905943 
3.950000    -8.447041 
4.000000    -5.073043 
4.050000    -1.350793 
4.100000    3.338208 
4.150000    5.862547 
4.200000    8.786177 
4.250000    7.959584 
4.300000    4.010634 
4.350000    -0.981173 
4.400000    -5.698765 
4.450000    -4.734657 
4.500000    -7.171159 
4.550000    -4.943171 
4.600000    -1.930105 
4.650000    1.816191 
4.700000    3.194070 
4.750000    9.189373 
4.800000    4.221003 
4.850000    1.392436 
4.900000    -0.641957 
4.950000    -3.049431 
5.000000    -5.139033 
5.050000    -2.527073 
5.100000    0.347208 
5.150000    -0.429918 
5.200000    0.732772 
5.250000    3.380261 
5.300000    3.535184 
5.350000    2.683184 
5.400000    -1.183877 
5.450000    -3.089109 
5.500000    -4.039717 
5.550000    -3.666925 
5.600000    0.518615 
5.650000    1.288688 
5.700000    1.503151 
5.750000    3.073414 
5.800000    0.443560 
5.850000    1.967333 
5.900000    1.327625 
5.950000    -1.972639 
6.000000    0.132597 
6.050000    -1.137257 
6.100000    -1.983341 
6.150000    -1.352093 
6.200000    -0.935231 
6.250000    2.726689 
6.300000    1.956895 
6.350000    3.394132 
6.400000    2.065803 
6.450000    -0.680418 
6.500000    -1.714905 
6.550000    -1.677953 
6.600000    -1.392712 
6.650000    -1.722451 
6.700000    0.013441 
6.750000    -0.944535 
6.800000    0.299133 
6.850000    0.151409 
6.900000    2.180751 
6.950000    1.198903 
7.000000    0.076531 
7.050000    -0.050086 
7.100000    -1.113020 
7.150000    -1.120878 
7.200000    -1.160480 
7.250000    -1.015459 
7.300000    0.138512 
7.350000    -0.355025 
7.400000    0.170524 
7.450000    0.526998 
7.500000    2.043533 
7.550000    -1.070316 
7.600000    -1.006784 
7.650000    -1.334641 
7.700000    -0.792471 
7.750000    0.166905 
7.800000    -1.197222 
7.850000    0.614437 
7.900000    1.144280 
7.950000    0.883649 
8.000000    2.132618 
8.050000    -0.137504 
8.100000    0.224996 
8.150000    -0.241346 
8.200000    -0.102658 
8.250000    -1.137646 
8.300000    -1.757918 
8.350000    2.686571 
8.400000    3.013345 
8.450000    -0.253820 
8.500000    2.560187 
8.550000    -0.167449 
8.600000    0.276940 
8.650000    1.005116 
8.700000    -0.924921 
8.750000    -0.710372 
8.800000    -1.496338 
8.850000    0.395044 
8.900000    1.439205 
8.950000    2.071073 
9.000000    1.349682 
9.050000    -1.229258 
9.100000    1.673335 
9.150000    0.975659 
9.200000    1.331898 
9.250000    -0.574117 
9.300000    -2.818749 
9.350000    1.722923 
9.400000    1.164268 
9.450000    0.917511 
9.500000    0.886630 
9.550000    2.086148 
9.600000    2.029163 
9.650000    0.164284 
9.700000    1.273838 
9.750000    1.577760 
9.800000    0.524679 
9.850000    -0.075748 
9.900000    -0.944672 
9.950000    1.270655 
10.000000    1.998489 
10.050000    2.265854 
10.100000    -0.294591 
10.150000    0.049047 
10.200000    1.171011 
10.250000    1.544678 
10.300000    0.749743 
10.350000    0.144758 
10.400000    -0.286274 
10.450000    0.039443 
10.500000    0.709091 
10.550000    1.425936 
10.600000    -0.687599 
10.650000    0.180214 
10.700000    3.122320 
10.750000    1.642470 
10.800000    1.463215 
10.850000    0.540725 
10.900000    2.256968 
10.950000    -1.206755 
11.000000    1.098326 
11.050000    -0.552436 
11.100000    -0.711706 
11.150000    -0.106898 
11.200000    -0.118299 
11.250000    -0.855907 
11.300000    -0.387970 
11.350000    2.747888 
11.400000    0.426832 
11.450000    0.517194 
11.500000    -1.714098 
11.550000    -2.723845 
11.600000    -0.372448 
11.650000    -1.462202 
11.700000    -0.391203 
11.750000    -0.931867 
11.800000    -0.983180 
11.850000    0.478847 
11.900000    0.942077 
11.950000    1.351560 
12.000000    -0.261640 
12.050000    -0.978500 
12.100000    -1.655802 
12.150000    -0.533075 
12.200000    -0.513695 
12.250000    1.521519 
12.300000    1.229021 
12.350000    1.798500 
12.400000    2.771408 
12.450000    0.017681 
12.500000    2.148731 
12.550000    -0.924134 
12.600000    -0.983279 
12.650000    -0.398468 
12.700000    -2.099951 
12.750000    -1.534844 
12.800000    1.396776 
12.850000    -1.239389 
12.900000    0.170455 
12.950000    0.070425 
13.000000    -1.665487 
13.050000    0.292169 
13.100000    -0.731725 
13.150000    -0.632161 
13.200000    0.403812 
13.250000    -1.509640 
13.300000    1.919982 
13.350000    0.708049 
13.400000    -0.060491 
13.450000    -0.612283 
13.500000    -2.322118 
13.550000    -2.190011 
13.600000    -2.093961 
13.650000    -0.476202 
13.700000    1.419908 
13.750000    1.104273 
13.800000    -0.477090 
13.850000    2.452836 
13.900000    0.750133 
13.950000    -0.723752 
14.000000    0.792713 
14.050000    -0.011617 
14.100000    -2.826516 
14.150000    -0.619731 
14.200000    -1.306534 
14.250000    -0.586027 
14.300000    -1.015476 
14.350000    0.715939 
14.400000    0.583251 
14.450000    1.761474 
14.500000    2.057369 
14.550000    0.160757 
14.600000    0.897929 
14.650000    0.406462 
14.700000    -0.809752 
14.750000    0.460550 
14.800000    -0.424970 
14.850000    0.214744 
14.900000    1.564146 
14.950000    0.124259 
15.000000    1.218156 
15.050000    0.880031 
15.100000    1.569454 
15.150000    0.004290 
15.200000    0.426606 
15.250000    0.120359 
15.300000    -2.797770 
15.350000    -1.322668 
15.400000    -2.451785 
15.450000    -2.762565 
15.500000    1.100410 
15.550000    0.121656 
15.600000    1.670109 
15.650000    0.606324 
15.700000    1.433850 
15.750000    1.177297 
15.800000    2.707020 
15.850000    -1.359001 
15.900000    -0.540909 
15.950000    -0.737593 
16.000000    -0.646090 
16.050000    -0.017582 
16.100000    -1.820236 
16.150000    0.578295 
16.200000    1.347129 
16.250000    0.430433 
16.300000    -0.606725 
16.350000    -1.402186 
16.400000    1.164882 
16.450000    -1.838871 
16.500000    -0.128683 
16.550000    0.504583 
16.600000    0.530102 
16.650000    1.483423 
16.700000    1.197348 
16.750000    1.966181 
16.800000    1.653982 
16.850000    -0.488556 
16.900000    0.648492 
16.950000    1.073661 
17.000000    -0.839854 
17.050000    0.048256 
17.100000    -0.219506 
17.150000    -1.136621 
17.200000    0.434798 
17.250000    2.451590 
17.300000    -0.606548 
17.350000    -1.425072 
17.400000    0.929374 
17.450000    -0.841064 
17.500000    0.177082 
17.550000    2.007785 
17.600000    0.606875 
17.650000    -0.515743 
17.700000    2.568264 
17.750000    -1.290486 
17.800000    1.767694 
17.850000    -0.609532 
17.900000    0.705339 
17.950000    -3.238435 
18.000000    -1.037032 
18.050000    -1.494167 
18.100000    -0.571324 
18.150000    0.659378 
18.200000    -0.475201 
18.250000    -1.782246 
18.300000    0.602563 
18.350000    1.417703 
18.400000    -2.829557 
18.450000    -0.502395 
18.500000    -1.630100 
18.550000    0.246906 
18.600000    0.110322 
18.650000    -1.099650 
18.700000    0.199401 
18.750000    1.381861 
18.800000    -0.009119 
18.850000    -0.142889 
18.900000    0.852866 
18.950000    0.142033 
19.000000    0.762635 
19.050000    1.229429 
19.100000    -0.206577 
19.150000    0.050405 
19.200000    -1.051232 
19.250000    -1.029576 
19.300000    -0.833596 
19.350000    -2.106851 
19.400000    0.761425 
19.450000    -1.697204 
19.500000    0.733420 
19.550000    1.009463 
19.600000    2.386656 
19.650000    -3.452415 
19.700000    -0.319116 
19.750000    0.260221 
19.799999    -0.285552 
19.849999    0.029939 
19.899999    -0.402358 
19.949999    2.015942 


Reverse Correlation Function   