Time    Magnitude 

0.000000    -0.047163 
0.050000    0.120284 
0.100000    0.015723 
0.150000    0.093016 
0.200000    0.083455 
0.250000    -0.044943 
0.300000    -0.154298 
0.350000    -0.010184 
0.400000    -0.100246 
0.450000    0.186321 
0.500000    -0.012133 
0.550000    0.034442 
0.600000    -0.021878 
0.650000    0.041157 
0.700000    0.045392 
0.750000    -0.096620 
0.800000    0.136288 
0.850000    -0.101494 
0.900000    0.040731 
0.950000    -0.035873 
1.000000    0.073432 
1.050000    -0.064842 
1.100000    -0.067977 
1.150000    -0.076426 
1.200000    -0.043239 
1.250000    -0.023388 
1.300000    0.019131 
1.350000    -0.153731 
1.400000    0.040944 
1.450000    0.208078 
1.500000    0.009643 
1.550000    0.022533 
1.600000    -0.088874 
1.650000    0.076068 
1.700000    0.030438 
1.750000    0.115805 
1.800000    -0.000018 
1.850000    -0.156814 
1.900000    -0.016019 
1.950000    0.204288 
2.000000    -0.102654 
2.050000    0.192488 
2.100000    -0.161875 
2.150000    0.054960 
2.200000    0.119041 
2.250000    0.108156 
2.300000    0.023597 
2.350000    0.006292 
2.400000    0.033516 
2.450000    0.009703 
2.500000    -0.027802 
2.550000    0.079062 
2.600000    -0.054785 
2.650000    -0.011430 
2.700000    0.077063 
2.750000    -0.021775 
2.800000    -0.006153 
2.850000    0.007944 
2.900000    -0.026878 
2.950000    0.014228 
3.000000    -0.062204 
3.050000    -0.139197 
3.100000    -0.065568 
3.150000    0.134839 
3.200000    0.079173 
3.250000    0.041330 
3.300000    0.092802 
3.350000    0.001800 
3.400000    -0.009546 
3.450000    -0.147701 
3.500000    -0.159352 
3.550000    -0.051939 
3.600000    0.119588 
3.650000    0.159151 
3.700000    0.193189 
3.750000    0.176754 
3.800000    -0.138996 
3.850000    -0.083979 
3.900000    -0.150328 
3.950000    0.004569 
4.000000    0.233274 
4.050000    0.319891 
4.100000    0.007243 
4.150000    -0.241290 
4.200000    -0.323655 
4.250000    -0.233726 
4.300000    -0.301475 
4.350000    -0.043249 
4.400000    0.096736 
4.450000    0.134941 
4.500000    0.054016 
4.550000    0.020694 
4.600000    -0.216522 
4.650000    -0.050053 
4.700000    -0.045280 
4.750000    0.021177 
4.800000    0.231105 
4.850000    0.033566 
4.900000    -0.034851 
4.950000    0.016994 
5.000000    -0.057548 
5.050000    -0.055819 
5.100000    0.039632 
5.150000    0.094892 
5.200000    0.110006 
5.250000    -0.019861 
5.300000    0.035883 
5.350000    -0.174787 
5.400000    -0.052299 
5.450000    -0.088839 
5.500000    0.066623 
5.550000    0.137643 
5.600000    0.113074 
5.650000    0.007567 
5.700000    0.078141 
5.750000    -0.097857 
5.800000    0.044582 
5.850000    -0.092589 
5.900000    0.024338 
5.950000    -0.006692 
6.000000    -0.009873 
6.050000    0.046681 
6.100000    -0.038489 
6.150000    0.034225 
6.200000    0.029792 
6.250000    -0.020014 
6.300000    -0.069350 
6.350000    0.041170 
6.400000    -0.178440 
6.450000    0.181576 
6.500000    -0.055173 
6.550000    0.061952 
6.600000    -0.037946 
6.650000    0.055104 
6.700000    -0.079615 
6.750000    0.059618 
6.800000    0.002729 
6.850000    -0.169712 
6.900000    0.045207 
6.950000    -0.023591 
7.000000    0.059474 
7.050000    0.012395 
7.100000    0.126011 
7.150000    0.004248 
7.200000    0.047538 
7.250000    0.029318 
7.300000    -0.098672 
7.350000    0.021156 
7.400000    0.054995 
7.450000    0.025761 
7.500000    0.000764 
7.550000    0.186994 
7.600000    -0.040615 
7.650000    0.010817 
7.700000    -0.035445 
7.750000    -0.072197 
7.800000    0.000427 
7.850000    0.007191 
7.900000    0.096038 
7.950000    0.010767 
8.000000    0.148478 
8.050000    -0.100518 
8.100000    -0.005030 
8.150000    0.053362 
8.200000    -0.018789 
8.250000    -0.051926 
8.300000    0.095480 
8.350000    -0.101903 
8.400000    0.027566 
8.450000    -0.193478 
8.500000    -0.004759 
8.550000    0.033426 
8.600000    -0.172507 
8.650000    0.020439 
8.700000    0.024405 
8.750000    -0.179247 
8.800000    -0.113658 
8.850000    -0.039617 
8.900000    0.004896 
8.950000    -0.107532 
9.000000    0.026390 
9.050000    0.016780 
9.100000    -0.062447 
9.150000    -0.011851 
9.200000    -0.145319 
9.250000    0.021472 
9.300000    -0.050557 
9.350000    0.129292 
9.400000    0.048493 
9.450000    0.018285 
9.500000    -0.050614 
9.550000    0.119303 
9.600000    0.007900 
9.650000    0.026115 
9.700000    0.039113 
9.750000    0.067254 
9.800000    0.017709 
9.850000    -0.090022 
9.900000    -0.005319 
9.950000    -0.058406 
10.000000    -0.042871 
10.050000    0.068204 
10.100000    0.051476 
10.150000    0.004438 
10.200000    0.105549 
10.250000    -0.008649 
10.300000    0.099298 
10.350000    0.003381 
10.400000    0.049441 
10.450000    0.052487 
10.500000    -0.017907 
10.550000    0.038398 
10.600000    0.151694 
10.650000    -0.090198 
10.700000    -0.040220 
10.750000    -0.026255 
10.800000    -0.048864 
10.850000    -0.019752 
10.900000    0.034184 
10.950000    0.041877 
11.000000    -0.089606 
11.050000    -0.022910 
11.100000    0.027613 
11.150000    -0.016059 
11.200000    0.069429 
11.250000    0.073972 
11.300000    -0.009556 
11.350000    -0.052449 
11.400000    0.092756 
11.450000    -0.000907 
11.500000    -0.031804 
11.550000    0.081212 
11.600000    0.032581 
11.650000    -0.052275 
11.700000    -0.051799 
11.750000    -0.085771 
11.800000    -0.068234 
11.850000    -0.030777 
11.900000    0.060906 
11.950000    0.129813 
12.000000    0.034971 
12.050000    -0.022225 
12.100000    0.042393 
12.150000    0.033572 
12.200000    0.083456 
12.250000    -0.000963 
12.300000    -0.000269 
12.350000    0.091149 
12.400000    0.060817 
12.450000    0.161943 
12.500000    -0.031116 
12.550000    0.041057 
12.600000    -0.001060 
12.650000    0.048191 
12.700000    -0.051570 
12.750000    0.005343 
12.800000    -0.062566 
12.850000    0.173776 
12.900000    -0.042278 
12.950000    0.141996 
13.000000    0.053822 
13.050000    -0.072051 
13.100000    0.035851 
13.150000    0.023534 
13.200000    -0.078999 
13.250000    -0.031323 
13.300000    0.088177 
13.350000    0.062970 
13.400000    0.051300 
13.450000    0.040319 
13.500000    -0.039978 
13.550000    -0.052378 
13.600000    -0.132706 
13.650000    -0.028978 
13.700000    -0.007545 
13.750000    0.007308 
13.800000    -0.093764 
13.850000    0.008331 
13.900000    0.141280 
13.950000    -0.118565 
14.000000    -0.178084 
14.050000    0.085012 
14.100000    -0.176631 
14.150000    -0.013758 
14.200000    -0.003583 
14.250000    0.037502 
14.300000    -0.102912 
14.350000    -0.020382 
14.400000    0.082621 
14.450000    -0.002169 
14.500000    -0.029993 
14.550000    -0.053465 
14.600000    -0.034709 
14.650000    -0.098963 
14.700000    0.037123 
14.750000    -0.016085 
14.800000    -0.049231 
14.850000    -0.139804 
14.900000    -0.111723 
14.950000    -0.076768 
15.000000    0.094322 
15.050000    -0.064639 
15.100000    -0.101316 
15.150000    0.091836 
15.200000    0.087855 
15.250000    -0.072084 
15.300000    -0.081623 
15.350000    0.027149 
15.400000    -0.067308 
15.450000    0.107611 
15.500000    -0.169759 
15.550000    -0.064666 
15.600000    0.060161 
15.650000    -0.095985 
15.700000    -0.035793 
15.750000    0.039296 
15.800000    -0.103705 
15.850000    0.110679 
15.900000    -0.039034 
15.950000    -0.037539 
16.000000    0.023919 
16.050000    -0.002222 
16.100000    0.004932 
16.150000    -0.022558 
16.200000    0.123759 
16.250000    -0.153008 
16.300000    0.138801 
16.350000    0.010340 
16.400000    0.001903 
16.450000    0.047748 
16.500000    0.090367 
16.550000    -0.154123 
16.600000    0.048748 
16.650000    -0.032441 
16.700000    0.070077 
16.750000    -0.024244 
16.800000    0.125203 
16.850000    0.166453 
16.900000    0.020520 
16.950000    0.041431 
17.000000    0.024188 
17.050000    0.111184 
17.100000    -0.079288 
17.150000    -0.052433 
17.200000    -0.004318 
17.250000    -0.031173 
17.300000    -0.040911 
17.350000    0.038095 
17.400000    0.020955 
17.450000    -0.132212 
17.500000    -0.020868 
17.550000    -0.025701 
17.600000    -0.006462 
17.650000    -0.020751 
17.700000    0.004534 
17.750000    -0.006354 
17.800000    -0.097503 
17.850000    -0.040256 
17.900000    -0.042841 
17.950000    -0.010202 
18.000000    0.067432 
18.050000    0.003940 
18.100000    0.011110 
18.150000    0.006877 
18.200000    0.212863 
18.250000    0.001096 
18.300000    0.062110 
18.350000    -0.010527 
18.400000    0.015367 
18.450000    -0.030792 
18.500000    0.034216 
18.550000    -0.048490 
18.600000    -0.102576 
18.650000    0.033512 
18.700000    0.039059 
18.750000    0.101528 
18.800000    -0.131164 
18.850000    0.148058 
18.900000    -0.045357 
18.950000    0.002960 
19.000000    0.017634 
19.050000    -0.115650 
19.100000    0.079846 
19.150000    0.110548 
19.200000    0.022844 
19.250000    -0.045895 
19.300000    -0.237761 
19.350000    -0.067796 
19.400000    -0.120870 
19.450000    0.110724 
19.500000    -0.056444 
19.550000    0.057454 
19.600000    -0.094486 
19.650000    0.062624 
19.700000    0.088897 
19.750000    -0.017827 
19.799999    0.054042 
19.849999    -0.047690 
19.899999    -0.023657 
19.949999    0.027965 


Reverse Correlation Function   