Time    Magnitude 

0.000000    -4.798861 
0.050000    1.938281 
0.100000    4.062153 
0.150000    -0.370212 
0.200000    2.082261 
0.250000    2.038897 
0.300000    -6.347448 
0.350000    -12.743887 
0.400000    -1.313108 
0.450000    -2.174509 
0.500000    3.916604 
0.550000    -6.831517 
0.600000    3.482826 
0.650000    -2.772004 
0.700000    -0.480746 
0.750000    1.791285 
0.800000    0.660310 
0.850000    -5.734591 
0.900000    5.985591 
0.950000    -5.517107 
1.000000    0.931914 
1.050000    2.675612 
1.100000    -6.772013 
1.150000    -1.358401 
1.200000    3.014447 
1.250000    3.771272 
1.300000    0.493870 
1.350000    -4.630882 
1.400000    1.034849 
1.450000    -6.319285 
1.500000    2.718797 
1.550000    2.906999 
1.600000    0.519976 
1.650000    4.247261 
1.700000    -3.802125 
1.750000    9.945128 
1.800000    6.015323 
1.850000    11.118134 
1.900000    2.411829 
1.950000    -7.789274 
2.000000    -20.542116 
2.050000    -30.354328 
2.100000    -25.784994 
2.150000    -19.461128 
2.200000    6.294589 
2.250000    34.661121 
2.300000    55.034180 
2.350000    49.975292 
2.400000    25.437742 
2.450000    -21.926014 
2.500000    -50.560673 
2.550000    -67.672577 
2.600000    -37.730690 
2.650000    -2.675653 
2.700000    49.325939 
2.750000    61.457550 
2.800000    48.906979 
2.850000    9.858958 
2.900000    -18.810820 
2.950000    -56.059273 
3.000000    -47.967003 
3.050000    -15.825894 
3.100000    15.904819 
3.150000    32.735550 
3.200000    35.013676 
3.250000    19.033957 
3.300000    -10.500559 
3.350000    -26.607773 
3.400000    -35.672867 
3.450000    -18.482746 
3.500000    6.534152 
3.550000    26.588940 
3.600000    22.067575 
3.650000    7.589786 
3.700000    -6.916267 
3.750000    -24.079592 
3.800000    -17.180002 
3.850000    -12.889695 
3.900000    5.372715 
3.950000    19.407501 
4.000000    14.738591 
4.050000    10.794555 
4.100000    -0.928126 
4.150000    -16.982111 
4.200000    -16.052151 
4.250000    -12.421078 
4.300000    -3.652755 
4.350000    3.989047 
4.400000    8.844870 
4.450000    17.908384 
4.500000    0.839267 
4.550000    -1.333113 
4.600000    -5.321376 
4.650000    -6.675001 
4.700000    -10.565165 
4.750000    1.337824 
4.800000    6.195456 
4.850000    -0.909594 
4.900000    -2.552974 
4.950000    -1.202154 
5.000000    -0.727443 
5.050000    3.530658 
5.100000    -6.526847 
5.150000    8.026795 
5.200000    -1.874838 
5.250000    5.506614 
5.300000    -9.467182 
5.350000    -0.838185 
5.400000    2.472907 
5.450000    6.758919 
5.500000    -0.279652 
5.550000    3.427933 
5.600000    -1.104241 
5.650000    1.013496 
5.700000    -0.475483 
5.750000    -0.184100 
5.800000    -1.086062 
5.850000    -1.970096 
5.900000    6.697466 
5.950000    -0.968577 
6.000000    2.057399 
6.050000    -0.976466 
6.100000    4.174122 
6.150000    0.061816 
6.200000    -4.665683 
6.250000    4.375643 
6.300000    -1.196115 
6.350000    3.895407 
6.400000    -0.839089 
6.450000    -3.849816 
6.500000    -2.453640 
6.550000    3.240433 
6.600000    1.187095 
6.650000    0.206711 
6.700000    1.064597 
6.750000    4.700278 
6.800000    -1.382795 
6.850000    0.838026 
6.900000    0.345864 
6.950000    -0.579914 
7.000000    15.280882 
7.050000    10.927417 
7.100000    5.663957 
7.150000    4.931955 
7.200000    -0.359093 
7.250000    0.972086 
7.300000    -6.201704 
7.350000    -0.099412 
7.400000    -2.038814 
7.450000    -4.382999 
7.500000    -1.791521 
7.550000    10.846888 
7.600000    0.705537 
7.650000    -4.941548 
7.700000    -3.953064 
7.750000    -3.349769 
7.800000    -3.715944 
7.850000    1.496223 
7.900000    -4.676512 
7.950000    2.709643 
8.000000    -2.607739 
8.050000    3.092184 
8.100000    7.195306 
8.150000    0.437292 
8.200000    -2.786538 
8.250000    -3.920129 
8.300000    3.474447 
8.350000    10.822878 
8.400000    6.726816 
8.450000    0.375224 
8.500000    -1.154706 
8.550000    -1.590710 
8.600000    -8.497734 
8.650000    0.897663 
8.700000    2.548136 
8.750000    1.442153 
8.800000    2.636022 
8.850000    0.307475 
8.900000    2.748633 
8.950000    -0.927153 
9.000000    2.659038 
9.050000    -5.133142 
9.100000    -0.094322 
9.150000    7.210347 
9.200000    -1.908196 
9.250000    -3.811780 
9.300000    8.575104 
9.350000    8.107789 
9.400000    1.477584 
9.450000    1.341385 
9.500000    -4.392780 
9.550000    0.365805 
9.600000    -6.094869 
9.650000    4.493004 
9.700000    1.308859 
9.750000    -5.704712 
9.800000    -2.842925 
9.850000    1.960685 
9.900000    -3.613773 
9.950000    -1.100559 
10.000000    -0.400904 
10.050000    -0.018073 
10.100000    3.030467 
10.150000    2.514745 
10.200000    0.688524 
10.250000    -3.447325 
10.300000    -0.966530 
10.350000    -1.569028 
10.400000    -0.815309 
10.450000    -0.194408 
10.500000    -8.060455 
10.550000    -5.353839 
10.600000    2.949723 
10.650000    1.979312 
10.700000    -1.712994 
10.750000    -0.518986 
10.800000    -2.168910 
10.850000    4.292280 
10.900000    7.975726 
10.950000    2.253704 
11.000000    8.042216 
11.050000    4.140688 
11.100000    1.476196 
11.150000    1.225052 
11.200000    0.931777 
11.250000    -0.887268 
11.300000    -0.947026 
11.350000    -0.347752 
11.400000    9.788266 
11.450000    -0.781938 
11.500000    -1.223386 
11.550000    0.892485 
11.600000    8.297837 
11.650000    5.801535 
11.700000    4.624950 
11.750000    2.870474 
11.800000    -7.320512 
11.850000    7.401822 
11.900000    -0.148753 
11.950000    -3.244493 
12.000000    4.552165 
12.050000    7.441485 
12.100000    12.420837 
12.150000    4.092266 
12.200000    -0.386548 
12.250000    -7.271597 
12.300000    -6.889366 
12.350000    -5.342065 
12.400000    -5.088784 
12.450000    3.861929 
12.500000    1.344900 
12.550000    -3.440219 
12.600000    -0.376909 
12.650000    5.887214 
12.700000    -3.351618 
12.750000    -3.593249 
12.800000    5.761442 
12.850000    -6.104801 
12.900000    7.020823 
12.950000    5.490661 
13.000000    3.710394 
13.050000    5.605525 
13.100000    2.429512 
13.150000    1.647976 
13.200000    3.612808 
13.250000    1.462389 
13.300000    1.463703 
13.350000    6.576475 
13.400000    -3.107907 
13.450000    10.262472 
13.500000    11.321424 
13.550000    10.939472 
13.600000    7.353834 
13.650000    -0.053964 
13.700000    2.919581 
13.750000    -3.928012 
13.800000    -1.405527 
13.850000    2.665751 
13.900000    -3.903149 
13.950000    -6.827029 
14.000000    -6.168710 
14.050000    -2.942575 
14.100000    -8.042862 
14.150000    5.901248 
14.200000    -1.017396 
14.250000    1.608278 
14.300000    4.154518 
14.350000    5.842336 
14.400000    1.462683 
14.450000    -8.115022 
14.500000    -6.605581 
14.550000    -8.108464 
14.600000    -3.237905 
14.650000    3.711410 
14.700000    4.527656 
14.750000    4.469849 
14.800000    3.564713 
14.850000    1.893064 
14.900000    -1.161592 
14.950000    -8.121298 
15.000000    -1.249169 
15.050000    -7.208505 
15.100000    2.082292 
15.150000    -1.382314 
15.200000    2.438464 
15.250000    -4.633508 
15.300000    2.784723 
15.350000    -2.899932 
15.400000    -3.264441 
15.450000    -2.871250 
15.500000    4.940383 
15.550000    -5.303701 
15.600000    0.431507 
15.650000    -2.109379 
15.700000    -5.148617 
15.750000    4.374788 
15.800000    -0.530081 
15.850000    -5.624405 
15.900000    5.573390 
15.950000    7.805010 
16.000000    1.072528 
16.050000    1.547510 
16.100000    -5.257790 
16.150000    2.364714 
16.200000    -2.738286 
16.250000    -2.816780 
16.300000    3.683392 
16.350000    4.421241 
16.400000    7.623173 
16.450000    5.706625 
16.500000    -3.725064 
16.550000    0.517794 
16.600000    1.854678 
16.650000    -3.393447 
16.700000    -6.737706 
16.750000    0.227976 
16.800000    3.891046 
16.850000    1.802873 
16.900000    0.678180 
16.950000    0.316235 
17.000000    1.711917 
17.050000    -2.735055 
17.100000    -9.649252 
17.150000    -0.920807 
17.200000    0.390010 
17.250000    3.176841 
17.300000    -2.103995 
17.350000    3.686926 
17.400000    -1.914201 
17.450000    3.411315 
17.500000    -5.292446 
17.550000    -0.134303 
17.600000    3.947131 
17.650000    4.924516 
17.700000    -5.010820 
17.750000    -5.730634 
17.800000    2.079730 
17.850000    -0.666415 
17.900000    -4.789412 
17.950000    -0.939239 
18.000000    -2.414067 
18.050000    8.017923 
18.100000    1.511220 
18.150000    9.337452 
18.200000    3.961917 
18.250000    12.366381 
18.300000    8.150847 
18.350000    5.317877 
18.400000    3.946720 
18.450000    9.677485 
18.500000    -3.413237 
18.550000    -0.535849 
18.600000    -0.195445 
18.650000    -1.460093 
18.700000    6.854550 
18.750000    1.189865 
18.800000    -0.991716 
18.850000    -1.641813 
18.900000    -4.985146 
18.950000    -1.699950 
19.000000    3.606094 
19.050000    2.806647 
19.100000    5.538512 
19.150000    4.886477 
19.200000    10.788170 
19.250000    4.131186 
19.300000    6.227577 
19.350000    -2.641468 
19.400000    -5.945620 
19.450000    -0.698480 
19.500000    -0.206270 
19.550000    7.458153 
19.600000    6.195727 
19.650000    10.566485 
19.700000    3.747618 
19.750000    0.054352 
19.799999    4.683375 
19.849999    10.910211 
19.899999    2.189051 
19.949999    5.638858 


Reverse Correlation Function   