Time    Magnitude 

0.000000    -3.932214 
0.050000    -10.543262 
0.100000    -4.618001 
0.150000    0.956269 
0.200000    1.431341 
0.250000    0.422177 
0.300000    3.989366 
0.350000    -2.222504 
0.400000    0.366259 
0.450000    -9.728025 
0.500000    -3.298005 
0.550000    2.005396 
0.600000    -1.146809 
0.650000    2.582981 
0.700000    -5.343032 
0.750000    2.204140 
0.800000    -3.558207 
0.850000    -4.739833 
0.900000    -4.662437 
0.950000    2.909105 
1.000000    -8.426314 
1.050000    11.604574 
1.100000    -7.970086 
1.150000    1.491856 
1.200000    0.248125 
1.250000    2.106983 
1.300000    3.180398 
1.350000    6.375601 
1.400000    -5.679266 
1.450000    -3.098706 
1.500000    -13.960671 
1.550000    -2.119391 
1.600000    6.919779 
1.650000    8.377337 
1.700000    5.770380 
1.750000    0.615583 
1.800000    -6.221478 
1.850000    -5.505774 
1.900000    4.657454 
1.950000    7.489138 
2.000000    2.894171 
2.050000    2.399085 
2.100000    -4.056262 
2.150000    -5.842372 
2.200000    -0.814734 
2.250000    2.738961 
2.300000    3.766241 
2.350000    -1.338066 
2.400000    7.056014 
2.450000    2.705897 
2.500000    2.503644 
2.550000    5.685525 
2.600000    2.170733 
2.650000    2.494268 
2.700000    21.811270 
2.750000    10.174883 
2.800000    10.047953 
2.850000    10.654537 
2.900000    14.543760 
2.950000    9.511537 
3.000000    14.647440 
3.050000    13.635498 
3.100000    13.306322 
3.150000    4.974402 
3.200000    -7.419332 
3.250000    -5.292996 
3.300000    -18.889359 
3.350000    -26.302071 
3.400000    -27.608587 
3.450000    -27.432346 
3.500000    -38.426819 
3.550000    -31.621260 
3.600000    -31.118307 
3.650000    -27.020109 
3.700000    -26.317469 
3.750000    -19.110743 
3.800000    -5.055522 
3.850000    2.822834 
3.900000    13.219064 
3.950000    28.174126 
4.000000    28.248301 
4.050000    48.117371 
4.100000    46.615063 
4.150000    52.472801 
4.200000    70.241867 
4.250000    59.606506 
4.300000    61.468491 
4.350000    55.574158 
4.400000    51.738228 
4.450000    48.609245 
4.500000    40.631863 
4.550000    28.464529 
4.600000    13.889331 
4.650000    2.308382 
4.700000    -10.810606 
4.750000    -21.660051 
4.800000    -29.803329 
4.850000    -38.405312 
4.900000    -43.687809 
4.950000    -53.105400 
5.000000    -55.033939 
5.050000    -56.389900 
5.100000    -67.113586 
5.150000    -46.595703 
5.200000    -50.108337 
5.250000    -46.800472 
5.300000    -33.326569 
5.350000    -35.301624 
5.400000    -31.015442 
5.450000    -14.891739 
5.500000    -13.175522 
5.550000    -10.924543 
5.600000    1.663476 
5.650000    15.232421 
5.700000    26.413836 
5.750000    30.086601 
5.800000    39.850365 
5.850000    26.213751 
5.900000    34.925552 
5.950000    37.026081 
6.000000    32.351864 
6.050000    42.560429 
6.100000    31.236992 
6.150000    37.287258 
6.200000    28.926640 
6.250000    19.261793 
6.300000    11.238127 
6.350000    14.394896 
6.400000    18.875437 
6.450000    0.115576 
6.500000    -7.326190 
6.550000    -0.683935 
6.600000    -9.117406 
6.650000    -6.225008 
6.700000    -8.378702 
6.750000    -11.181768 
6.800000    -10.327326 
6.850000    -10.176144 
6.900000    -14.475338 
6.950000    -24.418022 
7.000000    -19.968214 
7.050000    -25.525452 
7.100000    -13.821124 
7.150000    -20.630274 
7.200000    0.681132 
7.250000    -9.381941 
7.300000    -4.289232 
7.350000    3.344603 
7.400000    -6.431540 
7.450000    4.709129 
7.500000    0.674671 
7.550000    5.405166 
7.600000    8.948113 
7.650000    4.324870 
7.700000    11.284625 
7.750000    8.900560 
7.800000    5.281501 
7.850000    0.573125 
7.900000    -0.075322 
7.950000    1.266407 
8.000000    1.865535 
8.050000    12.037882 
8.100000    -1.474302 
8.150000    -3.068506 
8.200000    -1.277087 
8.250000    -2.754392 
8.300000    6.146865 
8.350000    0.234089 
8.400000    7.676219 
8.450000    -0.059820 
8.500000    0.364423 
8.550000    -8.892971 
8.600000    -6.925466 
8.650000    -2.495967 
8.700000    -3.666605 
8.750000    3.079630 
8.800000    -9.545942 
8.850000    -4.090560 
8.900000    -3.072928 
8.950000    -2.809920 
9.000000    5.328710 
9.050000    -1.301173 
9.100000    11.032207 
9.150000    6.455919 
9.200000    8.555009 
9.250000    -0.394819 
9.300000    1.228105 
9.350000    -1.610431 
9.400000    -6.335235 
9.450000    6.335905 
9.500000    -3.901840 
9.550000    7.134008 
9.600000    3.981954 
9.650000    1.238859 
9.700000    7.977530 
9.750000    3.132379 
9.800000    2.550814 
9.850000    7.701701 
9.900000    -6.020570 
9.950000    -1.624922 
10.000000    -4.383138 
10.050000    -2.014712 
10.100000    2.915194 
10.150000    -4.466830 
10.200000    2.479715 
10.250000    -0.879371 
10.300000    0.541351 
10.350000    -0.172795 
10.400000    1.314869 
10.450000    -4.491723 
10.500000    -3.325099 
10.550000    -2.356098 
10.600000    -11.664049 
10.650000    -4.983744 
10.700000    3.420997 
10.750000    -3.314534 
10.800000    -2.693055 
10.850000    8.679103 
10.900000    -11.688484 
10.950000    -1.803345 
11.000000    1.059084 
11.050000    -4.650441 
11.100000    -0.916101 
11.150000    0.500449 
11.200000    -4.153818 
11.250000    6.173099 
11.300000    2.021454 
11.350000    -1.011344 
11.400000    7.344535 
11.450000    3.450346 
11.500000    -13.608453 
11.550000    7.121231 
11.600000    2.204323 
11.650000    12.907311 
11.700000    -11.553561 
11.750000    14.802048 
11.800000    -3.379936 
11.850000    5.783591 
11.900000    -4.974888 
11.950000    -2.980937 
12.000000    -0.887633 
12.050000    -0.930871 
12.100000    -3.454867 
12.150000    0.879096 
12.200000    9.853660 
12.250000    2.951978 
12.300000    7.260161 
12.350000    -6.464249 
12.400000    2.534044 
12.450000    -4.356842 
12.500000    -8.238687 
12.550000    -9.821189 
12.600000    1.593898 
12.650000    -8.751263 
12.700000    0.034720 
12.750000    -8.676814 
12.800000    7.961317 
12.850000    -6.373420 
12.900000    -1.348755 
12.950000    1.836774 
13.000000    2.632567 
13.050000    2.377117 
13.100000    -0.442520 
13.150000    0.170963 
13.200000    -0.512126 
13.250000    -3.580462 
13.300000    -7.649119 
13.350000    2.938723 
13.400000    -2.350341 
13.450000    1.766595 
13.500000    0.278523 
13.550000    9.357233 
13.600000    1.539384 
13.650000    0.829794 
13.700000    -8.863497 
13.750000    8.425113 
13.800000    -0.387301 
13.850000    -5.555023 
13.900000    0.983692 
13.950000    -8.814192 
14.000000    -0.990952 
14.050000    -0.278030 
14.100000    2.004846 
14.150000    0.883430 
14.200000    2.038555 
14.250000    3.021015 
14.300000    5.465503 
14.350000    -5.115680 
14.400000    1.551288 
14.450000    -0.649291 
14.500000    -4.825212 
14.550000    0.065349 
14.600000    -5.842431 
14.650000    -13.080632 
14.700000    -6.362188 
14.750000    -3.213257 
14.800000    -12.353750 
14.850000    -0.454266 
14.900000    3.396509 
14.950000    -1.461113 
15.000000    -3.634426 
15.050000    4.682691 
15.100000    -5.101936 
15.150000    0.022276 
15.200000    5.849259 
15.250000    -11.755304 
15.300000    -6.918626 
15.350000    -8.097591 
15.400000    5.784991 
15.450000    4.655232 
15.500000    1.802133 
15.550000    6.244827 
15.600000    -3.745353 
15.650000    5.523288 
15.700000    2.052080 
15.750000    1.032632 
15.800000    -0.268685 
15.850000    3.389223 
15.900000    2.938450 
15.950000    -6.377053 
16.000000    -5.764533 
16.050000    -5.975750 
16.100000    -1.854112 
16.150000    -7.319557 
16.200000    -6.983385 
16.250000    -10.169895 
16.300000    0.404575 
16.350000    -14.876705 
16.400000    -6.592096 
16.450000    5.952821 
16.500000    -5.518524 
16.550000    0.707975 
16.600000    -4.744528 
16.650000    5.993511 
16.700000    14.410151 
16.750000    6.675013 
16.800000    1.552658 
16.850000    13.933556 
16.900000    7.177454 
16.950000    1.401851 
17.000000    -6.626358 
17.050000    6.212541 
17.100000    8.182653 
17.150000    -2.395440 
17.200000    -5.646285 
17.250000    3.852803 
17.300000    -6.441483 
17.350000    2.250620 
17.400000    -14.438918 
17.450000    -1.348106 
17.500000    -0.616962 
17.550000    5.935751 
17.600000    -7.435217 
17.650000    0.542323 
17.700000    -3.147220 
17.750000    -1.430059 
17.800000    -3.942582 
17.850000    -2.729730 
17.900000    -6.745416 
17.950000    2.090497 
18.000000    -0.057127 
18.050000    3.131028 
18.100000    6.516898 
18.150000    -8.116801 
18.200000    1.279725 
18.250000    8.545132 
18.300000    -1.898359 
18.350000    7.619149 
18.400000    -6.411901 
18.450000    8.680992 
18.500000    2.555795 
18.550000    1.168673 
18.600000    19.891787 
18.650000    0.828983 
18.700000    4.187477 
18.750000    -2.162120 
18.800000    2.787722 
18.850000    -10.345207 
18.900000    -9.911242 
18.950000    4.305886 
19.000000    -1.272717 
19.050000    -3.719131 
19.100000    -6.198805 
19.150000    4.256670 
19.200000    -5.539810 
19.250000    -3.059396 
19.300000    4.674685 
19.350000    7.086452 
19.400000    -0.739834 
19.450000    10.973595 
19.500000    1.072025 
19.550000    2.553861 
19.600000    5.749505 
19.650000    6.579741 
19.700000    4.231411 
19.750000    8.254723 
19.799999    4.690624 
19.849999    13.704980 
19.899999    -1.572541 
19.949999    4.817708 


Reverse Correlation Function   