Time    Magnitude 

0.000000    -0.096853 
0.050000    -0.018707 
0.100000    0.129891 
0.150000    0.202149 
0.200000    0.186502 
0.250000    0.235102 
0.300000    0.189501 
0.350000    -0.145167 
0.400000    -0.257216 
0.450000    -0.020071 
0.500000    -0.330967 
0.550000    0.094774 
0.600000    -0.014023 
0.650000    0.101928 
0.700000    0.132026 
0.750000    0.423128 
0.800000    0.198713 
0.850000    0.282626 
0.900000    0.125700 
0.950000    0.045467 
1.000000    0.047338 
1.050000    -0.039458 
1.100000    -0.139324 
1.150000    -0.268919 
1.200000    0.017814 
1.250000    0.087187 
1.300000    0.113054 
1.350000    0.220838 
1.400000    0.238135 
1.450000    0.140596 
1.500000    0.000672 
1.550000    0.024678 
1.600000    -0.168412 
1.650000    0.029485 
1.700000    -0.036677 
1.750000    -0.306454 
1.800000    -0.137318 
1.850000    -0.039583 
1.900000    0.073418 
1.950000    0.228194 
2.000000    0.319624 
2.050000    0.224448 
2.100000    0.048945 
2.150000    0.135898 
2.200000    -0.013491 
2.250000    -0.005090 
2.300000    -0.282434 
2.350000    -0.489913 
2.400000    -0.390123 
2.450000    -0.585651 
2.500000    -0.264455 
2.550000    -0.017785 
2.600000    0.428334 
2.650000    0.637640 
2.700000    0.513514 
2.750000    0.949957 
2.800000    0.851452 
2.850000    0.815183 
2.900000    0.045655 
2.950000    -0.507817 
3.000000    -1.307685 
3.050000    -1.420020 
3.100000    -1.817489 
3.150000    -0.947758 
3.200000    -0.138858 
3.250000    0.762857 
3.300000    1.403048 
3.350000    1.820099 
3.400000    1.513419 
3.450000    1.222822 
3.500000    0.238612 
3.550000    -0.585248 
3.600000    -1.478367 
3.650000    -2.090985 
3.700000    -2.011399 
3.750000    -1.294689 
3.800000    -0.537685 
3.850000    0.436774 
3.900000    1.331050 
3.950000    1.459731 
4.000000    1.679354 
4.050000    1.215204 
4.100000    0.805780 
4.150000    -0.066111 
4.200000    -0.836545 
4.250000    -1.517469 
4.300000    -1.618448 
4.350000    -1.143834 
4.400000    -0.656990 
4.450000    0.062866 
4.500000    0.735277 
4.550000    1.160287 
4.600000    1.114392 
4.650000    1.182475 
4.700000    0.644678 
4.750000    -0.024448 
4.800000    -0.489305 
4.850000    -0.812020 
4.900000    -1.074975 
4.950000    -0.846587 
5.000000    -0.588296 
5.050000    -0.091309 
5.100000    0.490040 
5.150000    0.869978 
5.200000    0.675661 
5.250000    0.829224 
5.300000    0.657079 
5.350000    0.359710 
5.400000    -0.299774 
5.450000    -0.471420 
5.500000    -0.626786 
5.550000    -0.640826 
5.600000    -0.210054 
5.650000    -0.187664 
5.700000    0.374445 
5.750000    0.110819 
5.800000    0.562364 
5.850000    0.653204 
5.900000    0.280958 
5.950000    0.308801 
6.000000    -0.070370 
6.050000    -0.075023 
6.100000    -0.056039 
6.150000    -0.547637 
6.200000    -0.202743 
6.250000    -0.402033 
6.300000    -0.128849 
6.350000    0.114362 
6.400000    0.254703 
6.450000    0.323043 
6.500000    0.227207 
6.550000    0.112022 
6.600000    0.195855 
6.650000    0.117836 
6.700000    -0.065237 
6.750000    -0.199791 
6.800000    -0.239645 
6.850000    0.037572 
6.900000    -0.357728 
6.950000    0.079172 
7.000000    0.041983 
7.050000    -0.077557 
7.100000    0.199220 
7.150000    0.113922 
7.200000    0.300749 
7.250000    0.196904 
7.300000    -0.153236 
7.350000    -0.245184 
7.400000    -0.055056 
7.450000    -0.086795 
7.500000    0.066861 
7.550000    -0.065745 
7.600000    0.049484 
7.650000    0.103806 
7.700000    0.105646 
7.750000    0.287846 
7.800000    0.171516 
7.850000    0.257271 
7.900000    -0.076228 
7.950000    -0.136735 
8.000000    -0.251998 
8.050000    -0.074126 
8.100000    -0.140279 
8.150000    0.157742 
8.200000    -0.067883 
8.250000    0.200017 
8.300000    0.152340 
8.350000    0.052876 
8.400000    0.246200 
8.450000    0.251184 
8.500000    0.212357 
8.550000    -0.021522 
8.600000    -0.142308 
8.650000    -0.020457 
8.700000    0.120046 
8.750000    -0.210227 
8.800000    -0.245051 
8.850000    -0.133267 
8.900000    -0.249815 
8.950000    -0.083224 
9.000000    -0.001477 
9.050000    0.064131 
9.100000    0.211283 
9.150000    -0.047273 
9.200000    0.082729 
9.250000    -0.096643 
9.300000    0.188497 
9.350000    -0.022779 
9.400000    -0.021296 
9.450000    -0.476276 
9.500000    -0.187783 
9.550000    -0.073798 
9.600000    0.006194 
9.650000    -0.168576 
9.700000    -0.009757 
9.750000    -0.010615 
9.800000    -0.209493 
9.850000    -0.333616 
9.900000    0.014899 
9.950000    0.049325 
10.000000    0.107633 
10.050000    -0.153416 
10.100000    0.081684 
10.150000    -0.081217 
10.200000    -0.103704 
10.250000    0.127442 
10.300000    -0.191904 
10.350000    0.079152 
10.400000    0.102636 
10.450000    0.048055 
10.500000    0.274027 
10.550000    0.221810 
10.600000    0.046087 
10.650000    -0.041652 
10.700000    -0.087005 
10.750000    0.059281 
10.800000    0.110630 
10.850000    -0.031723 
10.900000    -0.014064 
10.950000    -0.122378 
11.000000    0.212946 
11.050000    0.234389 
11.100000    0.074370 
11.150000    0.029706 
11.200000    -0.110796 
11.250000    -0.095834 
11.300000    -0.217625 
11.350000    -0.114729 
11.400000    -0.249563 
11.450000    -0.051940 
11.500000    0.083311 
11.550000    -0.044383 
11.600000    0.244272 
11.650000    0.218683 
11.700000    0.100257 
11.750000    -0.025931 
11.800000    -0.021890 
11.850000    -0.175919 
11.900000    -0.144433 
11.950000    -0.026190 
12.000000    -0.068030 
12.050000    -0.123677 
12.100000    -0.305955 
12.150000    0.264954 
12.200000    0.005373 
12.250000    0.232422 
12.300000    0.120672 
12.350000    -0.177610 
12.400000    0.196715 
12.450000    0.042047 
12.500000    -0.175102 
12.550000    0.105913 
12.600000    0.009943 
12.650000    0.007257 
12.700000    0.015572 
12.750000    0.107850 
12.800000    0.073217 
12.850000    0.383542 
12.900000    0.246287 
12.950000    -0.052271 
13.000000    0.107756 
13.050000    0.098732 
13.100000    0.266231 
13.150000    0.106658 
13.200000    -0.171156 
13.250000    0.085632 
13.300000    0.015571 
13.350000    0.023571 
13.400000    0.254724 
13.450000    0.105187 
13.500000    0.278731 
13.550000    0.195960 
13.600000    0.107990 
13.650000    -0.024792 
13.700000    -0.121631 
13.750000    -0.083382 
13.800000    -0.038853 
13.850000    -0.069124 
13.900000    -0.204020 
13.950000    0.000582 
14.000000    0.214083 
14.050000    0.239983 
14.100000    0.066330 
14.150000    0.043990 
14.200000    0.060947 
14.250000    0.089485 
14.300000    0.073987 
14.350000    0.028660 
14.400000    -0.051137 
14.450000    0.114409 
14.500000    -0.070720 
14.550000    0.013660 
14.600000    0.092758 
14.650000    0.088369 
14.700000    0.256266 
14.750000    0.146127 
14.800000    -0.004440 
14.850000    0.132836 
14.900000    -0.032889 
14.950000    -0.065961 
15.000000    -0.059218 
15.050000    0.173134 
15.100000    -0.009814 
15.150000    -0.098886 
15.200000    0.104165 
15.250000    0.237335 
15.300000    0.389089 
15.350000    0.134023 
15.400000    0.079922 
15.450000    0.130457 
15.500000    0.061882 
15.550000    0.030119 
15.600000    -0.221937 
15.650000    0.000332 
15.700000    -0.006735 
15.750000    -0.031126 
15.800000    0.160874 
15.850000    0.182830 
15.900000    0.022066 
15.950000    0.201248 
16.000000    0.164322 
16.050000    0.010830 
16.100000    0.084042 
16.150000    -0.204374 
16.200000    -0.350098 
16.250000    -0.122383 
16.300000    -0.056021 
16.350000    0.117116 
16.400000    0.359423 
16.450000    0.060985 
16.500000    0.143495 
16.550000    0.170121 
16.600000    0.133107 
16.650000    0.141047 
16.700000    0.066860 
16.750000    -0.087001 
16.800000    -0.130312 
16.850000    -0.035655 
16.900000    -0.001514 
16.950000    0.137571 
17.000000    0.263162 
17.050000    0.207023 
17.100000    0.184418 
17.150000    0.079175 
17.200000    0.357951 
17.250000    0.178705 
17.300000    -0.020431 
17.350000    -0.050953 
17.400000    0.118725 
17.450000    0.306650 
17.500000    0.006909 
17.550000    -0.031615 
17.600000    0.265085 
17.650000    0.154776 
17.700000    -0.092602 
17.750000    0.192477 
17.800000    0.146440 
17.850000    0.124896 
17.900000    -0.048483 
17.950000    0.141260 
18.000000    -0.088165 
18.050000    -0.182136 
18.100000    -0.072703 
18.150000    -0.127943 
18.200000    -0.266219 
18.250000    -0.204635 
18.300000    -0.003434 
18.350000    0.105362 
18.400000    0.093152 
18.450000    0.164173 
18.500000    0.166423 
18.550000    0.047839 
18.600000    0.079841 
18.650000    -0.004097 
18.700000    0.149447 
18.750000    0.057583 
18.800000    -0.040724 
18.850000    -0.169674 
18.900000    -0.359155 
18.950000    0.128746 
19.000000    0.308651 
19.050000    0.116115 
19.100000    -0.004921 
19.150000    -0.063093 
19.200000    0.056908 
19.250000    0.287077 
19.300000    0.226253 
19.350000    0.199598 
19.400000    -0.204039 
19.450000    -0.126049 
19.500000    0.140858 
19.550000    0.051817 
19.600000    0.059703 
19.650000    0.297628 
19.700000    0.101531 
19.750000    -0.001656 
19.799999    0.203874 
19.849999    0.342972 
19.899999    -0.111511 
19.949999    0.105840 


Reverse Correlation Function   