Time    Magnitude 

0.000000    -0.537828 
0.050000    0.604883 
0.100000    0.251992 
0.150000    1.628402 
0.200000    2.476562 
0.250000    1.570426 
0.300000    0.526703 
0.350000    0.103392 
0.400000    1.194501 
0.450000    -0.391151 
0.500000    2.430208 
0.550000    -0.711799 
0.600000    -1.033574 
0.650000    -0.248573 
0.700000    -0.511043 
0.750000    1.339520 
0.800000    0.022519 
0.850000    1.835074 
0.900000    0.681169 
0.950000    0.652915 
1.000000    1.738361 
1.050000    0.072300 
1.100000    0.723141 
1.150000    0.414382 
1.200000    1.375963 
1.250000    0.166537 
1.300000    0.969909 
1.350000    -0.160562 
1.400000    -1.899682 
1.450000    -0.035807 
1.500000    2.742244 
1.550000    -0.610552 
1.600000    -0.767021 
1.650000    -1.306683 
1.700000    -0.603265 
1.750000    -0.294919 
1.800000    -0.624129 
1.850000    -0.965411 
1.900000    1.762191 
1.950000    1.291762 
2.000000    -0.451125 
2.050000    -0.229618 
2.100000    1.025151 
2.150000    0.500724 
2.200000    -0.404954 
2.250000    -0.261980 
2.300000    1.380448 
2.350000    -0.155108 
2.400000    0.024095 
2.450000    -1.063757 
2.500000    0.659615 
2.550000    -2.141224 
2.600000    1.195661 
2.650000    -1.471757 
2.700000    0.185873 
2.750000    0.393489 
2.800000    -0.460774 
2.850000    -2.989735 
2.900000    -3.033571 
2.950000    -3.273225 
3.000000    -3.816196 
3.050000    -0.695370 
3.100000    0.228577 
3.150000    3.028549 
3.200000    3.760103 
3.250000    5.697056 
3.300000    8.630424 
3.350000    9.261494 
3.400000    7.480237 
3.450000    4.722787 
3.500000    3.364396 
3.550000    -2.297318 
3.600000    -4.858886 
3.650000    -8.183049 
3.700000    -12.888186 
3.750000    -13.815106 
3.800000    -10.974635 
3.850000    -7.741812 
3.900000    -5.644383 
3.950000    0.904962 
4.000000    2.690301 
4.050000    8.811748 
4.100000    8.877421 
4.150000    10.928559 
4.200000    11.482030 
4.250000    8.788634 
4.300000    8.332268 
4.350000    5.523670 
4.400000    1.936677 
4.450000    -2.491227 
4.500000    -3.841835 
4.550000    -4.945773 
4.600000    -7.049371 
4.650000    -8.105150 
4.700000    -8.200352 
4.750000    -4.940909 
4.800000    -4.697239 
4.850000    0.905951 
4.900000    1.746067 
4.950000    5.326777 
5.000000    4.670126 
5.050000    7.619100 
5.100000    7.031640 
5.150000    7.258499 
5.200000    5.852085 
5.250000    3.098343 
5.300000    1.611182 
5.350000    0.025434 
5.400000    -2.359450 
5.450000    -3.476424 
5.500000    -4.210131 
5.550000    -4.471949 
5.600000    -4.560493 
5.650000    -2.492859 
5.700000    -1.899305 
5.750000    -0.507322 
5.800000    1.872384 
5.850000    3.706905 
5.900000    3.252184 
5.950000    5.466808 
6.000000    5.396261 
6.050000    3.573934 
6.100000    4.621161 
6.150000    2.550982 
6.200000    3.499353 
6.250000    -0.363063 
6.300000    -1.356193 
6.350000    -1.431786 
6.400000    -2.020022 
6.450000    -1.849082 
6.500000    -0.911440 
6.550000    -0.258006 
6.600000    -1.239756 
6.650000    -0.522115 
6.700000    0.248467 
6.750000    1.799750 
6.800000    4.392777 
6.850000    3.272835 
6.900000    0.993901 
6.950000    1.094471 
7.000000    1.494848 
7.050000    1.064934 
7.100000    0.604765 
7.150000    0.568936 
7.200000    0.169620 
7.250000    -2.469652 
7.300000    -1.210588 
7.350000    -2.385333 
7.400000    1.195515 
7.450000    0.033941 
7.500000    -0.177787 
7.550000    -2.742895 
7.600000    -0.226422 
7.650000    -0.185829 
7.700000    -0.536048 
7.750000    -0.596110 
7.800000    1.599950 
7.850000    -0.234554 
7.900000    0.687561 
7.950000    -0.464392 
8.000000    0.490468 
8.050000    0.601011 
8.100000    0.086428 
8.150000    -0.785580 
8.200000    0.642386 
8.250000    0.936218 
8.300000    -0.803460 
8.350000    0.500858 
8.400000    -0.541263 
8.450000    -1.967502 
8.500000    -1.791281 
8.550000    -1.239568 
8.600000    -0.725490 
8.650000    -1.486123 
8.700000    0.025132 
8.750000    -1.511240 
8.800000    0.106971 
8.850000    1.032055 
8.900000    0.465339 
8.950000    0.186907 
9.000000    0.036623 
9.050000    -0.279558 
9.100000    1.183562 
9.150000    0.007718 
9.200000    0.243430 
9.250000    1.098298 
9.300000    -1.549046 
9.350000    -1.055498 
9.400000    -0.892032 
9.450000    -1.292092 
9.500000    0.951357 
9.550000    -0.569531 
9.600000    -2.011891 
9.650000    -1.446239 
9.700000    -2.158237 
9.750000    -0.186686 
9.800000    0.166029 
9.850000    1.166266 
9.900000    1.043593 
9.950000    2.416008 
10.000000    1.287066 
10.050000    1.144942 
10.100000    1.148767 
10.150000    -0.417471 
10.200000    -1.444835 
10.250000    0.157706 
10.300000    -1.511208 
10.350000    -0.370775 
10.400000    0.167075 
10.450000    0.270956 
10.500000    -0.419389 
10.550000    -0.613486 
10.600000    1.040078 
10.650000    1.994171 
10.700000    1.303603 
10.750000    2.242861 
10.800000    1.357348 
10.850000    0.711808 
10.900000    0.309228 
10.950000    -0.565017 
11.000000    0.390319 
11.050000    -0.859003 
11.100000    0.319894 
11.150000    -0.017393 
11.200000    -0.815410 
11.250000    -0.228450 
11.300000    0.202386 
11.350000    0.681019 
11.400000    -0.044316 
11.450000    0.252929 
11.500000    -1.216757 
11.550000    -0.175991 
11.600000    -0.225546 
11.650000    -0.900449 
11.700000    -0.236932 
11.750000    0.327285 
11.800000    -0.596480 
11.850000    0.320622 
11.900000    1.072414 
11.950000    2.299337 
12.000000    -0.556695 
12.050000    1.704520 
12.100000    -1.835998 
12.150000    -1.131034 
12.200000    -1.012951 
12.250000    -0.621649 
12.300000    0.025740 
12.350000    0.540999 
12.400000    0.790752 
12.450000    1.150836 
12.500000    -0.806626 
12.550000    -0.112665 
12.600000    -1.063691 
12.650000    0.206407 
12.700000    -0.528963 
12.750000    -1.477747 
12.800000    -0.796002 
12.850000    -0.948513 
12.900000    -0.339908 
12.950000    0.319717 
13.000000    0.382893 
13.050000    -0.423758 
13.100000    0.104112 
13.150000    -0.719704 
13.200000    -1.192962 
13.250000    0.164266 
13.300000    0.856692 
13.350000    1.224429 
13.400000    -0.787258 
13.450000    1.198209 
13.500000    0.549724 
13.550000    0.802591 
13.600000    -1.326751 
13.650000    -1.147092 
13.700000    -1.883901 
13.750000    -0.708541 
13.800000    1.296435 
13.850000    -0.455558 
13.900000    1.989761 
13.950000    -0.508961 
14.000000    1.290941 
14.050000    -0.904513 
14.100000    -0.957411 
14.150000    0.111941 
14.200000    1.043961 
14.250000    2.810301 
14.300000    0.286695 
14.350000    0.439858 
14.400000    -0.522502 
14.450000    -0.963000 
14.500000    -0.249516 
14.550000    -0.028710 
14.600000    0.060315 
14.650000    -0.990541 
14.700000    1.601671 
14.750000    -2.678486 
14.800000    -1.085038 
14.850000    -0.930122 
14.900000    1.110830 
14.950000    0.073020 
15.000000    -0.120379 
15.050000    -0.854025 
15.100000    -0.700289 
15.150000    -1.533280 
15.200000    -1.273937 
15.250000    -0.188506 
15.300000    -0.022511 
15.350000    -0.312892 
15.400000    1.357568 
15.450000    1.162953 
15.500000    0.877313 
15.550000    -0.555120 
15.600000    0.576516 
15.650000    -0.316345 
15.700000    -1.075454 
15.750000    -0.799354 
15.800000    -0.274009 
15.850000    -0.132043 
15.900000    1.075383 
15.950000    -0.454474 
16.000000    0.616642 
16.050000    1.128666 
16.100000    0.837652 
16.150000    0.245848 
16.200000    0.942573 
16.250000    -0.688795 
16.300000    -0.116203 
16.350000    0.956376 
16.400000    1.487421 
16.450000    1.424115 
16.500000    -0.338906 
16.550000    0.526574 
16.600000    -0.616660 
16.650000    -1.517442 
16.700000    -0.887447 
16.750000    -0.268469 
16.800000    -1.089816 
16.850000    -0.453758 
16.900000    -2.395140 
16.950000    1.635806 
17.000000    -0.350449 
17.050000    -0.025486 
17.100000    0.322370 
17.150000    -0.242858 
17.200000    0.088156 
17.250000    -0.218009 
17.300000    0.192931 
17.350000    0.379743 
17.400000    -1.029628 
17.450000    0.004835 
17.500000    0.911501 
17.550000    0.446579 
17.600000    0.796194 
17.650000    0.497184 
17.700000    -0.050348 
17.750000    -1.355404 
17.800000    -0.673306 
17.850000    0.396514 
17.900000    -0.448468 
17.950000    -1.576078 
18.000000    -0.404012 
18.050000    1.418764 
18.100000    -0.202052 
18.150000    0.418109 
18.200000    -0.271206 
18.250000    0.006515 
18.300000    0.389663 
18.350000    1.388039 
18.400000    1.996435 
18.450000    -0.621396 
18.500000    1.011601 
18.550000    0.168139 
18.600000    -1.236419 
18.650000    -0.761734 
18.700000    0.720954 
18.750000    -0.535838 
18.800000    -0.951537 
18.850000    -1.312427 
18.900000    -1.226077 
18.950000    0.539183 
19.000000    -1.285062 
19.050000    0.703637 
19.100000    -0.949503 
19.150000    -0.162744 
19.200000    2.296268 
19.250000    0.820006 
19.300000    2.149404 
19.350000    -0.179001 
19.400000    1.660768 
19.450000    1.566882 
19.500000    0.253371 
19.550000    -0.930588 
19.600000    1.146656 
19.650000    -0.153214 
19.700000    -0.292216 
19.750000    0.203640 
19.799999    -0.731642 
19.849999    -0.130582 
19.899999    -0.357876 
19.949999    -1.131998 


Reverse Correlation Function   