Time    Magnitude 

0.000000    1.499254 
0.050000    -0.452167 
0.100000    0.168433 
0.150000    0.758280 
0.200000    1.364844 
0.250000    0.978750 
0.300000    1.191555 
0.350000    -0.236094 
0.400000    0.135797 
0.450000    0.508733 
0.500000    -0.070050 
0.550000    0.330731 
0.600000    1.567177 
0.650000    -0.591334 
0.700000    1.075212 
0.750000    -0.670191 
0.800000    -0.214723 
0.850000    0.222563 
0.900000    -0.187431 
0.950000    0.378501 
1.000000    2.528192 
1.050000    0.777099 
1.100000    -0.051183 
1.150000    0.273907 
1.200000    0.444427 
1.250000    0.863274 
1.300000    0.061203 
1.350000    1.054433 
1.400000    -0.125049 
1.450000    1.057596 
1.500000    2.206350 
1.550000    0.931380 
1.600000    -1.568820 
1.650000    0.021915 
1.700000    -0.196641 
1.750000    0.952889 
1.800000    1.051436 
1.850000    1.548335 
1.900000    1.406796 
1.950000    -0.674552 
2.000000    0.975040 
2.050000    0.259035 
2.100000    -0.610398 
2.150000    0.044134 
2.200000    0.690403 
2.250000    0.427501 
2.300000    -0.866700 
2.350000    -0.733671 
2.400000    0.252888 
2.450000    0.107302 
2.500000    1.659526 
2.550000    -0.327489 
2.600000    -0.562869 
2.650000    -1.256512 
2.700000    -0.822932 
2.750000    -0.449173 
2.800000    -0.544383 
2.850000    -4.123642 
2.900000    -2.146913 
2.950000    -3.809320 
3.000000    -1.504241 
3.050000    -0.459090 
3.100000    -0.013940 
3.150000    3.463522 
3.200000    6.562896 
3.250000    6.603349 
3.300000    9.435802 
3.350000    9.800739 
3.400000    7.688348 
3.450000    5.880413 
3.500000    2.796701 
3.550000    -1.669969 
3.600000    -5.871435 
3.650000    -8.886121 
3.700000    -13.065861 
3.750000    -13.798320 
3.800000    -11.909206 
3.850000    -10.541410 
3.900000    -4.993351 
3.950000    -0.363830 
4.000000    2.421299 
4.050000    8.601097 
4.100000    9.235799 
4.150000    10.538527 
4.200000    10.615388 
4.250000    9.817872 
4.300000    7.816836 
4.350000    4.498064 
4.400000    2.722255 
4.450000    -0.895671 
4.500000    -3.625250 
4.550000    -5.251745 
4.600000    -6.807883 
4.650000    -7.782016 
4.700000    -7.097497 
4.750000    -5.993232 
4.800000    -4.323298 
4.850000    0.256175 
4.900000    0.390541 
4.950000    4.877993 
5.000000    4.260548 
5.050000    6.195683 
5.100000    7.183500 
5.150000    8.045905 
5.200000    5.863009 
5.250000    4.214921 
5.300000    4.215726 
5.350000    -0.734508 
5.400000    -3.460755 
5.450000    -3.012518 
5.500000    -4.027259 
5.550000    -5.864556 
5.600000    -3.772499 
5.650000    -2.246777 
5.700000    -2.098269 
5.750000    0.641861 
5.800000    1.211974 
5.850000    0.749468 
5.900000    3.925207 
5.950000    3.892542 
6.000000    5.523012 
6.050000    2.586382 
6.100000    3.956093 
6.150000    2.977581 
6.200000    0.281816 
6.250000    0.553322 
6.300000    -0.512350 
6.350000    -2.032579 
6.400000    -2.430298 
6.450000    -0.877221 
6.500000    -0.585724 
6.550000    -0.277650 
6.600000    0.046432 
6.650000    0.329448 
6.700000    1.253630 
6.750000    2.093441 
6.800000    1.498139 
6.850000    1.511607 
6.900000    1.925374 
6.950000    -1.520785 
7.000000    -0.669053 
7.050000    0.324001 
7.100000    1.092280 
7.150000    -0.756636 
7.200000    -0.433825 
7.250000    -2.044491 
7.300000    -2.277033 
7.350000    -0.511485 
7.400000    -1.355191 
7.450000    0.529632 
7.500000    -0.144676 
7.550000    1.627537 
7.600000    -1.278470 
7.650000    -1.463469 
7.700000    0.743545 
7.750000    0.951155 
7.800000    0.678159 
7.850000    1.274371 
7.900000    1.750191 
7.950000    2.369251 
8.000000    0.088923 
8.050000    0.329327 
8.100000    0.227537 
8.150000    -0.767923 
8.200000    -0.504564 
8.250000    -0.180975 
8.300000    0.431427 
8.350000    1.187217 
8.400000    -1.108051 
8.450000    -2.184524 
8.500000    -0.607355 
8.550000    -0.766422 
8.600000    0.816452 
8.650000    -1.888389 
8.700000    -0.861189 
8.750000    -0.849103 
8.800000    -0.894843 
8.850000    0.220335 
8.900000    1.611612 
8.950000    1.203534 
9.000000    0.538124 
9.050000    0.352071 
9.100000    1.852846 
9.150000    -0.238062 
9.200000    0.642403 
9.250000    -0.276388 
9.300000    -1.010090 
9.350000    -0.942585 
9.400000    -0.568126 
9.450000    -2.719083 
9.500000    -0.486443 
9.550000    -0.078825 
9.600000    -2.727549 
9.650000    -0.977585 
9.700000    0.088768 
9.750000    1.602981 
9.800000    2.208585 
9.850000    1.835981 
9.900000    1.380891 
9.950000    0.912987 
10.000000    0.589176 
10.050000    0.489958 
10.100000    0.140440 
10.150000    0.309973 
10.200000    2.282205 
10.250000    -0.983661 
10.300000    0.248736 
10.350000    -0.588526 
10.400000    -0.126929 
10.450000    -1.642410 
10.500000    0.374539 
10.550000    -0.306050 
10.600000    1.138986 
10.650000    0.234501 
10.700000    1.163349 
10.750000    -0.297264 
10.800000    0.675120 
10.850000    -1.429591 
10.900000    -0.366265 
10.950000    0.115145 
11.000000    0.849091 
11.050000    1.129102 
11.100000    -1.451939 
11.150000    0.705179 
11.200000    -0.330104 
11.250000    -0.177600 
11.300000    -0.235560 
11.350000    -0.354312 
11.400000    -1.988115 
11.450000    0.966657 
11.500000    -1.997424 
11.550000    0.631087 
11.600000    0.351273 
11.650000    1.182460 
11.700000    -0.329443 
11.750000    1.425393 
11.800000    1.304112 
11.850000    -0.558994 
11.900000    0.394423 
11.950000    1.007494 
12.000000    -0.313999 
12.050000    -1.486698 
12.100000    -0.822620 
12.150000    0.088501 
12.200000    -0.113487 
12.250000    -1.530184 
12.300000    -1.364820 
12.350000    -0.589301 
12.400000    -0.260174 
12.450000    0.749308 
12.500000    0.214381 
12.550000    -0.559927 
12.600000    -0.823047 
12.650000    -0.290231 
12.700000    -0.236205 
12.750000    -0.288149 
12.800000    0.464310 
12.850000    1.868044 
12.900000    -0.297845 
12.950000    -0.288447 
13.000000    -0.401123 
13.050000    -0.962821 
13.100000    1.188763 
13.150000    -0.254304 
13.200000    -0.961261 
13.250000    -1.927714 
13.300000    0.246145 
13.350000    0.256431 
13.400000    -0.163101 
13.450000    0.154767 
13.500000    -1.113761 
13.550000    -0.977839 
13.600000    1.077636 
13.650000    1.376744 
13.700000    -2.185443 
13.750000    -0.109113 
13.800000    1.357443 
13.850000    0.317676 
13.900000    -1.095724 
13.950000    -0.257812 
14.000000    -0.364066 
14.050000    -0.331200 
14.100000    -0.797482 
14.150000    0.796725 
14.200000    1.001651 
14.250000    2.290773 
14.300000    1.769148 
14.350000    0.469670 
14.400000    0.564981 
14.450000    -2.504364 
14.500000    -1.379810 
14.550000    -0.990249 
14.600000    0.302911 
14.650000    -1.227798 
14.700000    0.537123 
14.750000    -0.624092 
14.800000    0.245957 
14.850000    0.013323 
14.900000    -0.242684 
14.950000    1.131034 
15.000000    0.118519 
15.050000    0.154635 
15.100000    -1.124574 
15.150000    1.094211 
15.200000    0.658688 
15.250000    -0.939514 
15.300000    -0.168455 
15.350000    1.582517 
15.400000    1.534954 
15.450000    -1.065604 
15.500000    1.584465 
15.550000    1.076313 
15.600000    0.967439 
15.650000    1.774784 
15.700000    -1.080606 
15.750000    0.031284 
15.800000    0.595172 
15.850000    0.321069 
15.900000    -0.698527 
15.950000    2.267153 
16.000000    -0.275461 
16.050000    0.957587 
16.100000    -0.851608 
16.150000    -0.302637 
16.200000    0.836002 
16.250000    0.794769 
16.300000    -0.534293 
16.350000    -1.314255 
16.400000    0.587355 
16.450000    -0.205336 
16.500000    -1.755519 
16.550000    -1.396406 
16.600000    1.780965 
16.650000    1.576157 
16.700000    -0.346114 
16.750000    -2.046186 
16.800000    -0.721175 
16.850000    -0.312278 
16.900000    -2.109826 
16.950000    -1.002148 
17.000000    1.396664 
17.050000    0.567411 
17.100000    1.407960 
17.150000    0.326931 
17.200000    -0.855309 
17.250000    -1.004818 
17.300000    -1.074651 
17.350000    0.434430 
17.400000    -0.124689 
17.450000    1.371106 
17.500000    0.633283 
17.550000    1.140834 
17.600000    -0.341636 
17.650000    -0.893013 
17.700000    -0.651041 
17.750000    1.259794 
17.800000    -0.421449 
17.850000    0.324176 
17.900000    -0.872729 
17.950000    -0.821306 
18.000000    -0.416225 
18.050000    0.629469 
18.100000    2.294456 
18.150000    -1.322893 
18.200000    -1.245590 
18.250000    -0.086689 
18.300000    0.068744 
18.350000    0.143919 
18.400000    1.084551 
18.450000    1.934804 
18.500000    1.077471 
18.550000    0.148743 
18.600000    0.551585 
18.650000    0.664605 
18.700000    -0.580781 
18.750000    -1.124696 
18.800000    1.057280 
18.850000    -1.106581 
18.900000    -0.931207 
18.950000    -1.722048 
19.000000    -1.376019 
19.050000    -0.103457 
19.100000    -0.190024 
19.150000    1.527310 
19.200000    1.718162 
19.250000    1.432994 
19.300000    2.187310 
19.350000    1.787092 
19.400000    1.184288 
19.450000    2.231994 
19.500000    -0.832402 
19.550000    -0.769843 
19.600000    -1.280331 
19.650000    -1.614513 
19.700000    1.138881 
19.750000    -2.449986 
19.799999    -0.807190 
19.849999    0.605516 
19.899999    0.085533 
19.949999    -3.027616 


Reverse Correlation Function   