Time    Magnitude 

0.000000    1.458054 
0.050000    -0.217184 
0.100000    0.413776 
0.150000    0.672451 
0.200000    -0.618836 
0.250000    -0.248901 
0.300000    0.614149 
0.350000    -0.991003 
0.400000    -0.412832 
0.450000    -0.416197 
0.500000    -0.118858 
0.550000    0.737545 
0.600000    0.207056 
0.650000    -0.041542 
0.700000    0.453335 
0.750000    0.851602 
0.800000    0.997610 
0.850000    -0.813947 
0.900000    0.852071 
0.950000    0.638686 
1.000000    -0.663290 
1.050000    -0.316974 
1.100000    0.499103 
1.150000    -1.182461 
1.200000    -0.158769 
1.250000    -0.295032 
1.300000    0.369577 
1.350000    0.081399 
1.400000    0.228125 
1.450000    0.461125 
1.500000    0.377244 
1.550000    -0.065363 
1.600000    0.268475 
1.650000    0.153206 
1.700000    0.575371 
1.750000    1.067103 
1.800000    0.551326 
1.850000    0.959692 
1.900000    -0.401319 
1.950000    -1.659948 
2.000000    0.033439 
2.050000    -0.609906 
2.100000    -0.513163 
2.150000    -0.641994 
2.200000    -1.491752 
2.250000    1.152405 
2.300000    -0.611434 
2.350000    0.705828 
2.400000    -0.480205 
2.450000    -0.527512 
2.500000    0.643863 
2.550000    0.485958 
2.600000    0.527589 
2.650000    -0.843076 
2.700000    -1.787644 
2.750000    -1.980002 
2.800000    -1.693685 
2.850000    -1.790171 
2.900000    -0.946544 
2.950000    -0.460443 
3.000000    0.847613 
3.050000    0.660809 
3.100000    2.456118 
3.150000    2.789641 
3.200000    3.018630 
3.250000    3.070421 
3.300000    1.694176 
3.350000    -0.677720 
3.400000    -1.839835 
3.450000    -3.333241 
3.500000    -4.861744 
3.550000    -5.609158 
3.600000    -5.068915 
3.650000    -2.991021 
3.700000    -0.838118 
3.750000    0.205023 
3.800000    1.194820 
3.850000    3.838372 
3.900000    4.609470 
3.950000    5.025599 
4.000000    3.475217 
4.050000    3.475317 
4.100000    1.603090 
4.150000    -0.707432 
4.200000    -1.748077 
4.250000    -3.677495 
4.300000    -3.983008 
4.350000    -5.235152 
4.400000    -2.741254 
4.450000    -3.074251 
4.500000    -1.415699 
4.550000    0.673283 
4.600000    2.169061 
4.650000    2.578417 
4.700000    2.486498 
4.750000    2.940523 
4.800000    3.458345 
4.850000    2.086188 
4.900000    1.813143 
4.950000    0.888849 
5.000000    -0.339819 
5.050000    -1.843290 
5.100000    -1.825212 
5.150000    -2.037366 
5.200000    -1.616659 
5.250000    -1.206296 
5.300000    -0.175421 
5.350000    -0.301073 
5.400000    1.062011 
5.450000    0.799665 
5.500000    2.058352 
5.550000    1.788344 
5.600000    1.625186 
5.650000    1.117874 
5.700000    0.022020 
5.750000    0.529095 
5.800000    -0.120692 
5.850000    -1.579952 
5.900000    -1.978564 
5.950000    -1.254572 
6.000000    -1.092823 
6.050000    -0.880116 
6.100000    -1.269464 
6.150000    -1.144113 
6.200000    0.521073 
6.250000    2.061316 
6.300000    1.064503 
6.350000    1.097861 
6.400000    0.987503 
6.450000    0.914943 
6.500000    0.643760 
6.550000    -0.906164 
6.600000    -0.732385 
6.650000    -1.034594 
6.700000    -0.647485 
6.750000    -0.173304 
6.800000    -0.487962 
6.850000    -0.888424 
6.900000    -0.450283 
6.950000    0.786937 
7.000000    -1.112647 
7.050000    1.058109 
7.100000    1.126003 
7.150000    0.727736 
7.200000    1.366722 
7.250000    0.671499 
7.300000    -0.101739 
7.350000    -0.148105 
7.400000    -1.010131 
7.450000    -0.048424 
7.500000    -0.436152 
7.550000    0.051943 
7.600000    -0.185627 
7.650000    0.053176 
7.700000    0.274125 
7.750000    -0.487244 
7.800000    0.743754 
7.850000    0.942467 
7.900000    0.745394 
7.950000    1.013302 
8.000000    0.531760 
8.050000    0.250640 
8.100000    0.310917 
8.150000    0.594442 
8.200000    -0.223574 
8.250000    -0.315130 
8.300000    0.543552 
8.350000    0.342599 
8.400000    -0.616719 
8.450000    -0.634847 
8.500000    -0.080776 
8.550000    -0.611765 
8.600000    0.417015 
8.650000    -0.611622 
8.700000    0.188399 
8.750000    0.870869 
8.800000    0.907340 
8.850000    -0.636742 
8.900000    0.251621 
8.950000    0.722883 
9.000000    -0.339262 
9.050000    0.104306 
9.100000    0.122275 
9.150000    -1.075393 
9.200000    -0.453106 
9.250000    -0.361207 
9.300000    -0.905897 
9.350000    -0.899837 
9.400000    -0.421544 
9.450000    -0.176340 
9.500000    -0.390690 
9.550000    0.015304 
9.600000    0.152688 
9.650000    -0.380706 
9.700000    -0.445844 
9.750000    -0.107201 
9.800000    0.123267 
9.850000    -0.254822 
9.900000    0.488463 
9.950000    -0.060092 
10.000000    0.566803 
10.050000    0.080318 
10.100000    -1.146711 
10.150000    0.273494 
10.200000    0.024921 
10.250000    1.147779 
10.300000    0.681045 
10.350000    -0.051839 
10.400000    0.161868 
10.450000    0.976736 
10.500000    0.485459 
10.550000    0.859426 
10.600000    0.610477 
10.650000    1.064702 
10.700000    -0.033191 
10.750000    -1.177336 
10.800000    -0.440572 
10.850000    -0.977901 
10.900000    -0.323751 
10.950000    0.570323 
11.000000    0.357190 
11.050000    0.620481 
11.100000    -0.260903 
11.150000    -0.456247 
11.200000    -0.477708 
11.250000    0.822752 
11.300000    1.320543 
11.350000    -0.056928 
11.400000    0.410721 
11.450000    0.094164 
11.500000    -0.917192 
11.550000    -0.022245 
11.600000    0.741856 
11.650000    0.343897 
11.700000    0.538011 
11.750000    0.143543 
11.800000    -0.510550 
11.850000    0.299283 
11.900000    -0.859302 
11.950000    1.325644 
12.000000    0.660820 
12.050000    -0.113656 
12.100000    0.957307 
12.150000    -0.558443 
12.200000    1.122011 
12.250000    -0.186433 
12.300000    -0.341418 
12.350000    1.229215 
12.400000    -0.063154 
12.450000    0.168046 
12.500000    0.465128 
12.550000    -0.287914 
12.600000    0.590132 
12.650000    -0.816711 
12.700000    0.375862 
12.750000    0.115132 
12.800000    1.261880 
12.850000    -0.106679 
12.900000    -0.131933 
12.950000    -0.033120 
13.000000    -0.302088 
13.050000    -1.409931 
13.100000    -0.435642 
13.150000    0.032064 
13.200000    0.489041 
13.250000    0.434041 
13.300000    -0.048993 
13.350000    -0.302860 
13.400000    -0.011628 
13.450000    0.090762 
13.500000    -0.734767 
13.550000    0.617406 
13.600000    0.321370 
13.650000    0.294793 
13.700000    -0.330232 
13.750000    -0.289803 
13.800000    0.233892 
13.850000    -0.162177 
13.900000    1.682134 
13.950000    1.340057 
14.000000    0.133502 
14.050000    0.289631 
14.100000    1.093178 
14.150000    -0.836724 
14.200000    -0.216458 
14.250000    0.278559 
14.300000    -0.453046 
14.350000    1.187634 
14.400000    -0.215233 
14.450000    -1.066671 
14.500000    -0.190991 
14.550000    -0.682535 
14.600000    0.619030 
14.650000    0.369454 
14.700000    -0.420295 
14.750000    -0.347887 
14.800000    0.822129 
14.850000    0.389366 
14.900000    0.197171 
14.950000    -0.143362 
15.000000    -0.560850 
15.050000    -0.336479 
15.100000    -0.560497 
15.150000    0.154011 
15.200000    1.170105 
15.250000    -0.198041 
15.300000    0.061964 
15.350000    0.684873 
15.400000    -0.242146 
15.450000    -0.285319 
15.500000    0.085060 
15.550000    0.595536 
15.600000    0.336397 
15.650000    -1.011907 
15.700000    0.109635 
15.750000    -0.282441 
15.800000    -0.319986 
15.850000    0.491159 
15.900000    0.223307 
15.950000    -0.277681 
16.000000    0.177262 
16.050000    1.194277 
16.100000    0.687776 
16.150000    0.106958 
16.200000    0.317577 
16.250000    0.624639 
16.300000    -0.337778 
16.350000    0.236793 
16.400000    -0.029685 
16.450000    0.226445 
16.500000    0.054739 
16.550000    -0.142053 
16.600000    -0.110802 
16.650000    -0.455807 
16.700000    -0.752715 
16.750000    0.281386 
16.800000    0.773496 
16.850000    0.928258 
16.900000    0.570470 
16.950000    0.362552 
17.000000    0.626422 
17.050000    -0.471837 
17.100000    -0.223740 
17.150000    -0.675204 
17.200000    -0.330068 
17.250000    0.106384 
17.300000    -0.552659 
17.350000    -0.965773 
17.400000    -1.115842 
17.450000    0.207342 
17.500000    -0.575493 
17.550000    1.625691 
17.600000    -0.024886 
17.650000    0.534529 
17.700000    0.912562 
17.750000    0.400700 
17.800000    0.370799 
17.850000    0.069598 
17.900000    0.252740 
17.950000    0.639230 
18.000000    -0.078086 
18.050000    0.452408 
18.100000    1.400029 
18.150000    -0.126485 
18.200000    0.757263 
18.250000    0.454828 
18.300000    0.173186 
18.350000    -0.184477 
18.400000    0.253406 
18.450000    -0.268868 
18.500000    -0.487334 
18.550000    0.376906 
18.600000    -0.357600 
18.650000    0.102671 
18.700000    0.204620 
18.750000    0.048988 
18.800000    -0.225694 
18.850000    0.163222 
18.900000    0.619507 
18.950000    0.365537 
19.000000    -0.100841 
19.050000    -0.068242 
19.100000    0.547628 
19.150000    0.843451 
19.200000    0.336823 
19.250000    0.040044 
19.300000    0.119405 
19.350000    0.070474 
19.400000    -0.794232 
19.450000    -0.636212 
19.500000    -1.151253 
19.550000    -0.580257 
19.600000    -0.446738 
19.650000    -0.377759 
19.700000    -0.341224 
19.750000    -0.158428 
19.799999    0.393186 
19.849999    1.121462 
19.899999    0.184116 
19.949999    -0.111727 


Reverse Correlation Function   