Time    Magnitude 

0.000000    1.479656 
0.050000    1.371680 
0.100000    -18.881338 
0.150000    -8.701561 
0.200000    6.721413 
0.250000    1.306836 
0.300000    -12.359313 
0.350000    -3.793691 
0.400000    26.835617 
0.450000    10.995296 
0.500000    21.728073 
0.550000    4.329847 
0.600000    -7.556235 
0.650000    28.942389 
0.700000    29.320490 
0.750000    27.593655 
0.800000    -0.237718 
0.850000    32.356876 
0.900000    29.791723 
0.950000    51.668194 
1.000000    40.477493 
1.050000    31.370180 
1.100000    -12.769490 
1.150000    2.238203 
1.200000    -9.401945 
1.250000    2.177300 
1.300000    -31.618988 
1.350000    -29.492405 
1.400000    -11.868733 
1.450000    8.007225 
1.500000    -7.897940 
1.550000    -14.604860 
1.600000    9.018916 
1.650000    18.793070 
1.700000    -40.616253 
1.750000    -7.738834 
1.800000    -31.421978 
1.850000    -3.291904 
1.900000    -16.053190 
1.950000    -16.507042 
2.000000    -7.818065 
2.050000    -31.672579 
2.100000    -48.299038 
2.150000    -22.775719 
2.200000    -29.285284 
2.250000    -33.868591 
2.300000    -35.874809 
2.350000    -39.772526 
2.400000    -20.151007 
2.450000    2.490057 
2.500000    -17.008734 
2.550000    -19.892765 
2.600000    -21.515562 
2.650000    -3.370095 
2.700000    0.788094 
2.750000    -20.078863 
2.800000    8.979253 
2.850000    -41.502014 
2.900000    -4.713829 
2.950000    -8.790522 
3.000000    -26.807262 
3.050000    0.294234 
3.100000    8.258039 
3.150000    1.098391 
3.200000    -3.064917 
3.250000    31.710598 
3.300000    35.826778 
3.350000    15.280193 
3.400000    13.680593 
3.450000    42.829712 
3.500000    33.868198 
3.550000    14.067172 
3.600000    -0.687696 
3.650000    -15.430530 
3.700000    41.940639 
3.750000    15.162075 
3.800000    36.195805 
3.850000    37.414711 
3.900000    34.453411 
3.950000    61.456223 
4.000000    51.209522 
4.050000    45.926476 
4.100000    43.847687 
4.150000    71.248878 
4.200000    32.151867 
4.250000    43.236740 
4.300000    -4.266397 
4.350000    -9.581261 
4.400000    -30.512659 
4.450000    -26.367878 
4.500000    -32.199928 
4.550000    -94.376358 
4.600000    -71.024002 
4.650000    -115.383804 
4.700000    -125.089317 
4.750000    -151.598633 
4.800000    -118.941544 
4.850000    -164.797318 
4.900000    -144.812866 
4.950000    -140.556580 
5.000000    -106.097832 
5.050000    -91.320435 
5.100000    -13.730412 
5.150000    27.049238 
5.200000    39.676289 
5.250000    32.403038 
5.300000    123.577354 
5.350000    146.354675 
5.400000    202.971237 
5.450000    212.035156 
5.500000    244.921112 
5.550000    256.774414 
5.600000    257.795929 
5.650000    253.754349 
5.700000    262.117737 
5.750000    247.980484 
5.800000    283.383453 
5.850000    215.812698 
5.900000    186.217911 
5.950000    178.689865 
6.000000    121.875610 
6.050000    84.002991 
6.100000    34.720707 
6.150000    -18.097387 
6.200000    -33.722458 
6.250000    -64.002678 
6.300000    -103.910217 
6.350000    -183.314377 
6.400000    -149.848175 
6.450000    -182.617218 
6.500000    -218.206558 
6.550000    -260.006683 
6.600000    -288.001068 
6.650000    -267.163818 
6.700000    -259.662323 
6.750000    -262.332336 
6.800000    -259.021851 
6.850000    -248.455887 
6.900000    -224.073563 
6.950000    -197.073593 
7.000000    -150.773727 
7.050000    -132.466873 
7.100000    -77.456940 
7.150000    -43.016426 
7.200000    -12.681022 
7.250000    45.189507 
7.300000    89.331833 
7.350000    108.422729 
7.400000    124.084183 
7.450000    176.576263 
7.500000    208.344925 
7.550000    212.607101 
7.600000    217.672012 
7.650000    227.229477 
7.700000    224.313446 
7.750000    222.825241 
7.800000    240.890762 
7.850000    261.182037 
7.900000    180.929901 
7.950000    200.775925 
7.999999    183.579346 
8.049999    140.669556 
8.100000    85.702934 
8.150000    101.734795 
8.200000    59.814274 
8.250000    25.209381 
8.300000    -19.349564 
8.350000    -22.817379 
8.400000    -115.759468 
8.450000    -109.058708 
8.500000    -132.482864 
8.549999    -129.986267 
8.599999    -160.719528 
8.650000    -177.722046 
8.700000    -128.485367 
8.750000    -162.352570 
8.800000    -154.639847 
8.850000    -144.852478 
8.900000    -119.690941 
8.950000    -80.896484 
9.000000    -146.304703 
9.050000    -91.871445 
9.099999    -54.805813 
9.149999    -61.649719 
9.200000    -32.310852 
9.250000    9.883873 
9.300000    11.303867 
9.350000    24.530827 
9.400000    33.824268 
9.450000    53.316048 
9.500000    68.496567 
9.550000    83.209160 
9.600000    71.851242 
9.649999    70.090836 
9.699999    67.709541 
9.750000    52.709335 
9.800000    115.330673 
9.850000    68.035713 
9.900000    77.917259 
9.950000    61.554169 
10.000000    20.580353 
10.050000    40.598946 
10.100000    -3.734434 
10.150000    15.522087 
10.199999    -4.796146 
10.249999    14.127611 
10.300000    -6.657737 
10.350000    8.875809 
10.400000    -1.243706 
10.450000    11.515870 
10.500000    -5.622175 
10.550000    -32.338207 
10.600000    -27.187265 
10.650000    -53.838585 
10.700000    26.434074 
10.749999    -14.608265 
10.799999    -63.518665 
10.849999    -3.371064 
10.900000    -22.789141 
10.950000    -45.272076 
11.000000    -62.333763 
11.050000    -37.483673 
11.100000    -23.824053 
11.150000    -38.413044 
11.200000    1.229199 
11.250000    -24.995758 
11.299999    -22.371845 
11.349999    -4.501810 
11.399999    -4.571684 
11.450000    -5.853703 
11.500000    30.573246 
11.550000    -6.376875 
11.600000    5.734390 
11.650000    -5.088755 
11.700000    -11.573642 
11.750000    36.317047 
11.800000    8.996172 
11.849999    3.146428 
11.899999    12.606733 
11.949999    18.668648 
12.000000    43.847408 
12.050000    10.158817 
12.100000    22.093433 
12.150000    16.239025 
12.200000    21.827446 
12.250000    28.883837 
12.300000    -15.566330 
12.350000    47.210548 
12.399999    9.380154 
12.449999    -5.071130 
12.499999    20.524969 
12.550000    -6.947523 
12.600000    27.910025 
12.650000    -0.048973 
12.700000    -0.949362 
12.750000    35.289574 
12.800000    -6.921364 
12.850000    19.156490 
12.900000    21.672483 
12.949999    -12.187673 
12.999999    8.636767 
13.049999    22.121952 
13.100000    -38.001659 
13.150000    4.002151 
13.200000    -7.567388 
13.250000    -33.486153 
13.300000    -11.617253 
13.350000    3.341751 
13.400000    -8.591290 
13.450000    11.997701 
13.499999    -13.486831 
13.549999    -10.929099 
13.599999    16.154871 
13.650000    -26.854271 
13.700000    -8.832370 
13.750000    -5.228765 
13.800000    -7.137985 
13.850000    19.784958 
13.900000    -2.226195 
13.950000    2.662511 
14.000000    -26.979633 
14.049999    -11.946023 
14.099999    -11.329301 
14.149999    23.948212 
14.200000    -2.653175 
14.250000    -12.581701 
14.300000    -10.980392 
14.350000    -19.000597 
14.400000    -16.906849 
14.450000    -7.307728 
14.500000    27.264341 
14.549999    -25.827078 
14.599999    -2.570462 
14.649999    -21.504942 
14.699999    -45.782269 
14.750000    -11.942772 
14.800000    -7.349680 
14.850000    -4.918709 
14.900000    -2.431320 
14.950000    -9.600020 
15.000000    1.106512 
15.050000    11.484818 
15.099999    25.413275 
15.149999    26.323242 
15.199999    19.509687 
15.249999    5.130524 
15.299999    -1.271475 
15.350000    41.782982 
15.400000    1.074674 
15.450000    -10.179502 
15.500000    1.870505 
15.550000    26.019651 
15.600000    25.226904 
15.650000    1.564608 
15.699999    12.611882 
15.750000    26.472136 
15.799999    0.528999 
15.850000    2.313925 
15.899999    2.095401 
15.950000    -2.285995 
15.999999    -1.465756 
16.050000    25.560671 
16.099999    24.881399 
16.150000    18.585768 
16.200000    16.680799 
16.249999    -21.355171 
16.300000    -8.097234 
16.349999    -28.592974 
16.400000    4.580127 
16.449999    0.511840 
16.500000    -13.314623 
16.549999    -19.622652 
16.600000    -16.623381 
16.649999    -36.399200 
16.700000    -17.685362 
16.750000    -45.046909 
16.799999    -2.673881 
16.850000    -30.245052 
16.899999    -42.729652 
16.950000    -0.335349 
16.999999    -44.468937 
17.050000    -49.912968 
17.099999    -34.574448 
17.150000    -15.043987 
17.199999    -11.661571 
17.250000    17.134338 
17.300000    25.307289 
17.349999    -19.022125 
17.400000    -65.014565 
17.449999    -53.983608 
17.500000    -46.426231 
17.549999    -52.699650 
17.600000    -32.136070 
17.649999    -45.939137 
17.700000    -51.469887 
17.749999    -32.561165 
17.800000    -65.442177 
17.850000    -45.060501 
17.899999    -5.899147 
17.950000    -1.764985 
17.999999    -2.970424 
18.050000    -34.427872 
18.099999    8.603480 
18.150000    -1.039968 
18.199999    38.979446 
18.250000    -6.520790 
18.299999    30.417730 
18.350000    19.919136 
18.400000    17.513157 
18.449999    -6.679519 
18.500000    -4.639945 
18.549999    7.720668 
18.600000    -2.990738 
18.649999    -15.779283 
18.700000    -11.324188 
18.749999    9.755487 
18.800000    1.671966 
18.849999    -17.904583 
18.900000    -21.828806 
18.950000    -1.120721 
18.999999    -12.589892 
19.050000    -7.759943 
19.099999    -24.902918 
19.150000    -28.826168 
19.199999    -15.219911 
19.250000    -24.111692 
19.299999    -48.563328 
19.350000    -36.640034 
19.399999    -46.774960 
19.450000    -23.304813 
19.500000    -51.491600 
19.549999    -38.762058 
19.600000    -46.693607 
19.649999    -18.537146 
19.700000    5.659175 
19.749999    -12.136810 
19.800000    -29.286833 
19.849999    -1.717068 
19.900000    -0.511053 
19.949999    -30.527283 


Reverse Correlation Function   