Time    Magnitude 

0.000000    -0.469752 
0.050000    0.909749 
0.100000    -0.230114 
0.150000    1.297425 
0.200000    -0.641655 
0.250000    -1.092125 
0.300000    2.867967 
0.350000    0.838776 
0.400000    -0.513730 
0.450000    -0.038913 
0.500000    2.091794 
0.550000    1.138172 
0.600000    -0.777156 
0.650000    -0.243755 
0.700000    1.068382 
0.750000    0.457062 
0.800000    0.149115 
0.850000    -0.362457 
0.900000    1.492864 
0.950000    -1.108406 
1.000000    -0.541227 
1.050000    0.302234 
1.100000    1.775280 
1.150000    -1.743694 
1.200000    0.701335 
1.250000    -0.018189 
1.300000    1.296536 
1.350000    -0.450160 
1.400000    -0.470651 
1.450000    0.142014 
1.500000    0.313468 
1.550000    0.464257 
1.600000    0.171755 
1.650000    -1.106413 
1.700000    -0.145751 
1.750000    0.111352 
1.800000    -0.512970 
1.850000    -0.477872 
1.900000    0.187165 
1.950000    0.179313 
2.000000    0.739642 
2.050000    -0.053881 
2.100000    -0.084900 
2.150000    1.587676 
2.200000    -0.201720 
2.250000    -1.762814 
2.300000    0.353191 
2.350000    0.899723 
2.400000    -1.734419 
2.450000    -0.646997 
2.500000    0.024227 
2.550000    1.016380 
2.600000    -1.077880 
2.650000    1.637839 
2.700000    0.697745 
2.750000    0.721178 
2.800000    0.125950 
2.850000    -0.248207 
2.900000    0.680566 
2.950000    -1.315095 
3.000000    -1.113781 
3.050000    -1.659900 
3.100000    -1.946881 
3.150000    -1.082911 
3.200000    -3.788785 
3.250000    1.353845 
3.300000    2.690162 
3.350000    1.713297 
3.400000    2.959213 
3.450000    5.302760 
3.500000    4.937266 
3.550000    6.059209 
3.600000    2.901063 
3.650000    2.752688 
3.700000    1.694714 
3.750000    -2.779435 
3.800000    -4.158972 
3.850000    -4.963521 
3.900000    -6.975229 
3.950000    -5.784532 
4.000000    -6.650434 
4.050000    -3.081421 
4.100000    -2.696331 
4.150000    -0.402430 
4.200000    4.576313 
4.250000    2.031192 
4.300000    3.786722 
4.350000    4.918588 
4.400000    5.825971 
4.450000    4.126773 
4.500000    5.861148 
4.550000    4.115288 
4.600000    2.015782 
4.650000    1.127507 
4.700000    -1.545668 
4.750000    -0.650688 
4.800000    -1.009167 
4.850000    -2.427115 
4.900000    -2.134986 
4.950000    -4.442630 
5.000000    -1.846925 
5.050000    -1.516253 
5.100000    -2.210434 
5.150000    0.695762 
5.200000    0.518664 
5.250000    0.621241 
5.300000    3.179898 
5.350000    3.868367 
5.400000    3.074285 
5.450000    4.258719 
5.500000    4.269633 
5.550000    2.267897 
5.600000    3.019825 
5.650000    0.131757 
5.700000    -0.396278 
5.750000    -0.977626 
5.800000    -0.793377 
5.850000    -2.613460 
5.900000    -0.891717 
5.950000    -2.571340 
6.000000    -1.379632 
6.050000    0.595513 
6.100000    -0.580130 
6.150000    0.564038 
6.200000    2.099059 
6.250000    2.575309 
6.300000    1.821828 
6.350000    3.137846 
6.400000    1.889633 
6.450000    2.233274 
6.500000    0.681895 
6.550000    -0.210166 
6.600000    0.605841 
6.650000    -0.118780 
6.700000    -0.120774 
6.750000    -0.957746 
6.800000    -0.265496 
6.850000    -1.247892 
6.900000    -1.309236 
6.950000    -1.205952 
7.000000    -1.318676 
7.050000    -0.738840 
7.100000    0.206896 
7.150000    0.501151 
7.200000    -0.045926 
7.250000    2.247338 
7.300000    2.577535 
7.350000    1.357543 
7.400000    0.373957 
7.450000    2.005617 
7.500000    0.982172 
7.550000    0.301078 
7.600000    0.324183 
7.650000    0.605271 
7.700000    0.227223 
7.750000    0.246370 
7.800000    -0.772859 
7.850000    -0.279888 
7.900000    -2.830020 
7.950000    -1.730001 
7.999999    -0.906703 
8.049999    2.945488 
8.100000    -2.021967 
8.150000    0.736389 
8.200000    -0.142541 
8.250000    -0.240442 
8.300000    0.724224 
8.350000    1.138180 
8.400000    -0.137735 
8.450000    1.003611 
8.500000    -0.133119 
8.549999    -0.798388 
8.599999    1.297226 
8.650000    -1.087129 
8.700000    -2.503215 
8.750000    -1.947095 
8.800000    -0.016357 
8.850000    -0.228744 
8.900000    -0.026557 
8.950000    -0.272882 
9.000000    1.279307 
9.050000    0.084985 
9.099999    -0.334658 
9.149999    0.826550 
9.200000    0.546024 
9.250000    1.412125 
9.300000    0.570026 
9.350000    0.779029 
9.400000    0.221694 
9.450000    0.800633 
9.500000    1.402470 
9.550000    0.136925 
9.600000    -0.155319 
9.649999    -0.635234 
9.699999    -0.145053 
9.750000    -1.349780 
9.800000    0.157166 
9.850000    -0.744843 
9.900000    -0.867542 
9.950000    -0.918628 
10.000000    0.471901 
10.050000    -2.163078 
10.100000    -0.023157 
10.150000    1.617942 
10.199999    3.417450 
10.249999    2.601605 
10.300000    -0.356944 
10.350000    0.846825 
10.400000    0.750892 
10.450000    0.226802 
10.500000    0.390040 
10.550000    -0.290137 
10.600000    0.116761 
10.650000    -0.265885 
10.700000    -1.925328 
10.749999    -1.500482 
10.799999    -0.161264 
10.849999    -1.131495 
10.900000    1.679433 
10.950000    -0.406374 
11.000000    1.305595 
11.050000    -0.545221 
11.100000    1.236848 
11.150000    0.178485 
11.200000    1.296217 
11.250000    0.335702 
11.299999    -1.468509 
11.349999    0.303365 
11.399999    -0.387701 
11.450000    1.633136 
11.500000    -2.098006 
11.550000    0.447812 
11.600000    -0.405148 
11.650000    -0.439479 
11.700000    0.164525 
11.750000    -0.395554 
11.800000    -0.656788 
11.849999    -1.634568 
11.899999    0.568413 
11.949999    -1.177498 
12.000000    2.565567 
12.050000    0.156243 
12.100000    0.265541 
12.150000    1.100442 
12.200000    1.718862 
12.250000    -1.651564 
12.300000    -0.210185 
12.350000    1.792829 
12.399999    -0.001320 
12.449999    1.360218 
12.499999    -0.792600 
12.550000    0.334313 
12.600000    0.274539 
12.650000    0.642847 
12.700000    1.549385 
12.750000    -0.337886 
12.800000    0.425699 
12.850000    0.682008 
12.900000    0.621708 
12.949999    0.307834 
12.999999    0.267404 
13.049999    -0.805411 
13.100000    0.296247 
13.150000    0.400169 
13.200000    -0.391352 
13.250000    2.583280 
13.300000    -0.997823 
13.350000    0.006574 
13.400000    -0.894090 
13.450000    0.895565 
13.499999    -0.435406 
13.549999    -0.595488 
13.599999    0.686416 
13.650000    0.576178 
13.700000    0.053967 
13.750000    0.563245 
13.800000    -1.296287 
13.850000    0.334830 
13.900000    -1.008694 
13.950000    -1.041945 
14.000000    -0.845125 
14.049999    -0.372215 
14.099999    0.552200 
14.149999    1.222165 
14.200000    -0.950524 
14.250000    -1.578787 
14.300000    -1.048865 
14.350000    0.034830 
14.400000    -0.532615 
14.450000    -0.486699 
14.500000    -0.287188 
14.549999    1.960718 
14.599999    0.261036 
14.649999    -0.887592 
14.699999    0.055642 
14.750000    0.626891 
14.800000    0.072656 
14.850000    -0.771746 
14.900000    0.397521 
14.950000    0.620889 
15.000000    -1.133427 
15.050000    0.704915 
15.099999    -0.729296 
15.149999    -1.168724 
15.199999    2.406348 
15.249999    1.465478 
15.299999    1.114067 
15.350000    1.276753 
15.400000    -0.661378 
15.450000    2.075357 
15.500000    -1.215943 
15.550000    -0.586427 
15.600000    -1.002256 
15.650000    0.635090 
15.699999    0.541217 
15.750000    -0.683069 
15.799999    0.595737 
15.850000    -2.691896 
15.899999    0.206266 
15.950000    -2.533592 
15.999999    0.980111 
16.050000    -0.981343 
16.099999    0.017747 
16.150000    0.676624 
16.200000    -1.428310 
16.249999    1.406112 
16.300000    -0.989375 
16.349999    1.316519 
16.400000    1.044430 
16.449999    -0.408306 
16.500000    -0.007404 
16.549999    -1.945793 
16.600000    -1.109727 
16.649999    0.328178 
16.700000    0.025772 
16.750000    -0.299905 
16.799999    -1.561645 
16.850000    2.223101 
16.899999    0.585574 
16.950000    -0.235170 
16.999999    0.938696 
17.050000    0.525707 
17.099999    -0.944787 
17.150000    1.041082 
17.199999    -1.029235 
17.250000    1.747835 
17.300000    -0.348885 
17.349999    -1.301248 
17.400000    -0.040111 
17.449999    1.158948 
17.500000    -0.106045 
17.549999    0.786629 
17.600000    0.456819 
17.649999    -0.050628 
17.700000    -0.588292 
17.749999    0.241355 
17.800000    -0.460617 
17.850000    -0.398125 
17.899999    1.130623 
17.950000    0.390963 
17.999999    -1.583802 
18.050000    -0.227553 
18.099999    0.350551 
18.150000    -0.913390 
18.199999    0.233919 
18.250000    0.659713 
18.299999    -0.009818 
18.350000    -0.131231 
18.400000    -0.592951 
18.449999    -0.465664 
18.500000    -0.152041 
18.549999    1.653574 
18.600000    0.134500 
18.649999    0.765741 
18.700000    2.692846 
18.749999    -2.260745 
18.800000    -0.816507 
18.849999    -2.283754 
18.900000    -0.070644 
18.950000    -1.629124 
18.999999    -2.326515 
19.050000    -0.535964 
19.099999    -0.032311 
19.150000    0.180090 
19.199999    -1.575096 
19.250000    0.134301 
19.299999    0.644226 
19.350000    -1.140364 
19.399999    0.153886 
19.450000    0.785154 
19.500000    0.912656 
19.549999    0.307834 
19.600000    2.192989 
19.649999    0.074709 
19.700000    0.625253 
19.749999    -1.403074 
19.800000    -1.907596 
19.849999    1.557194 
19.900000    -0.263383 
19.949999    -0.342121 


Reverse Correlation Function   