Time    Magnitude 

0.000000    6.812710 
0.050000    19.543344 
0.100000    -3.649057 
0.150000    -15.503838 
0.200000    -48.537163 
0.250000    -50.450371 
0.300000    -17.034983 
0.350000    16.853577 
0.400000    57.007690 
0.450000    33.152222 
0.500000    29.147951 
0.550000    37.427837 
0.600000    11.600098 
0.650000    36.612877 
0.700000    8.172587 
0.750000    30.526773 
0.800000    27.081631 
0.850000    35.962421 
0.900000    -5.084569 
0.950000    42.892300 
1.000000    52.123962 
1.050000    66.569473 
1.100000    45.970280 
1.150000    41.726757 
1.200000    16.014147 
1.250000    57.799419 
1.300000    30.339716 
1.350000    16.774361 
1.400000    32.371803 
1.450000    5.393114 
1.500000    -16.874893 
1.550000    -19.109838 
1.600000    -75.960571 
1.650000    -15.837142 
1.700000    13.273189 
1.750000    -0.059619 
1.800000    -17.749502 
1.850000    -8.123960 
1.900000    -32.239868 
1.950000    -15.075155 
2.000000    1.420671 
2.050000    23.860271 
2.100000    -34.086472 
2.150000    -9.349689 
2.200000    -19.130573 
2.250000    -5.676287 
2.300000    -1.662162 
2.350000    -3.627658 
2.400000    16.047319 
2.450000    39.958691 
2.500000    39.882710 
2.550000    -21.509558 
2.600000    -5.278834 
2.650000    -29.281500 
2.700000    17.586153 
2.750000    26.448853 
2.800000    11.536127 
2.850000    32.703022 
2.900000    -5.152600 
2.950000    -13.572670 
3.000000    -35.288113 
3.050000    -7.913484 
3.100000    -33.800632 
3.150000    -2.414767 
3.200000    68.941216 
3.250000    28.183128 
3.300000    33.311680 
3.350000    51.542427 
3.400000    -5.990993 
3.450000    -16.354767 
3.500000    -54.277988 
3.550000    -8.211871 
3.600000    -19.980642 
3.650000    -53.680908 
3.700000    -68.296387 
3.750000    -48.443542 
3.800000    -38.215893 
3.850000    -26.118237 
3.900000    -19.449110 
3.950000    1.501815 
4.000000    21.411203 
4.050000    22.178797 
4.100000    -15.537109 
4.150000    -30.702299 
4.200000    -45.459614 
4.250000    -33.843643 
4.300000    -13.333336 
4.350000    -3.423071 
4.400000    13.517064 
4.450000    1.962067 
4.500000    23.850552 
4.550000    22.276745 
4.600000    23.641245 
4.650000    34.212139 
4.700000    72.598778 
4.750000    37.396099 
4.800000    16.279848 
4.850000    42.668167 
4.900000    54.145546 
4.950000    97.786469 
5.000000    125.308372 
5.050000    137.361099 
5.100000    150.379929 
5.150000    129.821167 
5.200000    137.296921 
5.250000    119.898766 
5.300000    115.928436 
5.350000    106.198112 
5.400000    104.299240 
5.450000    102.161285 
5.500000    59.582172 
5.550000    65.799820 
5.600000    57.058575 
5.650000    37.681335 
5.700000    31.029232 
5.750000    31.328077 
5.800000    10.067193 
5.850000    -8.378520 
5.900000    -15.570194 
5.950000    -110.627815 
6.000000    -109.993355 
6.050000    -152.934097 
6.100000    -194.697433 
6.150000    -242.095047 
6.200000    -242.128372 
6.250000    -270.000885 
6.300000    -267.088348 
6.350000    -303.251099 
6.400000    -307.568909 
6.450000    -287.735291 
6.500000    -294.128571 
6.550000    -265.192200 
6.600000    -266.418640 
6.650000    -239.639420 
6.700000    -233.709961 
6.750000    -206.606873 
6.800000    -202.993683 
6.850000    -178.541946 
6.900000    -145.969437 
6.950000    -69.428802 
7.000000    -66.602768 
7.050000    -53.895733 
7.100000    -0.206907 
7.150000    35.829437 
7.200000    58.453094 
7.250000    43.524818 
7.300000    149.876053 
7.350000    164.843430 
7.400000    178.742310 
7.450000    170.195068 
7.500000    186.845779 
7.550000    148.192108 
7.600000    172.505554 
7.650000    157.313156 
7.700000    178.983047 
7.750000    186.786896 
7.800000    196.862808 
7.850000    223.547073 
7.900000    263.582581 
7.950000    228.112137 
7.999999    265.238586 
8.049999    286.262482 
8.100000    282.189148 
8.150000    221.922516 
8.200000    262.227051 
8.250000    192.451202 
8.300000    157.747452 
8.350000    180.466522 
8.400000    160.003296 
8.450000    129.791443 
8.500000    145.638840 
8.549999    134.823853 
8.599999    143.470703 
8.650000    112.551811 
8.700000    102.300827 
8.750000    109.155045 
8.800000    38.373230 
8.850000    37.989155 
8.900000    -43.376022 
8.950000    27.431240 
9.000000    -14.790219 
9.050000    5.670535 
9.099999    -19.047207 
9.149999    -40.939175 
9.200000    -49.423702 
9.250000    -28.168211 
9.300000    -52.849396 
9.350000    -41.768375 
9.400000    -25.685364 
9.450000    -39.567036 
9.500000    -67.183815 
9.550000    -75.578049 
9.600000    -109.726151 
9.649999    -101.433510 
9.699999    -130.385117 
9.750000    -163.597641 
9.800000    -155.030838 
9.850000    -163.697006 
9.900000    -128.803619 
9.950000    -100.098824 
10.000000    -98.324486 
10.050000    -146.867813 
10.100000    -141.107010 
10.150000    -170.370621 
10.199999    -102.859947 
10.249999    -107.742981 
10.300000    -138.663773 
10.350000    -94.333443 
10.400000    -60.897785 
10.450000    -38.376427 
10.500000    -33.142494 
10.550000    2.912506 
10.600000    19.476608 
10.650000    14.562672 
10.700000    28.760723 
10.749999    -16.564371 
10.799999    40.518837 
10.849999    5.942078 
10.900000    0.159672 
10.950000    -20.185600 
11.000000    -88.702255 
11.050000    -35.595482 
11.100000    -24.228569 
11.150000    -14.923905 
11.200000    27.177832 
11.250000    58.810604 
11.299999    41.397541 
11.349999    29.983646 
11.399999    -15.042259 
11.450000    5.107343 
11.500000    19.835009 
11.550000    -10.973812 
11.600000    33.737923 
11.650000    15.500572 
11.700000    29.588844 
11.750000    38.724136 
11.800000    52.710110 
11.849999    56.395248 
11.899999    33.213360 
11.949999    15.180919 
12.000000    22.607737 
12.050000    43.570282 
12.100000    53.577942 
12.150000    23.771463 
12.200000    10.546721 
12.250000    33.933868 
12.300000    60.552883 
12.350000    75.547966 
12.399999    123.881111 
12.449999    74.770180 
12.499999    94.278587 
12.550000    53.726604 
12.600000    -7.035127 
12.650000    34.481720 
12.700000    4.019663 
12.750000    -37.157585 
12.800000    -22.193447 
12.850000    -57.748795 
12.900000    -22.563738 
12.949999    -15.204428 
12.999999    -84.021042 
13.049999    -9.276154 
13.100000    -29.519537 
13.150000    -46.987549 
13.200000    -30.136908 
13.250000    6.624959 
13.300000    63.406784 
13.350000    37.260380 
13.400000    55.535530 
13.450000    36.995060 
13.499999    20.698448 
13.549999    43.182899 
13.599999    -12.094925 
13.650000    10.802542 
13.700000    20.918789 
13.750000    -20.750412 
13.800000    -15.904955 
13.850000    -2.882699 
13.900000    9.766570 
13.950000    63.418648 
14.000000    80.086006 
14.049999    88.862480 
14.099999    34.195786 
14.149999    -5.968784 
14.200000    -48.432961 
14.250000    -57.199909 
14.300000    -33.866844 
14.350000    -28.583538 
14.400000    -31.065031 
14.450000    6.142198 
14.500000    18.959621 
14.549999    58.235611 
14.599999    61.260719 
14.649999    62.281094 
14.699999    78.673981 
14.750000    87.771782 
14.800000    51.950375 
14.850000    39.200474 
14.900000    48.708782 
14.950000    27.818651 
15.000000    47.121815 
15.050000    76.091911 
15.099999    50.421967 
15.149999    70.262352 
15.199999    31.848383 
15.249999    42.239899 
15.299999    61.363564 
15.350000    76.844727 
15.400000    2.453663 
15.450000    39.821335 
15.500000    -17.798439 
15.550000    5.795577 
15.600000    0.662067 
15.650000    29.240541 
15.699999    19.483992 
15.750000    5.532099 
15.799999    35.605080 
15.850000    -37.307884 
15.899999    3.523255 
15.950000    -10.459238 
15.999999    4.658353 
16.050000    19.566740 
16.099999    12.968966 
16.150000    31.341837 
16.200000    16.735205 
16.249999    21.741901 
16.300000    36.603554 
16.349999    10.678061 
16.400000    27.421120 
16.449999    -17.942848 
16.500000    -30.819704 
16.549999    -2.571959 
16.600000    -36.954407 
16.649999    -59.406403 
16.700000    -59.917347 
16.750000    -32.993263 
16.799999    -18.465185 
16.850000    -36.700569 
16.899999    -6.104482 
16.950000    8.409359 
16.999999    24.297991 
17.050000    8.008897 
17.099999    48.113529 
17.150000    41.851734 
17.199999    47.189800 
17.250000    4.119367 
17.300000    75.230644 
17.349999    -6.793156 
17.400000    -32.883339 
17.449999    -51.433861 
17.500000    -57.062374 
17.549999    8.168891 
17.600000    2.335196 
17.649999    6.844280 
17.700000    26.701294 
17.749999    39.893059 
17.800000    -12.121485 
17.850000    -43.030201 
17.899999    -1.836483 
17.950000    31.986082 
17.999999    71.485992 
18.050000    38.622734 
18.099999    42.347980 
18.150000    36.690834 
18.199999    -1.168995 
18.250000    -8.772476 
18.299999    41.500446 
18.350000    38.769653 
18.400000    11.402188 
18.449999    14.010460 
18.500000    -23.100622 
18.549999    5.121764 
18.600000    11.341813 
18.649999    8.909657 
18.700000    -34.027363 
18.749999    -19.410767 
18.800000    -60.786133 
18.849999    -63.302227 
18.900000    -65.230179 
18.950000    -75.798691 
18.999999    -79.008232 
19.050000    -121.978699 
19.099999    -80.317551 
19.150000    -86.117500 
19.199999    -80.517731 
19.250000    -53.714554 
19.299999    -44.364006 
19.350000    -18.946522 
19.399999    25.698687 
19.450000    33.729420 
19.500000    23.499630 
19.549999    -4.711730 
19.600000    18.505182 
19.649999    -9.495859 
19.700000    -13.205953 
19.749999    -14.643564 
19.800000    -61.540764 
19.849999    -52.469761 
19.900000    -70.637115 
19.949999    -20.740717 


Reverse Correlation Function   