Time    Magnitude 

0.000000    2.479740 
0.050000    -0.311506 
0.100000    -1.955947 
0.150000    -0.283064 
0.200000    -1.033248 
0.250000    0.897141 
0.300000    0.258400 
0.350000    1.767107 
0.400000    1.354189 
0.450000    3.931784 
0.500000    0.701923 
0.550000    -0.376969 
0.600000    0.523500 
0.650000    -2.551605 
0.700000    1.685244 
0.750000    -1.673463 
0.800000    0.399355 
0.850000    -0.211252 
0.900000    1.907772 
0.950000    -0.002696 
1.000000    0.458358 
1.050000    1.556108 
1.100000    0.459610 
1.150000    0.662049 
1.200000    -2.813693 
1.250000    2.528219 
1.300000    -0.259985 
1.350000    0.807426 
1.400000    0.492902 
1.450000    -1.762178 
1.500000    -1.383889 
1.550000    -2.127419 
1.600000    0.217506 
1.650000    -0.167889 
1.700000    -0.265679 
1.750000    1.234034 
1.800000    1.281981 
1.850000    1.306574 
1.900000    1.791842 
1.950000    2.828229 
2.000000    -0.976679 
2.050000    -0.101359 
2.100000    -1.654285 
2.150000    -4.869000 
2.200000    -8.051938 
2.250000    -8.670159 
2.300000    -9.992657 
2.350000    -3.547877 
2.400000    4.059888 
2.450000    14.244802 
2.500000    22.248751 
2.550000    23.079046 
2.600000    14.696442 
2.650000    -1.057735 
2.700000    -13.329995 
2.750000    -19.327774 
2.800000    -22.317125 
2.850000    -14.142095 
2.900000    -2.848099 
2.950000    10.356603 
3.000000    17.843822 
3.050000    16.944906 
3.100000    11.284127 
3.150000    0.190591 
3.200000    -7.215411 
3.250000    -10.442714 
3.300000    -12.566237 
3.350000    -9.640688 
3.400000    -1.718897 
3.450000    3.967835 
3.500000    9.327315 
3.550000    7.458406 
3.600000    4.648372 
3.650000    -1.078796 
3.700000    -2.766072 
3.750000    -4.005870 
3.800000    -3.851375 
3.850000    -1.779620 
3.900000    3.240978 
3.950000    2.467473 
4.000000    4.202651 
4.050000    3.251454 
4.100000    4.459287 
4.150000    1.170373 
4.200000    -2.001409 
4.250000    -2.804494 
4.300000    -0.890186 
4.350000    0.355866 
4.400000    0.853868 
4.450000    -1.152871 
4.500000    2.940113 
4.550000    -1.463659 
4.600000    2.882997 
4.650000    -0.493559 
4.700000    0.473379 
4.750000    1.721407 
4.800000    0.236512 
4.850000    -0.143777 
4.900000    -1.410770 
4.950000    1.996354 
5.000000    -1.836980 
5.050000    -0.868070 
5.100000    0.912855 
5.150000    2.961850 
5.200000    3.333037 
5.250000    0.533418 
5.300000    -1.336292 
5.350000    -1.757046 
5.400000    -3.047792 
5.450000    -1.152104 
5.500000    0.517074 
5.550000    -0.479607 
5.600000    3.881326 
5.650000    0.365671 
5.700000    3.286605 
5.750000    2.676457 
5.800000    -2.120076 
5.850000    1.220989 
5.900000    -2.608499 
5.950000    -2.768194 
6.000000    -1.865766 
6.050000    0.401115 
6.100000    1.558812 
6.150000    1.440261 
6.200000    1.072487 
6.250000    0.872452 
6.300000    0.716687 
6.350000    0.954028 
6.400000    0.051900 
6.450000    -4.074560 
6.500000    -1.251374 
6.550000    -2.925144 
6.600000    1.493096 
6.650000    -1.494168 
6.700000    -0.884824 
6.750000    -1.600815 
6.800000    1.130473 
6.850000    0.886851 
6.900000    -1.519812 
6.950000    -0.673475 
7.000000    -0.885655 
7.050000    0.509474 
7.100000    -1.157444 
7.150000    0.748524 
7.200000    2.190715 
7.250000    0.881784 
7.300000    3.477174 
7.350000    0.679356 
7.400000    -0.128910 
7.450000    0.885210 
7.500000    -0.798822 
7.550000    -1.475575 
7.600000    1.148121 
7.650000    -1.293389 
7.700000    1.858045 
7.750000    0.687422 
7.800000    0.884789 
7.850000    0.005227 
7.900000    2.906411 
7.950000    0.984236 
7.999999    -0.074453 
8.049999    1.355281 
8.100000    -0.293919 
8.150000    0.040826 
8.200000    0.104780 
8.250000    0.221904 
8.300000    1.885140 
8.350000    -0.113185 
8.400000    1.130919 
8.450000    -0.226757 
8.500000    -1.588735 
8.549999    -1.187693 
8.599999    -2.108232 
8.650000    -1.598752 
8.700000    -2.666620 
8.750000    -0.549561 
8.800000    -0.223690 
8.850000    1.768438 
8.900000    -0.141698 
8.950000    -0.808132 
9.000000    -0.155291 
9.050000    0.711813 
9.099999    1.494751 
9.149999    -1.747182 
9.200000    -0.171211 
9.250000    0.004934 
9.300000    1.538920 
9.350000    0.225938 
9.400000    0.698277 
9.450000    0.059262 
9.500000    1.477909 
9.550000    1.102375 
9.600000    1.313306 
9.649999    0.968820 
9.699999    1.539799 
9.750000    0.192303 
9.800000    0.230919 
9.850000    -1.519572 
9.900000    1.745271 
9.950000    2.053985 
10.000000    -0.157746 
10.050000    1.348213 
10.100000    1.738664 
10.150000    1.775356 
10.199999    1.418472 
10.249999    0.055252 
10.300000    1.115709 
10.350000    -2.124675 
10.400000    -0.036365 
10.450000    0.642110 
10.500000    2.603444 
10.550000    -0.651298 
10.600000    0.868706 
10.650000    -0.297757 
10.700000    0.218115 
10.749999    0.778584 
10.799999    0.774571 
10.849999    1.639442 
10.900000    -1.661655 
10.950000    -1.188601 
11.000000    -0.800717 
11.050000    -1.678885 
11.100000    -0.662712 
11.150000    2.487017 
11.200000    0.509122 
11.250000    -3.004276 
11.299999    0.248107 
11.349999    -1.183748 
11.399999    0.166108 
11.450000    -1.671606 
11.500000    -1.073608 
11.550000    -0.301507 
11.600000    1.540348 
11.650000    1.550092 
11.700000    0.473741 
11.750000    -0.063889 
11.800000    0.871517 
11.849999    2.781664 
11.899999    2.190722 
11.949999    1.730014 
12.000000    -1.571883 
12.050000    0.091221 
12.100000    0.885623 
12.150000    -0.159593 
12.200000    1.272060 
12.250000    0.276328 
12.300000    -0.727819 
12.350000    1.659765 
12.399999    1.340418 
12.449999    -2.540844 
12.499999    -2.201711 
12.550000    -0.675421 
12.600000    -0.910264 
12.650000    0.465063 
12.700000    -1.020075 
12.750000    -0.238014 
12.800000    -0.286856 
12.850000    0.933978 
12.900000    -0.657042 
12.949999    0.023065 
12.999999    0.247012 
13.049999    1.201885 
13.100000    0.056857 
13.150000    -1.320651 
13.200000    -0.109935 
13.250000    3.375464 
13.300000    1.287756 
13.350000    -3.414678 
13.400000    0.620961 
13.450000    -2.851306 
13.499999    -2.373379 
13.549999    -0.779160 
13.599999    -1.163882 
13.650000    0.510081 
13.700000    0.407676 
13.750000    1.088658 
13.800000    0.791680 
13.850000    1.418810 
13.900000    0.806503 
13.950000    -2.471469 
14.000000    -3.435576 
14.049999    -1.386655 
14.099999    -1.207744 
14.149999    0.271623 
14.200000    -0.405324 
14.250000    0.000872 
14.300000    -0.776939 
14.350000    -0.161685 
14.400000    0.203953 
14.450000    2.896641 
14.500000    2.042364 
14.549999    -0.261021 
14.599999    1.012594 
14.649999    -1.802614 
14.699999    1.100387 
14.750000    -0.091068 
14.800000    -0.198429 
14.850000    1.893529 
14.900000    -2.117333 
14.950000    0.601042 
15.000000    3.894509 
15.050000    1.552037 
15.099999    1.010462 
15.149999    -1.515824 
15.199999    -0.731332 
15.249999    -1.119998 
15.299999    -1.879583 
15.350000    0.509970 
15.400000    -1.970840 
15.450000    2.390295 
15.500000    3.487048 
15.550000    1.046978 
15.600000    -0.716161 
15.650000    -0.607619 
15.699999    0.827891 
15.750000    0.266499 
15.799999    1.953996 
15.850000    -0.109185 
15.899999    0.912728 
15.950000    1.030547 
15.999999    3.494473 
16.050000    0.475026 
16.099999    -0.300552 
16.150000    1.033219 
16.200000    -0.828695 
16.249999    -1.466924 
16.300000    -1.404176 
16.349999    3.065789 
16.400000    1.844075 
16.449999    -0.798565 
16.500000    -0.756728 
16.549999    0.488647 
16.600000    1.608172 
16.649999    1.393308 
16.700000    1.776128 
16.750000    -0.321173 
16.799999    0.282520 
16.850000    0.496896 
16.899999    -0.268762 
16.950000    -0.823712 
16.999999    1.463409 
17.050000    -1.376609 
17.099999    3.048139 
17.150000    1.237192 
17.199999    0.604062 
17.250000    1.775644 
17.300000    -0.573458 
17.349999    -2.171420 
17.400000    -2.836789 
17.449999    -0.081194 
17.500000    1.243338 
17.549999    -1.319614 
17.600000    0.038189 
17.649999    0.845446 
17.700000    1.622962 
17.749999    -0.674076 
17.800000    0.256709 
17.850000    -1.700662 
17.899999    -0.873762 
17.950000    -1.409061 
17.999999    1.440207 
18.050000    1.709614 
18.099999    1.950920 
18.150000    1.564343 
18.199999    1.311548 
18.250000    -0.187547 
18.299999    0.526053 
18.350000    2.776867 
18.400000    -1.484997 
18.449999    -1.251180 
18.500000    0.967646 
18.549999    -0.806494 
18.600000    1.650905 
18.649999    0.034236 
18.700000    -0.512635 
18.749999    0.635062 
18.800000    -0.923540 
18.849999    -0.292870 
18.900000    -1.305516 
18.950000    -0.460505 
18.999999    0.505246 
19.050000    0.457493 
19.099999    -1.816232 
19.150000    -3.131950 
19.199999    -3.372024 
19.250000    1.772289 
19.299999    0.043688 
19.350000    0.832380 
19.399999    -0.626075 
19.450000    1.088203 
19.500000    -2.380853 
19.549999    -1.560598 
19.600000    2.410734 
19.649999    1.134126 
19.700000    1.100452 
19.749999    -0.024524 
19.800000    -2.008586 
19.849999    2.215162 
19.900000    0.162916 
19.949999    0.550142 


Reverse Correlation Function   