Time    Magnitude 

0.000000    35.172249 
0.050000    6.427105 
0.100000    23.128418 
0.150000    -12.658690 
0.200000    9.877696 
0.250000    -10.506420 
0.300000    -8.526959 
0.350000    2.544029 
0.400000    -0.187473 
0.450000    -4.565545 
0.500000    5.161161 
0.550000    -4.467368 
0.600000    -32.421665 
0.650000    -6.964030 
0.700000    -8.326927 
0.750000    8.186939 
0.800000    -16.176733 
0.850000    -5.908237 
0.900000    -1.793257 
0.950000    28.126356 
1.000000    28.928431 
1.050000    21.641037 
1.100000    -2.872686 
1.150000    -7.474561 
1.200000    6.105764 
1.250000    6.026692 
1.300000    -2.783518 
1.350000    -1.802469 
1.400000    -16.163084 
1.450000    -22.161602 
1.500000    -3.464633 
1.550000    -25.835754 
1.600000    -9.387608 
1.650000    -6.684555 
1.700000    -21.508614 
1.750000    -22.774282 
1.800000    -15.190300 
1.850000    15.730339 
1.900000    3.076108 
1.950000    -16.828161 
2.000000    10.073400 
2.050000    16.501835 
2.100000    8.959672 
2.150000    46.977940 
2.200000    14.861195 
2.250000    13.837917 
2.300000    43.561970 
2.350000    4.368128 
2.400000    31.414267 
2.450000    45.738159 
2.500000    37.004395 
2.550000    6.600833 
2.600000    14.951063 
2.650000    -28.520771 
2.700000    -4.937988 
2.750000    -34.293655 
2.800000    -56.134571 
2.850000    -109.482498 
2.900000    -113.733727 
2.950000    -110.096840 
3.000000    -105.117699 
3.050000    -65.876846 
3.100000    -33.316082 
3.150000    13.351773 
3.200000    67.701317 
3.250000    122.768555 
3.300000    158.724487 
3.350000    181.760941 
3.400000    235.259796 
3.450000    218.812500 
3.500000    181.560303 
3.550000    142.594772 
3.600000    79.005051 
3.650000    44.316223 
3.700000    -25.987553 
3.750000    -88.295174 
3.800000    -123.365211 
3.850000    -169.481720 
3.900000    -206.093460 
3.950000    -230.443115 
4.000000    -208.089767 
4.050000    -190.047363 
4.100000    -137.544205 
4.150000    -141.694443 
4.200000    -70.434875 
4.250000    -23.934275 
4.300000    10.504700 
4.350000    38.754204 
4.400000    68.541283 
4.450000    98.614098 
4.500000    81.743225 
4.550000    116.674835 
4.600000    89.009521 
4.650000    117.047249 
4.700000    61.973473 
4.750000    71.885811 
4.800000    47.830246 
4.850000    19.732487 
4.900000    -6.797668 
4.950000    -23.213486 
5.000000    -30.935839 
5.050000    -35.735878 
5.100000    -47.148464 
5.150000    -38.664120 
5.200000    -46.349819 
5.250000    -33.624844 
5.300000    -44.610565 
5.350000    0.975536 
5.400000    -23.275620 
5.450000    -28.003078 
5.500000    10.155468 
5.550000    11.537028 
5.600000    25.613743 
5.650000    12.743929 
5.700000    21.641447 
5.750000    37.810646 
5.800000    24.591642 
5.850000    30.191561 
5.900000    37.618946 
5.950000    26.343678 
6.000000    11.310778 
6.050000    -16.247309 
6.100000    -33.831738 
6.150000    -33.251404 
6.200000    -16.747786 
6.250000    -5.499179 
6.300000    -43.206028 
6.350000    15.553999 
6.400000    7.350004 
6.450000    0.703896 
6.500000    3.527219 
6.550000    14.898826 
6.600000    -16.887878 
6.650000    -19.789108 
6.700000    -14.627853 
6.750000    16.628441 
6.800000    -23.927025 
6.850000    12.530754 
6.900000    4.791301 
6.950000    11.337282 
7.000000    -8.618731 
7.050000    44.410835 
7.100000    21.337372 
7.150000    33.198902 
7.200000    7.435113 
7.250000    23.068922 
7.300000    30.424154 
7.350000    8.559412 
7.400000    25.282362 
7.450000    2.841044 
7.500000    11.510306 
7.550000    -2.494720 
7.600000    -11.383290 
7.650000    -32.205837 
7.700000    2.191073 
7.750000    -29.128721 
7.800000    -30.019005 
7.850000    -4.301960 
7.900000    -1.452451 
7.950000    -5.352741 
7.999999    1.187113 
8.049999    0.621883 
8.100000    16.482090 
8.150000    41.380726 
8.200000    26.620056 
8.250000    31.529406 
8.300000    -16.030283 
8.350000    23.787741 
8.400000    20.294445 
8.450000    -3.515610 
8.500000    28.601559 
8.549999    8.734179 
8.599999    17.679371 
8.650000    -16.667152 
8.700000    23.716995 
8.750000    23.082455 
8.800000    -6.448809 
8.850000    -29.107903 
8.900000    -13.251344 
8.950000    -5.393555 
9.000000    9.058379 
9.050000    -6.351064 
9.099999    20.810074 
9.149999    1.066915 
9.200000    12.714427 
9.250000    9.827927 
9.300000    4.397959 
9.350000    27.647596 
9.400000    11.440632 
9.450000    -9.080752 
9.500000    14.049892 
9.550000    -6.804699 
9.600000    20.295214 
9.649999    -5.882071 
9.699999    -2.019180 
9.750000    -32.939312 
9.800000    9.505291 
9.850000    -8.920462 
9.900000    11.130858 
9.950000    -30.360144 
10.000000    9.725263 
10.050000    0.294143 
10.100000    -10.122217 
10.150000    -1.795685 
10.199999    -8.735281 
10.249999    5.511574 
10.300000    -18.798565 
10.350000    23.831806 
10.400000    -18.031351 
10.450000    27.167667 
10.500000    7.125046 
10.550000    -5.346441 
10.600000    3.239449 
10.650000    24.652308 
10.700000    3.347887 
10.749999    11.726553 
10.799999    12.480092 
10.849999    18.775057 
10.900000    -7.649857 
10.950000    -25.454563 
11.000000    -9.355812 
11.050000    8.875209 
11.100000    16.062515 
11.150000    -12.553361 
11.200000    -4.730552 
11.250000    18.678799 
11.299999    11.611023 
11.349999    11.321114 
11.399999    0.916778 
11.450000    -1.472842 
11.500000    4.867857 
11.550000    4.992800 
11.600000    3.405172 
11.650000    10.039709 
11.700000    10.327295 
11.750000    7.654778 
11.800000    12.962449 
11.849999    0.463523 
11.899999    8.056911 
11.949999    4.634018 
12.000000    21.823814 
12.050000    18.664865 
12.100000    1.371162 
12.150000    34.823185 
12.200000    53.666016 
12.250000    -2.378196 
12.300000    6.754772 
12.350000    24.280071 
12.399999    11.736747 
12.449999    17.587875 
12.499999    1.009623 
12.550000    -11.608041 
12.600000    3.794135 
12.650000    -14.672255 
12.700000    16.614063 
12.750000    12.596038 
12.800000    -5.449904 
12.850000    28.150612 
12.900000    -15.098587 
12.949999    -34.230858 
12.999999    -15.764455 
13.049999    -7.724294 
13.100000    3.270208 
13.150000    -3.420991 
13.200000    25.942087 
13.250000    16.034300 
13.300000    8.570042 
13.350000    30.508860 
13.400000    27.388533 
13.450000    6.173867 
13.499999    -1.497235 
13.549999    -4.404635 
13.599999    0.871347 
13.650000    6.437518 
13.700000    -0.912523 
13.750000    -26.304846 
13.800000    -20.908895 
13.850000    -6.819100 
13.900000    -9.139627 
13.950000    -7.267626 
14.000000    -8.716658 
14.049999    -8.469116 
14.099999    -18.568930 
14.149999    -0.753129 
14.200000    -6.959143 
14.250000    0.398100 
14.300000    -3.219566 
14.350000    30.822880 
14.400000    21.035147 
14.450000    -6.017918 
14.500000    -5.205714 
14.549999    -3.179432 
14.599999    -4.084800 
14.649999    -17.363579 
14.699999    8.823610 
14.750000    -22.076710 
14.800000    18.408390 
14.850000    -30.584358 
14.900000    4.505112 
14.950000    -2.123284 
15.000000    -10.394434 
15.050000    6.799434 
15.099999    -5.303104 
15.149999    -19.863605 
15.199999    18.531075 
15.249999    -16.416948 
15.299999    14.557371 
15.350000    -4.889126 
15.400000    1.123515 
15.450000    7.303154 
15.500000    7.144202 
15.550000    -1.016627 
15.600000    7.400356 
15.650000    -0.976057 
15.699999    19.141087 
15.750000    2.547069 
15.799999    7.852173 
15.850000    19.274845 
15.899999    -13.437145 
15.950000    12.628828 
15.999999    -4.180197 
16.050000    9.075098 
16.099999    6.760651 
16.150000    11.798958 
16.200000    7.093870 
16.249999    8.023836 
16.300000    11.044693 
16.349999    30.499573 
16.400000    7.060136 
16.449999    7.772126 
16.500000    -12.956027 
16.549999    -7.273717 
16.600000    -7.897439 
16.649999    11.160471 
16.700000    -3.027420 
16.750000    14.982121 
16.799999    -8.877479 
16.850000    22.593077 
16.899999    2.043762 
16.950000    -4.210835 
16.999999    0.731383 
17.050000    5.593884 
17.099999    16.484766 
17.150000    5.645360 
17.199999    21.137774 
17.250000    30.139332 
17.300000    3.297514 
17.349999    23.078281 
17.400000    21.707651 
17.449999    26.282618 
17.500000    16.848362 
17.549999    -7.964428 
17.600000    5.147676 
17.649999    31.645233 
17.700000    -29.218071 
17.749999    -9.786731 
17.800000    16.902472 
17.850000    -24.225088 
17.899999    -1.652432 
17.950000    -32.690460 
17.999999    -23.564425 
18.050000    -9.600327 
18.099999    -29.617228 
18.150000    -11.055625 
18.199999    -8.667787 
18.250000    -20.389454 
18.299999    0.654449 
18.350000    -2.558182 
18.400000    26.956158 
18.449999    19.510675 
18.500000    29.180414 
18.549999    10.430673 
18.600000    10.303125 
18.649999    31.998466 
18.700000    -1.976042 
18.749999    22.295580 
18.800000    14.329578 
18.849999    14.668509 
18.900000    -10.329130 
18.950000    -3.710052 
18.999999    -32.622868 
19.050000    6.493847 
19.099999    -32.439568 
19.150000    -42.431488 
19.199999    -28.988968 
19.250000    -0.734925 
19.299999    5.269807 
19.350000    22.499931 
19.399999    37.763256 
19.450000    25.263144 
19.500000    44.965797 
19.549999    12.665215 
19.600000    0.713383 
19.649999    12.522635 
19.700000    -4.791240 
19.749999    4.309137 
19.800000    3.997626 
19.849999    -7.896438 
19.900000    -0.915750 
19.949999    -4.318565 


Reverse Correlation Function   