Time    Magnitude 

0.000000    1.135142 
0.050000    -0.464525 
0.100000    0.035977 
0.150000    -0.654810 
0.200000    -3.839193 
0.250000    -2.238569 
0.300000    -1.917959 
0.350000    1.978274 
0.400000    0.119157 
0.450000    0.363757 
0.500000    1.648219 
0.550000    -0.459584 
0.600000    0.607614 
0.650000    1.254980 
0.700000    -2.420123 
0.750000    -0.713882 
0.800000    0.333314 
0.850000    1.537275 
0.900000    2.205336 
0.950000    2.517399 
1.000000    0.819091 
1.050000    2.714051 
1.100000    0.837919 
1.150000    1.355170 
1.200000    -0.110953 
1.250000    0.460623 
1.300000    -0.600816 
1.350000    0.608016 
1.400000    -1.712376 
1.450000    -2.497051 
1.500000    1.017601 
1.550000    -1.308259 
1.600000    0.435943 
1.650000    0.664358 
1.700000    -1.085516 
1.750000    -0.020715 
1.800000    0.554629 
1.850000    2.886785 
1.900000    1.197786 
1.950000    1.146572 
2.000000    0.954667 
2.050000    0.673098 
2.100000    -0.846717 
2.150000    1.730028 
2.200000    0.834661 
2.250000    2.118079 
2.300000    3.058683 
2.350000    0.976565 
2.400000    3.742172 
2.450000    2.763846 
2.500000    1.750933 
2.550000    1.846639 
2.600000    -0.403286 
2.650000    -1.963752 
2.700000    -1.977015 
2.750000    -4.768191 
2.800000    -2.737412 
2.850000    -3.170138 
2.900000    -6.445511 
2.950000    -7.155960 
3.000000    -5.313468 
3.050000    -2.526354 
3.100000    -1.055756 
3.150000    3.263263 
3.200000    9.072059 
3.250000    15.282640 
3.300000    17.598831 
3.350000    20.437578 
3.400000    17.365633 
3.450000    13.599484 
3.500000    10.819456 
3.550000    6.195285 
3.600000    1.336485 
3.650000    -4.119469 
3.700000    -5.608037 
3.750000    -12.169011 
3.800000    -18.057737 
3.850000    -18.509155 
3.900000    -20.956310 
3.950000    -17.589384 
4.000000    -16.146414 
4.050000    -12.405197 
4.100000    -9.926133 
4.150000    -8.323669 
4.200000    -2.580404 
4.250000    3.200559 
4.300000    7.612877 
4.350000    10.806157 
4.400000    13.203424 
4.450000    16.690681 
4.500000    17.566916 
4.550000    15.691710 
4.600000    13.773920 
4.650000    14.046432 
4.700000    10.522075 
4.750000    4.248744 
4.800000    2.022643 
4.850000    -1.685211 
4.900000    -3.250194 
4.950000    -8.426097 
5.000000    -10.481189 
5.050000    -12.744810 
5.100000    -10.974601 
5.150000    -11.970447 
5.200000    -11.995372 
5.250000    -11.455395 
5.300000    -6.908707 
5.350000    -4.523165 
5.400000    -0.462397 
5.450000    2.087140 
5.500000    5.192297 
5.550000    3.770351 
5.600000    8.371544 
5.650000    8.182441 
5.700000    9.307055 
5.750000    9.506932 
5.800000    6.392563 
5.850000    7.113450 
5.900000    3.988467 
5.950000    0.545685 
6.000000    -2.328555 
6.050000    1.644414 
6.100000    -4.178957 
6.150000    -6.312571 
6.200000    -7.103547 
6.250000    -5.471733 
6.300000    -4.640460 
6.350000    -5.258808 
6.400000    -6.183619 
6.450000    -4.852470 
6.500000    0.052232 
6.550000    2.548827 
6.600000    0.247498 
6.650000    1.408351 
6.700000    3.876704 
6.750000    0.859850 
6.800000    5.740351 
6.850000    1.727231 
6.900000    5.425478 
6.950000    5.176308 
7.000000    1.839382 
7.050000    2.671190 
7.100000    4.166560 
7.150000    -0.383663 
7.200000    1.379723 
7.250000    0.360011 
7.300000    -2.148940 
7.350000    -1.602876 
7.400000    -0.902711 
7.450000    -1.792004 
7.500000    -2.681911 
7.550000    0.965804 
7.600000    -2.321720 
7.650000    0.138736 
7.700000    -0.978902 
7.750000    -0.005874 
7.800000    0.928354 
7.850000    -2.163941 
7.900000    -0.524484 
7.950000    0.924891 
7.999999    1.452783 
8.049999    3.097182 
8.100000    3.576771 
8.150000    2.774664 
8.200000    2.745993 
8.250000    2.904269 
8.300000    -1.426566 
8.350000    -1.931292 
8.400000    -1.057848 
8.450000    -2.009838 
8.500000    -0.467379 
8.549999    1.675046 
8.599999    1.726712 
8.650000    -0.798976 
8.700000    -0.557738 
8.750000    -2.087861 
8.800000    -2.647153 
8.850000    0.457874 
8.900000    -1.781890 
8.950000    -2.576539 
9.000000    -0.196590 
9.050000    1.392597 
9.099999    1.209981 
9.149999    3.229967 
9.200000    4.454104 
9.250000    2.285701 
9.300000    0.785471 
9.350000    1.893754 
9.400000    0.317303 
9.450000    2.188314 
9.500000    3.004518 
9.550000    -0.752254 
9.600000    0.867284 
9.649999    -0.133491 
9.699999    1.656910 
9.750000    0.281988 
9.800000    -2.101520 
9.850000    0.063999 
9.900000    -2.045293 
9.950000    1.912856 
10.000000    -2.001841 
10.050000    -1.390543 
10.100000    -1.344381 
10.150000    0.725185 
10.199999    -0.755296 
10.249999    0.132250 
10.300000    0.989508 
10.350000    -0.479784 
10.400000    -0.200545 
10.450000    0.077127 
10.500000    0.565632 
10.550000    -1.258677 
10.600000    -1.021169 
10.650000    0.322743 
10.700000    0.266487 
10.749999    -0.097601 
10.799999    -0.486491 
10.849999    1.133408 
10.900000    0.877437 
10.950000    0.906101 
11.000000    -0.412490 
11.050000    1.197558 
11.100000    -0.150675 
11.150000    -0.746863 
11.200000    1.336417 
11.250000    -1.101670 
11.299999    -0.416613 
11.349999    0.082164 
11.399999    -0.369252 
11.450000    -0.136602 
11.500000    1.451740 
11.550000    2.801609 
11.600000    4.741002 
11.650000    1.388183 
11.700000    1.736971 
11.750000    -0.746235 
11.800000    2.605784 
11.849999    1.195651 
11.899999    -0.413779 
11.949999    -1.377314 
12.000000    -1.787941 
12.050000    0.945250 
12.100000    3.426905 
12.150000    3.766151 
12.200000    1.662438 
12.250000    -0.576618 
12.300000    2.038511 
12.350000    -0.954943 
12.399999    -0.378074 
12.449999    0.364341 
12.499999    -1.591873 
12.550000    1.158654 
12.600000    0.203571 
12.650000    -0.374522 
12.700000    -0.159669 
12.750000    3.654348 
12.800000    -0.831425 
12.850000    0.212545 
12.900000    -1.367115 
12.949999    -1.220674 
12.999999    0.425378 
13.049999    -0.243763 
13.100000    0.402886 
13.150000    -0.607725 
13.200000    1.128035 
13.250000    -0.113243 
13.300000    0.797731 
13.350000    1.986518 
13.400000    2.391813 
13.450000    2.306237 
13.499999    -0.752524 
13.549999    2.851044 
13.599999    -0.858337 
13.650000    0.654326 
13.700000    0.475702 
13.750000    -0.943752 
13.800000    -3.416993 
13.850000    1.716817 
13.900000    -2.866984 
13.950000    -3.656703 
14.000000    -1.288540 
14.049999    -0.415285 
14.099999    -2.120712 
14.149999    1.172064 
14.200000    2.871065 
14.250000    1.278214 
14.300000    0.337781 
14.350000    0.369822 
14.400000    2.232095 
14.450000    1.237279 
14.500000    0.927874 
14.549999    1.450732 
14.599999    3.107919 
14.649999    -0.327768 
14.699999    1.321285 
14.750000    2.207657 
14.800000    0.075310 
14.850000    -1.359179 
14.900000    -2.893138 
14.950000    -0.590156 
15.000000    -2.894891 
15.050000    -1.580500 
15.099999    -2.193316 
15.149999    -0.748273 
15.199999    -2.095840 
15.249999    -0.028580 
15.299999    -1.268862 
15.350000    -1.596478 
15.400000    1.955236 
15.450000    2.438255 
15.500000    0.348697 
15.550000    -0.690222 
15.600000    -0.401528 
15.650000    -0.045068 
15.699999    0.732534 
15.750000    1.550882 
15.799999    0.411223 
15.850000    2.100810 
15.899999    1.054515 
15.950000    2.272670 
15.999999    -0.023240 
16.050000    -1.759289 
16.099999    0.401102 
16.150000    -0.162154 
16.200000    -0.180353 
16.249999    -2.035705 
16.300000    -0.471879 
16.349999    -0.232715 
16.400000    1.800831 
16.449999    -2.336185 
16.500000    -1.981149 
16.549999    2.958104 
16.600000    -3.218776 
16.649999    0.093130 
16.700000    -0.620246 
16.750000    -0.637676 
16.799999    -2.307690 
16.850000    0.643589 
16.899999    0.620189 
16.950000    0.254815 
16.999999    -0.610531 
17.050000    -0.000170 
17.099999    1.174198 
17.150000    0.134820 
17.199999    0.803971 
17.250000    -0.689238 
17.300000    1.401833 
17.349999    0.837913 
17.400000    3.421679 
17.449999    4.451319 
17.500000    -0.091972 
17.549999    0.403634 
17.600000    -0.443445 
17.649999    -2.506917 
17.700000    0.282807 
17.749999    0.439947 
17.800000    -0.806200 
17.850000    1.066040 
17.899999    -0.902284 
17.950000    0.315631 
17.999999    -0.624330 
18.050000    0.137073 
18.099999    -1.351899 
18.150000    -0.665478 
18.199999    1.176732 
18.250000    2.444349 
18.299999    -0.352214 
18.350000    0.940289 
18.400000    1.022072 
18.449999    1.289343 
18.500000    1.293198 
18.549999    2.634486 
18.600000    4.569351 
18.649999    2.109146 
18.700000    0.312406 
18.749999    -0.238494 
18.800000    0.493642 
18.849999    -0.977146 
18.900000    -0.644096 
18.950000    -2.822721 
18.999999    -0.957707 
19.050000    -0.709977 
19.099999    -0.970729 
19.150000    -3.431005 
19.199999    -4.373034 
19.250000    -0.988756 
19.299999    0.238469 
19.350000    -1.010765 
19.399999    2.058872 
19.450000    4.649945 
19.500000    2.528309 
19.549999    -1.189667 
19.600000    2.313238 
19.649999    1.156996 
19.700000    -0.256543 
19.749999    -0.568252 
19.800000    -0.566305 
19.849999    0.225085 
19.900000    -0.849898 
19.949999    0.674701 


Reverse Correlation Function   