Time    Magnitude 

0.000000    14.037279 
0.050000    10.901559 
0.100000    6.378300 
0.150000    -28.089729 
0.200000    13.859791 
0.250000    15.063095 
0.300000    17.037666 
0.350000    37.378437 
0.400000    22.561460 
0.450000    18.125967 
0.500000    29.798693 
0.550000    11.305918 
0.600000    9.115939 
0.650000    5.862738 
0.700000    -3.302386 
0.750000    -13.302897 
0.800000    -18.352192 
0.850000    -15.516592 
0.900000    -30.179884 
0.950000    -3.009789 
1.000000    -0.103156 
1.050000    -7.766827 
1.100000    -8.067554 
1.150000    14.188695 
1.200000    -11.781572 
1.250000    -0.000268 
1.300000    -13.265258 
1.350000    -4.529073 
1.400000    -7.085179 
1.450000    8.730910 
1.500000    17.491751 
1.550000    34.776978 
1.600000    5.308240 
1.650000    42.237892 
1.700000    15.387995 
1.750000    13.565969 
1.800000    30.498892 
1.850000    10.938532 
1.900000    -18.623175 
1.950000    -12.771024 
2.000000    -21.818510 
2.050000    -37.059586 
2.100000    -10.069330 
2.150000    -17.697266 
2.200000    -43.412529 
2.250000    -21.059549 
2.300000    -23.974955 
2.350000    -10.131954 
2.400000    26.925406 
2.450000    17.161097 
2.500000    32.905876 
2.550000    9.911897 
2.600000    25.904406 
2.650000    9.748099 
2.700000    28.473085 
2.750000    53.714012 
2.800000    32.770557 
2.850000    40.037861 
2.900000    30.604107 
2.950000    58.339012 
3.000000    46.245441 
3.050000    5.195466 
3.100000    -12.565548 
3.150000    -15.435765 
3.200000    -44.761818 
3.250000    -68.881073 
3.300000    -102.344269 
3.350000    -108.704346 
3.400000    -90.698807 
3.450000    -80.842445 
3.500000    -52.753349 
3.550000    -18.423279 
3.600000    10.939781 
3.650000    22.277071 
3.700000    60.429897 
3.750000    102.006058 
3.800000    102.886696 
3.850000    149.211380 
3.900000    117.509583 
3.950000    132.840637 
4.000000    99.424278 
4.050000    108.714050 
4.100000    53.230476 
4.150000    43.651581 
4.200000    -13.585976 
4.250000    -66.895287 
4.300000    -79.303665 
4.350000    -117.240349 
4.400000    -138.373810 
4.450000    -168.018921 
4.500000    -186.564346 
4.550000    -168.287888 
4.600000    -160.727417 
4.650000    -130.501114 
4.700000    -101.099640 
4.750000    -58.337402 
4.800000    11.152892 
4.850000    54.128548 
4.900000    68.566376 
4.950000    102.134972 
5.000000    128.183304 
5.050000    147.094955 
5.100000    131.300247 
5.150000    136.175385 
5.200000    109.825134 
5.250000    112.067299 
5.300000    53.327473 
5.350000    40.175594 
5.400000    15.935092 
5.450000    -23.591003 
5.500000    -37.347164 
5.550000    -67.080475 
5.600000    -74.802170 
5.650000    -100.425888 
5.700000    -99.407257 
5.750000    -82.389374 
5.800000    -112.439171 
5.850000    -83.063545 
5.900000    -71.774323 
5.950000    -49.357304 
6.000000    -32.121468 
6.050000    -10.413013 
6.100000    13.867423 
6.150000    23.516403 
6.200000    29.047022 
6.250000    68.431793 
6.300000    96.162521 
6.350000    67.339058 
6.400000    65.399551 
6.450000    55.724937 
6.500000    55.369743 
6.550000    53.836472 
6.600000    27.445261 
6.650000    12.564894 
6.700000    5.410078 
6.750000    -12.774933 
6.800000    -26.528816 
6.850000    -4.480055 
6.900000    -27.015673 
6.950000    14.185739 
7.000000    -29.750002 
7.050000    -31.893373 
7.100000    -36.299744 
7.150000    -32.955322 
7.200000    -54.857754 
7.250000    -35.069172 
7.300000    -35.903679 
7.350000    -12.353064 
7.400000    13.469825 
7.450000    12.372359 
7.500000    13.732189 
7.550000    18.136772 
7.600000    27.105059 
7.650000    25.185158 
7.700000    28.323307 
7.750000    43.351902 
7.800000    11.878564 
7.850000    25.528006 
7.900000    14.765195 
7.950000    -22.608984 
7.999999    1.679699 
8.049999    15.649962 
8.100000    8.297497 
8.150000    -7.813545 
8.200000    11.657025 
8.250000    -26.588926 
8.300000    -12.968965 
8.350000    -20.342419 
8.400000    -47.417774 
8.450000    -6.923785 
8.500000    7.331004 
8.549999    -14.877496 
8.599999    15.194130 
8.650000    12.522737 
8.700000    27.642450 
8.750000    41.456558 
8.800000    26.924822 
8.850000    14.335823 
8.900000    29.044447 
8.950000    0.040753 
9.000000    35.394894 
9.050000    4.374747 
9.099999    14.627474 
9.149999    17.011723 
9.200000    -6.794631 
9.250000    -13.088445 
9.300000    0.968661 
9.350000    -12.569557 
9.400000    -13.807624 
9.450000    -9.007002 
9.500000    2.349645 
9.550000    -9.531558 
9.600000    -3.284503 
9.649999    8.753240 
9.699999    -0.027779 
9.750000    23.322144 
9.800000    9.918509 
9.850000    11.745803 
9.900000    4.049052 
9.950000    -1.620873 
10.000000    8.782096 
10.050000    -10.908851 
10.100000    29.084379 
10.150000    13.672274 
10.199999    31.451931 
10.249999    21.263662 
10.300000    18.778179 
10.350000    15.369972 
10.400000    -27.102114 
10.450000    -0.896645 
10.500000    -1.031083 
10.550000    4.220669 
10.600000    3.287245 
10.650000    -9.300111 
10.700000    27.619814 
10.749999    -23.356474 
10.799999    -4.376864 
10.849999    1.820559 
10.900000    -8.321164 
10.950000    4.919404 
11.000000    18.279676 
11.050000    -10.192136 
11.100000    -2.497178 
11.150000    23.072821 
11.200000    4.539376 
11.250000    22.269674 
11.299999    -1.828689 
11.349999    -12.185252 
11.399999    11.647949 
11.450000    13.733649 
11.500000    -9.391510 
11.550000    26.973076 
11.600000    4.888215 
11.650000    -0.600925 
11.700000    11.399919 
11.750000    -10.766724 
11.800000    12.404245 
11.849999    5.216897 
11.899999    -2.297862 
11.949999    -7.579939 
12.000000    -22.276627 
12.050000    19.679220 
12.100000    9.038209 
12.150000    6.470117 
12.200000    -5.201390 
12.250000    8.444468 
12.300000    20.741219 
12.350000    19.843550 
12.399999    -25.335058 
12.449999    2.241780 
12.499999    0.603108 
12.550000    15.419468 
12.600000    11.963670 
12.650000    28.974329 
12.700000    6.157909 
12.750000    48.717567 
12.800000    15.705838 
12.850000    -0.264871 
12.900000    14.609965 
12.949999    -1.443588 
12.999999    14.942541 
13.049999    -14.354131 
13.100000    5.975496 
13.150000    -3.091165 
13.200000    31.017481 
13.250000    24.460110 
13.300000    -7.525653 
13.350000    5.806343 
13.400000    -3.481480 
13.450000    -25.925684 
13.499999    5.818163 
13.549999    -17.304937 
13.599999    8.988871 
13.650000    -20.706200 
13.700000    38.234161 
13.750000    0.031054 
13.800000    22.349051 
13.850000    21.015005 
13.900000    16.627686 
13.950000    16.794998 
14.000000    1.343579 
14.049999    8.761777 
14.099999    -8.696888 
14.149999    2.411408 
14.200000    -5.633349 
14.250000    3.696206 
14.300000    -29.905977 
14.350000    24.338997 
14.400000    -28.831638 
14.450000    14.015978 
14.500000    -13.854085 
14.549999    -19.338272 
14.599999    -6.925454 
14.649999    -5.284066 
14.699999    -8.655704 
14.750000    -14.628357 
14.800000    -0.208097 
14.850000    -8.057238 
14.900000    -8.320917 
14.950000    -3.664843 
15.000000    2.866508 
15.050000    15.252688 
15.099999    12.178066 
15.149999    19.587791 
15.199999    23.653116 
15.249999    2.135338 
15.299999    13.872437 
15.350000    -4.948475 
15.400000    13.519314 
15.450000    -13.141563 
15.500000    -14.058722 
15.550000    -16.962095 
15.600000    -15.103848 
15.650000    -15.528348 
15.699999    -25.707609 
15.750000    3.344754 
15.799999    -39.201279 
15.850000    -3.421181 
15.899999    -13.930770 
15.950000    9.615234 
15.999999    13.085993 
16.050000    20.502460 
16.099999    12.704314 
16.150000    -7.177936 
16.200000    4.666558 
16.249999    0.660061 
16.300000    8.743062 
16.349999    27.147068 
16.400000    5.955387 
16.449999    34.019714 
16.500000    21.986488 
16.549999    9.937872 
16.600000    -18.548523 
16.649999    14.794487 
16.700000    22.065752 
16.750000    21.972540 
16.799999    -3.501177 
16.850000    -10.822123 
16.899999    -22.861452 
16.950000    16.493793 
16.999999    7.589802 
17.050000    -2.277625 
17.099999    -18.963789 
17.150000    2.295725 
17.199999    -9.157166 
17.250000    -16.212492 
17.300000    -5.854876 
17.349999    11.281483 
17.400000    -3.928164 
17.449999    -9.849589 
17.500000    39.189091 
17.549999    30.254301 
17.600000    13.510083 
17.649999    12.656964 
17.700000    25.443819 
17.749999    38.211475 
17.800000    20.825037 
17.850000    34.904633 
17.899999    17.909739 
17.950000    16.235138 
17.999999    -17.847651 
18.050000    17.003128 
18.099999    28.390144 
18.150000    -1.354421 
18.199999    19.688690 
18.250000    -19.865221 
18.299999    -17.035223 
18.350000    -5.300194 
18.400000    -7.185903 
18.449999    -50.131153 
18.500000    -2.051000 
18.549999    -8.053288 
18.600000    -5.603410 
18.649999    -4.447648 
18.700000    20.633953 
18.749999    27.524240 
18.800000    9.214851 
18.849999    9.793577 
18.900000    40.226185 
18.950000    39.075733 
18.999999    20.956755 
19.050000    27.437155 
19.099999    29.471661 
19.150000    8.568565 
19.199999    6.753646 
19.250000    -3.018329 
19.299999    4.659898 
19.350000    0.143965 
19.399999    7.228394 
19.450000    -5.060899 
19.500000    11.974949 
19.549999    -12.593108 
19.600000    -8.196775 
19.649999    -3.342996 
19.700000    -5.281623 
19.749999    -7.591926 
19.800000    -13.775466 
19.849999    -22.341898 
19.900000    13.000684 
19.949999    0.178677 


Reverse Correlation Function   