Time    Magnitude 

0.000000    6.361548 
0.050000    7.816584 
0.100000    -7.311437 
0.150000    -1.727033 
0.200000    7.364171 
0.250000    11.000472 
0.300000    -12.693052 
0.350000    -22.649836 
0.400000    1.096972 
0.450000    0.299216 
0.500000    10.903190 
0.550000    0.057239 
0.600000    0.349281 
0.650000    -10.515307 
0.700000    -0.846968 
0.750000    -6.056689 
0.800000    -7.015520 
0.850000    4.985579 
0.900000    5.834440 
0.950000    12.900058 
1.000000    -12.513033 
1.050000    -11.557336 
1.100000    0.615687 
1.150000    6.319347 
1.200000    -11.425215 
1.250000    -14.286738 
1.300000    0.477629 
1.350000    3.533233 
1.400000    11.895497 
1.450000    20.877985 
1.500000    25.844660 
1.550000    58.273560 
1.600000    56.580956 
1.650000    28.121788 
1.700000    -35.972008 
1.750000    -78.103554 
1.800000    -100.998680 
1.850000    -42.976677 
1.900000    10.968872 
1.950000    64.040169 
2.000000    46.930256 
2.050000    -2.326272 
2.100000    -34.571350 
2.150000    -9.236252 
2.200000    14.379537 
2.250000    63.471062 
2.300000    45.195900 
2.350000    7.643346 
2.400000    -46.049175 
2.450000    -46.713753 
2.500000    -6.817680 
2.550000    20.147581 
2.600000    22.533045 
2.650000    10.656557 
2.700000    -26.078117 
2.750000    -18.912262 
2.800000    -6.125037 
2.850000    31.778202 
2.900000    12.834764 
2.950000    -1.247863 
3.000000    -7.808364 
3.050000    -12.919941 
3.100000    12.756251 
3.150000    7.691063 
3.200000    -5.775883 
3.250000    -4.325841 
3.300000    -0.543753 
3.350000    -2.307907 
3.400000    -15.554962 
3.450000    4.946855 
3.500000    -15.595869 
3.550000    -4.106239 
3.600000    9.690114 
3.650000    8.114267 
3.700000    7.188932 
3.750000    -0.141655 
3.800000    2.925037 
3.850000    -1.515420 
3.900000    -2.242067 
3.950000    -2.355928 
4.000000    6.008451 
4.050000    -5.536172 
4.100000    12.530922 
4.150000    14.295759 
4.200000    1.731068 
4.250000    7.314855 
4.300000    0.724615 
4.350000    -0.624417 
4.400000    6.853180 
4.450000    6.475898 
4.500000    7.673249 
4.550000    -2.028670 
4.600000    3.793830 
4.650000    -2.777703 
4.700000    -1.037194 
4.750000    -8.350398 
4.800000    -19.241600 
4.850000    -4.461877 
4.900000    -5.616447 
4.950000    2.890334 
5.000000    -1.735075 
5.050000    3.670261 
5.100000    8.624034 
5.150000    11.677030 
5.200000    25.162998 
5.250000    5.509445 
5.300000    3.034420 
5.350000    -11.693590 
5.400000    17.239508 
5.450000    16.609175 
5.500000    7.435806 
5.550000    -10.578251 
5.600000    -22.771368 
5.650000    -2.311775 
5.700000    3.831935 
5.750000    17.404367 
5.800000    23.171156 
5.850000    10.778445 
5.900000    0.309515 
5.950000    15.226256 
6.000000    12.056760 
6.050000    0.971485 
6.100000    5.835073 
6.150000    8.932420 
6.200000    4.427685 
6.250000    4.722570 
6.300000    -0.840890 
6.350000    5.575978 
6.400000    5.197604 
6.450000    -2.414014 
6.500000    1.684220 
6.550000    1.085921 
6.600000    4.215325 
6.650000    -2.842096 
6.700000    1.364544 
6.750000    0.403690 
6.800000    12.346087 
6.850000    16.150686 
6.900000    -0.032034 
6.950000    -11.859065 
7.000000    -10.421212 
7.050000    0.410481 
7.100000    11.776491 
7.150000    10.908875 
7.200000    -0.060382 
7.250000    4.851724 
7.300000    -0.527874 
7.350000    12.552784 
7.400000    7.459463 
7.450000    2.028383 
7.500000    4.917464 
7.550000    -6.180308 
7.600000    5.838530 
7.650000    9.214638 
7.700000    -9.315811 
7.750000    6.685362 
7.800000    -0.555502 
7.850000    4.758574 
7.900000    -5.247626 
7.950000    10.187740 
7.999999    -0.118036 
8.049999    18.722212 
8.100000    4.866328 
8.150000    0.678125 
8.200000    -5.079572 
8.250000    -10.417069 
8.300000    3.504022 
8.350000    15.129140 
8.400000    -16.623121 
8.450000    -2.413195 
8.500000    -5.010548 
8.549999    -2.200272 
8.599999    -9.499068 
8.650000    11.308532 
8.700000    23.202900 
8.750000    11.586392 
8.800000    -5.927282 
8.850000    3.170450 
8.900000    -5.942860 
8.950000    -6.271232 
9.000000    -15.106219 
9.050000    -2.005136 
9.099999    -10.510512 
9.149999    4.725444 
9.200000    5.656717 
9.250000    12.722264 
9.300000    3.734340 
9.350000    7.181740 
9.400000    -5.970150 
9.450000    6.978795 
9.500000    -5.130024 
9.550000    3.202066 
9.600000    -11.414932 
9.649999    -0.552712 
9.699999    2.337802 
9.750000    7.691095 
9.800000    0.361353 
9.850000    -9.616793 
9.900000    2.171729 
9.950000    -4.159055 
10.000000    -7.955448 
10.050000    -2.760957 
10.100000    -11.579577 
10.150000    6.508210 
10.199999    3.177057 
10.249999    -4.267884 
10.300000    1.211036 
10.350000    -9.581123 
10.400000    -2.072124 
10.450000    7.047569 
10.500000    9.305060 
10.550000    7.816685 
10.600000    3.221452 
10.650000    5.939067 
10.700000    19.552504 
10.749999    -13.772455 
10.799999    15.750319 
10.849999    3.696559 
10.900000    15.694113 
10.950000    10.672393 
11.000000    1.239169 
11.050000    13.496960 
11.100000    -7.878504 
11.150000    -17.704504 
11.200000    -1.724654 
11.250000    -5.498409 
11.299999    1.704770 
11.349999    -10.942544 
11.399999    8.984838 
11.450000    -20.803539 
11.500000    3.155717 
11.550000    -1.879524 
11.600000    -2.414479 
11.650000    7.870218 
11.700000    1.043491 
11.750000    7.002468 
11.800000    -2.204110 
11.849999    9.876668 
11.899999    0.498396 
11.949999    16.855854 
12.000000    -2.022440 
12.050000    9.131933 
12.100000    -1.381594 
12.150000    -1.582463 
12.200000    17.484917 
12.250000    -5.276582 
12.300000    4.629742 
12.350000    -2.223873 
12.399999    1.137974 
12.449999    13.798896 
12.499999    2.451090 
12.550000    8.094423 
12.600000    -2.183245 
12.650000    6.138403 
12.700000    8.412744 
12.750000    3.730062 
12.800000    11.150372 
12.850000    13.460339 
12.900000    -7.417768 
12.949999    13.377718 
12.999999    -8.583676 
13.049999    -8.842388 
13.100000    7.677533 
13.150000    9.191088 
13.200000    -3.935483 
13.250000    -7.317668 
13.300000    -7.167916 
13.350000    -6.179132 
13.400000    4.225429 
13.450000    8.805246 
13.499999    -4.338085 
13.549999    -13.329432 
13.599999    16.090750 
13.650000    7.602540 
13.700000    -5.287618 
13.750000    -0.965053 
13.800000    9.362679 
13.850000    -5.779946 
13.900000    3.232723 
13.950000    -0.247657 
14.000000    20.777893 
14.049999    0.706263 
14.099999    -3.462062 
14.149999    15.368487 
14.200000    8.849291 
14.250000    -15.951458 
14.300000    15.675157 
14.350000    -3.362892 
14.400000    -12.368702 
14.450000    24.622223 
14.500000    17.985128 
14.549999    8.150338 
14.599999    14.234182 
14.649999    7.406447 
14.699999    -2.570383 
14.750000    -7.498251 
14.800000    1.743092 
14.850000    7.582816 
14.900000    11.504771 
14.950000    1.370108 
15.000000    4.695289 
15.050000    3.487844 
15.099999    12.169279 
15.149999    16.117805 
15.199999    5.882672 
15.249999    12.329322 
15.299999    12.577353 
15.350000    3.760743 
15.400000    -12.219625 
15.450000    8.895806 
15.500000    -17.912998 
15.550000    -5.884175 
15.600000    11.766753 
15.650000    8.791163 
15.699999    -5.218441 
15.750000    9.848001 
15.799999    -4.901532 
15.850000    -10.709517 
15.899999    -11.139169 
15.950000    -3.901603 
15.999999    -1.068093 
16.050000    11.751484 
16.099999    9.203651 
16.150000    6.115432 
16.200000    -9.193089 
16.249999    -5.197905 
16.300000    2.791936 
16.349999    -6.611030 
16.400000    -12.279080 
16.449999    1.433376 
16.500000    5.018845 
16.549999    -2.085107 
16.600000    -13.636017 
16.649999    -9.391217 
16.700000    -1.570753 
16.750000    9.374165 
16.799999    3.636410 
16.850000    -5.105066 
16.899999    10.347431 
16.950000    -13.534223 
16.999999    -19.002943 
17.050000    -3.365144 
17.099999    16.387127 
17.150000    -2.156202 
17.199999    -3.546693 
17.250000    -5.658374 
17.300000    -1.936611 
17.349999    -14.503255 
17.400000    7.109633 
17.449999    5.519737 
17.500000    1.086839 
17.549999    11.315209 
17.600000    9.163078 
17.649999    1.021748 
17.700000    13.347765 
17.749999    9.397633 
17.800000    -1.796854 
17.850000    9.828070 
17.899999    -5.723995 
17.950000    -18.983164 
17.999999    8.675681 
18.050000    -1.251291 
18.099999    -10.239017 
18.150000    9.642293 
18.199999    -5.189582 
18.250000    9.191932 
18.299999    20.554197 
18.350000    -3.526930 
18.400000    14.130744 
18.449999    -5.526601 
18.500000    -10.142838 
18.549999    -14.420538 
18.600000    -15.662563 
18.649999    -4.048665 
18.700000    -15.597533 
18.749999    -4.955576 
18.800000    6.075320 
18.849999    0.401351 
18.900000    12.920591 
18.950000    16.394255 
18.999999    4.287261 
19.050000    7.573121 
19.099999    -11.751033 
19.150000    -6.066452 
19.199999    -10.482947 
19.250000    -8.338582 
19.299999    -13.191477 
19.350000    24.457054 
19.399999    -4.082679 
19.450000    12.662874 
19.500000    -5.355803 
19.549999    -7.487618 
19.600000    -3.825070 
19.649999    -2.927101 
19.700000    7.231031 
19.749999    4.509186 
19.800000    8.193037 
19.849999    11.965663 
19.900000    0.249234 
19.949999    4.368674 


Reverse Correlation Function   