Time    Magnitude 

0.000000    -8.156529 
0.050000    -2.373508 
0.100000    5.482409 
0.150000    -2.798132 
0.200000    -1.535764 
0.250000    -0.136313 
0.300000    4.826803 
0.350000    4.218133 
0.400000    2.382763 
0.450000    -6.728118 
0.500000    1.687219 
0.550000    -0.089727 
0.600000    0.416289 
0.650000    3.998219 
0.700000    4.638501 
0.750000    -0.586847 
0.800000    -1.794183 
0.850000    -2.334240 
0.900000    1.271460 
0.950000    -0.013442 
1.000000    3.865973 
1.050000    -2.186674 
1.100000    2.925487 
1.150000    -3.257006 
1.200000    -0.081429 
1.250000    0.131488 
1.300000    -1.475132 
1.350000    3.698858 
1.400000    2.238150 
1.450000    7.522522 
1.500000    0.595332 
1.550000    3.942765 
1.600000    9.962501 
1.650000    10.720953 
1.700000    19.035999 
1.750000    5.293956 
1.800000    -4.586657 
1.850000    -22.113199 
1.900000    -26.977116 
1.950000    -21.494658 
2.000000    2.677005 
2.050000    26.090534 
2.100000    33.924580 
2.150000    26.120951 
2.200000    -6.329141 
2.250000    -21.969168 
2.300000    -24.839445 
2.350000    -3.843129 
2.400000    26.016869 
2.450000    16.648237 
2.500000    -4.137316 
2.550000    -27.809093 
2.600000    -23.177935 
2.650000    0.001037 
2.700000    23.562460 
2.750000    24.149935 
2.800000    9.727525 
2.850000    -7.585184 
2.900000    -20.188192 
2.950000    -18.689533 
3.000000    4.528900 
3.050000    7.618078 
3.100000    4.135193 
3.150000    -4.510523 
3.200000    -4.672820 
3.250000    -4.201049 
3.300000    1.207192 
3.350000    4.372351 
3.400000    9.575686 
3.450000    -1.093171 
3.500000    -2.688853 
3.550000    -1.840932 
3.600000    0.005554 
3.650000    -2.098351 
3.700000    4.110174 
3.750000    5.767518 
3.800000    3.321185 
3.850000    -2.367814 
3.900000    -0.853393 
3.950000    -1.913545 
4.000000    -0.657823 
4.050000    -0.417822 
4.100000    -5.147486 
4.150000    -5.231703 
4.200000    -4.333800 
4.250000    0.969903 
4.300000    -3.968514 
4.350000    2.585814 
4.400000    -7.490388 
4.450000    5.720788 
4.500000    4.296704 
4.550000    -0.252609 
4.600000    4.266726 
4.650000    -0.838962 
4.700000    3.104340 
4.750000    4.377375 
4.800000    2.210024 
4.850000    -0.232970 
4.900000    -6.113770 
4.950000    -5.050366 
5.000000    -1.145475 
5.050000    -0.592315 
5.100000    4.660079 
5.150000    3.690769 
5.200000    6.112437 
5.250000    8.925694 
5.300000    -1.938183 
5.350000    5.473861 
5.400000    1.164838 
5.450000    0.562622 
5.500000    -3.896880 
5.550000    -1.219114 
5.600000    -5.521651 
5.650000    6.133810 
5.700000    -0.524863 
5.750000    -2.815809 
5.800000    5.140889 
5.850000    5.858627 
5.900000    9.057150 
5.950000    0.142734 
6.000000    6.298391 
6.050000    -0.640843 
6.100000    0.389031 
6.150000    -1.885712 
6.200000    2.194008 
6.250000    1.204917 
6.300000    0.227862 
6.350000    7.205266 
6.400000    3.474699 
6.450000    4.601710 
6.500000    -5.428739 
6.550000    -2.229760 
6.600000    0.192866 
6.650000    7.323500 
6.700000    -3.879921 
6.750000    0.301792 
6.800000    -3.331827 
6.850000    0.545824 
6.900000    1.673422 
6.950000    0.508331 
7.000000    1.498524 
7.050000    1.437818 
7.100000    4.651735 
7.150000    -4.069851 
7.200000    -0.007848 
7.250000    1.174949 
7.300000    5.543239 
7.350000    1.274302 
7.400000    -1.411647 
7.450000    -0.865372 
7.500000    2.432180 
7.550000    -3.884947 
7.600000    3.292431 
7.650000    1.828924 
7.700000    -4.272958 
7.750000    -3.547636 
7.800000    8.374951 
7.850000    4.737901 
7.900000    4.658295 
7.950000    0.017521 
7.999999    0.055648 
8.049999    7.108360 
8.100000    0.625845 
8.150000    0.609173 
8.200000    2.367348 
8.250000    3.636303 
8.300000    -0.171882 
8.350000    -0.661166 
8.400000    -0.876275 
8.450000    0.646425 
8.500000    -1.422470 
8.549999    5.306749 
8.599999    0.221383 
8.650000    -1.654894 
8.700000    -0.865973 
8.750000    1.242548 
8.800000    -1.646866 
8.850000    7.956094 
8.900000    0.143655 
8.950000    3.379215 
9.000000    8.606834 
9.050000    7.082354 
9.099999    -2.074198 
9.149999    4.137776 
9.200000    -0.212677 
9.250000    -1.606780 
9.300000    -2.710744 
9.350000    2.609504 
9.400000    2.187674 
9.450000    -5.808018 
9.500000    -1.222406 
9.550000    0.015543 
9.600000    1.431701 
9.649999    0.292689 
9.699999    1.663159 
9.750000    0.294244 
9.800000    7.019627 
9.850000    -2.537226 
9.900000    -0.982157 
9.950000    3.656330 
10.000000    -0.385953 
10.050000    -3.733001 
10.100000    -0.148037 
10.150000    1.096101 
10.199999    7.416817 
10.249999    0.597465 
10.300000    2.218772 
10.350000    -5.472347 
10.400000    -0.402819 
10.450000    4.481357 
10.500000    3.976847 
10.550000    -7.318764 
10.600000    -6.472627 
10.650000    -3.973994 
10.700000    1.046884 
10.749999    4.332970 
10.799999    -3.461382 
10.849999    -5.677936 
10.900000    1.076317 
10.950000    -5.093144 
11.000000    1.603205 
11.050000    3.810366 
11.100000    -6.660741 
11.150000    -7.544875 
11.200000    -8.179352 
11.250000    -1.243371 
11.299999    -1.067136 
11.349999    -4.861440 
11.399999    2.057995 
11.450000    1.072096 
11.500000    -0.957180 
11.550000    0.438798 
11.600000    2.199747 
11.650000    4.081496 
11.700000    -6.658404 
11.750000    1.035038 
11.800000    -2.610772 
11.849999    -1.147544 
11.899999    5.678797 
11.949999    -2.562002 
12.000000    0.062458 
12.050000    0.477780 
12.100000    -3.154792 
12.150000    -1.573492 
12.200000    -2.264171 
12.250000    -1.301049 
12.300000    1.187127 
12.350000    3.137119 
12.399999    3.399575 
12.449999    -0.448783 
12.499999    1.563628 
12.550000    2.534238 
12.600000    -3.630474 
12.650000    -1.229001 
12.700000    2.457202 
12.750000    0.408107 
12.800000    2.432748 
12.850000    -3.936675 
12.900000    -6.595797 
12.949999    -2.313611 
12.999999    1.080971 
13.049999    4.137545 
13.100000    1.815317 
13.150000    -0.919897 
13.200000    10.117234 
13.250000    -0.831787 
13.300000    -3.315850 
13.350000    -4.756941 
13.400000    4.984499 
13.450000    2.956979 
13.499999    -0.457619 
13.549999    -0.582149 
13.599999    2.643668 
13.650000    5.264080 
13.700000    2.158219 
13.750000    2.471337 
13.800000    -0.161379 
13.850000    -0.087074 
13.900000    3.620610 
13.950000    -2.476698 
14.000000    8.631769 
14.049999    -4.092212 
14.099999    5.731848 
14.149999    -2.439976 
14.200000    1.851974 
14.250000    -4.348454 
14.300000    -3.615288 
14.350000    -1.083373 
14.400000    1.799813 
14.450000    -3.342954 
14.500000    -6.816966 
14.549999    3.343235 
14.599999    -1.319661 
14.649999    6.260020 
14.699999    0.681516 
14.750000    2.235559 
14.800000    -3.261011 
14.850000    2.844379 
14.900000    -1.406061 
14.950000    -0.111815 
15.000000    4.476798 
15.050000    1.828153 
15.099999    2.201013 
15.149999    7.394048 
15.199999    -5.272066 
15.249999    3.615819 
15.299999    7.043348 
15.350000    -0.803809 
15.400000    13.377049 
15.450000    -1.487002 
15.500000    -5.445612 
15.550000    -1.172903 
15.600000    1.712658 
15.650000    4.625868 
15.699999    2.036236 
15.750000    -1.623782 
15.799999    -8.444249 
15.850000    -2.276956 
15.899999    2.590505 
15.950000    -0.714846 
15.999999    -2.866570 
16.050000    5.718350 
16.099999    -5.300425 
16.150000    -6.732780 
16.200000    -0.723848 
16.249999    3.681134 
16.300000    7.217044 
16.349999    -3.625215 
16.400000    -0.936999 
16.449999    2.581236 
16.500000    -0.957126 
16.549999    -1.274449 
16.600000    2.695111 
16.649999    -2.014354 
16.700000    1.803789 
16.750000    -0.982510 
16.799999    -4.472716 
16.850000    0.192775 
16.899999    -5.618299 
16.950000    0.327110 
16.999999    2.343402 
17.050000    2.250233 
17.099999    2.254963 
17.150000    4.737325 
17.199999    -2.731377 
17.250000    6.204982 
17.300000    7.497597 
17.349999    7.593475 
17.400000    7.032510 
17.449999    5.157184 
17.500000    -3.647268 
17.549999    -1.134246 
17.600000    -0.949533 
17.649999    -0.955882 
17.700000    1.936287 
17.749999    5.263227 
17.800000    -0.702478 
17.850000    1.791164 
17.899999    -2.540822 
17.950000    -0.177127 
17.999999    2.134852 
18.050000    -4.049479 
18.099999    -3.132279 
18.150000    -1.389308 
18.199999    0.912181 
18.250000    5.315185 
18.299999    -4.341839 
18.350000    -0.986805 
18.400000    2.046211 
18.449999    -0.801469 
18.500000    2.968498 
18.549999    8.279952 
18.600000    -1.849610 
18.649999    1.448218 
18.700000    5.113766 
18.749999    0.699671 
18.800000    1.027102 
18.849999    0.648109 
18.900000    8.194853 
18.950000    2.557220 
18.999999    5.827350 
19.050000    -0.475756 
19.099999    3.087478 
19.150000    4.674489 
19.199999    -1.737952 
19.250000    -0.421236 
19.299999    5.176272 
19.350000    -0.315006 
19.399999    1.962950 
19.450000    7.460912 
19.500000    6.799468 
19.549999    0.233030 
19.600000    2.262418 
19.649999    -2.483814 
19.700000    -1.804658 
19.749999    1.389813 
19.800000    0.004345 
19.849999    -4.492844 
19.900000    -0.285571 
19.949999    -1.437003 


Reverse Correlation Function   