Time    Magnitude 

0.000000    0.550201 
0.050000    1.671648 
0.100000    0.069662 
0.150000    0.752275 
0.200000    -1.307435 
0.250000    0.321615 
0.300000    -1.882469 
0.350000    0.898700 
0.400000    1.574670 
0.450000    2.829311 
0.500000    -0.104878 
0.550000    1.701320 
0.600000    0.995665 
0.650000    1.485143 
0.700000    1.664318 
0.750000    2.831692 
0.800000    -0.534601 
0.850000    1.204023 
0.900000    -0.644157 
0.950000    0.936511 
1.000000    -1.193406 
1.050000    0.639525 
1.100000    0.792603 
1.150000    1.433078 
1.200000    -0.768190 
1.250000    0.029120 
1.300000    -1.661353 
1.350000    0.117334 
1.400000    -0.782471 
1.450000    -0.605177 
1.500000    -2.255098 
1.550000    0.318991 
1.600000    0.288064 
1.650000    -0.043460 
1.700000    0.475037 
1.750000    0.433748 
1.800000    -3.027206 
1.850000    -1.344646 
1.900000    -0.412385 
1.950000    1.446486 
2.000000    -0.242507 
2.050000    0.363982 
2.100000    -0.201218 
2.150000    0.304612 
2.200000    0.264433 
2.250000    1.348485 
2.300000    -0.890729 
2.350000    0.259428 
2.400000    1.745460 
2.450000    -0.185095 
2.500000    0.726286 
2.550000    -0.233634 
2.600000    -1.693829 
2.650000    1.762411 
2.700000    0.268685 
2.750000    -0.448936 
2.800000    1.367070 
2.850000    1.337544 
2.900000    0.998346 
2.950000    3.223436 
3.000000    0.440848 
3.050000    -0.540575 
3.100000    2.053098 
3.150000    0.920271 
3.200000    3.160717 
3.250000    -0.290085 
3.300000    0.275168 
3.350000    0.817275 
3.400000    1.648067 
3.450000    0.486433 
3.500000    0.529595 
3.550000    0.343493 
3.600000    -0.258172 
3.650000    -1.723287 
3.700000    2.409011 
3.750000    -0.414873 
3.800000    -0.296004 
3.850000    -0.083629 
3.900000    -1.545337 
3.950000    1.038413 
4.000000    -0.701662 
4.050000    -2.456912 
4.100000    -2.994985 
4.150000    -1.846002 
4.200000    -1.664400 
4.250000    -5.572829 
4.300000    -1.941807 
4.350000    -2.475138 
4.400000    -4.559163 
4.450000    -3.789109 
4.500000    -2.318165 
4.550000    -4.182854 
4.600000    -1.965193 
4.650000    -2.137799 
4.700000    -2.234264 
4.750000    -1.537161 
4.800000    -0.718211 
4.850000    -0.838502 
4.900000    -1.011649 
4.950000    -0.026307 
5.000000    1.869386 
5.050000    3.429301 
5.100000    3.809672 
5.150000    4.940963 
5.200000    5.590706 
5.250000    7.119381 
5.300000    6.350117 
5.350000    6.713021 
5.400000    8.141253 
5.450000    6.012070 
5.500000    7.608409 
5.550000    6.159147 
5.600000    8.451738 
5.650000    4.365940 
5.700000    4.985167 
5.750000    5.291889 
5.800000    6.015029 
5.850000    2.435194 
5.900000    0.770512 
5.950000    0.796385 
6.000000    -0.520188 
6.050000    -0.769895 
6.100000    -3.736588 
6.150000    -3.942056 
6.200000    -5.545303 
6.250000    -5.920230 
6.300000    -5.218084 
6.350000    -6.473644 
6.400000    -6.723658 
6.450000    -9.796420 
6.500000    -8.371913 
6.550000    -7.487235 
6.600000    -9.615684 
6.650000    -7.696877 
6.700000    -8.925117 
6.750000    -6.234079 
6.800000    -6.377129 
6.850000    -4.744835 
6.900000    -4.405390 
6.950000    -2.886310 
7.000000    -0.865773 
7.050000    1.990825 
7.100000    1.771553 
7.150000    0.790686 
7.200000    3.992701 
7.250000    2.764024 
7.300000    2.507987 
7.350000    5.533825 
7.400000    5.122192 
7.450000    8.621547 
7.500000    9.126690 
7.550000    6.553271 
7.600000    9.686142 
7.650000    5.411452 
7.700000    8.726226 
7.750000    7.022745 
7.800000    4.810192 
7.850000    5.923354 
7.900000    2.384490 
7.950000    3.545439 
7.999999    2.996862 
8.049999    1.371237 
8.100000    1.940698 
8.150000    -0.332605 
8.200000    1.038101 
8.250000    0.628390 
8.300000    -0.737288 
8.350000    -2.582760 
8.400000    -1.128784 
8.450000    -2.478418 
8.500000    -4.182889 
8.549999    -3.899492 
8.599999    -3.082267 
8.650000    -4.144538 
8.700000    -3.931386 
8.750000    -3.783995 
8.800000    -4.947658 
8.850000    -2.655796 
8.900000    -3.088961 
8.950000    -3.087181 
9.000000    -1.713629 
9.050000    -3.278774 
9.099999    -3.143186 
9.149999    -2.657809 
9.200000    -2.823364 
9.250000    -1.068850 
9.300000    -0.553707 
9.350000    -0.924851 
9.400000    1.623971 
9.450000    -1.821324 
9.500000    1.204862 
9.550000    2.229011 
9.600000    1.831361 
9.649999    2.587378 
9.699999    0.328684 
9.750000    3.679636 
9.800000    3.750910 
9.850000    -0.506047 
9.900000    1.768365 
9.950000    1.966744 
10.000000    1.889811 
10.050000    1.860782 
10.100000    1.566924 
10.150000    1.226704 
10.199999    1.260748 
10.249999    0.920729 
10.300000    2.359126 
10.350000    0.432530 
10.400000    0.547077 
10.450000    0.886663 
10.500000    1.420123 
10.550000    1.310641 
10.600000    1.657675 
10.650000    -1.113553 
10.700000    -0.020345 
10.749999    1.451515 
10.799999    1.087044 
10.849999    -0.616408 
10.900000    0.405214 
10.950000    0.739531 
11.000000    -2.717502 
11.050000    -0.462624 
11.100000    -0.213798 
11.150000    -1.281997 
11.200000    0.276585 
11.250000    -0.518909 
11.299999    -0.380613 
11.349999    -1.405012 
11.399999    -1.326512 
11.450000    -0.396252 
11.500000    -1.577304 
11.550000    0.394021 
11.600000    -1.575993 
11.650000    -1.311320 
11.700000    -1.678266 
11.750000    1.469540 
11.800000    -0.179362 
11.849999    1.205482 
11.899999    0.312920 
11.949999    -0.475432 
12.000000    0.461655 
12.050000    -0.489542 
12.100000    0.342086 
12.150000    -0.805308 
12.200000    -0.751408 
12.250000    -0.245979 
12.300000    1.133098 
12.350000    1.031748 
12.399999    -1.478724 
12.449999    -1.584216 
12.499999    -1.342582 
12.550000    1.851760 
12.600000    0.135821 
12.650000    -0.789633 
12.700000    -0.680028 
12.750000    0.179567 
12.800000    -1.195770 
12.850000    0.706380 
12.900000    0.191424 
12.949999    0.535209 
12.999999    1.199358 
13.049999    -0.531041 
13.100000    0.091577 
13.150000    -0.752006 
13.200000    -0.755972 
13.250000    0.371079 
13.300000    -0.631614 
13.350000    -0.020079 
13.400000    1.371858 
13.450000    0.142921 
13.499999    -0.615273 
13.549999    -0.140054 
13.599999    0.643640 
13.650000    0.311622 
13.700000    -0.296064 
13.750000    1.540556 
13.800000    -0.854529 
13.850000    0.312109 
13.900000    -0.245633 
13.950000    -1.058229 
14.000000    0.562899 
14.049999    1.256561 
14.099999    -0.354284 
14.149999    -0.473989 
14.200000    0.423229 
14.250000    -0.515138 
14.300000    -0.562020 
14.350000    -1.946500 
14.400000    0.640161 
14.450000    0.935730 
14.500000    0.808198 
14.549999    -0.312839 
14.599999    -1.117594 
14.649999    -0.312990 
14.699999    0.046285 
14.750000    -0.061065 
14.800000    1.305175 
14.850000    0.352572 
14.900000    1.894506 
14.950000    -2.008362 
15.000000    0.066436 
15.050000    0.460345 
15.099999    0.430184 
15.149999    0.132025 
15.199999    -2.313251 
15.249999    0.865711 
15.299999    0.016779 
15.350000    -0.711709 
15.400000    -1.048962 
15.450000    0.624982 
15.500000    -1.425968 
15.550000    -0.527129 
15.600000    1.051124 
15.650000    0.245821 
15.699999    -2.047051 
15.750000    0.007663 
15.799999    -0.772682 
15.850000    -0.777671 
15.899999    0.769145 
15.950000    0.283658 
15.999999    -1.059798 
16.050000    1.785595 
16.099999    -0.430562 
16.150000    -1.174905 
16.200000    0.756924 
16.249999    -1.443101 
16.300000    -1.401073 
16.349999    -0.491342 
16.400000    0.471205 
16.449999    -1.060428 
16.500000    0.230938 
16.549999    1.104031 
16.600000    -0.844448 
16.649999    0.785738 
16.700000    -0.656229 
16.750000    -0.075691 
16.799999    -1.512549 
16.850000    1.677916 
16.899999    -0.385847 
16.950000    0.284376 
16.999999    -0.391819 
17.050000    -1.583887 
17.099999    -1.259318 
17.150000    -1.273375 
17.199999    -0.469305 
17.250000    0.774926 
17.300000    -0.309847 
17.349999    -1.395468 
17.400000    -2.602639 
17.449999    -1.009723 
17.500000    -0.988822 
17.549999    -0.299878 
17.600000    -2.506710 
17.649999    -1.097626 
17.700000    0.110678 
17.749999    -1.168446 
17.800000    1.234422 
17.850000    0.296282 
17.899999    1.654093 
17.950000    0.095498 
17.999999    2.135834 
18.050000    -0.157211 
18.099999    0.344852 
18.150000    0.838273 
18.199999    -2.711131 
18.250000    1.465763 
18.299999    0.599766 
18.350000    1.033756 
18.400000    -0.926862 
18.449999    1.913242 
18.500000    0.054188 
18.549999    -0.496527 
18.600000    -0.361153 
18.649999    -0.130283 
18.700000    0.299508 
18.749999    -0.388411 
18.800000    -2.657203 
18.849999    -1.464281 
18.900000    0.132013 
18.950000    0.021556 
18.999999    2.806893 
19.050000    0.907551 
19.099999    -0.487768 
19.150000    -0.684673 
19.199999    0.284443 
19.250000    1.046935 
19.299999    -0.992632 
19.350000    -0.737840 
19.399999    -0.134980 
19.450000    -1.007454 
19.500000    -1.151399 
19.549999    -1.374862 
19.600000    -1.528642 
19.649999    -1.993127 
19.700000    0.516438 
19.749999    0.224767 
19.800000    -1.017304 
19.849999    -1.085140 
19.900000    -1.189204 
19.949999    -0.356623 


Reverse Correlation Function   