Time    Magnitude 

0.000000    2.259170 
0.050000    1.184872 
0.100000    1.771254 
0.150000    1.502405 
0.200000    -0.255381 
0.250000    1.584603 
0.300000    2.281567 
0.350000    1.264389 
0.400000    -2.057941 
0.450000    -1.208013 
0.500000    -1.032056 
0.550000    -2.039577 
0.600000    0.286088 
0.650000    -0.230171 
0.700000    0.824184 
0.750000    1.021368 
0.800000    1.143054 
0.850000    1.430582 
0.900000    -0.368052 
0.950000    1.464840 
1.000000    -0.027961 
1.050000    -1.183851 
1.100000    0.400061 
1.150000    0.071801 
1.200000    1.305570 
1.250000    0.670711 
1.300000    2.314304 
1.350000    0.869241 
1.400000    2.580649 
1.450000    1.757584 
1.500000    0.085903 
1.550000    -1.128384 
1.600000    -1.299289 
1.650000    -2.325307 
1.700000    -2.727233 
1.750000    -0.773392 
1.800000    -1.196098 
1.850000    -0.030004 
1.900000    0.276242 
1.950000    0.798898 
2.000000    -0.686061 
2.050000    -0.727986 
2.100000    -0.854991 
2.150000    -0.515228 
2.200000    -0.078207 
2.250000    0.637663 
2.300000    0.109596 
2.350000    1.901167 
2.400000    -0.254443 
2.450000    -0.518250 
2.500000    1.262525 
2.550000    2.519595 
2.600000    -0.938697 
2.650000    0.979608 
2.700000    -0.186941 
2.750000    -0.938560 
2.800000    -1.425892 
2.850000    -0.713224 
2.900000    -2.422771 
2.950000    -2.650250 
3.000000    -4.127240 
3.050000    -2.917752 
3.100000    -3.942193 
3.150000    -4.667467 
3.200000    -2.375179 
3.250000    -3.050807 
3.300000    0.230224 
3.350000    1.100574 
3.400000    3.071863 
3.450000    3.995213 
3.500000    6.746850 
3.550000    7.192670 
3.600000    10.926222 
3.650000    9.089299 
3.700000    8.448902 
3.750000    8.119837 
3.800000    7.026250 
3.850000    4.826591 
3.900000    0.704493 
3.950000    -1.525262 
4.000000    -2.424050 
4.050000    -6.268764 
4.100000    -8.853684 
4.150000    -9.639180 
4.200000    -11.356420 
4.250000    -13.507380 
4.300000    -11.231937 
4.350000    -13.687134 
4.400000    -8.076740 
4.450000    -3.903816 
4.500000    -1.849167 
4.550000    2.067089 
4.600000    3.288651 
4.650000    7.822591 
4.700000    9.920527 
4.750000    12.630706 
4.800000    13.335822 
4.850000    12.579016 
4.900000    12.207866 
4.950000    8.838928 
5.000000    7.092399 
5.050000    6.352257 
5.100000    1.058985 
5.150000    0.162866 
5.200000    -4.407661 
5.250000    -5.730861 
5.300000    -7.087422 
5.350000    -7.715519 
5.400000    -9.286078 
5.450000    -10.594241 
5.500000    -8.486482 
5.550000    -8.359577 
5.600000    -4.320480 
5.650000    -1.623865 
5.700000    1.188729 
5.750000    3.624264 
5.800000    5.977826 
5.850000    7.120941 
5.900000    7.899477 
5.950000    6.772162 
6.000000    7.195138 
6.050000    4.893692 
6.100000    3.760820 
6.150000    1.796763 
6.200000    -0.549386 
6.250000    0.616854 
6.300000    -2.689037 
6.350000    -2.548581 
6.400000    -4.861920 
6.450000    -4.848653 
6.500000    -6.927495 
6.550000    -3.724726 
6.600000    -4.395929 
6.650000    -1.732116 
6.700000    -1.123727 
6.750000    -0.066530 
6.800000    3.340548 
6.850000    2.505044 
6.900000    3.639702 
6.950000    3.698471 
7.000000    2.828786 
7.050000    3.564116 
7.100000    1.408382 
7.150000    3.074857 
7.200000    1.970213 
7.250000    0.053665 
7.300000    1.620702 
7.350000    -1.951646 
7.400000    -0.743964 
7.450000    -1.739630 
7.500000    -2.356303 
7.550000    -1.845592 
7.600000    -2.203182 
7.650000    -1.964025 
7.700000    -1.760767 
7.750000    -0.712099 
7.800000    0.669077 
7.850000    2.259243 
7.900000    1.647794 
7.950000    0.781066 
8.000000    2.249403 
8.050000    1.882215 
8.100000    -0.043585 
8.150000    -1.149879 
8.200000    0.298095 
8.250000    1.640998 
8.300000    -0.752055 
8.350000    0.677363 
8.400000    -0.061908 
8.450000    -0.872994 
8.500000    1.340260 
8.550000    -1.883189 
8.600000    -0.770072 
8.650000    0.264977 
8.700000    -0.806668 
8.750000    1.295937 
8.800000    0.062696 
8.850000    1.223948 
8.900000    0.973265 
8.950000    0.367171 
9.000000    -0.506144 
9.050000    0.290684 
9.100000    0.264618 
9.150000    -1.478046 
9.200000    -0.986740 
9.250000    -3.560104 
9.300000    -0.981703 
9.350000    -0.630041 
9.400000    2.088447 
9.450000    0.809861 
9.500000    0.026095 
9.550000    -0.263637 
9.600000    0.845022 
9.650000    1.036442 
9.700000    2.128685 
9.750000    0.258500 
9.800000    0.387648 
9.850000    0.836489 
9.900000    -1.503528 
9.950000    1.548099 
10.000000    -0.681685 
10.050000    1.585513 
10.100000    1.330021 
10.150000    0.598254 
10.200000    -2.017272 
10.250000    -2.155469 
10.300000    -2.738072 
10.350000    -2.546116 
10.400000    -1.818859 
10.450000    -0.333429 
10.500000    -0.489344 
10.550000    2.597297 
10.600000    -0.192667 
10.650000    0.506768 
10.700000    -0.329373 
10.750000    0.820544 
10.800000    0.813977 
10.850000    2.578258 
10.900000    1.925327 
10.950000    0.882080 
11.000000    0.330650 
11.050000    -0.472609 
11.100000    2.040340 
11.150000    1.147209 
11.200000    0.512345 
11.250000    1.037631 
11.300000    0.967120 
11.350000    0.430826 
11.400000    -1.428051 
11.450000    -0.177072 
11.500000    -0.249544 
11.550000    0.729718 
11.600000    -0.373202 
11.650000    -0.654606 
11.700000    -0.587207 
11.750000    -0.394584 
11.800000    -2.465825 
11.850000    -0.333138 
11.900000    -0.822470 
11.950000    0.114376 
12.000000    1.380456 
12.050000    0.648693 
12.100000    0.605077 
12.150000    -0.179635 
12.200000    1.303537 
12.250000    1.510765 
12.300000    0.355214 
12.350000    -1.038221 
12.400000    -0.275249 
12.450000    0.017334 
12.500000    0.859447 
12.550000    3.282761 
12.600000    0.860141 
12.650000    -0.131808 
12.700000    2.550968 
12.750000    0.674372 
12.800000    1.322642 
12.850000    -0.056520 
12.900000    -0.968631 
12.950000    -0.001946 
13.000000    1.673089 
13.050000    0.816991 
13.100000    0.024077 
13.150000    0.478077 
13.200000    -0.778722 
13.250000    2.459573 
13.300000    -0.264236 
13.350000    -0.191490 
13.400000    -1.483620 
13.450000    1.325985 
13.500000    0.454030 
13.550000    0.524399 
13.600000    3.317607 
13.650000    1.462356 
13.700000    0.726656 
13.750000    1.107826 
13.800000    1.497643 
13.850000    -2.210138 
13.900000    -0.289797 
13.950000    1.043890 
14.000000    -2.426655 
14.050000    -1.280516 
14.100000    -0.353139 
14.150000    1.375142 
14.200000    -0.950538 
14.250000    -0.033899 
14.300000    -0.776952 
14.350000    -0.209869 
14.400000    0.556708 
14.450000    0.898495 
14.500000    -0.423666 
14.550000    -0.635231 
14.600000    2.705977 
14.650000    1.055035 
14.700000    1.688673 
14.750000    0.672393 
14.800000    -0.747945 
14.850000    -0.192746 
14.900000    0.607770 
14.950000    -0.381102 
15.000000    -0.406991 
15.050000    1.739235 
15.100000    -0.223508 
15.150000    0.047326 
15.200000    0.121899 
15.250000    0.805095 
15.300000    -0.695494 
15.350000    -1.447422 
15.400000    -1.528520 
15.450000    -1.186805 
15.500000    -0.766247 
15.550000    0.185649 
15.600000    1.402924 
15.650000    -1.568657 
15.700000    -3.217911 
15.750000    -1.924451 
15.800000    1.595197 
15.850000    0.981989 
15.900000    -0.994308 
15.950000    -1.215329 
16.000000    0.390920 
16.050000    2.625144 
16.100000    -0.164357 
16.150000    -0.061170 
16.200000    0.057517 
16.250000    2.141455 
16.300000    0.585237 
16.350000    -0.060777 
16.400000    0.722225 
16.450000    -0.687850 
16.500000    -2.146554 
16.550000    -2.337684 
16.600000    -1.161012 
16.650000    0.520370 
16.700000    1.163634 
16.750000    0.539822 
16.800000    -0.757415 
16.850000    -0.535910 
16.900000    -0.543818 
16.950000    0.706773 
17.000000    -1.650443 
17.050000    -0.422224 
17.100000    1.400762 
17.150000    0.251114 
17.200000    -0.254364 
17.250000    -0.435560 
17.300000    -0.891305 
17.350000    1.014359 
17.400000    0.209599 
17.450000    0.897829 
17.500000    1.113256 
17.550000    -1.095456 
17.600000    0.307008 
17.650000    0.084173 
17.700000    0.203556 
17.750000    1.554208 
17.800000    -0.606542 
17.850000    -0.065800 
17.900000    0.047691 
17.950000    -0.641054 
18.000000    -0.589563 
18.050000    -1.011458 
18.100000    -0.133063 
18.150000    -2.078500 
18.200000    -1.345861 
18.250000    -0.864127 
18.300000    0.438475 
18.350000    -1.457915 
18.400000    -2.811854 
18.450000    0.113963 
18.500000    0.848216 
18.550000    1.585737 
18.600000    0.788744 
18.650000    1.365800 
18.700000    0.049720 
18.750000    0.373100 
18.800000    1.204991 
18.850000    3.113490 
18.900000    1.037093 
18.950000    2.600497 
19.000000    0.705509 
19.050000    -0.034060 
19.100000    1.809602 
19.150000    -0.917472 
19.200000    1.314355 
19.250000    -0.688263 
19.300000    1.001219 
19.350000    -0.097548 
19.400000    -1.059428 
19.450000    0.201153 
19.500000    -2.281302 
19.550000    -0.339491 
19.600000    0.826962 
19.650000    0.446370 
19.700000    0.268276 
19.750000    0.902453 
19.799999    1.476703 
19.849999    -0.732693 
19.899999    2.362477 
19.949999    -0.290875 


Reverse Correlation Function   