Time    Magnitude 

0.000000    -0.085169 
0.050000    0.088928 
0.100000    0.058897 
0.150000    0.029435 
0.200000    0.118392 
0.250000    -0.017981 
0.300000    -0.029248 
0.350000    -0.055630 
0.400000    -0.020185 
0.450000    0.058554 
0.500000    -0.241823 
0.550000    0.026665 
0.600000    0.008730 
0.650000    0.038383 
0.700000    -0.073614 
0.750000    0.006049 
0.800000    -0.031668 
0.850000    0.005468 
0.900000    -0.030790 
0.950000    0.216073 
1.000000    -0.017943 
1.050000    -0.052468 
1.100000    0.114258 
1.150000    -0.032341 
1.200000    -0.054297 
1.250000    -0.007342 
1.300000    0.050255 
1.350000    -0.024863 
1.400000    -0.011438 
1.450000    -0.019694 
1.500000    -0.033413 
1.550000    -0.052764 
1.600000    0.032870 
1.650000    0.145165 
1.700000    -0.132213 
1.750000    -0.031903 
1.800000    0.048642 
1.850000    0.075569 
1.900000    -0.065316 
1.950000    -0.136010 
2.000000    -0.018171 
2.050000    0.006570 
2.100000    -0.044808 
2.150000    -0.001662 
2.200000    0.036673 
2.250000    0.049535 
2.300000    -0.017358 
2.350000    0.056482 
2.400000    -0.045751 
2.450000    0.226197 
2.500000    0.047927 
2.550000    0.036773 
2.600000    -0.153723 
2.650000    -0.013606 
2.700000    0.060488 
2.750000    -0.056231 
2.800000    0.059440 
2.850000    -0.136297 
2.900000    0.025627 
2.950000    -0.156439 
3.000000    0.165655 
3.050000    0.021061 
3.100000    -0.300346 
3.150000    -0.050580 
3.200000    0.052647 
3.250000    0.016550 
3.300000    -0.143996 
3.350000    -0.078558 
3.400000    -0.269471 
3.450000    0.040468 
3.500000    0.244996 
3.550000    -0.164320 
3.600000    0.130219 
3.650000    0.213444 
3.700000    0.004010 
3.750000    -0.111704 
3.800000    0.002535 
3.850000    0.105741 
3.900000    -0.002036 
3.950000    -0.030486 
4.000000    -0.220214 
4.050000    -0.037249 
4.100000    -0.105757 
4.150000    -0.238245 
4.200000    -0.206068 
4.250000    -0.033305 
4.300000    -0.203868 
4.350000    -0.092965 
4.400000    -0.018879 
4.450000    -0.189683 
4.500000    0.151941 
4.550000    -0.055396 
4.600000    0.058029 
4.650000    0.176617 
4.700000    0.188156 
4.750000    0.028621 
4.800000    0.241407 
4.850000    0.375732 
4.900000    0.325469 
4.950000    0.342584 
5.000000    0.256264 
5.050000    0.382129 
5.100000    0.428700 
5.150000    0.387980 
5.200000    0.192024 
5.250000    0.290608 
5.300000    0.244546 
5.350000    0.245736 
5.400000    0.148538 
5.450000    0.149909 
5.500000    -0.038457 
5.550000    -0.021950 
5.600000    -0.091339 
5.650000    -0.287009 
5.700000    -0.325237 
5.750000    -0.224605 
5.800000    -0.511077 
5.850000    -0.501021 
5.900000    -0.457520 
5.950000    -0.511403 
6.000000    -0.555102 
6.050000    -0.680183 
6.100000    -0.698068 
6.150000    -0.501690 
6.200000    -0.672729 
6.250000    -0.554957 
6.300000    -0.445632 
6.350000    -0.309882 
6.400000    -0.223760 
6.450000    0.059937 
6.500000    0.140201 
6.550000    0.186841 
6.600000    0.266397 
6.650000    0.312535 
6.700000    0.578074 
6.750000    0.529171 
6.800000    0.643362 
6.850000    0.788732 
6.900000    0.678267 
6.950000    0.658323 
7.000000    0.705848 
7.050000    0.861292 
7.100000    0.961894 
7.150000    0.743115 
7.200000    0.654377 
7.250000    0.622489 
7.300000    0.324254 
7.350000    0.409660 
7.400000    0.279823 
7.450000    0.138585 
7.500000    -0.031199 
7.550000    -0.064893 
7.600000    -0.340238 
7.650000    -0.482889 
7.700000    -0.479041 
7.750000    -0.599728 
7.800000    -0.847409 
7.850000    -0.698938 
7.900000    -0.947134 
7.950000    -1.022816 
8.000000    -0.989784 
8.050000    -0.794872 
8.100000    -0.636214 
8.150000    -0.340615 
8.200000    -0.633749 
8.250000    -0.578930 
8.300000    -0.297422 
8.350000    -0.206968 
8.400000    -0.006740 
8.450000    0.300678 
8.500000    0.140437 
8.550000    0.340116 
8.600000    0.490981 
8.650000    0.450633 
8.700000    0.772738 
8.750000    0.780393 
8.800000    0.623562 
8.850000    0.734690 
8.900000    0.741295 
8.950000    0.593212 
9.000000    0.954207 
9.050000    0.596392 
9.100000    0.429078 
9.150000    0.455381 
9.200000    0.472583 
9.250000    0.249718 
9.300000    0.108651 
9.350000    0.033214 
9.400000    -0.069956 
9.450000    -0.277051 
9.500000    -0.251734 
9.550000    -0.293478 
9.600000    -0.537836 
9.650000    -0.471065 
9.700000    -0.583768 
9.750000    -0.721431 
9.800000    -0.442126 
9.850000    -0.561172 
9.900000    -0.462836 
9.950000    -0.498168 
10.000000    -0.496755 
10.050000    -0.262961 
10.100000    -0.209279 
10.150000    -0.312756 
10.200000    -0.022199 
10.250000    0.180856 
10.300000    0.133714 
10.350000    0.221174 
10.400000    0.407044 
10.450000    0.298256 
10.500000    0.317479 
10.550000    0.519485 
10.600000    0.493825 
10.650000    0.393833 
10.700000    0.339125 
10.750000    0.138785 
10.800000    0.456013 
10.850000    0.239896 
10.900000    0.379121 
10.950000    0.360755 
11.000000    0.338091 
11.050000    0.091458 
11.100000    0.004636 
11.150000    -0.100299 
11.200000    -0.249496 
11.250000    -0.277568 
11.300000    -0.136333 
11.350000    -0.272961 
11.400000    -0.051800 
11.450000    -0.246919 
11.500000    -0.244607 
11.550000    -0.140885 
11.600000    -0.268111 
11.650000    -0.343834 
11.700000    -0.149288 
11.750000    -0.140093 
11.800000    -0.192764 
11.850000    -0.217781 
11.900000    -0.053066 
11.950000    -0.008204 
12.000000    0.048621 
12.050000    0.178314 
12.100000    0.249130 
12.150000    0.113557 
12.200000    0.016973 
12.250000    0.087895 
12.300000    -0.023092 
12.350000    0.045231 
12.400000    0.178219 
12.450000    -0.161793 
12.500000    0.171619 
12.550000    0.029771 
12.600000    0.084660 
12.650000    -0.071519 
12.700000    -0.121043 
12.750000    -0.071750 
12.800000    -0.244814 
12.850000    -0.164346 
12.900000    -0.024612 
12.950000    -0.064379 
13.000000    -0.070084 
13.050000    -0.105406 
13.100000    -0.175633 
13.150000    0.016690 
13.200000    -0.045220 
13.250000    -0.063315 
13.300000    -0.062743 
13.350000    0.089173 
13.400000    0.002594 
13.450000    0.050201 
13.500000    0.055689 
13.550000    0.081076 
13.600000    0.232578 
13.650000    0.108387 
13.700000    0.042476 
13.750000    0.136330 
13.800000    0.171100 
13.850000    0.245048 
13.900000    -0.095660 
13.950000    0.183033 
14.000000    -0.040389 
14.050000    0.052217 
14.100000    -0.191498 
14.150000    0.020535 
14.200000    0.027476 
14.250000    0.117953 
14.300000    -0.103626 
14.350000    -0.234048 
14.400000    -0.245097 
14.450000    -0.031156 
14.500000    -0.247310 
14.550000    0.019858 
14.600000    -0.085654 
14.650000    -0.032090 
14.700000    -0.033432 
14.750000    -0.096842 
14.800000    -0.030320 
14.850000    -0.075563 
14.900000    0.032637 
14.950000    0.038160 
15.000000    0.102378 
15.050000    0.108236 
15.100000    0.002002 
15.150000    0.029185 
15.200000    0.243272 
15.250000    -0.052125 
15.300000    0.035433 
15.350000    0.116550 
15.400000    0.113736 
15.450000    0.044976 
15.500000    0.138401 
15.550000    0.164481 
15.600000    0.029434 
15.650000    -0.178200 
15.700000    -0.077594 
15.750000    -0.052193 
15.800000    -0.038267 
15.850000    -0.148269 
15.900000    -0.229183 
15.950000    -0.120152 
16.000000    -0.258492 
16.050000    -0.101600 
16.100000    -0.202493 
16.150000    -0.032666 
16.200000    -0.140715 
16.250000    -0.111064 
16.300000    0.049301 
16.350000    -0.025736 
16.400000    -0.006606 
16.450000    0.117292 
16.500000    0.124046 
16.550000    0.060972 
16.600000    0.119418 
16.650000    0.069331 
16.700000    0.083166 
16.750000    0.000980 
16.800000    0.030249 
16.850000    0.014048 
16.900000    0.099637 
16.950000    0.123732 
17.000000    0.017473 
17.050000    0.236043 
17.100000    -0.068384 
17.150000    -0.119523 
17.200000    0.020331 
17.250000    -0.107400 
17.300000    0.146652 
17.350000    -0.052918 
17.400000    0.068307 
17.450000    0.112567 
17.500000    -0.085409 
17.550000    -0.065143 
17.600000    0.000305 
17.650000    -0.058147 
17.700000    -0.028876 
17.750000    -0.369849 
17.800000    0.080832 
17.850000    -0.194253 
17.900000    -0.043895 
17.950000    -0.217785 
18.000000    -0.191559 
18.050000    -0.127217 
18.100000    -0.090083 
18.150000    -0.073661 
18.200000    -0.021814 
18.250000    0.202863 
18.300000    0.046742 
18.350000    0.001050 
18.400000    -0.067267 
18.450000    0.159169 
18.500000    0.030745 
18.550000    0.013298 
18.600000    0.004510 
18.650000    -0.116631 
18.700000    -0.070838 
18.750000    0.104320 
18.800000    0.122524 
18.850000    -0.039207 
18.900000    -0.107369 
18.950000    0.048537 
19.000000    0.147274 
19.050000    -0.026407 
19.100000    0.083227 
19.150000    -0.006461 
19.200000    -0.308231 
19.250000    -0.070207 
19.300000    -0.070614 
19.350000    -0.101408 
19.400000    0.075147 
19.450000    -0.113142 
19.500000    0.131674 
19.550000    0.018736 
19.600000    -0.068141 
19.650000    0.049428 
19.700000    -0.079176 
19.750000    -0.182090 
19.799999    0.018601 
19.849999    -0.060132 
19.899999    -0.063859 
19.949999    -0.118304 


Reverse Correlation Function   