Time    Magnitude 

0.000000    -0.455322 
0.050000    0.739522 
0.100000    -1.208885 
0.150000    -0.070898 
0.200000    0.935792 
0.250000    -0.376522 
0.300000    0.673677 
0.350000    -0.454345 
0.400000    0.765147 
0.450000    0.164227 
0.500000    -0.823922 
0.550000    -1.188280 
0.600000    0.161544 
0.650000    0.116322 
0.700000    -0.372794 
0.750000    -0.057757 
0.800000    -0.039613 
0.850000    -0.486679 
0.900000    -0.550378 
0.950000    0.427395 
1.000000    0.772354 
1.050000    1.278554 
1.100000    1.899686 
1.150000    0.873172 
1.200000    1.073467 
1.250000    -0.505374 
1.300000    0.583789 
1.350000    0.405068 
1.400000    1.178048 
1.450000    -0.520219 
1.500000    0.917078 
1.550000    0.423081 
1.600000    0.975096 
1.650000    0.228703 
1.700000    -1.064614 
1.750000    1.308277 
1.800000    -0.744292 
1.850000    0.311973 
1.900000    -0.775076 
1.950000    0.179573 
2.000000    0.058903 
2.050000    0.922227 
2.100000    0.963605 
2.150000    -1.032416 
2.200000    -1.119184 
2.250000    -2.017473 
2.300000    -0.301755 
2.350000    -1.088106 
2.400000    -0.435967 
2.450000    -0.391966 
2.500000    -0.249314 
2.550000    2.906822 
2.600000    3.312095 
2.650000    4.026284 
2.700000    2.038534 
2.750000    0.045856 
2.800000    -4.015122 
2.850000    -5.168112 
2.900000    -5.640653 
2.950000    -5.643369 
3.000000    -1.062531 
3.050000    2.008665 
3.100000    3.801624 
3.150000    7.313110 
3.200000    5.754133 
3.250000    2.371581 
3.300000    -0.576598 
3.350000    -5.954831 
3.400000    -7.144165 
3.450000    -6.199292 
3.500000    -2.627872 
3.550000    1.661709 
3.600000    6.551070 
3.650000    8.304245 
3.700000    5.877958 
3.750000    2.487041 
3.800000    -1.545729 
3.850000    -5.969678 
3.900000    -7.751120 
3.950000    -3.889087 
4.000000    -0.805831 
4.050000    2.323427 
4.100000    4.276782 
4.150000    6.501584 
4.200000    3.190641 
4.250000    0.672269 
4.300000    -2.647896 
4.350000    -4.267157 
4.400000    -4.394351 
4.450000    -2.628201 
4.500000    1.132050 
4.550000    3.434150 
4.600000    5.136829 
4.650000    4.005710 
4.700000    2.002073 
4.750000    0.380771 
4.800000    -4.097158 
4.850000    -2.408209 
4.900000    -3.867673 
4.950000    -0.445173 
5.000000    1.951149 
5.050000    5.347551 
5.100000    2.894582 
5.150000    0.536142 
5.200000    -0.455057 
5.250000    -1.368388 
5.300000    -3.237735 
5.350000    -2.740757 
5.400000    -1.323836 
5.450000    0.115203 
5.500000    1.018635 
5.550000    1.144538 
5.600000    1.156790 
5.650000    1.117960 
5.700000    -0.098813 
5.750000    -0.480210 
5.800000    -0.506236 
5.850000    -1.045158 
5.900000    0.804276 
5.950000    0.832037 
6.000000    -0.028779 
6.050000    1.492192 
6.100000    0.075728 
6.150000    1.101900 
6.200000    0.127999 
6.250000    -0.999510 
6.300000    1.133849 
6.350000    -0.459791 
6.400000    0.950331 
6.450000    -0.064046 
6.500000    0.753282 
6.550000    -0.856142 
6.600000    -0.854286 
6.650000    -1.245548 
6.700000    -0.644201 
6.750000    0.062995 
6.800000    -0.302290 
6.850000    0.962600 
6.900000    1.316015 
6.950000    -0.114254 
7.000000    1.095847 
7.050000    0.015772 
7.100000    -0.860347 
7.150000    0.223404 
7.200000    0.538408 
7.250000    -0.970433 
7.300000    -0.204765 
7.350000    -0.587187 
7.400000    -0.208281 
7.450000    0.689975 
7.500000    -0.147401 
7.550000    -0.258768 
7.600000    -1.679696 
7.650000    0.050074 
7.700000    -1.633748 
7.750000    0.188356 
7.800000    0.066675 
7.850000    0.877601 
7.900000    -0.156235 
7.950000    -0.162722 
8.000000    0.000120 
8.050000    -0.761426 
8.100000    0.003698 
8.150000    0.482906 
8.200000    -0.985052 
8.250000    -0.057266 
8.300000    0.813662 
8.350000    0.418414 
8.400000    0.036154 
8.450000    0.315301 
8.500000    0.428589 
8.550000    -1.013970 
8.600000    -1.050445 
8.650000    0.345848 
8.700000    -1.184272 
8.750000    -0.932498 
8.800000    0.327317 
8.850000    -0.040382 
8.900000    -0.618978 
8.950000    1.137298 
9.000000    1.587563 
9.050000    1.093785 
9.100000    0.025711 
9.150000    0.816800 
9.200000    1.570617 
9.250000    -1.214238 
9.300000    -1.003835 
9.350000    0.585242 
9.400000    0.085155 
9.450000    -0.200951 
9.500000    -0.643790 
9.550000    1.847603 
9.600000    0.109983 
9.650000    0.452945 
9.700000    0.689694 
9.750000    -0.904007 
9.800000    0.220992 
9.850000    -0.521692 
9.900000    -0.064990 
9.950000    -0.002380 
10.000000    0.571542 
10.050000    -0.080092 
10.100000    -1.297533 
10.150000    -0.310033 
10.200000    1.246412 
10.250000    0.105209 
10.300000    -0.258768 
10.350000    -0.647585 
10.400000    0.441816 
10.450000    -0.144125 
10.500000    -0.991379 
10.550000    -1.297768 
10.600000    -1.217998 
10.650000    0.310803 
10.700000    -0.026776 
10.750000    -0.594008 
10.800000    -0.101322 
10.850000    1.345648 
10.900000    0.253353 
10.950000    0.887580 
11.000000    -1.571614 
11.050000    -0.251749 
11.100000    -0.558664 
11.150000    -2.080319 
11.200000    -0.174722 
11.250000    1.097880 
11.300000    -0.075966 
11.350000    -1.006664 
11.400000    -0.786459 
11.450000    -1.029806 
11.500000    -0.102564 
11.550000    -1.562867 
11.600000    -1.305616 
11.650000    -0.394803 
11.700000    -1.064965 
11.750000    -0.186122 
11.800000    0.090511 
11.850000    -1.301330 
11.900000    0.706575 
11.950000    0.036890 
12.000000    1.150391 
12.050000    -0.389292 
12.100000    0.629734 
12.150000    -1.020120 
12.200000    0.194613 
12.250000    -0.658403 
12.300000    -0.405530 
12.350000    0.130863 
12.400000    -1.083385 
12.450000    -1.155181 
12.500000    -1.200350 
12.550000    -1.363055 
12.600000    -1.153477 
12.650000    0.172046 
12.700000    -1.263236 
12.750000    -0.517701 
12.800000    -0.421728 
12.850000    0.764821 
12.900000    -0.328210 
12.950000    -1.203575 
13.000000    -1.924894 
13.050000    -0.298893 
13.100000    -1.599144 
13.150000    -0.650281 
13.200000    0.071756 
13.250000    0.367438 
13.300000    0.061732 
13.350000    -1.049388 
13.400000    0.988377 
13.450000    0.651536 
13.500000    0.604709 
13.550000    -0.539328 
13.600000    -0.558935 
13.650000    0.244765 
13.700000    0.086443 
13.750000    0.376944 
13.800000    0.746999 
13.850000    1.079633 
13.900000    2.874084 
13.950000    0.981941 
14.000000    -0.072208 
14.050000    -0.175009 
14.100000    -2.097974 
14.150000    -0.674170 
14.200000    0.192525 
14.250000    0.845024 
14.300000    0.067639 
14.350000    0.748729 
14.400000    1.143043 
14.450000    0.395424 
14.500000    -1.481653 
14.550000    -0.982925 
14.600000    0.915149 
14.650000    -0.597983 
14.700000    0.382517 
14.750000    1.172608 
14.800000    0.409581 
14.850000    -0.204511 
14.900000    0.349265 
14.950000    -0.142742 
15.000000    0.367603 
15.050000    0.401560 
15.100000    0.448767 
15.150000    0.316126 
15.200000    -0.983101 
15.250000    1.053725 
15.300000    0.895253 
15.350000    0.549301 
15.400000    -0.446095 
15.450000    -1.072998 
15.500000    0.125525 
15.550000    -0.304968 
15.600000    -0.085229 
15.650000    0.396509 
15.700000    1.003136 
15.750000    1.350311 
15.800000    -0.597517 
15.850000    0.637931 
15.900000    -0.858842 
15.950000    -1.044423 
16.000000    -0.731766 
16.050000    -0.767963 
16.100000    -0.178312 
16.150000    1.043253 
16.200000    0.031248 
16.250000    -0.239281 
16.300000    -0.013664 
16.350000    0.571597 
16.400000    -0.775990 
16.450000    -1.061239 
16.500000    -0.017470 
16.550000    -0.069465 
16.600000    0.659096 
16.650000    1.261538 
16.700000    0.017270 
16.750000    -0.547391 
16.800000    -0.685258 
16.850000    -1.264647 
16.900000    0.180690 
16.950000    -0.748475 
17.000000    0.399641 
17.050000    -0.079666 
17.100000    0.377777 
17.150000    1.019491 
17.200000    0.624815 
17.250000    1.122179 
17.300000    -0.959377 
17.350000    -2.080197 
17.400000    -1.214860 
17.450000    0.069920 
17.500000    0.483681 
17.550000    -0.171157 
17.600000    0.353972 
17.650000    0.563104 
17.700000    0.966561 
17.750000    2.731332 
17.800000    0.496111 
17.850000    -1.851406 
17.900000    -0.556313 
17.950000    0.064599 
18.000000    -0.897919 
18.050000    -0.698526 
18.100000    -0.069230 
18.150000    -1.983012 
18.200000    1.269845 
18.250000    -1.340536 
18.300000    -0.204446 
18.350000    0.118081 
18.400000    -0.069620 
18.450000    -0.812622 
18.500000    0.807159 
18.550000    -0.876580 
18.600000    0.858422 
18.650000    0.330753 
18.700000    -0.692647 
18.750000    0.573034 
18.800000    -0.108388 
18.850000    -1.156396 
18.900000    0.595489 
18.950000    -0.933669 
19.000000    0.212052 
19.050000    -0.500392 
19.100000    -0.593261 
19.150000    1.154212 
19.200000    0.608294 
19.250000    0.461343 
19.300000    -0.947308 
19.350000    0.144282 
19.400000    -0.300770 
19.450000    0.481018 
19.500000    -0.391298 
19.550000    -0.061810 
19.600000    -1.399832 
19.650000    0.634742 
19.700000    -1.100617 
19.750000    0.479981 
19.799999    -0.759869 
19.849999    -1.644318 
19.899999    0.291079 
19.949999    -1.805416 


Reverse Correlation Function   