Time    Magnitude 

0.000000    12.023940 
0.050000    0.130142 
0.100000    -0.863259 
0.150000    7.121053 
0.200000    7.691689 
0.250000    10.782715 
0.300000    12.099658 
0.350000    -6.470967 
0.400000    8.942106 
0.450000    -6.002695 
0.500000    -0.753462 
0.550000    -0.407076 
0.600000    3.694628 
0.650000    15.780543 
0.700000    7.729154 
0.750000    2.818000 
0.800000    4.270773 
0.850000    -7.715399 
0.900000    9.583014 
0.950000    4.206447 
1.000000    8.063601 
1.050000    -2.779395 
1.100000    12.435649 
1.150000    15.105746 
1.200000    6.367232 
1.250000    8.911901 
1.300000    2.555611 
1.350000    13.550473 
1.400000    -0.409693 
1.450000    -1.724171 
1.500000    12.918848 
1.550000    -15.591104 
1.600000    5.811269 
1.650000    -1.954820 
1.700000    7.140672 
1.750000    -11.299616 
1.800000    7.304872 
1.850000    10.616153 
1.900000    0.943745 
1.950000    0.908470 
2.000000    -8.674589 
2.050000    -1.448031 
2.100000    6.342270 
2.150000    -0.418779 
2.200000    -3.543612 
2.250000    16.457891 
2.300000    -1.591105 
2.350000    -0.716037 
2.400000    -11.603070 
2.450000    8.940330 
2.500000    -12.040228 
2.550000    -8.029035 
2.600000    13.116294 
2.650000    22.382893 
2.700000    11.790006 
2.750000    16.835402 
2.800000    0.129438 
2.850000    17.130835 
2.900000    -1.023768 
2.950000    0.515037 
3.000000    -15.640615 
3.050000    3.579598 
3.100000    -13.449598 
3.150000    -19.118267 
3.200000    -33.683628 
3.250000    -23.832764 
3.300000    -9.059885 
3.350000    -16.263470 
3.400000    -10.525435 
3.450000    13.063421 
3.500000    16.953030 
3.550000    23.424805 
3.600000    37.584209 
3.650000    35.189583 
3.700000    45.232979 
3.750000    38.956299 
3.800000    30.949644 
3.850000    10.589082 
3.900000    8.383636 
3.950000    -15.756130 
4.000000    -30.461491 
4.050000    -45.286163 
4.100000    -54.990078 
4.150000    -47.397713 
4.200000    -51.948734 
4.250000    -54.954334 
4.300000    -39.768696 
4.350000    -29.431690 
4.400000    -10.460477 
4.450000    1.083171 
4.500000    11.674986 
4.550000    33.907364 
4.600000    39.750805 
4.650000    38.961578 
4.700000    34.658016 
4.750000    38.802139 
4.800000    40.961636 
4.850000    34.035339 
4.900000    26.101151 
4.950000    14.936381 
5.000000    8.835155 
5.050000    -6.707957 
5.100000    -19.927198 
5.150000    -22.720127 
5.200000    -18.849100 
5.250000    -11.911772 
5.300000    -21.532143 
5.350000    -14.199848 
5.400000    -13.170051 
5.450000    -15.268600 
5.500000    2.636530 
5.550000    9.429993 
5.600000    13.479310 
5.650000    18.136742 
5.700000    12.555676 
5.750000    19.327538 
5.800000    11.471109 
5.850000    4.992406 
5.900000    9.745395 
5.950000    1.441095 
6.000000    -5.009813 
6.050000    -0.067031 
6.100000    -2.017061 
6.150000    -7.712514 
6.200000    -6.173361 
6.250000    -15.775402 
6.300000    -4.057858 
6.350000    -16.643242 
6.400000    -9.066599 
6.450000    -5.725408 
6.500000    0.564389 
6.550000    3.515043 
6.600000    8.570700 
6.650000    -3.969433 
6.700000    3.622670 
6.750000    -1.662452 
6.800000    8.359874 
6.850000    -1.092411 
6.900000    1.523437 
6.950000    -7.020158 
7.000000    1.799438 
7.050000    -0.723592 
7.100000    2.125102 
7.150000    0.106959 
7.200000    5.887994 
7.250000    5.612020 
7.300000    3.637007 
7.350000    6.826037 
7.400000    -1.095090 
7.450000    1.477966 
7.500000    11.761219 
7.550000    4.131627 
7.600000    3.399747 
7.650000    -2.701093 
7.700000    9.342850 
7.750000    2.763761 
7.800000    -6.088282 
7.850000    -7.239983 
7.900000    -8.609536 
7.950000    0.121001 
8.000000    -25.640541 
8.050000    -5.214520 
8.100000    -3.580710 
8.150000    -7.947935 
8.200000    -5.882181 
8.250000    3.426406 
8.300000    0.262199 
8.350000    6.086008 
8.400000    7.445214 
8.450000    7.533640 
8.500000    7.992850 
8.550000    15.387211 
8.600000    -5.320278 
8.650000    -5.426300 
8.700000    -1.650991 
8.750000    -1.403152 
8.800000    0.195654 
8.850000    -1.304274 
8.900000    -9.279060 
8.950000    -3.211810 
9.000000    -7.169429 
9.050000    -2.030053 
9.100000    -8.097483 
9.150000    -1.979169 
9.200000    -9.245092 
9.250000    -5.645113 
9.300000    5.487219 
9.350000    -0.465622 
9.400000    3.171434 
9.450000    2.642761 
9.500000    7.538061 
9.550000    5.839563 
9.600000    10.461159 
9.650000    -2.518241 
9.700000    12.307282 
9.750000    0.107904 
9.800000    0.076559 
9.850000    1.919028 
9.900000    -0.937360 
9.950000    -4.782913 
10.000000    -11.958844 
10.050000    -3.593428 
10.100000    -1.642536 
10.150000    3.465141 
10.200000    -1.320503 
10.250000    -1.455922 
10.300000    -4.990304 
10.350000    7.307999 
10.400000    1.250142 
10.450000    2.675828 
10.500000    -2.605539 
10.550000    2.176421 
10.600000    -3.410005 
10.650000    -4.834160 
10.700000    -3.657689 
10.750000    -10.286792 
10.800000    4.272501 
10.850000    -0.203038 
10.900000    0.502839 
10.950000    2.841604 
11.000000    11.448033 
11.050000    3.334775 
11.100000    -3.738908 
11.150000    -1.604478 
11.200000    4.883919 
11.250000    -12.768029 
11.300000    9.238620 
11.350000    7.393024 
11.400000    1.932314 
11.450000    -1.475534 
11.500000    9.121559 
11.550000    -7.428711 
11.600000    5.281697 
11.650000    2.261653 
11.700000    -0.965161 
11.750000    -5.505330 
11.800000    10.830654 
11.850000    -2.661911 
11.900000    -7.369995 
11.950000    2.310144 
12.000000    6.808356 
12.050000    -6.643293 
12.100000    -1.242885 
12.150000    -9.721656 
12.200000    10.718451 
12.250000    -2.245430 
12.300000    -1.889395 
12.350000    2.395547 
12.400000    2.527925 
12.450000    1.089021 
12.500000    -1.709298 
12.550000    12.122387 
12.600000    9.772925 
12.650000    3.593754 
12.700000    -4.913090 
12.750000    -6.586402 
12.800000    9.755952 
12.850000    -3.454387 
12.900000    2.306758 
12.950000    2.062815 
13.000000    1.195713 
13.050000    -1.560503 
13.100000    0.421641 
13.150000    3.782840 
13.200000    -7.178131 
13.250000    4.832958 
13.300000    -1.707611 
13.350000    5.125311 
13.400000    2.778662 
13.450000    8.752408 
13.500000    3.094325 
13.550000    3.467514 
13.600000    9.838185 
13.650000    8.393593 
13.700000    3.632776 
13.750000    4.927526 
13.800000    2.702123 
13.850000    -1.588669 
13.900000    5.590548 
13.950000    -7.749477 
14.000000    7.028790 
14.050000    -5.857138 
14.100000    -9.035494 
14.150000    -10.808861 
14.200000    0.073475 
14.250000    -2.017467 
14.300000    -2.337776 
14.350000    -1.611901 
14.400000    -2.317782 
14.450000    3.770971 
14.500000    3.405804 
14.550000    -1.039487 
14.600000    -4.414620 
14.650000    7.163776 
14.700000    -0.612466 
14.750000    1.545895 
14.800000    14.488289 
14.850000    0.806317 
14.900000    7.053338 
14.950000    -5.945945 
15.000000    2.359856 
15.050000    6.659686 
15.100000    -8.813684 
15.150000    -8.381753 
15.200000    -4.006122 
15.250000    -12.494470 
15.300000    -5.741591 
15.350000    3.743708 
15.400000    1.108840 
15.450000    3.385309 
15.500000    -5.236270 
15.550000    6.548079 
15.600000    2.667916 
15.650000    -5.544078 
15.700000    1.114047 
15.750000    3.334841 
15.800000    -0.042318 
15.850000    8.070167 
15.900000    5.371405 
15.950000    5.833800 
16.000000    0.557543 
16.050000    7.720014 
16.100000    -8.200504 
16.150000    12.518841 
16.200000    -0.676738 
16.250000    -7.871817 
16.300000    7.329422 
16.350000    -4.223278 
16.400000    -28.695211 
16.450000    1.240726 
16.500000    -2.685917 
16.550000    1.215326 
16.600000    -5.618729 
16.650000    0.984309 
16.700000    -0.799992 
16.750000    -1.592886 
16.800000    8.309996 
16.850000    11.534664 
16.900000    -1.461991 
16.950000    -10.567651 
17.000000    -3.721284 
17.050000    -0.195678 
17.100000    2.773548 
17.150000    5.106072 
17.200000    -3.812551 
17.250000    -7.902653 
17.300000    12.193044 
17.350000    -2.210916 
17.400000    -5.872275 
17.450000    1.303294 
17.500000    2.740710 
17.550000    3.875951 
17.600000    9.533545 
17.650000    4.149505 
17.700000    4.389076 
17.750000    -2.739228 
17.800000    -6.597968 
17.850000    9.322388 
17.900000    -6.489383 
17.950000    9.080929 
18.000000    -7.339032 
18.050000    5.219715 
18.100000    3.909973 
18.150000    -6.975826 
18.200000    -1.657266 
18.250000    -5.509735 
18.300000    -9.412893 
18.350000    -4.540502 
18.400000    7.826467 
18.450000    2.039322 
18.500000    10.295322 
18.550000    3.557545 
18.600000    -1.710416 
18.650000    4.080832 
18.700000    2.622268 
18.750000    1.155249 
18.800000    5.218394 
18.850000    4.021951 
18.900000    7.138569 
18.950000    5.843845 
19.000000    -5.760768 
19.050000    -4.478900 
19.100000    10.544833 
19.150000    -10.352892 
19.200000    2.147394 
19.250000    -13.251656 
19.300000    -19.116438 
19.350000    -0.407535 
19.400000    -11.724280 
19.450000    -0.787514 
19.500000    1.769709 
19.550000    1.113449 
19.600000    -2.242088 
19.650000    -4.432763 
19.700000    8.254903 
19.750000    7.533175 
19.799999    -1.671372 
19.849999    -3.325617 
19.899999    1.923202 
19.949999    -10.533395 


Reverse Correlation Function   