Time    Magnitude 

0.000000    0.303489 
0.050000    0.824193 
0.100000    -0.315714 
0.150000    0.752613 
0.200000    0.541947 
0.250000    0.364489 
0.300000    0.295129 
0.350000    0.865227 
0.400000    -0.126361 
0.450000    -0.250676 
0.500000    -0.590531 
0.550000    0.099933 
0.600000    0.233481 
0.650000    0.305831 
0.700000    -0.256043 
0.750000    0.048785 
0.800000    -0.187896 
0.850000    -0.069650 
0.900000    -0.096845 
0.950000    -0.727315 
1.000000    0.732013 
1.050000    -0.092119 
1.100000    0.012842 
1.150000    0.639437 
1.200000    0.293333 
1.250000    1.074614 
1.300000    0.264201 
1.350000    0.894340 
1.400000    0.108712 
1.450000    0.436493 
1.500000    0.358441 
1.550000    -0.335323 
1.600000    0.065947 
1.650000    0.238770 
1.700000    -0.019760 
1.750000    0.132176 
1.800000    -0.153486 
1.850000    0.016219 
1.900000    -0.127037 
1.950000    -0.736558 
2.000000    0.149346 
2.050000    0.289940 
2.100000    -0.044807 
2.150000    0.587285 
2.200000    -0.357893 
2.250000    -0.014361 
2.300000    0.170086 
2.350000    0.312236 
2.400000    -0.390776 
2.450000    0.200290 
2.500000    0.374317 
2.550000    0.561421 
2.600000    0.991612 
2.650000    0.449324 
2.700000    0.339859 
2.750000    0.422920 
2.800000    0.310003 
2.850000    0.464841 
2.900000    0.821991 
2.950000    0.784818 
3.000000    0.198859 
3.050000    -0.177299 
3.100000    -0.041683 
3.150000    0.296335 
3.200000    0.192138 
3.250000    -0.271447 
3.300000    -0.116144 
3.350000    -0.368465 
3.400000    -0.502512 
3.450000    0.248889 
3.500000    -0.217396 
3.550000    -0.883522 
3.600000    -0.480925 
3.650000    -0.516210 
3.700000    -0.575460 
3.750000    -0.060622 
3.800000    -1.159369 
3.850000    -0.250818 
3.900000    -0.474136 
3.950000    -0.482289 
4.000000    -0.151829 
4.050000    1.040594 
4.100000    0.473596 
4.150000    0.595919 
4.200000    0.788480 
4.250000    0.884820 
4.300000    1.369530 
4.350000    1.315799 
4.400000    2.153714 
4.450000    1.695499 
4.500000    1.918852 
4.550000    2.263927 
4.600000    1.499986 
4.650000    1.127263 
4.700000    0.986901 
4.750000    1.332228 
4.800000    -0.201380 
4.850000    -0.741877 
4.900000    -0.645838 
4.950000    -1.214101 
5.000000    -1.758492 
5.050000    -2.364925 
5.100000    -2.458886 
5.150000    -2.914317 
5.200000    -3.162404 
5.250000    -3.586984 
5.300000    -2.371059 
5.350000    -2.152946 
5.400000    -2.491485 
5.450000    -2.451122 
5.500000    -0.823845 
5.550000    -0.730234 
5.600000    0.059459 
5.650000    0.579487 
5.700000    0.933038 
5.750000    1.733555 
5.800000    2.077160 
5.850000    2.543017 
5.900000    3.423821 
5.950000    3.521804 
6.000000    3.955247 
6.050000    4.294635 
6.100000    4.417803 
6.150000    3.300411 
6.200000    4.005823 
6.250000    2.303108 
6.300000    1.918152 
6.350000    1.342187 
6.400000    0.290028 
6.450000    -0.115207 
6.500000    -1.245727 
6.550000    -2.543100 
6.600000    -3.280338 
6.650000    -2.642999 
6.700000    -2.506506 
6.750000    -3.107165 
6.800000    -3.435175 
6.850000    -3.938431 
6.900000    -3.284563 
6.950000    -3.383997 
7.000000    -2.604941 
7.050000    -2.019029 
7.100000    -1.377916 
7.150000    -0.691303 
7.200000    0.558207 
7.250000    0.892017 
7.300000    2.484270 
7.350000    2.800828 
7.400000    3.094434 
7.450000    3.308240 
7.500000    3.215875 
7.550000    3.293372 
7.600000    3.575950 
7.650000    3.218961 
7.700000    3.761550 
7.750000    2.971730 
7.800000    2.168100 
7.850000    0.975415 
7.900000    0.144602 
7.950000    0.365767 
8.000000    -1.091847 
8.050000    -1.221075 
8.100000    -1.561573 
8.150000    -2.560421 
8.200000    -2.437815 
8.250000    -2.113986 
8.300000    -2.088329 
8.350000    -2.613483 
8.400000    -2.054855 
8.450000    -2.613153 
8.500000    -1.217797 
8.550000    -1.328548 
8.600000    -0.590011 
8.650000    -0.060326 
8.700000    0.647827 
8.750000    1.040711 
8.800000    1.751639 
8.850000    1.637020 
8.900000    2.163551 
8.950000    2.650084 
9.000000    2.041387 
9.050000    2.075553 
9.100000    1.409277 
9.150000    0.768240 
9.200000    0.873155 
9.250000    0.844359 
9.300000    1.202422 
9.350000    0.345310 
9.400000    0.281044 
9.450000    -1.024076 
9.500000    -1.526553 
9.550000    -1.852864 
9.600000    -1.547824 
9.650000    -1.423491 
9.700000    -1.772134 
9.750000    -1.592498 
9.800000    -0.851497 
9.850000    -0.906896 
9.900000    -0.861029 
9.950000    -0.552862 
10.000000    0.807332 
10.050000    0.527774 
10.100000    0.629901 
10.150000    -0.035804 
10.200000    0.589380 
10.250000    0.769094 
10.300000    1.364612 
10.350000    0.553380 
10.400000    1.495593 
10.450000    1.818666 
10.500000    0.790344 
10.550000    0.935174 
10.600000    0.884992 
10.650000    0.928901 
10.700000    0.451627 
10.750000    -0.198784 
10.800000    -0.392091 
10.850000    0.003392 
10.900000    -0.227317 
10.950000    0.602156 
11.000000    -0.102907 
11.050000    -0.308212 
11.100000    -0.766128 
11.150000    -0.856157 
11.200000    0.228021 
11.250000    -0.644983 
11.300000    0.332919 
11.350000    -0.406590 
11.400000    -0.522173 
11.450000    -0.010298 
11.500000    -0.316668 
11.550000    -0.183215 
11.600000    -0.158128 
11.650000    0.244399 
11.700000    -0.462973 
11.750000    -0.324165 
11.800000    -0.457213 
11.850000    0.444009 
11.900000    0.701784 
11.950000    -0.148580 
12.000000    0.162657 
12.050000    0.673811 
12.100000    0.505811 
12.150000    0.164568 
12.200000    0.099738 
12.250000    1.012377 
12.300000    0.104947 
12.350000    -0.218014 
12.400000    0.062757 
12.450000    -0.031280 
12.500000    0.380554 
12.550000    0.393274 
12.600000    0.420401 
12.650000    -0.084465 
12.700000    0.136748 
12.750000    0.135264 
12.800000    -0.283312 
12.850000    -0.526548 
12.900000    -0.382248 
12.950000    -0.000725 
13.000000    -0.867556 
13.050000    -0.699257 
13.100000    -0.369186 
13.150000    0.014055 
13.200000    -0.094807 
13.250000    0.213025 
13.300000    0.135130 
13.350000    0.103510 
13.400000    -0.900663 
13.450000    -0.368094 
13.500000    -0.507579 
13.550000    0.225103 
13.600000    0.570743 
13.650000    0.477448 
13.700000    0.849466 
13.750000    0.504934 
13.800000    -0.157638 
13.850000    0.273031 
13.900000    0.406842 
13.950000    0.132756 
14.000000    -0.176771 
14.050000    0.210127 
14.100000    0.169133 
14.150000    -0.408496 
14.200000    -0.511657 
14.250000    -0.282627 
14.300000    -0.893759 
14.350000    0.150840 
14.400000    -0.118329 
14.450000    0.248150 
14.500000    0.121778 
14.550000    0.227831 
14.600000    0.004595 
14.650000    -0.557938 
14.700000    0.303039 
14.750000    -0.199357 
14.800000    -0.319212 
14.850000    0.127927 
14.900000    -0.143860 
14.950000    -0.673142 
15.000000    0.238042 
15.050000    -0.325919 
15.100000    0.865661 
15.150000    0.899508 
15.200000    0.316601 
15.250000    -0.059869 
15.300000    0.274431 
15.350000    -0.118591 
15.400000    0.444230 
15.450000    0.925942 
15.500000    0.056809 
15.550000    -0.264974 
15.600000    0.004584 
15.650000    0.303741 
15.700000    -0.546985 
15.750000    -0.199124 
15.800000    -0.192762 
15.850000    0.363267 
15.900000    -0.167258 
15.950000    -0.078769 
16.000000    0.750236 
16.050000    0.200302 
16.100000    0.140011 
16.150000    0.234697 
16.200000    0.200975 
16.250000    -0.138150 
16.300000    0.231892 
16.350000    -0.847256 
16.400000    -0.424839 
16.450000    -0.239706 
16.500000    -0.801235 
16.550000    0.306912 
16.600000    0.192211 
16.650000    -0.600175 
16.700000    0.326400 
16.750000    -0.088291 
16.800000    0.190223 
16.850000    -0.868231 
16.900000    -0.086785 
16.950000    -0.588634 
17.000000    -0.031027 
17.050000    -0.124698 
17.100000    -0.040898 
17.150000    -0.403770 
17.200000    0.225354 
17.250000    0.213036 
17.300000    0.178261 
17.350000    0.413665 
17.400000    0.466775 
17.450000    -0.151478 
17.500000    0.424818 
17.550000    0.094376 
17.600000    0.153407 
17.650000    0.346538 
17.700000    -0.017436 
17.750000    -0.120340 
17.800000    0.028369 
17.850000    -0.491386 
17.900000    -0.602449 
17.950000    -0.778418 
18.000000    -0.471902 
18.050000    -0.982944 
18.100000    -0.739657 
18.150000    -0.083820 
18.200000    -0.463511 
18.250000    -0.153215 
18.300000    -0.422196 
18.350000    -0.514146 
18.400000    -0.393124 
18.450000    -0.200616 
18.500000    -0.390919 
18.550000    0.368354 
18.600000    0.015461 
18.650000    0.604704 
18.700000    0.464775 
18.750000    0.637750 
18.800000    -0.156311 
18.850000    0.073107 
18.900000    0.170290 
18.950000    -0.635251 
19.000000    0.080873 
19.050000    -0.030537 
19.100000    -0.101410 
19.150000    -0.016931 
19.200000    -0.175305 
19.250000    -0.192962 
19.300000    -0.507137 
19.350000    -0.333783 
19.400000    -0.637965 
19.450000    -1.042372 
19.500000    -0.531390 
19.550000    -1.122713 
19.600000    -0.581081 
19.650000    -0.190049 
19.700000    -0.352366 
19.750000    0.215340 
19.799999    0.209293 
19.849999    -0.270591 
19.899999    -0.254477 
19.949999    -0.275705 


Reverse Correlation Function   