Time    Magnitude 

0.000000    1.201152 
0.050000    4.879664 
0.100000    -0.231738 
0.150000    2.573976 
0.200000    0.151317 
0.250000    0.660901 
0.300000    12.535338 
0.350000    0.864983 
0.400000    5.630481 
0.450000    0.305184 
0.500000    5.783750 
0.550000    2.001143 
0.600000    -3.858972 
0.650000    -7.461699 
0.700000    -5.488136 
0.750000    -3.131449 
0.800000    -2.411680 
0.850000    -4.551826 
0.900000    -3.508925 
0.950000    0.469590 
1.000000    -3.199997 
1.050000    -3.037837 
1.100000    5.487546 
1.150000    8.106383 
1.200000    -13.079888 
1.250000    3.824720 
1.300000    4.189744 
1.350000    2.005084 
1.400000    3.878627 
1.450000    4.892912 
1.500000    7.180552 
1.550000    3.530699 
1.600000    2.996039 
1.650000    2.751535 
1.700000    -9.616878 
1.750000    -4.947212 
1.800000    -1.857831 
1.850000    -2.499631 
1.900000    -7.349920 
1.950000    -1.387319 
2.000000    -1.315743 
2.050000    0.388260 
2.100000    -4.752216 
2.150000    1.077319 
2.200000    2.110544 
2.250000    6.564528 
2.300000    4.641136 
2.350000    5.447126 
2.400000    -1.620119 
2.450000    0.193471 
2.500000    2.439281 
2.550000    6.371489 
2.600000    3.254712 
2.650000    -3.542719 
2.700000    7.960590 
2.750000    4.884574 
2.800000    2.491162 
2.850000    1.059793 
2.900000    -0.908352 
2.950000    -10.089263 
3.000000    -5.702664 
3.050000    -19.084824 
3.100000    -21.018396 
3.150000    -16.498854 
3.200000    -20.637903 
3.250000    -20.262899 
3.300000    -10.759112 
3.350000    -11.240804 
3.400000    -0.431394 
3.450000    5.787250 
3.500000    19.053026 
3.550000    26.325924 
3.600000    29.058693 
3.650000    28.346048 
3.700000    35.998722 
3.750000    38.562397 
3.800000    30.886751 
3.850000    27.119150 
3.900000    24.439901 
3.950000    15.527093 
4.000000    4.158713 
4.050000    -9.728666 
4.100000    -12.086287 
4.150000    -20.682425 
4.200000    -32.480358 
4.250000    -44.719090 
4.300000    -45.905933 
4.350000    -51.352154 
4.400000    -48.737423 
4.450000    -37.954247 
4.500000    -34.927284 
4.550000    -30.651615 
4.600000    -13.051454 
4.650000    0.690797 
4.700000    5.739907 
4.750000    23.535387 
4.800000    25.817572 
4.850000    30.496387 
4.900000    43.429451 
4.950000    36.977650 
5.000000    35.380451 
5.050000    34.404385 
5.100000    33.537865 
5.150000    29.189152 
5.200000    16.145075 
5.250000    6.575112 
5.300000    -7.453651 
5.350000    -9.934301 
5.400000    -11.924862 
5.450000    -21.419413 
5.500000    -28.810450 
5.550000    -33.045967 
5.600000    -24.868595 
5.650000    -27.768797 
5.700000    -27.709320 
5.750000    -13.981940 
5.800000    -4.160654 
5.850000    1.012839 
5.900000    0.346880 
5.950000    7.095309 
6.000000    15.174756 
6.050000    15.207142 
6.100000    11.884925 
6.150000    18.008989 
6.200000    15.826174 
6.250000    9.071199 
6.300000    8.774719 
6.350000    -3.019784 
6.400000    -4.202295 
6.450000    -11.350139 
6.500000    -11.143003 
6.550000    -10.205405 
6.600000    -12.478255 
6.650000    -10.057076 
6.700000    -10.321789 
6.750000    0.913361 
6.800000    -8.022333 
6.850000    2.539588 
6.900000    3.983398 
6.950000    -0.643781 
7.000000    9.601050 
7.050000    3.792052 
7.100000    5.293168 
7.150000    10.553291 
7.200000    0.739028 
7.250000    3.054502 
7.300000    6.162189 
7.350000    5.674834 
7.400000    6.881571 
7.450000    -1.690718 
7.500000    -0.736930 
7.550000    -3.662707 
7.600000    -7.479907 
7.650000    -7.426515 
7.700000    -8.147341 
7.750000    -3.897789 
7.800000    0.077024 
7.850000    -3.356481 
7.900000    -2.034733 
7.950000    2.835907 
8.000000    8.807324 
8.050000    3.159520 
8.100000    -5.030292 
8.150000    -6.115091 
8.200000    -1.207375 
8.250000    0.353151 
8.300000    -3.790629 
8.350000    11.473103 
8.400000    10.839365 
8.450000    0.619765 
8.500000    8.739997 
8.550000    -2.294291 
8.600000    -0.775155 
8.650000    -0.856008 
8.700000    7.120223 
8.750000    -0.134774 
8.800000    7.410541 
8.850000    -4.364741 
8.900000    7.091918 
8.950000    0.055504 
9.000000    -4.695789 
9.050000    3.776258 
9.100000    1.129889 
9.150000    -5.177457 
9.200000    -0.902719 
9.250000    -2.283619 
9.300000    -3.147554 
9.350000    -4.562343 
9.400000    6.563021 
9.450000    1.873425 
9.500000    2.740262 
9.550000    0.333657 
9.600000    6.225865 
9.650000    1.855241 
9.700000    2.703327 
9.750000    3.876417 
9.800000    7.608387 
9.850000    4.987069 
9.900000    7.782587 
9.950000    1.373711 
10.000000    1.255307 
10.050000    4.982565 
10.100000    3.459832 
10.150000    6.264428 
10.200000    0.807764 
10.250000    -2.021981 
10.300000    -1.145897 
10.350000    1.009811 
10.400000    -0.909485 
10.450000    -0.838115 
10.500000    -3.932410 
10.550000    -1.167394 
10.600000    6.344669 
10.650000    4.226665 
10.700000    1.781369 
10.750000    -7.933003 
10.800000    -5.504187 
10.850000    6.810909 
10.900000    0.064098 
10.950000    -2.555274 
11.000000    -4.066537 
11.050000    6.056328 
11.100000    -0.227941 
11.150000    5.203929 
11.200000    2.367308 
11.250000    2.390299 
11.300000    1.775007 
11.350000    2.570636 
11.400000    7.341922 
11.450000    -3.499129 
11.500000    0.534997 
11.550000    1.123425 
11.600000    -0.832511 
11.650000    0.872977 
11.700000    -2.688475 
11.750000    4.211978 
11.800000    5.392294 
11.850000    5.906788 
11.900000    3.432023 
11.950000    6.354574 
12.000000    5.829366 
12.050000    -3.560855 
12.100000    3.282575 
12.150000    -0.042526 
12.200000    -3.851033 
12.250000    4.031205 
12.300000    0.690787 
12.350000    -2.413236 
12.400000    4.592099 
12.450000    8.687887 
12.500000    -0.343183 
12.550000    2.948404 
12.600000    3.355681 
12.650000    6.338045 
12.700000    -1.970980 
12.750000    5.665412 
12.800000    0.928790 
12.850000    -5.808392 
12.900000    1.809341 
12.950000    -0.761829 
13.000000    -1.958244 
13.050000    -1.704541 
13.100000    -5.866607 
13.150000    4.604801 
13.200000    1.579830 
13.250000    -4.079509 
13.300000    2.817701 
13.350000    1.268005 
13.400000    1.934421 
13.450000    2.663282 
13.500000    5.123249 
13.550000    3.041577 
13.600000    3.100474 
13.650000    3.438115 
13.700000    5.537147 
13.750000    3.040545 
13.800000    5.847677 
13.850000    2.896271 
13.900000    -0.675422 
13.950000    1.426528 
14.000000    3.804428 
14.050000    -2.815858 
14.100000    2.752430 
14.150000    0.758579 
14.200000    -3.177929 
14.250000    1.663772 
14.300000    -1.321628 
14.350000    -1.218654 
14.400000    0.570775 
14.450000    -1.418407 
14.500000    1.288434 
14.550000    4.681017 
14.600000    -3.450276 
14.650000    -4.602099 
14.700000    3.716752 
14.750000    5.565069 
14.800000    2.945151 
14.850000    6.756407 
14.900000    6.152735 
14.950000    4.226822 
15.000000    3.903801 
15.050000    1.099702 
15.100000    3.433356 
15.150000    0.925364 
15.200000    2.884507 
15.250000    -0.513895 
15.300000    -0.188616 
15.350000    -3.946808 
15.400000    0.278664 
15.450000    -4.426172 
15.500000    -7.805067 
15.550000    -5.269593 
15.600000    -3.752280 
15.650000    0.996209 
15.700000    -3.045839 
15.750000    7.594368 
15.800000    4.936936 
15.850000    1.805423 
15.900000    5.081860 
15.950000    5.454399 
16.000000    5.629880 
16.050000    5.966553 
16.100000    -1.750921 
16.150000    -2.352767 
16.200000    0.567567 
16.250000    -2.703527 
16.300000    1.191090 
16.350000    -3.507055 
16.400000    -1.846938 
16.450000    -3.203521 
16.500000    -2.055979 
16.550000    -2.050052 
16.600000    -1.211637 
16.650000    -4.830669 
16.700000    5.389229 
16.750000    1.027375 
16.800000    0.332976 
16.850000    -9.432163 
16.900000    -2.801463 
16.950000    -0.449356 
17.000000    1.936203 
17.050000    -3.420882 
17.100000    -1.208604 
17.150000    2.228676 
17.200000    1.236503 
17.250000    -2.473877 
17.300000    0.408947 
17.350000    -0.456470 
17.400000    -3.258428 
17.450000    -6.438803 
17.500000    2.337988 
17.550000    -3.053283 
17.600000    0.979879 
17.650000    -0.985786 
17.700000    -0.297971 
17.750000    4.231559 
17.800000    1.525651 
17.850000    1.058406 
17.900000    -0.074487 
17.950000    -2.783016 
18.000000    3.901747 
18.050000    1.651892 
18.100000    -7.749203 
18.150000    0.426471 
18.200000    2.345156 
18.250000    -3.320145 
18.300000    -3.466316 
18.350000    -4.762415 
18.400000    -3.715290 
18.450000    -8.815857 
18.500000    1.687365 
18.550000    0.135912 
18.600000    5.930395 
18.650000    5.127340 
18.700000    4.120137 
18.750000    2.575877 
18.800000    6.217630 
18.850000    2.583853 
18.900000    1.430264 
18.950000    3.913488 
19.000000    5.191332 
19.050000    9.054090 
19.100000    5.832045 
19.150000    1.998504 
19.200000    6.854844 
19.250000    -1.123635 
19.300000    2.807203 
19.350000    -1.876709 
19.400000    -1.732463 
19.450000    -4.035073 
19.500000    -5.690419 
19.550000    -3.176681 
19.600000    -8.020000 
19.650000    -0.209995 
19.700000    -3.536970 
19.750000    2.932992 
19.799999    2.153013 
19.849999    4.631331 
19.899999    3.996288 
19.949999    3.219390 


Reverse Correlation Function   