Time    Magnitude 

0.000000    -0.635108 
0.050000    5.437515 
0.100000    3.081480 
0.150000    -3.639897 
0.200000    4.002003 
0.250000    1.010040 
0.300000    -0.760394 
0.350000    -3.825168 
0.400000    0.702272 
0.450000    -1.899142 
0.500000    -0.283512 
0.550000    -3.378064 
0.600000    2.251961 
0.650000    -0.064167 
0.700000    -1.026389 
0.750000    2.831530 
0.800000    3.988753 
0.850000    2.484355 
0.900000    -1.387328 
0.950000    -3.814183 
1.000000    1.822442 
1.050000    -0.181522 
1.100000    -0.438667 
1.150000    2.104146 
1.200000    -0.937849 
1.250000    3.121031 
1.300000    -3.292838 
1.350000    2.174562 
1.400000    0.895246 
1.450000    0.720921 
1.500000    -2.222481 
1.550000    1.281983 
1.600000    0.564703 
1.650000    -1.034284 
1.700000    -1.845286 
1.750000    -0.069067 
1.800000    -0.411507 
1.850000    -0.074743 
1.900000    -1.496531 
1.950000    1.681729 
2.000000    0.957859 
2.050000    -0.492220 
2.100000    -0.437667 
2.150000    0.267705 
2.200000    -0.906128 
2.250000    -0.209923 
2.300000    1.596181 
2.350000    2.151747 
2.400000    2.471552 
2.450000    1.404470 
2.500000    -0.530795 
2.550000    4.684964 
2.600000    1.590828 
2.650000    0.649340 
2.700000    1.842646 
2.750000    1.874008 
2.800000    3.711772 
2.850000    3.773376 
2.900000    -1.850055 
2.950000    -4.485666 
3.000000    -1.765841 
3.050000    -2.926713 
3.100000    0.991169 
3.150000    -8.854376 
3.200000    -4.632874 
3.250000    -3.419823 
3.300000    -1.125420 
3.350000    -2.582323 
3.400000    -0.737847 
3.450000    -0.702231 
3.500000    8.110841 
3.550000    6.453175 
3.600000    7.263437 
3.650000    10.918630 
3.700000    10.379931 
3.750000    11.920718 
3.800000    10.612422 
3.850000    7.220253 
3.900000    3.028443 
3.950000    2.004239 
4.000000    -2.637465 
4.050000    -2.850054 
4.100000    -12.293943 
4.150000    -16.295240 
4.200000    -18.077335 
4.250000    -15.314682 
4.300000    -11.798723 
4.350000    -9.228876 
4.400000    -7.128756 
4.450000    -1.877909 
4.500000    5.749496 
4.550000    7.410728 
4.600000    10.106166 
4.650000    15.002373 
4.700000    14.456965 
4.750000    17.119499 
4.800000    14.460225 
4.850000    18.381626 
4.900000    7.922890 
4.950000    3.119382 
5.000000    3.101909 
5.050000    -0.911224 
5.100000    -6.648171 
5.150000    -7.566405 
5.200000    -7.860336 
5.250000    -7.471903 
5.300000    -13.415789 
5.350000    -12.500318 
5.400000    -10.000216 
5.450000    -6.991471 
5.500000    1.599866 
5.550000    2.294671 
5.600000    4.404372 
5.650000    5.893170 
5.700000    8.358942 
5.750000    7.575814 
5.800000    9.913939 
5.850000    4.767527 
5.900000    7.519855 
5.950000    1.542111 
6.000000    4.560829 
6.050000    -3.414164 
6.100000    -1.743333 
6.150000    -6.018026 
6.200000    -4.815193 
6.250000    -7.296267 
6.300000    -6.821143 
6.350000    -2.831186 
6.400000    -5.169717 
6.450000    -2.066411 
6.500000    -3.110117 
6.550000    3.418588 
6.600000    2.574369 
6.650000    -0.057194 
6.700000    5.533733 
6.750000    0.855566 
6.800000    1.672366 
6.850000    6.081215 
6.900000    -0.600561 
6.950000    3.306910 
7.000000    0.605203 
7.050000    0.211460 
7.100000    2.452999 
7.150000    -2.523042 
7.200000    -2.213187 
7.250000    2.507088 
7.300000    -1.344724 
7.350000    3.005595 
7.400000    1.888988 
7.450000    2.868562 
7.500000    2.561753 
7.550000    4.864995 
7.600000    1.997361 
7.650000    3.424999 
7.700000    -0.208976 
7.750000    2.321504 
7.800000    -1.899667 
7.850000    -1.259437 
7.900000    1.268598 
7.950000    -1.644758 
8.000000    -0.033236 
8.050000    -1.158457 
8.100000    -2.394617 
8.150000    -0.543297 
8.200000    1.247989 
8.250000    -2.602220 
8.300000    1.953016 
8.350000    3.158484 
8.400000    4.934369 
8.450000    4.322113 
8.500000    2.764376 
8.550000    0.549803 
8.600000    1.393811 
8.650000    3.193003 
8.700000    0.117434 
8.750000    -0.206687 
8.800000    1.029540 
8.850000    -0.634554 
8.900000    -0.831168 
8.950000    -2.061441 
9.000000    -0.743353 
9.050000    0.906874 
9.100000    -2.884534 
9.150000    -5.248466 
9.200000    -3.067053 
9.250000    -3.968678 
9.300000    0.532347 
9.350000    3.791071 
9.400000    0.604428 
9.450000    1.135289 
9.500000    2.786422 
9.550000    1.561025 
9.600000    2.197287 
9.650000    1.362332 
9.700000    -1.162166 
9.750000    4.454443 
9.800000    2.071018 
9.850000    2.750296 
9.900000    0.184602 
9.950000    2.842765 
10.000000    -0.968108 
10.050000    -0.875236 
10.100000    0.236032 
10.150000    -4.202418 
10.200000    -3.524072 
10.250000    0.934407 
10.300000    1.551896 
10.350000    -5.043381 
10.400000    3.244296 
10.450000    1.584379 
10.500000    4.954312 
10.550000    3.071239 
10.600000    1.971080 
10.650000    -0.172749 
10.700000    2.104563 
10.750000    -0.853822 
10.800000    0.742973 
10.850000    -3.067356 
10.900000    -0.540329 
10.950000    -2.093329 
11.000000    -0.740780 
11.050000    1.601160 
11.100000    0.651576 
11.150000    -1.208213 
11.200000    0.732670 
11.250000    0.561691 
11.300000    0.072494 
11.350000    -0.875687 
11.400000    0.780900 
11.450000    3.517637 
11.500000    2.452473 
11.550000    1.783295 
11.600000    -1.295970 
11.650000    -2.287752 
11.700000    -1.312774 
11.750000    -1.189664 
11.800000    -0.843116 
11.850000    2.699583 
11.900000    -0.901233 
11.950000    -1.127716 
12.000000    2.082268 
12.050000    2.897266 
12.100000    1.031083 
12.150000    -0.641464 
12.200000    -0.371534 
12.250000    -0.954605 
12.300000    1.388579 
12.350000    -0.125994 
12.400000    0.495318 
12.450000    1.304534 
12.500000    -3.591077 
12.550000    -1.456167 
12.600000    -0.178650 
12.650000    1.095050 
12.700000    0.967970 
12.750000    -1.843848 
12.800000    1.504130 
12.850000    -0.522669 
12.900000    4.189583 
12.950000    2.869131 
13.000000    1.999836 
13.050000    -0.570552 
13.100000    0.797464 
13.150000    -1.484890 
13.200000    -0.781145 
13.250000    0.094632 
13.300000    -0.491883 
13.350000    1.242380 
13.400000    0.649594 
13.450000    0.470306 
13.500000    3.181474 
13.550000    2.436218 
13.600000    -0.601916 
13.650000    3.886950 
13.700000    -1.776221 
13.750000    1.013293 
13.800000    2.488575 
13.850000    1.396611 
13.900000    2.684408 
13.950000    4.796114 
14.000000    1.226030 
14.050000    -3.331088 
14.100000    -1.420319 
14.150000    0.179270 
14.200000    -0.138892 
14.250000    1.564855 
14.300000    -0.340230 
14.350000    4.683073 
14.400000    -5.716947 
14.450000    -1.397283 
14.500000    -0.085295 
14.550000    2.441557 
14.600000    -0.888396 
14.650000    0.362861 
14.700000    1.300179 
14.750000    -0.124441 
14.800000    -1.605405 
14.850000    1.053181 
14.900000    2.248441 
14.950000    -0.719315 
15.000000    0.124612 
15.050000    -0.590518 
15.100000    1.777990 
15.150000    -5.005795 
15.200000    -4.483527 
15.250000    0.219943 
15.300000    -0.775612 
15.350000    0.123371 
15.400000    0.421101 
15.450000    -2.616430 
15.500000    0.085822 
15.550000    0.073569 
15.600000    0.196060 
15.650000    -1.017295 
15.700000    -2.450016 
15.750000    -2.544326 
15.800000    0.370662 
15.850000    3.483970 
15.900000    -0.699093 
15.950000    0.680083 
16.000000    -0.783992 
16.050000    -0.957487 
16.100000    0.085518 
16.150000    -0.633777 
16.200000    -0.707970 
16.250000    -3.060814 
16.300000    4.081642 
16.350000    0.223689 
16.400000    -2.319915 
16.450000    -1.030100 
16.500000    0.783739 
16.550000    0.664882 
16.600000    -1.934180 
16.650000    -1.194307 
16.700000    -0.375874 
16.750000    1.145954 
16.800000    -0.348120 
16.850000    -0.400783 
16.900000    0.168650 
16.950000    -4.966086 
17.000000    0.697234 
17.050000    0.054733 
17.100000    -0.469459 
17.150000    2.671915 
17.200000    3.046779 
17.250000    1.457159 
17.300000    -0.015531 
17.350000    0.091301 
17.400000    -0.330560 
17.450000    1.839125 
17.500000    -1.100510 
17.550000    0.571502 
17.600000    1.341937 
17.650000    2.089543 
17.700000    3.993184 
17.750000    -0.441378 
17.800000    1.606312 
17.850000    1.474987 
17.900000    -1.048132 
17.950000    2.911725 
18.000000    -2.256129 
18.050000    -3.246022 
18.100000    -1.555984 
18.150000    -2.206484 
18.200000    -0.617169 
18.250000    -1.732184 
18.300000    -0.246945 
18.350000    -0.997003 
18.400000    -0.848412 
18.450000    -1.384257 
18.500000    -1.730365 
18.550000    1.851517 
18.600000    -1.481933 
18.650000    -0.709635 
18.700000    1.539773 
18.750000    0.200312 
18.800000    3.037242 
18.850000    0.564858 
18.900000    2.095428 
18.950000    2.581580 
19.000000    1.592481 
19.050000    -0.055166 
19.100000    0.613889 
19.150000    0.058802 
19.200000    -0.994120 
19.250000    -3.454938 
19.300000    0.419444 
19.350000    -1.571119 
19.400000    -1.783683 
19.450000    -0.941689 
19.500000    3.240766 
19.550000    0.864731 
19.600000    2.657914 
19.650000    0.790453 
19.700000    -0.954926 
19.750000    -0.662104 
19.799999    2.714365 
19.849999    2.017766 
19.899999    3.062013 
19.949999    -0.830993 


Reverse Correlation Function   