Time    Magnitude 

0.000000    -1.518614 
0.050000    -1.045400 
0.100000    -0.214028 
0.150000    -0.371419 
0.200000    -0.582882 
0.250000    -0.953888 
0.300000    -0.371244 
0.350000    -1.180687 
0.400000    0.953365 
0.450000    -0.029410 
0.500000    -0.826340 
0.550000    0.639721 
0.600000    -0.102710 
0.650000    1.184286 
0.700000    0.002321 
0.750000    -0.509316 
0.800000    -0.354246 
0.850000    0.327173 
0.900000    1.735372 
0.950000    -0.529400 
1.000000    0.489535 
1.050000    0.867542 
1.100000    -1.295462 
1.150000    -0.058057 
1.200000    0.366889 
1.250000    -0.001252 
1.300000    0.769341 
1.350000    -0.068202 
1.400000    -0.546867 
1.450000    -0.580303 
1.500000    0.470677 
1.550000    -0.971497 
1.600000    -1.083768 
1.650000    1.408076 
1.700000    -0.238735 
1.750000    -0.597623 
1.800000    -0.771298 
1.850000    0.178619 
1.900000    0.690320 
1.950000    0.954152 
2.000000    1.612502 
2.050000    -0.580732 
2.100000    -0.557442 
2.150000    0.827325 
2.200000    -0.164204 
2.250000    -0.162213 
2.300000    0.167718 
2.350000    0.384387 
2.400000    -0.871207 
2.450000    0.172350 
2.500000    0.369477 
2.550000    -0.295112 
2.600000    -1.289859 
2.650000    -1.705081 
2.700000    0.561319 
2.750000    -0.309316 
2.800000    -0.630746 
2.850000    -0.205207 
2.900000    -1.347591 
2.950000    -1.241448 
3.000000    -1.459096 
3.050000    0.584358 
3.100000    0.270668 
3.150000    -0.422544 
3.200000    0.515098 
3.250000    2.748656 
3.300000    5.119868 
3.350000    4.324078 
3.400000    4.228300 
3.450000    4.091941 
3.500000    4.076127 
3.550000    1.689007 
3.600000    0.929296 
3.650000    -1.918812 
3.700000    -3.432717 
3.750000    -4.877534 
3.800000    -5.234219 
3.850000    -7.446726 
3.900000    -8.095915 
3.950000    -5.835301 
4.000000    -5.761499 
4.050000    -3.085665 
4.100000    -0.413431 
4.150000    1.404512 
4.200000    3.260828 
4.250000    6.076333 
4.300000    6.908108 
4.350000    8.354423 
4.400000    7.462230 
4.450000    6.750927 
4.500000    5.943520 
4.550000    2.991835 
4.600000    -1.111034 
4.650000    -0.734931 
4.700000    -5.572488 
4.750000    -4.728430 
4.800000    -6.336038 
4.850000    -5.558391 
4.900000    -5.607468 
4.950000    -3.820988 
5.000000    -3.643990 
5.050000    0.294079 
5.100000    1.237105 
5.150000    3.282530 
5.200000    4.903197 
5.250000    3.947909 
5.300000    5.107397 
5.350000    3.776813 
5.400000    4.237653 
5.450000    1.578858 
5.500000    0.635682 
5.550000    -0.291147 
5.600000    -2.549358 
5.650000    -4.123744 
5.700000    -2.899656 
5.750000    -2.332264 
5.800000    -3.888710 
5.850000    -0.963542 
5.900000    -0.308724 
5.950000    1.106990 
6.000000    2.075255 
6.050000    3.413432 
6.100000    1.215933 
6.150000    2.039409 
6.200000    2.381594 
6.250000    0.786991 
6.300000    0.612200 
6.350000    -0.535318 
6.400000    -0.376442 
6.450000    -1.862739 
6.500000    -3.005149 
6.550000    -2.693295 
6.600000    -0.570863 
6.650000    -1.170527 
6.700000    -0.986198 
6.750000    0.471268 
6.800000    0.786159 
6.850000    0.686331 
6.900000    2.075633 
6.950000    2.127611 
7.000000    0.733194 
7.050000    0.438493 
7.100000    1.031572 
7.150000    0.491360 
7.200000    0.257994 
7.250000    0.431134 
7.300000    -0.236607 
7.350000    -2.031798 
7.400000    -0.728732 
7.450000    -0.272930 
7.500000    -1.879441 
7.550000    0.993605 
7.600000    0.955631 
7.650000    1.301157 
7.700000    0.205880 
7.750000    0.868878 
7.800000    0.732150 
7.850000    -0.605505 
7.900000    -0.508399 
7.950000    0.336962 
8.000000    -0.810430 
8.050000    0.063407 
8.100000    0.142050 
8.150000    0.284848 
8.200000    1.612206 
8.250000    -0.745905 
8.300000    0.786007 
8.350000    -0.266101 
8.400000    0.277691 
8.450000    -0.275051 
8.500000    -1.326607 
8.550000    -0.707398 
8.600000    1.082940 
8.650000    -1.592981 
8.700000    -0.293930 
8.750000    -1.853741 
8.800000    -1.076747 
8.850000    -1.930547 
8.900000    1.109948 
8.950000    -0.548560 
9.000000    0.530312 
9.050000    1.647844 
9.100000    1.999785 
9.150000    0.807053 
9.200000    0.472930 
9.250000    0.857885 
9.300000    -0.987800 
9.350000    0.372650 
9.400000    -0.187837 
9.450000    -0.312103 
9.500000    -1.347052 
9.550000    -0.532253 
9.600000    -0.981695 
9.650000    -1.716469 
9.700000    -0.989966 
9.750000    -1.130296 
9.800000    0.646036 
9.850000    0.638220 
9.900000    0.234023 
9.950000    1.554474 
10.000000    0.281172 
10.050000    -1.648369 
10.100000    0.465308 
10.150000    0.872538 
10.200000    1.676078 
10.250000    1.214068 
10.300000    0.091894 
10.350000    1.182013 
10.400000    -0.336682 
10.450000    -0.756455 
10.500000    -0.769067 
10.550000    -1.254317 
10.600000    -0.700805 
10.650000    1.460987 
10.700000    1.441103 
10.750000    1.479145 
10.800000    1.029868 
10.850000    0.026691 
10.900000    1.353606 
10.950000    1.034647 
11.000000    1.497994 
11.050000    -0.143813 
11.100000    -1.491850 
11.150000    -1.044227 
11.200000    -0.041981 
11.250000    0.547683 
11.300000    1.595254 
11.350000    -1.573755 
11.400000    -0.764366 
11.450000    0.603571 
11.500000    1.306517 
11.550000    0.100898 
11.600000    0.314212 
11.650000    0.018528 
11.700000    -0.134981 
11.750000    1.810476 
11.800000    -1.750939 
11.850000    1.203963 
11.900000    0.670771 
11.950000    1.264723 
12.000000    0.035461 
12.050000    0.514519 
12.100000    -0.766564 
12.150000    -0.612821 
12.200000    -0.288864 
12.250000    -0.701067 
12.300000    0.634075 
12.350000    -1.431832 
12.400000    -1.091830 
12.450000    0.176468 
12.500000    -0.247679 
12.550000    -0.184039 
12.600000    0.927628 
12.650000    -0.226029 
12.700000    -0.038448 
12.750000    -1.582251 
12.800000    0.095671 
12.850000    -0.153356 
12.900000    -0.231273 
12.950000    0.360372 
13.000000    0.014818 
13.050000    0.923742 
13.100000    0.415277 
13.150000    1.600575 
13.200000    2.016367 
13.250000    -0.027975 
13.300000    -0.667161 
13.350000    -0.221956 
13.400000    -0.234987 
13.450000    -0.426811 
13.500000    1.699562 
13.550000    -0.299301 
13.600000    -1.135417 
13.650000    -1.058356 
13.700000    -0.233238 
13.750000    0.469700 
13.800000    -1.734394 
13.850000    -0.481519 
13.900000    -0.795184 
13.950000    -0.767232 
14.000000    -0.452263 
14.050000    0.882024 
14.100000    -0.274600 
14.150000    0.150628 
14.200000    -0.247117 
14.250000    1.429130 
14.300000    -0.756279 
14.350000    -0.087240 
14.400000    -0.268619 
14.450000    0.738845 
14.500000    0.798240 
14.550000    0.642216 
14.600000    0.294613 
14.650000    -0.578261 
14.700000    -0.806819 
14.750000    -0.685242 
14.800000    0.126698 
14.850000    -1.212932 
14.900000    -0.473098 
14.950000    0.883302 
15.000000    0.381579 
15.050000    -0.428573 
15.100000    -1.678805 
15.150000    0.000920 
15.200000    -0.809692 
15.250000    -1.563514 
15.300000    0.580869 
15.350000    -1.195350 
15.400000    -0.110964 
15.450000    0.645472 
15.500000    -0.834935 
15.550000    -0.026099 
15.600000    0.291953 
15.650000    0.688014 
15.700000    0.218943 
15.750000    0.356347 
15.800000    -1.158146 
15.850000    0.632863 
15.900000    0.548433 
15.950000    -0.235538 
16.000000    0.182911 
16.050000    -0.227740 
16.100000    -0.149253 
16.150000    0.448872 
16.200000    0.383731 
16.250000    0.342247 
16.300000    0.843081 
16.350000    1.611677 
16.400000    -1.066985 
16.450000    0.685390 
16.500000    0.133655 
16.550000    0.768440 
16.600000    -0.286752 
16.650000    -0.925088 
16.700000    -0.268265 
16.750000    0.836811 
16.800000    -0.355595 
16.850000    0.713303 
16.900000    0.560620 
16.950000    0.961713 
17.000000    1.118584 
17.050000    -0.399701 
17.100000    1.185660 
17.150000    0.587157 
17.200000    0.132146 
17.250000    -0.162026 
17.300000    0.758286 
17.350000    -0.887140 
17.400000    1.358831 
17.450000    0.579855 
17.500000    -0.351196 
17.550000    1.207106 
17.600000    0.438995 
17.650000    0.545336 
17.700000    1.353649 
17.750000    -0.476502 
17.800000    -0.205839 
17.850000    -1.462183 
17.900000    0.028381 
17.950000    -0.761191 
18.000000    1.183352 
18.050000    -0.743373 
18.100000    -0.337221 
18.150000    0.301100 
18.200000    0.225627 
18.250000    0.137607 
18.300000    1.209320 
18.350000    0.302840 
18.400000    0.882983 
18.450000    0.944503 
18.500000    0.013877 
18.550000    -0.518276 
18.600000    -0.122667 
18.650000    0.637253 
18.700000    1.113976 
18.750000    -1.118031 
18.800000    -0.717759 
18.850000    -1.308864 
18.900000    0.279696 
18.950000    0.500141 
19.000000    -0.435075 
19.050000    0.452522 
19.100000    -0.056480 
19.150000    -0.351655 
19.200000    -0.474301 
19.250000    -2.168184 
19.300000    0.459707 
19.350000    -0.420951 
19.400000    1.470681 
19.450000    0.579089 
19.500000    1.402370 
19.550000    1.758832 
19.600000    -0.329934 
19.650000    -1.013781 
19.700000    -0.848644 
19.750000    -0.878809 
19.799999    -2.082910 
19.849999    -1.465517 
19.899999    -1.782455 
19.949999    -0.457049 


Reverse Correlation Function   