Time    Magnitude 

0.000000    1.007659 
0.050000    0.599999 
0.100000    -0.825936 
0.150000    -0.184039 
0.200000    0.139892 
0.250000    0.011853 
0.300000    -0.276695 
0.350000    1.378975 
0.400000    -0.397804 
0.450000    0.412198 
0.500000    0.385181 
0.550000    -0.242503 
0.600000    0.440837 
0.650000    0.611262 
0.700000    0.607691 
0.750000    1.251273 
0.800000    1.781974 
0.850000    1.387610 
0.900000    1.011118 
0.950000    0.958054 
1.000000    1.267299 
1.050000    0.651951 
1.100000    0.859887 
1.150000    0.299185 
1.200000    -0.314444 
1.250000    -0.563587 
1.300000    0.555917 
1.350000    0.366103 
1.400000    -0.679769 
1.450000    -0.312702 
1.500000    -1.223698 
1.550000    -1.730957 
1.600000    -0.837343 
1.650000    0.240438 
1.700000    -0.113332 
1.750000    -0.393723 
1.800000    0.057277 
1.850000    -0.562683 
1.900000    0.022957 
1.950000    -0.351188 
2.000000    -0.648990 
2.050000    0.994034 
2.100000    0.634036 
2.150000    0.023341 
2.200000    0.732397 
2.250000    0.953959 
2.300000    1.470591 
2.350000    0.362682 
2.400000    0.229368 
2.450000    0.556929 
2.500000    -0.406402 
2.550000    0.761148 
2.600000    -0.711290 
2.650000    0.781032 
2.700000    0.010345 
2.750000    0.560604 
2.800000    -0.834986 
2.850000    -0.508187 
2.900000    -1.791957 
2.950000    -0.278747 
3.000000    -0.929650 
3.050000    0.188135 
3.100000    -0.653769 
3.150000    -0.179074 
3.200000    -0.041231 
3.250000    0.498417 
3.300000    -0.449314 
3.350000    -0.521935 
3.400000    -1.335880 
3.450000    0.913490 
3.500000    -0.742401 
3.550000    -1.213725 
3.600000    0.642487 
3.650000    -0.130231 
3.700000    -0.880076 
3.750000    -0.332352 
3.800000    -0.586416 
3.850000    -1.421283 
3.900000    -2.183305 
3.950000    0.901106 
4.000000    -0.079335 
4.050000    0.347313 
4.100000    0.838334 
4.150000    1.203034 
4.200000    2.372768 
4.250000    3.599452 
4.300000    2.948127 
4.350000    4.189145 
4.400000    4.508413 
4.450000    4.360368 
4.500000    3.476872 
4.550000    1.948386 
4.600000    2.024962 
4.650000    1.029824 
4.700000    0.534060 
4.750000    -0.976725 
4.800000    -2.190274 
4.850000    -2.568002 
4.900000    -3.048575 
4.950000    -3.380121 
5.000000    -4.074169 
5.050000    -4.287519 
5.100000    -4.580188 
5.150000    -3.336407 
5.200000    -4.043968 
5.250000    -4.193371 
5.300000    -2.857008 
5.350000    -0.414116 
5.400000    -1.234156 
5.450000    -0.780896 
5.500000    1.900277 
5.550000    3.201308 
5.600000    4.056262 
5.650000    5.004725 
5.700000    5.344340 
5.750000    6.166708 
5.800000    6.204579 
5.850000    5.652225 
5.900000    5.581136 
5.950000    5.711244 
6.000000    3.598425 
6.050000    2.780972 
6.100000    2.585470 
6.150000    0.787794 
6.200000    0.939359 
6.250000    -1.376516 
6.300000    -2.389229 
6.350000    -3.236901 
6.400000    -3.057016 
6.450000    -4.783173 
6.500000    -3.790668 
6.550000    -5.265482 
6.600000    -4.008193 
6.650000    -4.345884 
6.700000    -2.386198 
6.750000    -2.332355 
6.800000    -1.448786 
6.850000    -0.691834 
6.900000    1.558766 
6.950000    1.327978 
7.000000    2.862940 
7.050000    2.689498 
7.100000    4.658758 
7.150000    4.259135 
7.200000    4.032849 
7.250000    4.080655 
7.300000    4.780706 
7.350000    3.032045 
7.400000    3.068268 
7.450000    3.991869 
7.500000    1.938140 
7.550000    1.510583 
7.600000    0.905244 
7.650000    0.225298 
7.700000    -1.011202 
7.750000    -0.950958 
7.800000    -3.532959 
7.850000    -4.537852 
7.900000    -3.988487 
7.950000    -2.985188 
8.000000    -4.067345 
8.050000    -1.633993 
8.100000    -1.433203 
8.150000    -3.057113 
8.200000    0.336681 
8.250000    0.270729 
8.300000    1.487627 
8.350000    1.777514 
8.400000    1.500235 
8.450000    1.468307 
8.500000    2.688318 
8.550000    1.891167 
8.600000    0.977224 
8.650000    1.670568 
8.700000    2.234501 
8.750000    2.280430 
8.800000    0.432783 
8.850000    0.846173 
8.900000    0.524204 
8.950000    0.421007 
9.000000    -0.244797 
9.050000    -2.745949 
9.100000    -0.646583 
9.150000    -0.841272 
9.200000    -0.586916 
9.250000    -1.242807 
9.300000    -1.061425 
9.350000    -1.237241 
9.400000    -1.162582 
9.450000    -0.788901 
9.500000    0.275620 
9.550000    1.787189 
9.600000    1.226991 
9.650000    0.634848 
9.700000    1.373705 
9.750000    1.287255 
9.800000    1.308523 
9.850000    -0.790244 
9.900000    0.174518 
9.950000    0.512220 
10.000000    0.529097 
10.050000    0.521703 
10.100000    0.359714 
10.150000    0.472696 
10.200000    0.501267 
10.250000    0.453126 
10.300000    -0.246566 
10.350000    0.683059 
10.400000    0.537113 
10.450000    0.459022 
10.500000    0.562459 
10.550000    -0.271348 
10.600000    1.188767 
10.650000    0.868205 
10.700000    -0.024179 
10.750000    0.828078 
10.800000    1.399783 
10.850000    1.483642 
10.900000    0.869743 
10.950000    0.745500 
11.000000    1.720157 
11.050000    -0.269178 
11.100000    1.224292 
11.150000    -0.966818 
11.200000    -0.025107 
11.250000    -0.414672 
11.300000    -0.699417 
11.350000    0.214059 
11.400000    -1.151377 
11.450000    -0.029363 
11.500000    0.281009 
11.550000    -0.927797 
11.600000    -0.052887 
11.650000    -0.535326 
11.700000    -1.515156 
11.750000    -0.003228 
11.800000    0.234341 
11.850000    0.082327 
11.900000    0.536497 
11.950000    1.084307 
12.000000    -0.065382 
12.050000    0.721006 
12.100000    0.641414 
12.150000    1.292809 
12.200000    -0.676714 
12.250000    0.168892 
12.300000    0.171220 
12.350000    -0.144388 
12.400000    0.150063 
12.450000    -0.548177 
12.500000    -0.610613 
12.550000    -0.177800 
12.600000    -0.587310 
12.650000    -0.967615 
12.700000    0.467618 
12.750000    -0.855271 
12.800000    -0.530802 
12.850000    -1.092191 
12.900000    -1.329293 
12.950000    -1.689061 
13.000000    0.677993 
13.050000    0.546757 
13.100000    0.421081 
13.150000    1.011839 
13.200000    0.675744 
13.250000    0.147984 
13.300000    0.879971 
13.350000    0.563659 
13.400000    1.281632 
13.450000    1.679334 
13.500000    1.842027 
13.550000    0.872618 
13.600000    0.730614 
13.650000    1.959032 
13.700000    -0.473108 
13.750000    0.608097 
13.800000    0.753110 
13.850000    -0.050598 
13.900000    0.032834 
13.950000    -0.219591 
14.000000    -0.230703 
14.050000    -0.436125 
14.100000    0.265981 
14.150000    -0.888967 
14.200000    -0.427107 
14.250000    -0.285742 
14.300000    0.020645 
14.350000    0.362319 
14.400000    1.225548 
14.450000    0.669447 
14.500000    -0.094444 
14.550000    -0.987774 
14.600000    0.037064 
14.650000    0.364328 
14.700000    0.171052 
14.750000    -0.906241 
14.800000    -0.087598 
14.850000    -0.087632 
14.900000    0.247831 
14.950000    -0.789026 
15.000000    0.340495 
15.050000    -0.094045 
15.100000    0.804948 
15.150000    0.812340 
15.200000    -0.121266 
15.250000    -0.053133 
15.300000    1.196986 
15.350000    0.887196 
15.400000    0.420330 
15.450000    -0.488881 
15.500000    1.314383 
15.550000    -0.309755 
15.600000    0.006310 
15.650000    0.889824 
15.700000    0.118485 
15.750000    1.335722 
15.800000    0.974717 
15.850000    0.912098 
15.900000    0.210161 
15.950000    0.892804 
16.000000    -0.616538 
16.050000    0.472662 
16.100000    -0.737130 
16.150000    -0.220445 
16.200000    -1.281583 
16.250000    0.396501 
16.300000    -0.433601 
16.350000    -1.600079 
16.400000    -0.210210 
16.450000    -0.905752 
16.500000    -0.539722 
16.550000    0.155752 
16.600000    -0.709540 
16.650000    -0.192108 
16.700000    -1.494008 
16.750000    -0.450806 
16.800000    -0.466547 
16.850000    0.994052 
16.900000    0.314221 
16.950000    0.252465 
17.000000    0.369915 
17.050000    -0.582527 
17.100000    -0.704008 
17.150000    0.388409 
17.200000    0.523908 
17.250000    0.378412 
17.300000    1.164112 
17.350000    -0.907320 
17.400000    0.342503 
17.450000    0.486163 
17.500000    0.154925 
17.550000    0.492693 
17.600000    -0.722994 
17.650000    -0.683847 
17.700000    -0.975504 
17.750000    -1.076281 
17.800000    -0.955480 
17.850000    -0.871956 
17.900000    0.038025 
17.950000    0.625463 
18.000000    -1.305480 
18.050000    0.028702 
18.100000    -0.690497 
18.150000    0.006180 
18.200000    -1.938050 
18.250000    0.013711 
18.300000    0.268428 
18.350000    0.498564 
18.400000    -0.609848 
18.450000    0.893178 
18.500000    1.128543 
18.550000    -0.802753 
18.600000    0.781431 
18.650000    -0.433792 
18.700000    -0.215575 
18.750000    0.605402 
18.800000    0.699743 
18.850000    -0.473572 
18.900000    -0.042066 
18.950000    -0.307845 
19.000000    -1.355651 
19.050000    -0.515630 
19.100000    -0.551985 
19.150000    -0.909905 
19.200000    -0.569786 
19.250000    -0.301627 
19.300000    0.726297 
19.350000    -0.268461 
19.400000    1.605434 
19.450000    0.664042 
19.500000    0.579979 
19.550000    0.582107 
19.600000    -0.726121 
19.650000    0.247256 
19.700000    0.247185 
19.750000    -0.260153 
19.799999    0.407758 
19.849999    0.359722 
19.899999    1.150667 
19.949999    0.070645 


Reverse Correlation Function   