Time    Magnitude 

0.000000    -4.371548 
0.050000    -2.106004 
0.100000    6.915969 
0.150000    -1.883897 
0.200000    1.884683 
0.250000    -0.518153 
0.300000    -3.328032 
0.350000    -8.971162 
0.400000    -2.713883 
0.450000    -3.962371 
0.500000    -6.101445 
0.550000    -5.920018 
0.600000    -2.074597 
0.650000    -5.865793 
0.700000    -2.243812 
0.750000    1.669556 
0.800000    -0.333181 
0.850000    6.846351 
0.900000    1.497097 
0.950000    3.155176 
1.000000    -0.100297 
1.050000    -5.053815 
1.100000    -0.747903 
1.150000    -5.412354 
1.200000    2.492383 
1.250000    3.523724 
1.300000    3.677767 
1.350000    5.089069 
1.400000    0.215357 
1.450000    3.767965 
1.500000    0.082240 
1.550000    -4.065233 
1.600000    7.251477 
1.650000    0.043161 
1.700000    1.936898 
1.750000    0.274178 
1.800000    3.161008 
1.850000    3.212408 
1.900000    1.985142 
1.950000    -3.921421 
2.000000    0.216204 
2.050000    -5.015155 
2.100000    -0.666594 
2.150000    1.567968 
2.200000    1.182485 
2.250000    1.138249 
2.300000    10.165362 
2.350000    0.944131 
2.400000    8.975376 
2.450000    -6.781444 
2.500000    4.220205 
2.550000    2.553406 
2.600000    -0.439649 
2.650000    4.574820 
2.700000    -2.853367 
2.750000    3.949710 
2.800000    0.478717 
2.850000    2.526392 
2.900000    0.534484 
2.950000    7.481148 
3.000000    -0.741305 
3.050000    1.472931 
3.100000    1.870494 
3.150000    4.429693 
3.200000    1.031297 
3.250000    3.296496 
3.300000    2.209658 
3.350000    -5.563889 
3.400000    -0.106907 
3.450000    9.330738 
3.500000    -0.224549 
3.550000    9.608698 
3.600000    2.991843 
3.650000    2.768269 
3.700000    5.658676 
3.750000    12.772742 
3.800000    7.288185 
3.850000    13.387793 
3.900000    7.425286 
3.950000    8.486631 
4.000000    13.214684 
4.050000    8.356998 
4.100000    3.680139 
4.150000    6.338167 
4.200000    -2.780682 
4.250000    -1.296939 
4.300000    -1.254196 
4.350000    -1.124248 
4.400000    -3.950150 
4.450000    -4.834509 
4.500000    -10.270066 
4.550000    -9.850657 
4.600000    -10.666687 
4.650000    -12.967079 
4.700000    -16.889189 
4.750000    -19.360003 
4.800000    -16.798384 
4.850000    -15.548058 
4.900000    -17.461563 
4.950000    -22.985455 
5.000000    -24.144518 
5.050000    -16.472864 
5.100000    -22.066076 
5.150000    -16.642822 
5.200000    -19.749786 
5.250000    -12.939799 
5.300000    -17.495741 
5.350000    -10.093289 
5.400000    -12.808718 
5.450000    -10.190328 
5.500000    -7.191254 
5.550000    -0.827135 
5.600000    -2.635332 
5.650000    -1.470713 
5.700000    7.725241 
5.750000    8.371882 
5.800000    15.663177 
5.850000    14.771959 
5.900000    18.515665 
5.950000    17.337099 
6.000000    18.290081 
6.050000    28.341993 
6.100000    22.128004 
6.150000    25.409578 
6.200000    24.307764 
6.250000    33.449181 
6.300000    33.744534 
6.350000    28.067554 
6.400000    32.281319 
6.450000    24.200497 
6.500000    27.128523 
6.550000    23.203049 
6.600000    23.871674 
6.650000    21.266949 
6.700000    18.590399 
6.750000    16.742004 
6.800000    16.489033 
6.850000    9.492335 
6.900000    9.960644 
6.950000    4.675640 
7.000000    1.356470 
7.050000    3.539224 
7.100000    1.539587 
7.150000    -6.053776 
7.200000    -17.639105 
7.250000    -17.109575 
7.300000    -14.797203 
7.350000    -20.493401 
7.400000    -24.262884 
7.450000    -33.185257 
7.500000    -26.710136 
7.550000    -28.123512 
7.600000    -29.749151 
7.650000    -37.578934 
7.700000    -38.819668 
7.750000    -35.810925 
7.800000    -29.772423 
7.850000    -31.781128 
7.900000    -28.508875 
7.950000    -24.264860 
7.999999    -25.792130 
8.049999    -21.916809 
8.100000    -19.357954 
8.150000    -15.596456 
8.200000    -13.930159 
8.250000    -6.051618 
8.300000    -6.262938 
8.350000    -4.571048 
8.400000    -0.643031 
8.450000    3.407720 
8.500000    1.925852 
8.549999    5.198049 
8.599999    11.992498 
8.650000    8.999821 
8.700000    18.158815 
8.750000    21.016102 
8.800000    17.187605 
8.850000    20.029364 
8.900000    22.103895 
8.950000    26.274164 
9.000000    24.316849 
9.050000    23.710245 
9.099999    26.158926 
9.149999    19.528250 
9.200000    28.128244 
9.250000    25.396450 
9.300000    23.948305 
9.350000    21.800354 
9.400000    25.476274 
9.450000    16.020523 
9.500000    20.320683 
9.550000    14.240569 
9.600000    16.978262 
9.649999    7.527741 
9.699999    7.639736 
9.750000    5.461440 
9.800000    5.424705 
9.850000    3.973892 
9.900000    0.040978 
9.950000    6.146780 
10.000000    -1.023786 
10.050000    -4.761550 
10.100000    -2.455738 
10.150000    -3.589035 
10.199999    -7.479361 
10.249999    -9.240854 
10.300000    -11.286046 
10.350000    -11.862104 
10.400000    -14.345228 
10.450000    -16.712276 
10.500000    -9.544898 
10.550000    -9.302675 
10.600000    -8.950982 
10.650000    -8.010154 
10.700000    -1.720409 
10.749999    -10.308019 
10.799999    -2.663697 
10.849999    -9.729200 
10.900000    -4.542450 
10.950000    -10.497971 
11.000000    -9.900225 
11.050000    -5.812130 
11.100000    -2.970126 
11.150000    -6.365246 
11.200000    -4.381948 
11.250000    -1.865913 
11.299999    -6.574570 
11.349999    -5.528473 
11.399999    -5.117683 
11.450000    -1.283847 
11.500000    -0.523099 
11.550000    -3.591258 
11.600000    3.687072 
11.650000    4.373188 
11.700000    2.244332 
11.750000    3.504438 
11.800000    4.022332 
11.849999    6.078826 
11.899999    11.847777 
11.949999    4.017403 
12.000000    3.235874 
12.050000    1.953772 
12.100000    6.350465 
12.150000    -2.051316 
12.200000    4.838383 
12.250000    8.120920 
12.300000    7.166586 
12.350000    7.124917 
12.399999    3.507060 
12.449999    0.067774 
12.499999    4.258770 
12.550000    3.836635 
12.600000    8.531915 
12.650000    6.857311 
12.700000    4.267959 
12.750000    -0.410135 
12.800000    6.108374 
12.850000    -1.726695 
12.900000    -0.802207 
12.949999    2.103521 
12.999999    -0.022240 
13.049999    -2.747516 
13.100000    -1.344742 
13.150000    -0.686193 
13.200000    4.001081 
13.250000    1.378832 
13.300000    2.018931 
13.350000    -4.588146 
13.400000    7.264422 
13.450000    -1.125121 
13.499999    5.605187 
13.549999    4.053785 
13.599999    4.213736 
13.650000    3.014285 
13.700000    5.674002 
13.750000    -1.438564 
13.800000    -2.564155 
13.850000    5.650779 
13.900000    -3.885944 
13.950000    3.121501 
14.000000    7.594857 
14.049999    3.949384 
14.099999    1.772174 
14.149999    2.347093 
14.200000    -2.390173 
14.250000    -4.995150 
14.300000    -2.729485 
14.350000    -0.538158 
14.400000    -2.952457 
14.450000    6.471964 
14.500000    1.720207 
14.549999    10.242314 
14.599999    0.618238 
14.649999    -3.017460 
14.699999    -2.178363 
14.750000    0.287775 
14.800000    -0.427535 
14.850000    -4.878853 
14.900000    -3.635277 
14.950000    0.762027 
15.000000    -0.684203 
15.050000    -5.372817 
15.099999    -3.815837 
15.149999    1.622653 
15.199999    6.351740 
15.249999    -3.317102 
15.299999    2.044725 
15.350000    3.950208 
15.400000    2.630038 
15.450000    0.834900 
15.500000    -5.982055 
15.550000    -2.248358 
15.600000    8.447776 
15.650000    0.599958 
15.699999    1.987612 
15.750000    3.672843 
15.799999    6.312222 
15.850000    10.508254 
15.899999    -3.427889 
15.950000    -0.949491 
15.999999    -1.421941 
16.050000    -5.533627 
16.099999    2.444616 
16.150000    -0.686018 
16.200000    0.817081 
16.249999    6.151446 
16.300000    -3.466111 
16.349999    -2.031682 
16.400000    -2.534842 
16.449999    2.503984 
16.500000    2.235977 
16.549999    2.789845 
16.600000    -4.380519 
16.649999    0.574384 
16.700000    -1.590785 
16.750000    4.639452 
16.799999    5.379394 
16.850000    2.265221 
16.899999    -1.329541 
16.950000    -1.080091 
16.999999    1.291427 
17.050000    0.433602 
17.099999    -4.299942 
17.150000    -1.045747 
17.199999    4.669585 
17.250000    -0.781356 
17.300000    -3.539502 
17.349999    -4.438874 
17.400000    -4.996281 
17.449999    -3.840522 
17.500000    -7.208593 
17.549999    -3.536503 
17.600000    -5.992864 
17.649999    -5.751941 
17.700000    -4.144280 
17.749999    -2.882603 
17.800000    -1.354420 
17.850000    -5.162772 
17.899999    -1.403410 
17.950000    -4.942682 
17.999999    -5.054311 
18.050000    0.109137 
18.099999    -1.687390 
18.150000    -3.641864 
18.199999    9.842375 
18.250000    0.733321 
18.299999    -1.247361 
18.350000    3.639171 
18.400000    1.636066 
18.449999    -0.182375 
18.500000    -2.275735 
18.549999    -0.576906 
18.600000    -2.267170 
18.649999    -7.736992 
18.700000    1.242958 
18.749999    -3.249369 
18.800000    3.181431 
18.849999    0.638544 
18.900000    0.319365 
18.950000    3.154267 
18.999999    6.326919 
19.050000    -0.945650 
19.099999    -4.797545 
19.150000    4.078887 
19.199999    -0.497386 
19.250000    -5.710643 
19.299999    4.755337 
19.350000    -0.526176 
19.399999    8.145281 
19.450000    -1.024744 
19.500000    -1.210339 
19.549999    1.666419 
19.600000    1.788285 
19.649999    -4.299413 
19.700000    -1.336603 
19.749999    -1.403774 
19.800000    -6.035568 
19.849999    -3.731823 
19.900000    -0.838898 
19.949999    -2.423121 


Reverse Correlation Function   