Time    Magnitude 

0.000000    0.056087 
0.050000    0.806169 
0.100000    -0.861774 
0.150000    0.611086 
0.200000    -0.165815 
0.250000    -1.224413 
0.300000    -0.370392 
0.350000    0.059221 
0.400000    -1.836222 
0.450000    0.241852 
0.500000    2.220472 
0.550000    -2.665745 
0.600000    0.029929 
0.650000    0.550832 
0.700000    -0.058832 
0.750000    1.783536 
0.800000    -1.102922 
0.850000    0.085608 
0.900000    1.935047 
0.950000    1.850365 
1.000000    -0.548689 
1.050000    -0.866461 
1.100000    0.740201 
1.150000    -1.625178 
1.200000    2.117154 
1.250000    -1.598549 
1.300000    0.035706 
1.350000    -0.599795 
1.400000    1.000376 
1.450000    0.076536 
1.500000    0.788667 
1.550000    -1.471813 
1.600000    0.590696 
1.650000    1.116878 
1.700000    0.601759 
1.750000    -0.364360 
1.800000    0.291233 
1.850000    0.215042 
1.900000    -0.078976 
1.950000    -0.436329 
2.000000    -1.215135 
2.050000    1.060546 
2.100000    0.191930 
2.150000    0.201411 
2.200000    1.288212 
2.250000    -0.663386 
2.300000    0.010250 
2.350000    -0.026010 
2.400000    -0.193741 
2.450000    0.352612 
2.500000    0.294667 
2.550000    -0.164633 
2.600000    0.890091 
2.650000    0.825258 
2.700000    -0.669031 
2.750000    -0.071692 
2.800000    0.163479 
2.850000    1.450302 
2.900000    0.958518 
2.950000    -0.239039 
3.000000    -0.081793 
3.050000    0.729209 
3.100000    1.462486 
3.150000    0.984930 
3.200000    0.947978 
3.250000    -0.503823 
3.300000    0.927198 
3.350000    -0.446078 
3.400000    -0.373405 
3.450000    1.516139 
3.500000    0.504700 
3.550000    1.007794 
3.600000    0.116979 
3.650000    2.079096 
3.700000    1.455227 
3.750000    1.462390 
3.800000    2.772938 
3.850000    1.038668 
3.900000    1.377810 
3.950000    0.237104 
4.000000    1.242176 
4.050000    0.444225 
4.100000    3.156503 
4.150000    0.064157 
4.200000    0.485688 
4.250000    0.272632 
4.300000    1.661615 
4.350000    -0.369027 
4.400000    -0.440375 
4.450000    -1.113756 
4.500000    -1.784119 
4.550000    -0.590343 
4.600000    -3.089659 
4.650000    -1.127149 
4.700000    -0.945533 
4.750000    -2.680514 
4.800000    -2.621534 
4.850000    -3.756438 
4.900000    -4.860273 
4.950000    -1.744140 
5.000000    -2.925870 
5.050000    -3.341887 
5.100000    -2.411368 
5.150000    -3.740788 
5.200000    -3.357322 
5.250000    -2.473543 
5.300000    -1.894534 
5.350000    -2.532303 
5.400000    -1.302918 
5.450000    -1.304566 
5.500000    -0.915614 
5.550000    -1.839729 
5.600000    0.132242 
5.650000    0.232550 
5.700000    -0.450618 
5.750000    1.935301 
5.800000    1.233204 
5.850000    1.276536 
5.900000    0.818732 
5.950000    2.411098 
6.000000    5.012035 
6.050000    2.504944 
6.100000    3.973346 
6.150000    4.512752 
6.200000    4.172989 
6.250000    5.846133 
6.300000    3.688825 
6.350000    5.101844 
6.400000    5.391663 
6.450000    4.107507 
6.500000    4.820731 
6.550000    3.846411 
6.600000    2.937596 
6.650000    3.927398 
6.700000    3.664189 
6.750000    4.782832 
6.800000    2.559511 
6.850000    1.944608 
6.900000    0.839793 
6.950000    2.525406 
7.000000    -0.969697 
7.050000    -1.336459 
7.100000    -0.134935 
7.150000    -0.798172 
7.200000    -1.959285 
7.250000    -1.603658 
7.300000    -1.487784 
7.350000    -1.960527 
7.400000    -2.434758 
7.450000    -4.748690 
7.500000    -2.884741 
7.550000    -4.568765 
7.600000    -4.178119 
7.650000    -3.476908 
7.700000    -4.020408 
7.750000    -5.245783 
7.800000    -4.564519 
7.850000    -5.071421 
7.900000    -4.454505 
7.950000    -4.889037 
7.999999    -4.298996 
8.049999    -3.314893 
8.100000    -2.683084 
8.150000    -2.534900 
8.200000    -2.440177 
8.250000    -2.108144 
8.300000    -2.255173 
8.350000    -0.800777 
8.400000    -1.016840 
8.450000    -2.583869 
8.500000    -0.066701 
8.549999    -0.465888 
8.599999    2.191437 
8.650000    0.035848 
8.700000    1.959055 
8.750000    2.193270 
8.800000    3.244163 
8.850000    3.594063 
8.900000    2.735179 
8.950000    5.238139 
9.000000    3.560353 
9.050000    5.195550 
9.099999    4.090117 
9.149999    3.633766 
9.200000    3.232216 
9.250000    4.686589 
9.300000    3.525849 
9.350000    2.835562 
9.400000    4.379638 
9.450000    3.367855 
9.500000    3.171023 
9.550000    3.354370 
9.600000    2.256801 
9.649999    2.057932 
9.699999    3.627845 
9.750000    2.334877 
9.800000    0.996352 
9.850000    1.859131 
9.900000    -0.571506 
9.950000    -0.730375 
10.000000    1.094761 
10.050000    0.705998 
10.100000    -1.795688 
10.150000    -1.523710 
10.199999    -1.198150 
10.249999    -1.166478 
10.300000    -1.573655 
10.350000    0.958742 
10.400000    0.333609 
10.450000    -1.718248 
10.500000    -2.012372 
10.550000    -1.447048 
10.600000    -0.040056 
10.650000    -1.309193 
10.700000    -1.441967 
10.749999    -1.710778 
10.799999    -2.256091 
10.849999    -1.431392 
10.900000    -0.768691 
10.950000    -1.202807 
11.000000    1.933460 
11.050000    -2.696610 
11.100000    0.363236 
11.150000    -2.519843 
11.200000    0.018403 
11.250000    -0.395616 
11.299999    0.573559 
11.349999    -1.142846 
11.399999    -0.734940 
11.450000    0.433053 
11.500000    -0.890438 
11.550000    1.074183 
11.600000    1.076355 
11.650000    -0.101949 
11.700000    0.729728 
11.750000    1.606014 
11.800000    0.921357 
11.849999    0.334618 
11.899999    1.588428 
11.949999    0.622919 
12.000000    0.969107 
12.050000    -0.474674 
12.100000    0.298073 
12.150000    1.758897 
12.200000    0.526825 
12.250000    -0.601178 
12.300000    0.550946 
12.350000    0.396640 
12.399999    1.393472 
12.449999    2.511788 
12.499999    0.804474 
12.550000    0.426978 
12.600000    0.330872 
12.650000    0.982128 
12.700000    -0.130775 
12.750000    0.700510 
12.800000    0.943585 
12.850000    0.833066 
12.900000    0.156433 
12.949999    0.652538 
12.999999    0.581310 
13.049999    -0.541131 
13.100000    1.396720 
13.150000    1.065163 
13.200000    1.053007 
13.250000    -0.861662 
13.300000    0.623864 
13.350000    -0.053345 
13.400000    -0.431500 
13.450000    0.167045 
13.499999    -0.582047 
13.549999    0.812052 
13.599999    0.097217 
13.650000    -1.155423 
13.700000    -0.465359 
13.750000    -1.598940 
13.800000    0.041712 
13.850000    0.678135 
13.900000    2.873940 
13.950000    0.716393 
14.000000    0.848840 
14.049999    0.638055 
14.099999    0.678883 
14.149999    1.966458 
14.200000    1.398432 
14.250000    -0.542442 
14.300000    0.800657 
14.350000    -1.946621 
14.400000    -0.094892 
14.450000    0.528295 
14.500000    -0.436439 
14.549999    0.116108 
14.599999    -0.091220 
14.649999    0.024686 
14.699999    0.812288 
14.750000    0.597468 
14.800000    -0.619685 
14.850000    0.069944 
14.900000    0.421479 
14.950000    1.371006 
15.000000    -1.152015 
15.050000    0.063097 
15.099999    -2.229903 
15.149999    0.578598 
15.199999    0.679801 
15.249999    -0.022884 
15.299999    0.427332 
15.350000    -0.017846 
15.400000    1.597715 
15.450000    1.584823 
15.500000    -0.211249 
15.550000    0.145649 
15.600000    -0.618400 
15.650000    0.043288 
15.699999    -0.447560 
15.750000    1.658651 
15.799999    -0.199058 
15.850000    -0.323932 
15.899999    0.545227 
15.950000    0.827690 
15.999999    0.719625 
16.050000    0.482241 
16.099999    -0.035332 
16.150000    1.051976 
16.200000    0.521755 
16.249999    0.386075 
16.300000    2.580813 
16.349999    -1.347386 
16.400000    -0.081775 
16.449999    -0.535032 
16.500000    1.006796 
16.549999    0.661921 
16.600000    0.168395 
16.649999    -0.626544 
16.700000    -0.209623 
16.750000    -0.760383 
16.799999    -0.888386 
16.850000    -0.856027 
16.899999    0.700818 
16.950000    0.453297 
16.999999    -0.201196 
17.050000    0.503684 
17.099999    0.131898 
17.150000    -1.210213 
17.199999    -0.810061 
17.250000    -0.147391 
17.300000    -0.191838 
17.349999    -0.881361 
17.400000    1.937896 
17.449999    -1.057851 
17.500000    0.854992 
17.549999    0.627167 
17.600000    -1.663372 
17.649999    -0.477214 
17.700000    0.441330 
17.749999    -1.463927 
17.800000    -0.373634 
17.850000    -0.148553 
17.899999    0.194716 
17.950000    -1.990069 
17.999999    -0.614255 
18.050000    -0.501152 
18.099999    -1.678480 
18.150000    -2.294026 
18.199999    -0.960357 
18.250000    -1.579296 
18.299999    -0.543791 
18.350000    -0.641060 
18.400000    -1.585853 
18.449999    0.552133 
18.500000    -1.393898 
18.549999    0.607964 
18.600000    0.802807 
18.649999    -0.414418 
18.700000    1.178041 
18.749999    1.012373 
18.800000    1.274934 
18.849999    0.106412 
18.900000    0.890034 
18.950000    0.995674 
18.999999    1.253413 
19.050000    0.848535 
19.099999    0.086732 
19.150000    -0.226584 
19.199999    -1.237464 
19.250000    3.625704 
19.299999    0.548125 
19.350000    1.688108 
19.399999    1.892272 
19.450000    -1.273135 
19.500000    -0.984761 
19.549999    1.951112 
19.600000    -0.252531 
19.649999    -0.247982 
19.700000    0.241034 
19.749999    -0.760257 
19.800000    1.638244 
19.849999    0.990642 
19.900000    0.008350 
19.949999    0.713501 


Reverse Correlation Function   