Time    Magnitude 

0.000000    0.013727 
0.050000    -0.011791 
0.100000    -0.003040 
0.150000    -0.023368 
0.200000    0.022082 
0.250000    -0.004937 
0.300000    -0.012509 
0.350000    0.010955 
0.400000    -0.028875 
0.450000    -0.002012 
0.500000    0.036040 
0.550000    0.025662 
0.600000    -0.008986 
0.650000    0.000501 
0.700000    -0.006473 
0.750000    -0.031383 
0.800000    0.010324 
0.850000    -0.010316 
0.900000    0.004309 
0.950000    -0.037478 
1.000000    -0.015589 
1.050000    0.034781 
1.100000    -0.036937 
1.150000    0.057886 
1.200000    0.004490 
1.250000    0.005277 
1.300000    0.005780 
1.350000    0.002289 
1.400000    0.023619 
1.450000    -0.003262 
1.500000    0.028540 
1.550000    0.016887 
1.600000    0.035785 
1.650000    0.016712 
1.700000    0.038008 
1.750000    0.009883 
1.800000    0.038999 
1.850000    0.019613 
1.900000    0.013949 
1.950000    0.055554 
2.000000    -0.009065 
2.050000    0.026566 
2.100000    0.045481 
2.150000    -0.012828 
2.200000    0.009932 
2.250000    0.001957 
2.300000    -0.070409 
2.350000    -0.000073 
2.400000    0.031135 
2.450000    0.029611 
2.500000    -0.019837 
2.550000    0.025639 
2.600000    0.026725 
2.650000    0.034143 
2.700000    -0.046475 
2.750000    0.005855 
2.800000    0.028729 
2.850000    0.008329 
2.900000    0.062594 
2.950000    0.009413 
3.000000    0.055795 
3.050000    0.014103 
3.100000    0.026861 
3.150000    -0.007347 
3.200000    0.016272 
3.250000    -0.015956 
3.300000    -0.047394 
3.350000    0.006888 
3.400000    -0.059222 
3.450000    -0.026704 
3.500000    -0.020195 
3.550000    -0.034012 
3.600000    -0.029420 
3.650000    -0.014548 
3.700000    -0.013195 
3.750000    -0.043276 
3.800000    -0.052812 
3.850000    -0.033205 
3.900000    -0.000206 
3.950000    -0.036997 
4.000000    0.003915 
4.050000    -0.007644 
4.100000    0.041284 
4.150000    0.020361 
4.200000    0.051835 
4.250000    0.035337 
4.300000    0.058844 
4.350000    0.022193 
4.400000    0.079874 
4.450000    0.086209 
4.500000    0.091754 
4.550000    0.094821 
4.600000    0.066836 
4.650000    0.034759 
4.700000    0.087727 
4.750000    0.025896 
4.800000    0.007699 
4.850000    0.029040 
4.900000    0.035947 
4.950000    -0.009584 
5.000000    -0.053450 
5.050000    -0.038640 
5.100000    -0.079234 
5.150000    -0.104809 
5.200000    -0.066147 
5.250000    -0.101232 
5.300000    -0.163241 
5.350000    -0.097255 
5.400000    -0.042911 
5.450000    -0.112149 
5.500000    -0.060240 
5.550000    -0.077759 
5.600000    0.012281 
5.650000    0.040565 
5.700000    0.039711 
5.750000    0.004911 
5.800000    0.092930 
5.850000    0.087125 
5.900000    0.109521 
5.950000    0.094874 
6.000000    0.133978 
6.050000    0.100155 
6.100000    0.102504 
6.150000    0.135325 
6.200000    0.079300 
6.250000    0.123867 
6.300000    0.076190 
6.350000    0.066891 
6.400000    -0.002568 
6.450000    0.045152 
6.500000    -0.010657 
6.550000    -0.078206 
6.600000    -0.054673 
6.650000    -0.076622 
6.700000    -0.114521 
6.750000    -0.093742 
6.800000    -0.171295 
6.850000    -0.155707 
6.900000    -0.107729 
6.950000    -0.132148 
7.000000    -0.154659 
7.050000    -0.133934 
7.100000    -0.093139 
7.150000    -0.099126 
7.200000    0.013229 
7.250000    -0.028322 
7.300000    0.018974 
7.350000    0.061873 
7.400000    0.100187 
7.450000    0.161072 
7.500000    0.094617 
7.550000    0.057901 
7.600000    0.118130 
7.650000    0.189238 
7.700000    0.099755 
7.750000    0.106513 
7.800000    0.099206 
7.850000    0.063998 
7.900000    0.024582 
7.950000    -0.011916 
8.000000    0.001670 
8.050000    -0.030532 
8.100000    -0.036284 
8.150000    -0.077312 
8.200000    -0.062468 
8.250000    -0.084223 
8.300000    -0.079031 
8.350000    -0.104620 
8.400000    -0.069094 
8.450000    -0.015553 
8.500000    -0.080879 
8.550000    -0.043136 
8.600000    -0.031036 
8.650000    -0.012035 
8.700000    -0.032762 
8.750000    0.027956 
8.800000    0.022267 
8.850000    0.027774 
8.900000    0.044011 
8.950000    0.051597 
9.000000    0.072356 
9.050000    0.044015 
9.100000    0.061756 
9.150000    0.076431 
9.200000    0.096111 
9.250000    0.013033 
9.300000    0.026920 
9.350000    0.032727 
9.400000    0.006965 
9.450000    0.026998 
9.500000    0.000786 
9.550000    -0.066010 
9.600000    -0.048559 
9.650000    -0.063677 
9.700000    -0.004575 
9.750000    -0.077107 
9.800000    -0.037942 
9.850000    -0.056160 
9.900000    -0.019025 
9.950000    -0.015885 
10.000000    0.029709 
10.050000    0.002272 
10.100000    -0.017391 
10.150000    0.003816 
10.200000    -0.001736 
10.250000    -0.005832 
10.300000    0.047698 
10.350000    0.028129 
10.400000    0.054578 
10.450000    0.060185 
10.500000    0.022527 
10.550000    0.000152 
10.600000    0.053745 
10.650000    0.005169 
10.700000    0.061641 
10.750000    0.026126 
10.800000    0.019914 
10.850000    -0.000137 
10.900000    -0.051214 
10.950000    0.009475 
11.000000    -0.023929 
11.050000    -0.016338 
11.100000    -0.017002 
11.150000    -0.032310 
11.200000    0.025869 
11.250000    -0.011958 
11.300000    -0.065794 
11.350000    -0.036623 
11.400000    0.014923 
11.450000    0.002771 
11.500000    -0.041667 
11.550000    -0.022095 
11.600000    -0.004496 
11.650000    -0.001854 
11.700000    -0.030327 
11.750000    0.068522 
11.800000    0.008662 
11.850000    0.005578 
11.900000    0.021283 
11.950000    -0.007439 
12.000000    0.050226 
12.050000    0.033452 
12.100000    -0.032911 
12.150000    0.024007 
12.200000    -0.005181 
12.250000    0.040600 
12.300000    0.021080 
12.350000    0.008700 
12.400000    0.002234 
12.450000    0.013713 
12.500000    0.058620 
12.550000    0.028227 
12.600000    0.006576 
12.650000    -0.013368 
12.700000    0.009031 
12.750000    -0.025698 
12.800000    -0.041466 
12.850000    0.021466 
12.900000    0.000514 
12.950000    0.026279 
13.000000    -0.044825 
13.050000    0.023469 
13.100000    -0.023265 
13.150000    -0.016082 
13.200000    0.000350 
13.250000    -0.008388 
13.300000    -0.051278 
13.350000    0.031829 
13.400000    0.022023 
13.450000    0.042734 
13.500000    0.022504 
13.550000    -0.011255 
13.600000    0.027839 
13.650000    0.038625 
13.700000    -0.021922 
13.750000    -0.032275 
13.800000    0.042841 
13.850000    0.058384 
13.900000    0.002907 
13.950000    0.043571 
14.000000    0.080536 
14.050000    0.018821 
14.100000    -0.014320 
14.150000    0.007157 
14.200000    0.012427 
14.250000    -0.025965 
14.300000    -0.021778 
14.350000    -0.018680 
14.400000    -0.027431 
14.450000    0.026685 
14.500000    0.010072 
14.550000    -0.007069 
14.600000    -0.025224 
14.650000    -0.007496 
14.700000    -0.012872 
14.750000    0.043401 
14.800000    0.029082 
14.850000    -0.016281 
14.900000    -0.027336 
14.950000    0.028294 
15.000000    0.031990 
15.050000    -0.016842 
15.100000    0.000517 
15.150000    0.008323 
15.200000    -0.051610 
15.250000    -0.003248 
15.300000    0.017749 
15.350000    0.033513 
15.400000    0.029192 
15.450000    -0.063379 
15.500000    0.004777 
15.550000    0.000248 
15.600000    0.027939 
15.650000    0.011060 
15.700000    -0.012848 
15.750000    -0.026073 
15.800000    0.001483 
15.850000    0.050983 
15.900000    0.009652 
15.950000    -0.022417 
16.000000    -0.015694 
16.050000    0.002784 
16.100000    0.006465 
16.150000    0.037915 
16.200000    -0.013498 
16.250000    -0.035577 
16.300000    -0.019050 
16.350000    -0.001421 
16.400000    0.007988 
16.450000    -0.009520 
16.500000    -0.037766 
16.550000    0.003659 
16.600000    -0.029862 
16.650000    0.009955 
16.700000    0.003587 
16.750000    0.033714 
16.800000    -0.038149 
16.850000    -0.003528 
16.900000    0.033665 
16.950000    0.005476 
17.000000    -0.035877 
17.050000    0.010412 
17.100000    0.004586 
17.150000    0.040103 
17.200000    0.033825 
17.250000    0.004894 
17.300000    0.019455 
17.350000    0.014546 
17.400000    0.002790 
17.450000    0.002686 
17.500000    0.015918 
17.550000    -0.017030 
17.600000    -0.001118 
17.650000    0.004968 
17.700000    -0.024546 
17.750000    -0.029202 
17.800000    0.000664 
17.850000    0.034043 
17.900000    -0.003010 
17.950000    -0.040132 
18.000000    -0.009628 
18.050000    0.009002 
18.100000    0.011625 
18.150000    -0.045640 
18.200000    -0.028704 
18.250000    -0.021675 
18.300000    -0.013345 
18.350000    0.030813 
18.400000    0.014020 
18.450000    -0.006188 
18.500000    -0.033234 
18.550000    -0.019652 
18.600000    0.048947 
18.650000    -0.015594 
18.700000    0.022010 
18.750000    0.014007 
18.800000    0.000860 
18.850000    -0.000124 
18.900000    0.007469 
18.950000    0.016036 
19.000000    -0.001630 
19.050000    0.006829 
19.100000    -0.046994 
19.150000    0.034763 
19.200000    -0.036604 
19.250000    -0.026802 
19.300000    -0.051023 
19.350000    -0.001975 
19.400000    -0.027613 
19.450000    -0.020968 
19.500000    -0.001069 
19.550000    -0.035075 
19.600000    -0.029919 
19.650000    -0.026253 
19.700000    -0.007670 
19.750000    -0.020672 
19.799999    0.030010 
19.849999    -0.005137 
19.899999    -0.006255 
19.949999    -0.007838 


Reverse Correlation Function   