Time    Magnitude 

0.000000    0.008051 
0.050000    -0.074936 
0.100000    0.023294 
0.150000    0.158881 
0.200000    -0.157653 
0.250000    0.188707 
0.300000    -0.230806 
0.350000    -0.065638 
0.400000    0.044509 
0.450000    -0.014215 
0.500000    -0.078145 
0.550000    0.065529 
0.600000    -0.142205 
0.650000    0.098415 
0.700000    -0.054405 
0.750000    -0.199113 
0.800000    0.140384 
0.850000    -0.142123 
0.900000    -0.099997 
0.950000    0.100365 
1.000000    0.109491 
1.050000    0.172631 
1.100000    -0.125996 
1.150000    0.069349 
1.200000    -0.070030 
1.250000    0.098152 
1.300000    0.003715 
1.350000    0.047897 
1.400000    0.051273 
1.450000    0.228934 
1.500000    -0.222205 
1.550000    0.120260 
1.600000    -0.038890 
1.650000    -0.290358 
1.700000    -0.018042 
1.750000    0.042771 
1.800000    -0.140811 
1.850000    -0.043382 
1.900000    0.071657 
1.950000    -0.252299 
2.000000    -0.015203 
2.050000    0.010100 
2.100000    -0.004679 
2.150000    -0.164271 
2.200000    -0.205620 
2.250000    -0.089348 
2.300000    -0.028821 
2.350000    0.015031 
2.400000    0.323577 
2.450000    0.291364 
2.500000    0.108931 
2.550000    -0.113169 
2.600000    0.015888 
2.650000    -0.293020 
2.700000    -0.304416 
2.750000    -0.267525 
2.800000    0.216112 
2.850000    0.308110 
2.900000    0.385325 
2.950000    0.122361 
3.000000    0.076716 
3.050000    -0.488216 
3.100000    -0.629696 
3.150000    -0.200290 
3.200000    -0.108249 
3.250000    0.764005 
3.300000    0.457738 
3.350000    0.215539 
3.400000    -0.147626 
3.450000    -0.484019 
3.500000    -0.489470 
3.550000    -0.627527 
3.600000    -0.052365 
3.650000    0.478415 
3.700000    0.465133 
3.750000    0.498895 
3.800000    -0.246810 
3.850000    -0.558214 
3.900000    -0.533533 
3.950000    -0.259456 
4.000000    0.115162 
4.050000    0.461280 
4.100000    0.761670 
4.150000    0.406358 
4.200000    -0.110604 
4.250000    -0.487693 
4.300000    -0.444212 
4.350000    -0.357341 
4.400000    0.276969 
4.450000    0.518578 
4.500000    0.467935 
4.550000    0.189430 
4.600000    -0.264650 
4.650000    -0.433312 
4.700000    -0.423269 
4.750000    0.016195 
4.800000    0.185326 
4.850000    0.583714 
4.900000    0.226908 
4.950000    0.143867 
5.000000    -0.195332 
5.050000    -0.217397 
5.100000    -0.157624 
5.150000    0.093235 
5.200000    0.373286 
5.250000    0.225129 
5.300000    0.207434 
5.350000    0.100753 
5.400000    -0.269184 
5.450000    -0.330655 
5.500000    0.083501 
5.550000    0.023114 
5.600000    0.333341 
5.650000    -0.025973 
5.700000    -0.055217 
5.750000    -0.021943 
5.800000    -0.347381 
5.850000    -0.157149 
5.900000    -0.054398 
5.950000    -0.002030 
6.000000    0.034502 
6.050000    -0.032972 
6.100000    -0.141162 
6.150000    0.028574 
6.200000    -0.113527 
6.250000    -0.154564 
6.300000    -0.014835 
6.350000    0.102707 
6.400000    0.037315 
6.450000    0.010605 
6.500000    -0.021259 
6.550000    0.025172 
6.600000    -0.116140 
6.650000    0.010472 
6.700000    -0.065353 
6.750000    -0.020808 
6.800000    -0.184798 
6.850000    0.063973 
6.900000    -0.010042 
6.950000    -0.089109 
7.000000    0.072080 
7.050000    -0.049506 
7.100000    -0.063728 
7.150000    -0.021445 
7.200000    0.068658 
7.250000    0.028341 
7.300000    0.027130 
7.350000    -0.092545 
7.400000    0.075235 
7.450000    -0.039551 
7.500000    -0.001604 
7.550000    0.123325 
7.600000    -0.078819 
7.650000    0.105601 
7.700000    0.001173 
7.750000    -0.025134 
7.800000    0.026050 
7.850000    0.273436 
7.900000    0.007907 
7.950000    -0.220703 
8.000000    0.142951 
8.050000    0.033307 
8.100000    0.068283 
8.150000    0.051242 
8.200000    -0.162123 
8.250000    0.109414 
8.300000    -0.158669 
8.350000    -0.202825 
8.400000    -0.131460 
8.450000    -0.245644 
8.500000    -0.156122 
8.550000    -0.006839 
8.600000    0.052327 
8.650000    0.021367 
8.700000    -0.161638 
8.750000    0.119609 
8.800000    0.033505 
8.850000    0.063259 
8.900000    0.052397 
8.950000    0.014139 
9.000000    0.050802 
9.050000    0.145066 
9.100000    0.011138 
9.150000    0.140716 
9.200000    0.063793 
9.250000    -0.009579 
9.300000    0.160765 
9.350000    0.069495 
9.400000    -0.022850 
9.450000    -0.021924 
9.500000    -0.067411 
9.550000    -0.075375 
9.600000    0.032114 
9.650000    0.056989 
9.700000    0.221639 
9.750000    -0.054598 
9.800000    0.046789 
9.850000    -0.041734 
9.900000    -0.035456 
9.950000    -0.105337 
10.000000    0.022112 
10.050000    0.141643 
10.100000    0.213075 
10.150000    -0.020524 
10.200000    0.119367 
10.250000    -0.070487 
10.300000    -0.041833 
10.350000    0.140895 
10.400000    -0.048863 
10.450000    0.250318 
10.500000    0.091983 
10.550000    -0.032909 
10.600000    0.036979 
10.650000    0.053849 
10.700000    -0.120196 
10.750000    0.133653 
10.800000    0.188634 
10.850000    -0.075276 
10.900000    -0.015748 
10.950000    0.049885 
11.000000    -0.177918 
11.050000    0.067387 
11.100000    -0.013205 
11.150000    -0.056652 
11.200000    -0.043903 
11.250000    0.092191 
11.300000    0.062466 
11.350000    -0.043507 
11.400000    -0.030880 
11.450000    0.069228 
11.500000    0.128112 
11.550000    -0.056313 
11.600000    -0.029093 
11.650000    -0.085996 
11.700000    -0.138295 
11.750000    0.121779 
11.800000    0.077429 
11.850000    0.030227 
11.900000    0.120618 
11.950000    -0.039554 
12.000000    0.129839 
12.050000    0.016735 
12.100000    -0.056181 
12.150000    -0.018029 
12.200000    0.006422 
12.250000    0.046492 
12.300000    0.018743 
12.350000    -0.058875 
12.400000    0.084978 
12.450000    -0.034853 
12.500000    -0.074985 
12.550000    -0.077244 
12.600000    -0.190396 
12.650000    -0.079910 
12.700000    -0.052288 
12.750000    -0.043684 
12.800000    0.008721 
12.850000    0.120361 
12.900000    0.022012 
12.950000    -0.027932 
13.000000    0.000728 
13.050000    -0.072977 
13.100000    0.052703 
13.150000    0.068653 
13.200000    0.098517 
13.250000    0.001848 
13.300000    0.023371 
13.350000    -0.046615 
13.400000    -0.095920 
13.450000    0.049924 
13.500000    0.074233 
13.550000    0.020498 
13.600000    -0.097293 
13.650000    -0.012603 
13.700000    -0.176556 
13.750000    -0.030085 
13.800000    0.094034 
13.850000    -0.229729 
13.900000    -0.123977 
13.950000    -0.030303 
14.000000    0.065245 
14.050000    0.020440 
14.100000    0.010567 
14.150000    -0.004365 
14.200000    0.007178 
14.250000    -0.283057 
14.300000    -0.033941 
14.350000    -0.079544 
14.400000    0.107296 
14.450000    -0.009371 
14.500000    -0.009792 
14.550000    -0.055303 
14.600000    0.245597 
14.650000    -0.058630 
14.700000    0.003052 
14.750000    0.194629 
14.800000    0.087046 
14.850000    -0.005740 
14.900000    0.038292 
14.950000    -0.026475 
15.000000    -0.092194 
15.050000    -0.072643 
15.100000    0.102474 
15.150000    0.133151 
15.200000    -0.033839 
15.250000    0.017304 
15.300000    0.083929 
15.350000    0.000139 
15.400000    0.109280 
15.450000    -0.105044 
15.500000    -0.168869 
15.550000    0.035224 
15.600000    0.136636 
15.650000    0.130476 
15.700000    0.003447 
15.750000    0.129022 
15.800000    -0.038947 
15.850000    -0.032191 
15.900000    0.032327 
15.950000    0.032639 
16.000000    0.120676 
16.050000    -0.059444 
16.100000    0.027427 
16.150000    -0.059894 
16.200000    0.150359 
16.250000    0.096634 
16.300000    0.053887 
16.350000    -0.028781 
16.400000    0.174998 
16.450000    0.074054 
16.500000    0.019890 
16.550000    0.154695 
16.600000    -0.049368 
16.650000    0.062103 
16.700000    0.050919 
16.750000    0.016060 
16.800000    0.065361 
16.850000    -0.018098 
16.900000    -0.059812 
16.950000    0.074844 
17.000000    0.284163 
17.050000    0.135615 
17.100000    0.078546 
17.150000    0.167198 
17.200000    0.216013 
17.250000    -0.084449 
17.300000    -0.109778 
17.350000    -0.059424 
17.400000    -0.054833 
17.450000    0.013329 
17.500000    0.268728 
17.550000    0.107003 
17.600000    0.132995 
17.650000    0.036685 
17.700000    -0.041633 
17.750000    0.001773 
17.800000    -0.197936 
17.850000    -0.014457 
17.900000    0.079456 
17.950000    0.037292 
18.000000    0.089257 
18.050000    0.110207 
18.100000    0.104407 
18.150000    -0.036524 
18.200000    -0.163566 
18.250000    0.028534 
18.300000    0.106366 
18.350000    0.071926 
18.400000    -0.013534 
18.450000    -0.022300 
18.500000    0.157126 
18.550000    -0.002079 
18.600000    -0.004934 
18.650000    0.034385 
18.700000    -0.121730 
18.750000    -0.065402 
18.800000    0.052685 
18.850000    -0.017055 
18.900000    0.187943 
18.950000    0.016665 
19.000000    0.157568 
19.050000    0.030388 
19.100000    0.098281 
19.150000    -0.132405 
19.200000    -0.002207 
19.250000    0.045071 
19.300000    0.071585 
19.350000    -0.093178 
19.400000    0.159038 
19.450000    0.027378 
19.500000    -0.054275 
19.550000    0.001954 
19.600000    -0.054770 
19.650000    -0.160909 
19.700000    0.085111 
19.750000    -0.003289 
19.799999    0.153799 
19.849999    0.177196 
19.899999    -0.000502 
19.949999    -0.105717 


Reverse Correlation Function   