Time    Magnitude 

0.000000    -0.113153 
0.050000    0.111058 
0.100000    0.212355 
0.150000    -0.091851 
0.200000    0.067752 
0.250000    -0.177842 
0.300000    0.157990 
0.350000    0.188269 
0.400000    -0.009758 
0.450000    -0.025236 
0.500000    -0.096455 
0.550000    -0.096405 
0.600000    0.098096 
0.650000    0.059450 
0.700000    -0.008813 
0.750000    0.012984 
0.800000    0.215274 
0.850000    0.077454 
0.900000    -0.012139 
0.950000    -0.004689 
1.000000    0.001480 
1.050000    -0.034844 
1.100000    -0.015057 
1.150000    0.017108 
1.200000    0.080913 
1.250000    0.091312 
1.300000    0.044786 
1.350000    0.115792 
1.400000    0.170846 
1.450000    0.193510 
1.500000    0.044548 
1.550000    0.123390 
1.600000    -0.039083 
1.650000    0.221090 
1.700000    -0.093628 
1.750000    -0.039528 
1.800000    0.155614 
1.850000    -0.037555 
1.900000    -0.102478 
1.950000    -0.121956 
2.000000    0.047949 
2.050000    0.060220 
2.100000    -0.086763 
2.150000    -0.060528 
2.200000    -0.081391 
2.250000    0.164969 
2.300000    0.079509 
2.350000    -0.045435 
2.400000    -0.018733 
2.450000    0.216213 
2.500000    0.073519 
2.550000    0.162830 
2.600000    0.174830 
2.650000    0.048892 
2.700000    -0.037690 
2.750000    0.278832 
2.800000    0.098348 
2.850000    0.272720 
2.900000    0.076702 
2.950000    0.132401 
3.000000    0.012835 
3.050000    0.133010 
3.100000    0.156174 
3.150000    -0.016372 
3.200000    -0.130510 
3.250000    -0.073780 
3.300000    -0.097869 
3.350000    0.009427 
3.400000    0.001400 
3.450000    -0.298689 
3.500000    -0.103326 
3.550000    -0.191779 
3.600000    -0.179470 
3.650000    -0.059518 
3.700000    -0.286087 
3.750000    -0.170619 
3.800000    -0.322494 
3.850000    -0.196695 
3.900000    0.022668 
3.950000    -0.054042 
4.000000    0.140296 
4.050000    0.210294 
4.100000    0.103881 
4.150000    0.066122 
4.200000    0.310225 
4.250000    0.051363 
4.300000    0.504454 
4.350000    0.519303 
4.400000    0.485793 
4.450000    0.525005 
4.500000    0.503129 
4.550000    0.343847 
4.600000    0.517539 
4.650000    0.449040 
4.700000    0.469727 
4.750000    0.254028 
4.800000    -0.134824 
4.850000    0.046966 
4.900000    0.023802 
4.950000    -0.287542 
5.000000    -0.432097 
5.050000    -0.439085 
5.100000    -0.452034 
5.150000    -0.679457 
5.200000    -0.718989 
5.250000    -0.658237 
5.300000    -0.545706 
5.350000    -0.717530 
5.400000    -0.476840 
5.450000    -0.332662 
5.500000    -0.364872 
5.550000    -0.099628 
5.600000    -0.247797 
5.650000    0.071728 
5.700000    0.024349 
5.750000    0.376850 
5.800000    0.518973 
5.850000    0.776021 
5.900000    0.652885 
5.950000    0.663059 
6.000000    0.958732 
6.050000    0.909664 
6.100000    1.090443 
6.150000    0.851019 
6.200000    0.760125 
6.250000    0.598441 
6.300000    0.481529 
6.350000    0.417638 
6.400000    0.283064 
6.450000    0.112153 
6.500000    -0.148392 
6.550000    -0.519156 
6.600000    -0.359182 
6.650000    -0.643053 
6.700000    -0.768328 
6.750000    -0.896643 
6.800000    -0.919978 
6.850000    -0.895941 
6.900000    -0.682763 
6.950000    -0.610973 
7.000000    -0.680103 
7.050000    -0.216316 
7.100000    -0.658696 
7.150000    -0.104143 
7.200000    -0.278687 
7.250000    0.077980 
7.300000    0.344695 
7.350000    0.436136 
7.400000    0.682430 
7.450000    0.888028 
7.500000    0.929712 
7.550000    0.871813 
7.600000    0.788221 
7.650000    0.748705 
7.700000    0.675208 
7.750000    0.712105 
7.800000    0.595022 
7.850000    0.362178 
7.900000    0.249354 
7.950000    -0.020150 
8.000000    -0.164168 
8.050000    -0.231460 
8.100000    -0.211753 
8.150000    -0.568729 
8.200000    -0.618642 
8.250000    -0.644720 
8.300000    -0.661953 
8.350000    -0.591832 
8.400000    -0.596456 
8.450000    -0.671262 
8.500000    -0.383372 
8.550000    -0.391345 
8.600000    -0.257333 
8.650000    -0.176805 
8.700000    0.022809 
8.750000    0.223029 
8.800000    0.258875 
8.850000    0.331372 
8.900000    0.383701 
8.950000    0.500426 
9.000000    0.609543 
9.050000    0.536403 
9.100000    0.494921 
9.150000    0.420417 
9.200000    0.478672 
9.250000    0.154217 
9.300000    0.133537 
9.350000    0.125767 
9.400000    0.076069 
9.450000    -0.008151 
9.500000    -0.128679 
9.550000    -0.261326 
9.600000    -0.355024 
9.650000    -0.192212 
9.700000    -0.311198 
9.750000    -0.267257 
9.800000    -0.486895 
9.850000    -0.371459 
9.900000    -0.266478 
9.950000    -0.129528 
10.000000    -0.012072 
10.050000    0.016108 
10.100000    0.105844 
10.150000    0.021553 
10.200000    0.120249 
10.250000    0.172967 
10.300000    0.164371 
10.350000    0.242297 
10.400000    0.285266 
10.450000    0.133348 
10.500000    0.368790 
10.550000    0.298540 
10.600000    0.184113 
10.650000    0.178867 
10.700000    0.143086 
10.750000    0.147465 
10.800000    0.152167 
10.850000    -0.066196 
10.900000    -0.043293 
10.950000    0.002434 
11.000000    -0.070726 
11.050000    -0.081276 
11.100000    -0.012390 
11.150000    -0.231432 
11.200000    -0.174210 
11.250000    -0.068767 
11.300000    0.043616 
11.350000    -0.072611 
11.400000    -0.047457 
11.450000    -0.107129 
11.500000    0.196674 
11.550000    0.092544 
11.600000    -0.084093 
11.650000    -0.073117 
11.700000    0.046368 
11.750000    0.118482 
11.800000    0.063134 
11.850000    0.178333 
11.900000    0.140652 
11.950000    -0.066843 
12.000000    0.173985 
12.050000    0.090341 
12.100000    0.058478 
12.150000    0.029052 
12.200000    0.410805 
12.250000    0.017438 
12.300000    0.050087 
12.350000    -0.012432 
12.400000    0.111060 
12.450000    0.165187 
12.500000    -0.080872 
12.550000    0.151962 
12.600000    0.031003 
12.650000    0.112259 
12.700000    0.254469 
12.750000    -0.008013 
12.800000    -0.060868 
12.850000    -0.073422 
12.900000    -0.067622 
12.950000    0.053566 
13.000000    -0.191898 
13.050000    -0.007868 
13.100000    -0.161607 
13.150000    -0.162773 
13.200000    -0.053081 
13.250000    0.052457 
13.300000    0.062230 
13.350000    -0.191700 
13.400000    -0.259090 
13.450000    0.046926 
13.500000    0.046317 
13.550000    0.051214 
13.600000    0.024260 
13.650000    0.149682 
13.700000    0.178327 
13.750000    -0.071243 
13.800000    0.142544 
13.850000    0.223326 
13.900000    -0.046467 
13.950000    -0.054721 
14.000000    0.046097 
14.050000    -0.128436 
14.100000    0.190061 
14.150000    0.124871 
14.200000    -0.144953 
14.250000    -0.071785 
14.300000    -0.024540 
14.350000    -0.221540 
14.400000    -0.167249 
14.450000    -0.062810 
14.500000    -0.114996 
14.550000    0.024552 
14.600000    0.029812 
14.650000    -0.047939 
14.700000    -0.131423 
14.750000    0.063070 
14.800000    0.041498 
14.850000    0.029959 
14.900000    0.046212 
14.950000    -0.157321 
15.000000    -0.176907 
15.050000    0.017723 
15.100000    0.050312 
15.150000    0.099063 
15.200000    0.048868 
15.250000    0.096496 
15.300000    -0.003855 
15.350000    0.119094 
15.400000    0.135925 
15.450000    0.233543 
15.500000    -0.010604 
15.550000    -0.077834 
15.600000    -0.096675 
15.650000    -0.109592 
15.700000    0.130340 
15.750000    -0.092015 
15.800000    -0.124688 
15.850000    0.013283 
15.900000    0.030748 
15.950000    0.052792 
16.000000    0.183481 
16.050000    0.022458 
16.100000    0.061392 
16.150000    -0.083913 
16.200000    0.191947 
16.250000    -0.115579 
16.300000    0.018779 
16.350000    -0.092698 
16.400000    -0.005246 
16.450000    -0.111122 
16.500000    -0.042093 
16.550000    -0.002529 
16.600000    -0.083200 
16.650000    0.155873 
16.700000    0.057807 
16.750000    -0.031503 
16.800000    0.031544 
16.850000    0.001189 
16.900000    -0.227595 
16.950000    0.150831 
17.000000    0.017530 
17.050000    0.059562 
17.100000    -0.152853 
17.150000    -0.098430 
17.200000    0.067646 
17.250000    -0.050923 
17.300000    0.046298 
17.350000    0.113307 
17.400000    0.038709 
17.450000    0.001788 
17.500000    0.074276 
17.550000    0.026560 
17.600000    0.129013 
17.650000    -0.072019 
17.700000    -0.055951 
17.750000    0.006748 
17.800000    0.015154 
17.850000    -0.132112 
17.900000    -0.265800 
17.950000    0.068785 
18.000000    -0.168009 
18.050000    0.027154 
18.100000    0.048536 
18.150000    -0.076142 
18.200000    0.043940 
18.250000    -0.133568 
18.300000    -0.239349 
18.350000    0.020886 
18.400000    -0.044944 
18.450000    -0.050993 
18.500000    0.020763 
18.550000    0.020281 
18.600000    -0.019548 
18.650000    -0.051303 
18.700000    0.155577 
18.750000    0.055328 
18.800000    0.051745 
18.850000    -0.007317 
18.900000    -0.166149 
18.950000    -0.132584 
19.000000    -0.150211 
19.050000    -0.015460 
19.100000    -0.090699 
19.150000    -0.004709 
19.200000    -0.057426 
19.250000    -0.001173 
19.300000    -0.031855 
19.350000    -0.079124 
19.400000    -0.114339 
19.450000    -0.027834 
19.500000    -0.127773 
19.550000    -0.131421 
19.600000    -0.093469 
19.650000    -0.000121 
19.700000    0.015766 
19.750000    -0.033229 
19.799999    -0.181668 
19.849999    -0.040032 
19.899999    0.044167 
19.949999    -0.025333 


Reverse Correlation Function   