Time    Magnitude 

0.000000    -0.605417 
0.050000    -0.286171 
0.100000    -1.161306 
0.150000    0.120063 
0.200000    -0.138524 
0.250000    -0.501478 
0.300000    0.414256 
0.350000    -0.188838 
0.400000    0.452340 
0.450000    -0.717439 
0.500000    -0.410099 
0.550000    0.082214 
0.600000    0.688480 
0.650000    -0.364047 
0.700000    0.458179 
0.750000    0.958141 
0.800000    0.196348 
0.850000    1.116353 
0.900000    1.222395 
0.950000    1.008455 
1.000000    0.865226 
1.050000    1.463073 
1.100000    1.470730 
1.150000    0.934468 
1.200000    0.290165 
1.250000    0.239087 
1.300000    0.744068 
1.350000    -0.631087 
1.400000    0.285933 
1.450000    0.424385 
1.500000    -1.985475 
1.550000    -1.097281 
1.600000    -0.514276 
1.650000    -0.737116 
1.700000    -0.811477 
1.750000    -0.896065 
1.800000    0.892995 
1.850000    -0.371023 
1.900000    -0.496078 
1.950000    -0.051967 
2.000000    -2.371695 
2.050000    -0.482133 
2.100000    0.938584 
2.150000    1.335163 
2.200000    -0.508094 
2.250000    0.439253 
2.300000    0.308497 
2.350000    1.819464 
2.400000    1.103368 
2.450000    -0.546119 
2.500000    -0.625691 
2.550000    0.178962 
2.600000    -0.167306 
2.650000    0.482660 
2.700000    -0.011069 
2.750000    0.565074 
2.800000    0.397055 
2.850000    -0.370379 
2.900000    -1.346866 
2.950000    0.605271 
3.000000    0.245824 
3.050000    0.805562 
3.100000    0.233874 
3.150000    -0.247389 
3.200000    -0.115641 
3.250000    -0.554149 
3.300000    -0.518404 
3.350000    -1.514056 
3.400000    -1.078392 
3.450000    -0.230856 
3.500000    -0.145171 
3.550000    -0.689547 
3.600000    -1.516597 
3.650000    -0.576577 
3.700000    -1.273760 
3.750000    -0.826077 
3.800000    -0.914613 
3.850000    0.309599 
3.900000    -0.267656 
3.950000    -0.558081 
4.000000    -0.536600 
4.050000    0.203337 
4.100000    1.588786 
4.150000    2.555346 
4.200000    3.583745 
4.250000    3.285511 
4.300000    5.027827 
4.350000    4.673455 
4.400000    4.072052 
4.450000    4.276170 
4.500000    3.376303 
4.550000    2.043120 
4.600000    0.805537 
4.650000    -0.139963 
4.700000    1.014206 
4.750000    -1.059751 
4.800000    -2.991680 
4.850000    -3.578958 
4.900000    -3.799421 
4.950000    -4.967311 
5.000000    -4.315597 
5.050000    -4.254854 
5.100000    -4.691643 
5.150000    -4.894980 
5.200000    -5.063129 
5.250000    -3.388569 
5.300000    -2.810363 
5.350000    -2.111194 
5.400000    -0.951117 
5.450000    0.951684 
5.500000    2.661281 
5.550000    3.051000 
5.600000    5.022851 
5.650000    5.036208 
5.700000    6.919034 
5.750000    7.363980 
5.800000    5.625001 
5.850000    5.408212 
5.900000    5.746099 
5.950000    4.192751 
6.000000    3.149207 
6.050000    4.183853 
6.100000    1.381566 
6.150000    0.127154 
6.200000    0.932463 
6.250000    -1.240910 
6.300000    -4.526274 
6.350000    -3.475570 
6.400000    -5.599547 
6.450000    -4.058526 
6.500000    -5.481782 
6.550000    -5.692646 
6.600000    -5.341438 
6.650000    -4.891802 
6.700000    -2.966346 
6.750000    -3.143941 
6.800000    -1.229162 
6.850000    -0.125293 
6.900000    1.137055 
6.950000    2.090032 
7.000000    2.758823 
7.050000    3.803949 
7.100000    4.625312 
7.150000    3.979274 
7.200000    2.941149 
7.250000    4.635432 
7.300000    4.362514 
7.350000    3.311006 
7.400000    3.364208 
7.450000    2.305233 
7.500000    2.810097 
7.550000    0.792477 
7.600000    0.064916 
7.650000    0.238206 
7.700000    -1.526893 
7.750000    -2.549193 
7.800000    -3.365225 
7.850000    -3.964205 
7.900000    -3.576969 
7.950000    -3.996230 
8.000000    -2.640418 
8.050000    -2.573192 
8.100000    -0.532603 
8.150000    0.591118 
8.200000    0.577895 
8.250000    0.293583 
8.300000    2.291173 
8.350000    1.065224 
8.400000    1.800114 
8.450000    2.225183 
8.500000    2.212795 
8.550000    2.013690 
8.600000    1.994084 
8.650000    1.488919 
8.700000    0.863977 
8.750000    2.246775 
8.800000    1.220527 
8.850000    0.600303 
8.900000    0.307611 
8.950000    0.914366 
9.000000    0.565947 
9.050000    -0.288125 
9.100000    -1.372473 
9.150000    -1.357500 
9.200000    -0.885709 
9.250000    -1.300342 
9.300000    -0.470140 
9.350000    -0.070553 
9.400000    -1.084048 
9.450000    -0.499664 
9.500000    -0.693190 
9.550000    0.541970 
9.600000    -0.297442 
9.650000    0.198355 
9.700000    2.030972 
9.750000    0.138044 
9.800000    1.091806 
9.850000    1.049853 
9.900000    -1.354403 
9.950000    -0.427806 
10.000000    0.461019 
10.050000    0.318008 
10.100000    0.442343 
10.150000    0.693175 
10.200000    0.608050 
10.250000    0.447964 
10.300000    -0.042312 
10.350000    0.368421 
10.400000    -0.020172 
10.450000    0.472677 
10.500000    0.796671 
10.550000    0.315705 
10.600000    -0.092839 
10.650000    -1.408816 
10.700000    0.382629 
10.750000    1.074197 
10.800000    -1.803747 
10.850000    1.493736 
10.900000    0.977518 
10.950000    0.597056 
11.000000    0.479139 
11.050000    0.708501 
11.100000    0.103089 
11.150000    -1.451534 
11.200000    -0.106855 
11.250000    -1.578903 
11.300000    -0.041736 
11.350000    -0.980459 
11.400000    -1.015990 
11.450000    -1.167009 
11.500000    0.522074 
11.550000    0.075692 
11.600000    -0.865277 
11.650000    1.359851 
11.700000    0.124566 
11.750000    0.802605 
11.800000    0.683305 
11.850000    0.261839 
11.900000    -0.168212 
11.950000    -0.125607 
12.000000    -0.168633 
12.050000    0.397163 
12.100000    0.465654 
12.150000    1.011392 
12.200000    0.430646 
12.250000    0.248425 
12.300000    1.292275 
12.350000    -0.727706 
12.400000    0.760638 
12.450000    0.586150 
12.500000    -0.593255 
12.550000    -0.263034 
12.600000    -1.254872 
12.650000    -0.781560 
12.700000    -0.387692 
12.750000    -1.020138 
12.800000    0.106480 
12.850000    0.363346 
12.900000    0.045741 
12.950000    0.825511 
13.000000    0.492985 
13.050000    0.321350 
13.100000    0.522287 
13.150000    0.143908 
13.200000    -0.272758 
13.250000    -0.401609 
13.300000    -0.146691 
13.350000    1.438753 
13.400000    0.860842 
13.450000    0.749945 
13.500000    0.186522 
13.550000    2.055333 
13.600000    0.330455 
13.650000    -0.224709 
13.700000    1.027635 
13.750000    0.644763 
13.800000    -0.797856 
13.850000    -0.950265 
13.900000    0.141697 
13.950000    -0.826103 
14.000000    -0.912227 
14.050000    1.737105 
14.100000    -1.721536 
14.150000    0.303002 
14.200000    -0.230447 
14.250000    -0.201368 
14.300000    0.970168 
14.350000    0.884501 
14.400000    -0.462069 
14.450000    0.719431 
14.500000    -0.432333 
14.550000    -0.156693 
14.600000    1.020166 
14.650000    0.333124 
14.700000    0.846374 
14.750000    -0.739239 
14.800000    0.264058 
14.850000    0.338640 
14.900000    -0.347502 
14.950000    0.051216 
15.000000    0.062049 
15.050000    0.437009 
15.100000    -0.829256 
15.150000    0.705975 
15.200000    -0.754247 
15.250000    -0.259734 
15.300000    -0.067353 
15.350000    0.561016 
15.400000    -0.361019 
15.450000    -0.295631 
15.500000    -0.657696 
15.550000    0.818691 
15.600000    0.006824 
15.650000    -0.261299 
15.700000    0.808819 
15.750000    0.921181 
15.800000    1.643168 
15.850000    1.249234 
15.900000    -0.204058 
15.950000    -0.120212 
16.000000    -0.112106 
16.050000    -1.175269 
16.100000    -1.232072 
16.150000    -0.746756 
16.200000    0.941406 
16.250000    -0.693741 
16.300000    -0.670413 
16.350000    -0.355166 
16.400000    -0.279761 
16.450000    -0.016933 
16.500000    0.102734 
16.550000    1.103670 
16.600000    0.373012 
16.650000    -1.648370 
16.700000    0.182130 
16.750000    -1.196103 
16.800000    -0.042318 
16.850000    -0.111318 
16.900000    0.980624 
16.950000    -0.355729 
17.000000    0.856123 
17.050000    0.264419 
17.100000    0.382101 
17.150000    -0.263866 
17.200000    0.641634 
17.250000    0.704692 
17.300000    -0.450201 
17.350000    0.465384 
17.400000    1.026102 
17.450000    -0.180618 
17.500000    0.765906 
17.550000    -0.950969 
17.600000    -1.113220 
17.650000    -2.357646 
17.700000    -0.813325 
17.750000    -2.377624 
17.800000    -0.466255 
17.850000    -0.079961 
17.900000    0.351093 
17.950000    -0.549708 
18.000000    -0.520958 
18.050000    -0.920299 
18.100000    -0.684382 
18.150000    -1.046516 
18.200000    0.728531 
18.250000    0.331097 
18.300000    0.028620 
18.350000    0.058139 
18.400000    -0.015658 
18.450000    0.143548 
18.500000    0.738257 
18.550000    0.090860 
18.600000    -0.571647 
18.650000    -0.791018 
18.700000    -1.563406 
18.750000    -0.572732 
18.800000    -0.818782 
18.850000    -1.199933 
18.900000    0.942147 
18.950000    0.633867 
19.000000    -1.075618 
19.050000    -1.090378 
19.100000    -0.432145 
19.150000    -0.771232 
19.200000    -0.824378 
19.250000    -0.942244 
19.300000    0.206431 
19.350000    0.542957 
19.400000    0.633990 
19.450000    -0.074672 
19.500000    -0.436253 
19.550000    0.492500 
19.600000    0.412161 
19.650000    0.593623 
19.700000    0.061762 
19.750000    0.767408 
19.799999    1.187606 
19.849999    -0.418360 
19.899999    1.370092 
19.949999    0.726737 


Reverse Correlation Function   