Time    Magnitude 

0.000000    -1.844793 
0.050000    8.442671 
0.100000    7.379287 
0.150000    13.459278 
0.200000    5.447658 
0.250000    13.652544 
0.300000    -15.510999 
0.350000    -24.456829 
0.400000    7.767272 
0.450000    -11.089431 
0.500000    4.738183 
0.550000    8.436183 
0.600000    15.798681 
0.650000    18.617758 
0.700000    2.122329 
0.750000    44.578594 
0.800000    -12.843172 
0.850000    17.901981 
0.900000    -12.107990 
0.950000    11.384286 
1.000000    -5.071572 
1.050000    -11.068145 
1.100000    -16.012724 
1.150000    -2.071144 
1.200000    2.255140 
1.250000    18.045874 
1.300000    -19.525915 
1.350000    -25.248478 
1.400000    -20.405334 
1.450000    6.616809 
1.500000    -5.020994 
1.550000    15.135217 
1.600000    1.134263 
1.650000    18.610710 
1.700000    -11.395098 
1.750000    -10.459864 
1.800000    29.433231 
1.850000    -6.475441 
1.900000    1.160102 
1.950000    -12.238853 
2.000000    6.779887 
2.050000    -14.721263 
2.100000    3.804262 
2.150000    -12.134892 
2.200000    -8.099668 
2.250000    -1.119859 
2.300000    11.712623 
2.350000    -5.816136 
2.400000    3.320596 
2.450000    14.425497 
2.500000    25.345303 
2.550000    7.423674 
2.600000    -5.163732 
2.650000    27.435493 
2.700000    2.846531 
2.750000    6.617058 
2.800000    17.999498 
2.850000    5.192270 
2.900000    43.001060 
2.950000    7.392961 
3.000000    23.800716 
3.050000    26.961613 
3.100000    44.277214 
3.150000    40.281757 
3.200000    22.056526 
3.250000    24.306618 
3.300000    51.454029 
3.350000    19.884310 
3.400000    39.097393 
3.450000    18.310928 
3.500000    14.343987 
3.550000    6.582929 
3.600000    -11.072402 
3.650000    8.282690 
3.700000    29.262390 
3.750000    -7.103188 
3.800000    7.193831 
3.850000    9.994641 
3.900000    -27.261736 
3.950000    -39.735386 
4.000000    -18.030407 
4.050000    -40.073906 
4.100000    -24.994509 
4.150000    -41.347897 
4.200000    -77.262085 
4.250000    -74.985817 
4.300000    -69.988983 
4.350000    -76.233276 
4.400000    -94.820702 
4.450000    -67.101364 
4.500000    -71.060349 
4.550000    -62.174393 
4.600000    -75.236877 
4.650000    -61.998940 
4.700000    -60.486000 
4.750000    -22.403843 
4.800000    0.954212 
4.850000    -14.157511 
4.900000    34.901493 
4.950000    26.516081 
5.000000    55.908516 
5.050000    96.839958 
5.100000    104.685364 
5.150000    121.807938 
5.200000    127.865013 
5.250000    137.355087 
5.300000    156.139404 
5.350000    155.865494 
5.400000    186.577316 
5.450000    149.995667 
5.500000    158.087723 
5.550000    136.212021 
5.600000    113.700165 
5.650000    111.837982 
5.700000    91.865341 
5.750000    70.225899 
5.800000    74.669907 
5.850000    44.171677 
5.900000    8.437369 
5.950000    -13.701355 
6.000000    -19.675352 
6.050000    -51.068947 
6.100000    -76.255493 
6.150000    -119.332954 
6.200000    -139.634460 
6.250000    -163.132919 
6.300000    -162.539917 
6.350000    -164.027359 
6.400000    -152.268463 
6.450000    -163.029373 
6.500000    -188.799362 
6.550000    -164.753357 
6.600000    -163.868912 
6.650000    -133.648666 
6.700000    -142.480347 
6.750000    -118.829697 
6.800000    -88.964539 
6.850000    -53.930523 
6.900000    -62.895187 
6.950000    -14.717705 
7.000000    -3.910242 
7.050000    22.507940 
7.100000    58.297318 
7.150000    78.698738 
7.200000    94.133949 
7.250000    109.011002 
7.300000    141.908371 
7.350000    129.441467 
7.400000    143.215576 
7.450000    144.020340 
7.500000    120.939987 
7.550000    144.459747 
7.600000    132.415176 
7.650000    122.328018 
7.700000    161.648560 
7.750000    131.387619 
7.800000    99.388161 
7.850000    79.874809 
7.900000    59.191196 
7.950000    59.857044 
7.999999    36.133209 
8.049999    32.167488 
8.100000    -6.985846 
8.150000    19.251760 
8.200000    -41.679493 
8.250000    -30.644724 
8.300000    -26.702473 
8.350000    -49.384804 
8.400000    -56.817791 
8.450000    -60.975998 
8.500000    -91.681076 
8.549999    -79.290237 
8.599999    -86.840294 
8.650000    -67.261688 
8.700000    -61.989182 
8.750000    -79.110710 
8.800000    -75.276161 
8.850000    -79.355019 
8.900000    -45.309380 
8.950000    -22.629139 
9.000000    -15.601681 
9.050000    -39.652199 
9.099999    -15.762092 
9.149999    -8.906764 
9.200000    -19.468727 
9.250000    -7.424490 
9.300000    -25.477633 
9.350000    -10.274655 
9.400000    1.861875 
9.450000    30.964104 
9.500000    31.242514 
9.550000    7.260531 
9.600000    24.408714 
9.649999    29.699970 
9.699999    28.990227 
9.750000    32.494492 
9.800000    -0.716335 
9.850000    4.061182 
9.900000    35.067871 
9.950000    34.523033 
10.000000    -3.104787 
10.050000    35.664738 
10.100000    2.497912 
10.150000    10.145440 
10.199999    24.559414 
10.249999    15.229110 
10.300000    10.765993 
10.350000    0.835630 
10.400000    0.278269 
10.450000    25.825289 
10.500000    18.054575 
10.550000    27.994318 
10.600000    -0.016771 
10.650000    -3.595118 
10.700000    4.125664 
10.749999    13.220457 
10.799999    -23.410980 
10.849999    11.975625 
10.900000    -0.383870 
10.950000    -9.709796 
11.000000    1.479383 
11.050000    -9.069218 
11.100000    -5.625589 
11.150000    -11.527512 
11.200000    -20.293621 
11.250000    -14.140122 
11.299999    -6.499592 
11.349999    5.832070 
11.399999    -12.869326 
11.450000    -14.881465 
11.500000    -14.545971 
11.550000    12.691874 
11.600000    3.862508 
11.650000    11.133678 
11.700000    15.056796 
11.750000    0.118106 
11.800000    -19.217367 
11.849999    9.344232 
11.899999    -12.491581 
11.949999    -9.421182 
12.000000    -4.560570 
12.050000    1.559778 
12.100000    21.892832 
12.150000    -2.729233 
12.200000    17.639027 
12.250000    -7.073829 
12.300000    11.896340 
12.350000    -3.026766 
12.399999    -7.052054 
12.449999    11.543772 
12.499999    8.973605 
12.550000    -13.925631 
12.600000    15.614316 
12.650000    -1.994427 
12.700000    -11.737316 
12.750000    5.397319 
12.800000    10.866111 
12.850000    -28.246298 
12.900000    17.512974 
12.949999    7.568742 
12.999999    -6.453682 
13.049999    -3.943785 
13.100000    9.046181 
13.150000    -9.861891 
13.200000    2.568784 
13.250000    -2.422715 
13.300000    15.484232 
13.350000    10.640021 
13.400000    -18.039980 
13.450000    -19.849470 
13.499999    29.784906 
13.549999    26.254622 
13.599999    -6.350517 
13.650000    -2.699330 
13.700000    29.631668 
13.750000    23.896273 
13.800000    -4.340496 
13.850000    23.362461 
13.900000    10.548063 
13.950000    -7.471402 
14.000000    -0.838675 
14.049999    17.790831 
14.099999    16.402737 
14.149999    13.026321 
14.200000    1.843186 
14.250000    31.431948 
14.300000    13.982244 
14.350000    11.643560 
14.400000    3.018832 
14.450000    5.856085 
14.500000    24.991655 
14.549999    3.008656 
14.599999    17.980574 
14.649999    -8.069961 
14.699999    7.130975 
14.750000    8.547124 
14.800000    -5.325397 
14.850000    -6.714633 
14.900000    29.214462 
14.950000    13.052074 
15.000000    23.168365 
15.050000    -22.184126 
15.099999    4.054639 
15.149999    17.868755 
15.199999    10.641477 
15.249999    8.200570 
15.299999    -5.960726 
15.350000    -2.584664 
15.400000    -12.118209 
15.450000    -18.192263 
15.500000    2.218657 
15.550000    9.222143 
15.600000    -18.832544 
15.650000    4.090730 
15.699999    -12.020501 
15.750000    -11.379292 
15.799999    -3.314240 
15.850000    8.354712 
15.899999    7.568844 
15.950000    -0.379137 
15.999999    -16.938227 
16.050000    0.000267 
16.099999    3.403860 
16.150000    14.509296 
16.200000    0.589712 
16.249999    -25.860046 
16.300000    -3.111152 
16.349999    9.376998 
16.400000    -17.080780 
16.449999    -30.129660 
16.500000    -18.417723 
16.549999    3.757582 
16.600000    -15.909011 
16.649999    -1.651769 
16.700000    -6.035355 
16.750000    -11.086390 
16.799999    -20.063778 
16.850000    0.907131 
16.899999    2.144553 
16.950000    -15.697376 
16.999999    3.266600 
17.050000    7.854816 
17.099999    37.307583 
17.150000    -6.931849 
17.199999    -20.250946 
17.250000    2.119896 
17.300000    -44.255836 
17.349999    -4.836226 
17.400000    -16.573166 
17.449999    -26.052616 
17.500000    -17.348476 
17.549999    -14.695514 
17.600000    8.695460 
17.649999    -27.419338 
17.700000    19.470476 
17.749999    -0.469903 
17.800000    6.135847 
17.850000    -7.042913 
17.899999    1.745835 
17.950000    11.808287 
17.999999    -4.909951 
18.050000    7.995791 
18.099999    -22.859812 
18.150000    -13.763669 
18.199999    3.807695 
18.250000    20.525202 
18.299999    4.666704 
18.350000    -6.624112 
18.400000    10.470509 
18.449999    7.028991 
18.500000    -2.466046 
18.549999    -9.123015 
18.600000    -7.703966 
18.649999    -14.929651 
18.700000    -0.885430 
18.749999    6.783259 
18.800000    11.476561 
18.849999    -12.615750 
18.900000    1.724939 
18.950000    -19.050571 
18.999999    -17.347511 
19.050000    -2.093756 
19.099999    -14.274684 
19.150000    -17.176407 
19.199999    -4.480483 
19.250000    2.530834 
19.299999    -9.478006 
19.350000    -10.891591 
19.399999    -10.613730 
19.450000    -24.817608 
19.500000    -11.174252 
19.549999    -21.367819 
19.600000    -5.099516 
19.649999    -24.437443 
19.700000    -6.338593 
19.749999    -13.287750 
19.800000    6.987273 
19.849999    7.439098 
19.900000    10.537759 
19.949999    28.292231 


Reverse Correlation Function   