Time    Magnitude 

0.000000    0.805858 
0.050000    5.837791 
0.100000    3.930003 
0.150000    -3.457895 
0.200000    1.400520 
0.250000    -2.904297 
0.300000    -2.972652 
0.350000    1.222574 
0.400000    -9.295115 
0.450000    -6.701577 
0.500000    0.229043 
0.550000    -4.388961 
0.600000    -6.350358 
0.650000    -5.880539 
0.700000    5.677321 
0.750000    2.713905 
0.800000    6.391378 
0.850000    0.997448 
0.900000    4.564810 
0.950000    -5.294625 
1.000000    7.303497 
1.050000    -3.061762 
1.100000    1.279832 
1.150000    5.693905 
1.200000    2.171569 
1.250000    7.794831 
1.300000    -0.179511 
1.350000    6.444032 
1.400000    -1.569038 
1.450000    3.109719 
1.500000    -0.192773 
1.550000    -1.451298 
1.600000    -1.435850 
1.650000    -0.047146 
1.700000    -9.517602 
1.750000    -5.095507 
1.800000    3.522727 
1.850000    -0.638944 
1.900000    -2.755160 
1.950000    -4.236173 
2.000000    -2.315991 
2.050000    2.131390 
2.100000    0.352380 
2.150000    -0.283691 
2.200000    0.039089 
2.250000    3.712780 
2.300000    -1.013989 
2.350000    0.387477 
2.400000    6.216725 
2.450000    6.816878 
2.500000    2.434226 
2.550000    0.142088 
2.600000    4.436223 
2.650000    1.824472 
2.700000    6.908236 
2.750000    -1.346762 
2.800000    0.283991 
2.850000    5.286880 
2.900000    6.286417 
2.950000    -6.212133 
3.000000    3.953579 
3.050000    4.825855 
3.100000    -0.612181 
3.150000    0.454571 
3.200000    -0.511703 
3.250000    6.202537 
3.300000    -4.570004 
3.350000    5.166466 
3.400000    -2.024737 
3.450000    -3.440374 
3.500000    0.809482 
3.550000    -10.657966 
3.600000    -4.578415 
3.650000    -9.284634 
3.700000    -3.542043 
3.750000    -10.063959 
3.800000    -17.030804 
3.850000    -7.680007 
3.900000    -2.887515 
3.950000    1.977971 
4.000000    5.618654 
4.050000    7.264436 
4.100000    9.745427 
4.150000    6.892112 
4.200000    14.129392 
4.250000    18.867950 
4.300000    23.992188 
4.350000    25.215981 
4.400000    21.050518 
4.450000    27.018803 
4.500000    25.970640 
4.550000    19.932175 
4.600000    18.817478 
4.650000    16.527399 
4.700000    14.983365 
4.750000    10.217739 
4.800000    1.385259 
4.850000    -3.072266 
4.900000    -9.077188 
4.950000    -16.433676 
5.000000    -26.712868 
5.050000    -35.505154 
5.100000    -38.837082 
5.150000    -29.551277 
5.200000    -32.632595 
5.250000    -34.578358 
5.300000    -37.516922 
5.350000    -25.301414 
5.400000    -22.839247 
5.450000    -16.962482 
5.500000    -13.894856 
5.550000    -2.280263 
5.600000    3.703461 
5.650000    5.820523 
5.700000    13.463068 
5.750000    20.783842 
5.800000    25.352654 
5.850000    28.774324 
5.900000    31.648069 
5.950000    36.808899 
6.000000    33.198658 
6.050000    33.087555 
6.100000    28.805857 
6.150000    25.869734 
6.200000    29.508200 
6.250000    15.843129 
6.300000    10.597342 
6.350000    2.429980 
6.400000    -3.785931 
6.450000    -7.421762 
6.500000    -13.651628 
6.550000    -22.313948 
6.600000    -24.728390 
6.650000    -25.860878 
6.700000    -22.355560 
6.750000    -26.093218 
6.800000    -24.195925 
6.850000    -24.875231 
6.900000    -18.878323 
6.950000    -16.710907 
7.000000    -15.906738 
7.050000    -5.962720 
7.100000    0.180233 
7.150000    1.769688 
7.200000    8.973603 
7.250000    10.189990 
7.300000    14.218759 
7.350000    13.240489 
7.400000    20.430929 
7.450000    17.793484 
7.500000    22.492464 
7.550000    19.775457 
7.600000    15.374210 
7.650000    13.815613 
7.700000    18.286026 
7.750000    5.539779 
7.800000    8.608550 
7.850000    -3.014066 
7.900000    -4.161439 
7.950000    -0.189303 
8.000000    -7.687033 
8.050000    -8.296717 
8.100000    -11.224953 
8.150000    -14.623125 
8.200000    -12.169731 
8.250000    -10.484085 
8.300000    -8.609077 
8.350000    -4.940260 
8.400000    -0.520562 
8.450000    -0.313289 
8.500000    -7.499337 
8.550000    -4.210797 
8.600000    3.677166 
8.650000    3.731863 
8.700000    1.381205 
8.750000    -0.619516 
8.800000    8.336429 
8.850000    2.871383 
8.900000    6.746628 
8.950000    2.960613 
9.000000    3.190083 
9.050000    3.523432 
9.100000    3.787091 
9.150000    4.920968 
9.200000    5.859548 
9.250000    3.362159 
9.300000    7.009513 
9.350000    0.299462 
9.400000    -2.847915 
9.450000    -0.640059 
9.500000    -9.383932 
9.550000    -6.091671 
9.600000    -4.097816 
9.650000    -4.375151 
9.700000    -5.467706 
9.750000    -2.977255 
9.800000    -3.871377 
9.850000    0.128237 
9.900000    -6.939532 
9.950000    -3.364746 
10.000000    -0.913770 
10.050000    -1.480027 
10.100000    -1.729796 
10.150000    -4.136717 
10.200000    1.085364 
10.250000    -3.979721 
10.300000    -4.716774 
10.350000    4.237888 
10.400000    3.991042 
10.450000    5.809931 
10.500000    -2.074143 
10.550000    7.038417 
10.600000    7.555000 
10.650000    0.641202 
10.700000    3.661677 
10.750000    -1.342515 
10.800000    2.535965 
10.850000    -0.660792 
10.900000    2.127959 
10.950000    1.916979 
11.000000    7.883172 
11.050000    4.473568 
11.100000    4.993762 
11.150000    -0.068979 
11.200000    1.855387 
11.250000    1.031147 
11.300000    0.548034 
11.350000    -8.392237 
11.400000    -5.564279 
11.450000    -3.232169 
11.500000    -2.349389 
11.550000    -2.153337 
11.600000    5.701931 
11.650000    1.000398 
11.700000    -0.614389 
11.750000    2.906530 
11.800000    9.039463 
11.850000    0.538058 
11.900000    0.789753 
11.950000    -2.001908 
12.000000    0.827797 
12.050000    4.496226 
12.100000    3.750940 
12.150000    3.454843 
12.200000    5.606630 
12.250000    4.984218 
12.300000    1.500448 
12.350000    1.921847 
12.400000    -4.958714 
12.450000    -2.647769 
12.500000    -6.476398 
12.550000    1.419339 
12.600000    -3.803033 
12.650000    -0.410098 
12.700000    2.309612 
12.750000    -0.061805 
12.800000    1.820263 
12.850000    -0.020420 
12.900000    -4.962931 
12.950000    -1.353738 
13.000000    -4.658659 
13.050000    3.280808 
13.100000    0.915785 
13.150000    3.989666 
13.200000    4.739403 
13.250000    -3.538642 
13.300000    -4.318456 
13.350000    5.326048 
13.400000    2.842950 
13.450000    5.018098 
13.500000    2.187742 
13.550000    7.929589 
13.600000    -2.460287 
13.650000    3.332262 
13.700000    -2.801525 
13.750000    0.286438 
13.800000    -0.885736 
13.850000    -1.197896 
13.900000    1.822204 
13.950000    5.153260 
14.000000    9.732488 
14.050000    -5.842578 
14.100000    -0.001322 
14.150000    2.531642 
14.200000    -2.714140 
14.250000    -6.267820 
14.300000    1.840732 
14.350000    -2.247977 
14.400000    -0.761168 
14.450000    -0.085718 
14.500000    -0.722206 
14.550000    1.065755 
14.600000    -0.096972 
14.650000    0.708052 
14.700000    -0.207741 
14.750000    0.721429 
14.800000    0.119936 
14.850000    -6.000567 
14.900000    -4.540315 
14.950000    1.565824 
15.000000    2.066479 
15.050000    -1.494848 
15.100000    -1.844624 
15.150000    0.798669 
15.200000    -2.053746 
15.250000    3.679180 
15.300000    -2.987759 
15.350000    1.259307 
15.400000    6.441474 
15.450000    4.849223 
15.500000    -1.676019 
15.550000    0.765016 
15.600000    0.605822 
15.650000    0.926813 
15.700000    -1.101554 
15.750000    0.221700 
15.800000    0.178856 
15.850000    4.866873 
15.900000    -4.945718 
15.950000    1.271596 
16.000000    6.494658 
16.050000    -4.315871 
16.100000    3.745058 
16.150000    -6.261017 
16.200000    -1.738542 
16.250000    -2.337698 
16.300000    -6.498136 
16.350000    -5.636518 
16.400000    -0.102284 
16.450000    2.271789 
16.500000    -5.692170 
16.550000    -1.519644 
16.600000    -1.659979 
16.650000    7.742963 
16.700000    5.259014 
16.750000    -2.818486 
16.800000    -0.627006 
16.850000    0.483597 
16.900000    -1.442608 
16.950000    3.065626 
17.000000    -2.073729 
17.050000    -0.345303 
17.100000    8.323619 
17.150000    -0.277742 
17.200000    -1.525760 
17.250000    2.776172 
17.300000    4.057844 
17.350000    8.129139 
17.400000    0.072143 
17.450000    0.069190 
17.500000    2.909338 
17.550000    -7.411726 
17.600000    6.907190 
17.650000    0.210152 
17.700000    -2.703367 
17.750000    -2.502038 
17.800000    -7.323706 
17.850000    -3.692754 
17.900000    -9.660477 
17.950000    -3.319110 
18.000000    -0.440090 
18.050000    -5.359200 
18.100000    -1.482754 
18.150000    -10.133390 
18.200000    -2.655280 
18.250000    -0.071597 
18.300000    5.354735 
18.350000    2.848733 
18.400000    -0.315250 
18.450000    5.700722 
18.500000    5.752037 
18.550000    8.967986 
18.600000    4.110608 
18.650000    -0.433813 
18.700000    7.957023 
18.750000    2.933410 
18.800000    -2.998800 
18.850000    3.500489 
18.900000    -4.030606 
18.950000    -1.842412 
19.000000    -7.260942 
19.050000    -4.736928 
19.100000    -0.932872 
19.150000    1.313101 
19.200000    1.674899 
19.250000    -3.301771 
19.300000    6.037219 
19.350000    -9.387928 
19.400000    0.036588 
19.450000    2.243870 
19.500000    -1.957131 
19.550000    -0.755808 
19.600000    0.669772 
19.650000    2.652478 
19.700000    1.650787 
19.750000    0.784776 
19.799999    0.117703 
19.849999    2.758502 
19.899999    1.557157 
19.949999    3.689423 


Reverse Correlation Function   