Time    Magnitude 

0.000000    1.315856 
0.050000    2.889500 
0.100000    -2.086763 
0.150000    4.102665 
0.200000    -5.496377 
0.250000    -0.763593 
0.300000    2.995017 
0.350000    1.718712 
0.400000    0.535103 
0.450000    1.070466 
0.500000    2.356971 
0.550000    2.501464 
0.600000    3.450906 
0.650000    5.358436 
0.700000    1.113399 
0.750000    -2.731953 
0.800000    1.812787 
0.850000    -1.711710 
0.900000    1.742688 
0.950000    -1.434642 
1.000000    0.238570 
1.050000    5.087369 
1.100000    5.033619 
1.150000    1.670483 
1.200000    0.359094 
1.250000    1.345129 
1.300000    -6.480644 
1.350000    2.465577 
1.400000    1.521903 
1.450000    -2.078327 
1.500000    -5.123217 
1.550000    -2.339992 
1.600000    -1.086068 
1.650000    -2.160549 
1.700000    4.694077 
1.750000    2.534845 
1.800000    1.208362 
1.850000    0.531090 
1.900000    -2.956704 
1.950000    0.603298 
2.000000    -4.967157 
2.050000    -1.927783 
2.100000    -1.519093 
2.150000    -1.350977 
2.200000    3.438284 
2.250000    0.614960 
2.300000    0.832961 
2.350000    -0.921446 
2.400000    -0.765034 
2.450000    4.602637 
2.500000    1.200267 
2.550000    -1.248280 
2.600000    4.224063 
2.650000    0.933003 
2.700000    3.729964 
2.750000    2.672691 
2.800000    -3.848285 
2.850000    3.248563 
2.900000    5.195968 
2.950000    0.994873 
3.000000    0.153041 
3.050000    3.451048 
3.100000    9.721417 
3.150000    5.314795 
3.200000    1.801718 
3.250000    4.268079 
3.300000    3.541149 
3.350000    4.036824 
3.400000    4.879965 
3.450000    4.072612 
3.500000    3.013000 
3.550000    -1.363144 
3.600000    1.566114 
3.650000    -0.992018 
3.700000    5.480708 
3.750000    -0.688851 
3.800000    -1.339995 
3.850000    -1.208576 
3.900000    5.206975 
3.950000    -1.446962 
4.000000    -0.545947 
4.050000    2.749340 
4.100000    0.063629 
4.150000    2.588854 
4.200000    -1.044518 
4.250000    -0.346867 
4.300000    1.830506 
4.350000    0.293931 
4.400000    -1.432846 
4.450000    -1.304619 
4.500000    -3.322290 
4.550000    2.484381 
4.600000    1.374575 
4.650000    -0.194517 
4.700000    1.658438 
4.750000    1.541527 
4.800000    -1.123100 
4.850000    3.049404 
4.900000    1.157550 
4.950000    6.207941 
5.000000    2.083657 
5.050000    1.377825 
5.100000    2.119454 
5.150000    -1.006756 
5.200000    1.513276 
5.250000    -4.335016 
5.300000    3.207365 
5.350000    2.493080 
5.400000    5.636780 
5.450000    -1.235031 
5.500000    1.077656 
5.550000    1.778391 
5.600000    5.253617 
5.650000    2.514650 
5.700000    9.022150 
5.750000    4.739989 
5.800000    11.352606 
5.850000    5.090649 
5.900000    5.799533 
5.950000    3.889246 
6.000000    7.347713 
6.050000    6.054771 
6.100000    4.989058 
6.150000    10.201302 
6.200000    4.896967 
6.250000    6.614020 
6.300000    7.930339 
6.350000    4.571675 
6.400000    4.077257 
6.450000    8.285519 
6.500000    9.067737 
6.550000    6.754584 
6.600000    0.417514 
6.650000    1.819612 
6.700000    1.957048 
6.750000    -1.720581 
6.800000    -0.228716 
6.850000    1.471573 
6.900000    -2.586327 
6.950000    -3.016682 
7.000000    -0.599273 
7.050000    -5.603225 
7.100000    -2.977654 
7.150000    -4.895586 
7.200000    -1.505123 
7.250000    -5.025213 
7.300000    -9.764266 
7.350000    -16.418737 
7.400000    -11.801515 
7.450000    -17.355169 
7.500000    -16.955914 
7.550000    -14.411733 
7.600000    -16.565283 
7.650000    -15.794050 
7.700000    -16.505217 
7.750000    -21.480644 
7.800000    -24.098295 
7.850000    -25.483795 
7.900000    -22.938663 
7.950000    -16.951872 
7.999999    -22.848883 
8.049999    -18.796932 
8.100000    -24.786659 
8.150000    -21.897802 
8.200000    -16.398006 
8.250000    -19.725739 
8.300000    -17.373680 
8.350000    -14.224391 
8.400000    -15.932091 
8.450000    -13.731053 
8.500000    -12.813582 
8.549999    -12.779984 
8.599999    -13.044607 
8.650000    -11.792605 
8.700000    -11.706117 
8.750000    -3.787939 
8.800000    -1.750811 
8.850000    -4.153807 
8.900000    -4.135895 
8.950000    -2.585338 
9.000000    -0.525845 
9.050000    0.260063 
9.099999    5.979205 
9.149999    1.711846 
9.200000    8.727294 
9.250000    9.253117 
9.300000    10.474995 
9.350000    9.626171 
9.400000    9.671130 
9.450000    10.001839 
9.500000    14.965750 
9.550000    19.968822 
9.600000    16.289190 
9.649999    14.571177 
9.699999    14.537024 
9.750000    14.715258 
9.800000    10.200571 
9.850000    16.180025 
9.900000    17.594900 
9.950000    21.182041 
10.000000    10.840748 
10.050000    17.557505 
10.100000    14.377408 
10.150000    11.472528 
10.199999    12.553919 
10.249999    11.525361 
10.300000    17.323084 
10.350000    12.631095 
10.400000    10.780789 
10.450000    14.403235 
10.500000    12.133318 
10.550000    10.135472 
10.600000    14.260353 
10.650000    11.319251 
10.700000    16.502659 
10.749999    6.720644 
10.799999    11.446019 
10.849999    10.848299 
10.900000    4.731400 
10.950000    5.544494 
11.000000    3.679990 
11.050000    2.973614 
11.100000    7.313770 
11.150000    7.584710 
11.200000    7.616264 
11.250000    9.026225 
11.299999    7.357770 
11.349999    2.635521 
11.399999    3.063127 
11.450000    4.506737 
11.500000    2.280684 
11.550000    11.375042 
11.600000    5.788620 
11.650000    7.545962 
11.700000    1.757143 
11.750000    2.819591 
11.800000    5.403002 
11.849999    -3.222560 
11.899999    -0.444057 
11.949999    5.765284 
12.000000    3.496696 
12.050000    3.862754 
12.100000    -1.079451 
12.150000    -0.521935 
12.200000    -0.199230 
12.250000    -2.691689 
12.300000    -2.942353 
12.350000    -6.466352 
12.399999    -1.371994 
12.449999    -3.990118 
12.499999    -0.127157 
12.550000    3.305986 
12.600000    -7.450365 
12.650000    -3.650694 
12.700000    3.436141 
12.750000    0.235118 
12.800000    -13.746573 
12.850000    -3.458124 
12.900000    0.094712 
12.949999    -6.135876 
12.999999    -6.190748 
13.049999    -4.687084 
13.100000    -2.128004 
13.150000    -3.400901 
13.200000    -7.999661 
13.250000    -4.213886 
13.300000    1.108724 
13.350000    -3.761488 
13.400000    -5.867818 
13.450000    -1.496291 
13.499999    -3.923342 
13.549999    -7.492095 
13.599999    -6.321847 
13.650000    3.675725 
13.700000    -0.827966 
13.750000    -0.622840 
13.800000    -2.559123 
13.850000    -10.795011 
13.900000    -1.415310 
13.950000    -5.980385 
14.000000    -2.101425 
14.049999    -0.940990 
14.099999    0.593538 
14.149999    -6.189714 
14.200000    -1.910187 
14.250000    -1.804480 
14.300000    -7.501043 
14.350000    -5.533865 
14.400000    -4.601586 
14.450000    -1.132665 
14.500000    -1.674515 
14.549999    -1.486153 
14.599999    -3.261871 
14.649999    -3.897740 
14.699999    1.250651 
14.750000    -1.911878 
14.800000    -0.956356 
14.850000    -0.812338 
14.900000    1.471336 
14.950000    -1.027049 
15.000000    -5.419595 
15.050000    0.803390 
15.099999    -1.959909 
15.149999    -0.781512 
15.199999    1.070721 
15.249999    0.815834 
15.299999    0.271263 
15.350000    -1.667861 
15.400000    2.367187 
15.450000    3.538002 
15.500000    -3.490275 
15.550000    4.864158 
15.600000    4.217939 
15.650000    0.004538 
15.699999    1.373971 
15.750000    -3.932210 
15.799999    0.093809 
15.850000    -0.358968 
15.899999    1.869813 
15.950000    1.275754 
15.999999    6.559554 
16.050000    2.054681 
16.099999    1.717530 
16.150000    8.911108 
16.200000    -0.566040 
16.249999    -3.566222 
16.300000    2.081631 
16.349999    -3.922937 
16.400000    1.035352 
16.449999    3.464826 
16.500000    3.148162 
16.549999    2.470086 
16.600000    4.274955 
16.649999    3.857343 
16.700000    7.650835 
16.750000    1.669243 
16.799999    1.600740 
16.850000    10.089706 
16.899999    1.987102 
16.950000    0.424526 
16.999999    2.562148 
17.050000    1.426541 
17.099999    3.873617 
17.150000    2.039165 
17.199999    4.190983 
17.250000    4.308842 
17.300000    3.822870 
17.349999    -1.241811 
17.400000    3.277337 
17.449999    -0.414363 
17.500000    0.251503 
17.549999    -3.288801 
17.600000    -0.121210 
17.649999    3.163953 
17.700000    -2.286812 
17.749999    -0.278706 
17.800000    -4.225028 
17.850000    3.499553 
17.899999    3.931868 
17.950000    3.584692 
17.999999    -0.682449 
18.050000    2.026508 
18.099999    0.454035 
18.150000    1.730043 
18.199999    -0.060276 
18.250000    6.211793 
18.299999    0.378124 
18.350000    5.937759 
18.400000    4.044515 
18.449999    3.302228 
18.500000    0.442757 
18.549999    3.907377 
18.600000    -5.795804 
18.649999    5.060570 
18.700000    3.184893 
18.749999    4.317222 
18.800000    -1.224649 
18.849999    3.306380 
18.900000    -0.527171 
18.950000    3.000455 
18.999999    1.108950 
19.050000    -1.886681 
19.099999    1.439279 
19.150000    -1.727350 
19.199999    2.645765 
19.250000    1.875922 
19.299999    1.446523 
19.350000    5.802407 
19.399999    4.840166 
19.450000    4.843080 
19.500000    0.287794 
19.549999    4.120745 
19.600000    3.512600 
19.649999    -1.917439 
19.700000    2.238879 
19.749999    3.865732 
19.800000    0.898204 
19.849999    4.167557 
19.900000    3.945315 
19.949999    4.862353 


Reverse Correlation Function   