Time    Magnitude 

0.000000    0.071845 
0.050000    1.124079 
0.100000    -0.496825 
0.150000    -0.096822 
0.200000    0.316294 
0.250000    0.907015 
0.300000    0.012768 
0.350000    0.052395 
0.400000    -0.463369 
0.450000    -0.403842 
0.500000    -0.497477 
0.550000    0.031115 
0.600000    -0.984664 
0.650000    -2.359393 
0.700000    -0.707591 
0.750000    -2.465476 
0.800000    -1.478100 
0.850000    -0.267519 
0.900000    -0.413974 
0.950000    1.007984 
1.000000    -0.824917 
1.050000    1.700157 
1.100000    -1.936208 
1.150000    1.403724 
1.200000    0.171843 
1.250000    0.520142 
1.300000    -0.628097 
1.350000    -1.374843 
1.400000    0.479486 
1.450000    -0.860832 
1.500000    1.386212 
1.550000    0.103618 
1.600000    0.643423 
1.650000    -0.224575 
1.700000    0.667871 
1.750000    1.612278 
1.800000    -1.818682 
1.850000    -0.147507 
1.900000    -0.244593 
1.950000    0.798044 
2.000000    -0.826170 
2.050000    -1.428031 
2.100000    0.026442 
2.150000    0.404672 
2.200000    1.104230 
2.250000    -0.459873 
2.300000    1.525700 
2.350000    -1.470966 
2.400000    2.927132 
2.450000    -0.594922 
2.500000    0.998439 
2.550000    -0.696483 
2.600000    2.045669 
2.650000    -1.622059 
2.700000    -1.246924 
2.750000    0.998012 
2.800000    -1.386184 
2.850000    1.062469 
2.900000    1.650742 
2.950000    -0.096545 
3.000000    0.979619 
3.050000    0.484564 
3.100000    -0.563011 
3.150000    0.735182 
3.200000    2.182297 
3.250000    0.968937 
3.300000    -0.115765 
3.350000    1.894926 
3.400000    0.671902 
3.450000    0.170317 
3.500000    2.188505 
3.550000    1.612150 
3.600000    -0.035519 
3.650000    0.770008 
3.700000    0.625501 
3.750000    3.617475 
3.800000    -0.745492 
3.850000    2.398750 
3.900000    0.698330 
3.950000    1.160347 
4.000000    -1.011980 
4.050000    0.129794 
4.100000    -0.419736 
4.150000    1.119916 
4.200000    1.750064 
4.250000    -0.243286 
4.300000    -0.568038 
4.350000    -0.457013 
4.400000    -0.660286 
4.450000    -0.054680 
4.500000    -2.174386 
4.550000    -0.353000 
4.600000    -0.835340 
4.650000    -0.848120 
4.700000    -2.111536 
4.750000    -3.934563 
4.800000    -2.360984 
4.850000    -4.821103 
4.900000    -6.061517 
4.950000    -5.182325 
5.000000    -2.390598 
5.050000    -3.818444 
5.100000    -6.094682 
5.150000    -6.315450 
5.200000    -5.163183 
5.250000    -5.338078 
5.300000    -4.460791 
5.350000    -4.262182 
5.400000    -5.049287 
5.450000    -2.090361 
5.500000    -1.728649 
5.550000    -3.118690 
5.600000    -1.771465 
5.650000    1.664739 
5.700000    0.743446 
5.750000    1.256122 
5.800000    2.829461 
5.850000    3.542130 
5.900000    5.642352 
5.950000    5.950807 
6.000000    7.386333 
6.050000    8.183771 
6.100000    6.774505 
6.150000    6.457827 
6.200000    8.005379 
6.250000    7.916637 
6.300000    8.988573 
6.350000    8.195143 
6.400000    7.916210 
6.450000    7.724957 
6.500000    9.417188 
6.550000    7.304281 
6.600000    5.764955 
6.650000    7.299318 
6.700000    5.568489 
6.750000    4.814380 
6.800000    4.894296 
6.850000    3.159288 
6.900000    3.510478 
6.950000    0.666201 
7.000000    -0.268938 
7.050000    -0.792131 
7.100000    -2.382246 
7.150000    -4.303490 
7.200000    -3.355762 
7.250000    -3.006689 
7.300000    -6.455537 
7.350000    -5.063749 
7.400000    -5.777437 
7.450000    -7.359025 
7.500000    -5.706235 
7.550000    -8.166084 
7.600000    -6.228414 
7.650000    -7.794720 
7.700000    -8.159080 
7.750000    -7.729730 
7.800000    -6.491444 
7.850000    -7.629600 
7.900000    -8.391946 
7.950000    -6.914436 
8.000000    -8.112311 
8.050000    -6.010578 
8.100000    -4.736071 
8.150000    -5.440818 
8.200000    -5.284563 
8.250000    -4.791373 
8.300000    -4.515035 
8.350000    -4.516756 
8.400000    -3.938175 
8.450000    -2.537147 
8.500000    -0.380714 
8.550000    -0.238530 
8.600000    -2.774770 
8.650000    0.883602 
8.700000    0.178068 
8.750000    -0.180335 
8.800000    2.683522 
8.850000    2.747191 
8.900000    2.919519 
8.950000    5.092936 
9.000000    4.229019 
9.050000    5.552967 
9.100000    4.754684 
9.150000    5.567444 
9.200000    6.032983 
9.250000    6.426101 
9.300000    7.634931 
9.350000    5.294983 
9.400000    7.081924 
9.450000    6.579874 
9.500000    7.904818 
9.550000    5.160770 
9.600000    6.623112 
9.650000    5.402750 
9.700000    6.078889 
9.750000    4.839134 
9.800000    5.014533 
9.850000    2.728711 
9.900000    3.613887 
9.950000    3.066168 
10.000000    0.918166 
10.050000    3.074029 
10.100000    1.144709 
10.150000    2.021188 
10.200000    1.012395 
10.250000    -1.600850 
10.300000    -0.688528 
10.350000    -0.059965 
10.400000    -2.368777 
10.450000    -2.740318 
10.500000    -2.019343 
10.550000    -3.126647 
10.600000    -2.061528 
10.650000    -4.015078 
10.700000    -5.528816 
10.750000    -3.145258 
10.800000    -4.794838 
10.850000    -3.288817 
10.900000    -5.420742 
10.950000    -3.574067 
11.000000    -5.468149 
11.050000    -2.819321 
11.100000    -6.582633 
11.150000    -3.999210 
11.200000    -3.555653 
11.250000    -4.500998 
11.300000    -5.176872 
11.350000    -3.106251 
11.400000    -3.383300 
11.450000    -2.341319 
11.500000    -2.897128 
11.550000    -3.439739 
11.600000    -0.521907 
11.650000    -0.493175 
11.700000    -1.416103 
11.750000    0.729230 
11.800000    2.115044 
11.850000    -0.286716 
11.900000    0.400411 
11.950000    1.189358 
12.000000    0.901272 
12.050000    3.358342 
12.100000    2.489191 
12.150000    2.382495 
12.200000    1.755394 
12.250000    2.756698 
12.300000    1.791601 
12.350000    3.369090 
12.400000    2.841718 
12.450000    3.072688 
12.500000    1.699018 
12.550000    2.303867 
12.600000    1.924732 
12.650000    3.274241 
12.700000    2.720018 
12.750000    2.783039 
12.800000    2.325200 
12.850000    3.347192 
12.900000    1.117877 
12.950000    3.634990 
13.000000    0.930736 
13.050000    2.932313 
13.100000    0.611635 
13.150000    1.304239 
13.200000    0.694295 
13.250000    2.404305 
13.300000    0.625689 
13.350000    1.305538 
13.400000    0.112829 
13.450000    1.770323 
13.500000    1.873623 
13.550000    0.313329 
13.600000    -0.317182 
13.650000    -0.907644 
13.700000    1.754066 
13.750000    1.188962 
13.800000    0.303145 
13.850000    -0.836298 
13.900000    -0.885672 
13.950000    0.437123 
14.000000    -1.814395 
14.050000    0.043091 
14.100000    -0.482163 
14.150000    -2.336216 
14.200000    -1.062505 
14.250000    -0.016095 
14.300000    -2.324271 
14.350000    -1.159961 
14.400000    -1.479862 
14.450000    -0.382638 
14.500000    -0.373797 
14.550000    -0.452026 
14.600000    -2.253168 
14.650000    0.105182 
14.700000    -0.473535 
14.750000    -0.680163 
14.800000    -2.404703 
14.850000    -1.971171 
14.900000    1.764275 
14.950000    -1.452082 
15.000000    0.973342 
15.050000    0.852550 
15.100000    0.896290 
15.150000    0.531743 
15.200000    -0.243367 
15.250000    0.003793 
15.300000    -0.654894 
15.350000    2.268984 
15.400000    0.846283 
15.450000    1.155709 
15.500000    -0.538313 
15.550000    -0.959225 
15.600000    1.240306 
15.650000    1.029242 
15.700000    3.383726 
15.750000    1.659197 
15.800000    -2.062830 
15.850000    1.222811 
15.900000    1.238245 
15.950000    2.311813 
16.000000    0.748449 
16.050000    0.434087 
16.100000    0.235253 
16.150000    2.063449 
16.200000    0.644461 
16.250000    0.689012 
16.300000    1.771673 
16.350000    1.750788 
16.400000    1.404547 
16.450000    0.310535 
16.500000    2.824270 
16.550000    2.451109 
16.600000    0.043520 
16.650000    1.201118 
16.700000    1.852838 
16.750000    -1.087852 
16.800000    1.020794 
16.850000    -0.621298 
16.900000    -1.133145 
16.950000    -0.635184 
17.000000    1.305599 
17.050000    0.836670 
17.100000    -1.704557 
17.150000    -1.856201 
17.200000    -1.682175 
17.250000    -0.163299 
17.300000    0.231345 
17.350000    -0.340114 
17.400000    -0.769920 
17.450000    0.391750 
17.500000    -1.035399 
17.550000    -1.682072 
17.600000    -1.013376 
17.650000    0.599970 
17.700000    -1.081251 
17.750000    0.062826 
17.800000    -0.969396 
17.850000    0.705381 
17.900000    -0.626494 
17.950000    -2.711740 
18.000000    -0.373011 
18.050000    0.936891 
18.100000    -1.941063 
18.150000    -1.735981 
18.200000    -1.058594 
18.250000    0.943881 
18.300000    1.149557 
18.350000    -0.125468 
18.400000    0.014172 
18.450000    -1.383320 
18.500000    -0.109276 
18.550000    -0.557388 
18.600000    -1.321323 
18.650000    0.004230 
18.700000    1.345677 
18.750000    -0.489183 
18.800000    0.449222 
18.850000    1.283560 
18.900000    -1.495033 
18.950000    2.005208 
19.000000    0.067691 
19.050000    0.308683 
19.100000    0.860237 
19.150000    1.807934 
19.200000    1.508299 
19.250000    1.391809 
19.300000    0.487919 
19.350000    0.358124 
19.400000    0.788727 
19.450000    -0.448332 
19.500000    0.478769 
19.550000    0.507346 
19.600000    0.898021 
19.650000    -0.653780 
19.700000    1.281662 
19.750000    0.039000 
19.799999    0.106172 
19.849999    -1.300064 
19.899999    1.171816 
19.949999    0.667156 


Reverse Correlation Function   