Time    Magnitude 

0.000000    -0.054178 
0.050000    -0.060208 
0.100000    -0.130823 
0.150000    0.047167 
0.200000    0.073257 
0.250000    0.119670 
0.300000    0.144664 
0.350000    -0.062952 
0.400000    0.027878 
0.450000    -0.035326 
0.500000    0.082121 
0.550000    -0.056481 
0.600000    -0.175330 
0.650000    -0.076472 
0.700000    0.111447 
0.750000    0.036387 
0.800000    0.010770 
0.850000    -0.050522 
0.900000    -0.204339 
0.950000    0.124511 
1.000000    -0.075709 
1.050000    0.056559 
1.100000    -0.056389 
1.150000    -0.034398 
1.200000    0.032685 
1.250000    0.046878 
1.300000    0.089288 
1.350000    0.130773 
1.400000    -0.099456 
1.450000    0.087238 
1.500000    -0.098718 
1.550000    0.135106 
1.600000    0.196652 
1.650000    -0.023498 
1.700000    0.122045 
1.750000    0.181160 
1.800000    0.132760 
1.850000    0.009250 
1.900000    0.108188 
1.950000    -0.064466 
2.000000    0.154295 
2.050000    -0.124380 
2.100000    0.032091 
2.150000    -0.239714 
2.200000    -0.031014 
2.250000    0.047258 
2.300000    0.004395 
2.350000    0.193677 
2.400000    0.030645 
2.450000    0.176197 
2.500000    -0.022776 
2.550000    0.049699 
2.600000    -0.022608 
2.650000    -0.095797 
2.700000    0.046109 
2.750000    -0.103732 
2.800000    0.105751 
2.850000    0.067400 
2.900000    0.101948 
2.950000    -0.013673 
3.000000    0.213096 
3.050000    -0.124172 
3.100000    0.085925 
3.150000    -0.114529 
3.200000    0.017446 
3.250000    -0.180769 
3.300000    -0.158863 
3.350000    -0.118949 
3.400000    -0.112837 
3.450000    -0.063248 
3.500000    -0.205380 
3.550000    -0.078624 
3.600000    0.031885 
3.650000    0.046367 
3.700000    0.020073 
3.750000    0.426859 
3.800000    0.377576 
3.850000    0.321209 
3.900000    0.225996 
3.950000    0.257655 
4.000000    0.119985 
4.050000    0.342271 
4.100000    0.151650 
4.150000    0.093016 
4.200000    0.074202 
4.250000    0.017726 
4.300000    -0.000957 
4.350000    -0.021382 
4.400000    -0.205519 
4.450000    -0.269499 
4.500000    -0.307106 
4.550000    -0.385391 
4.600000    -0.399093 
4.650000    -0.438164 
4.700000    -0.295442 
4.750000    -0.131220 
4.800000    -0.089107 
4.850000    -0.060463 
4.900000    0.209618 
4.950000    0.231337 
5.000000    0.247047 
5.050000    0.360876 
5.100000    0.410827 
5.150000    0.571122 
5.200000    0.283724 
5.250000    0.315510 
5.300000    0.215321 
5.350000    0.076637 
5.400000    0.183179 
5.450000    0.149594 
5.500000    -0.353287 
5.550000    -0.164116 
5.600000    -0.361809 
5.650000    -0.291055 
5.700000    -0.382740 
5.750000    -0.441529 
5.800000    -0.484692 
5.850000    -0.498288 
5.900000    -0.273721 
5.950000    -0.238715 
6.000000    -0.049685 
6.050000    0.072843 
6.100000    0.226191 
6.150000    0.298918 
6.200000    0.417190 
6.250000    0.351205 
6.300000    0.404692 
6.350000    0.094039 
6.400000    0.149074 
6.450000    0.134439 
6.500000    0.191295 
6.550000    -0.103736 
6.600000    -0.021300 
6.650000    -0.110669 
6.700000    -0.036529 
6.750000    -0.234436 
6.800000    -0.187163 
6.850000    -0.408356 
6.900000    -0.283051 
6.950000    -0.091954 
7.000000    -0.214719 
7.050000    -0.393528 
7.100000    -0.004378 
7.150000    -0.011196 
7.200000    0.173185 
7.250000    0.179667 
7.300000    0.145500 
7.350000    0.330884 
7.400000    0.308640 
7.450000    0.075341 
7.500000    0.174790 
7.550000    0.110662 
7.600000    0.245948 
7.650000    0.107181 
7.700000    -0.116978 
7.750000    -0.095936 
7.800000    -0.050131 
7.850000    -0.157054 
7.900000    -0.430840 
7.950000    -0.171602 
8.000000    -0.221963 
8.050000    -0.153302 
8.100000    -0.007903 
8.150000    -0.004857 
8.200000    0.030136 
8.250000    0.205066 
8.300000    0.143652 
8.350000    0.071887 
8.400000    0.069653 
8.450000    0.084268 
8.500000    0.178927 
8.550000    0.173827 
8.600000    0.019958 
8.650000    0.016717 
8.700000    0.090112 
8.750000    0.284270 
8.800000    -0.111047 
8.850000    -0.112417 
8.900000    -0.037617 
8.950000    0.211820 
9.000000    -0.111794 
9.050000    0.080258 
9.100000    -0.069139 
9.150000    -0.188756 
9.200000    -0.059601 
9.250000    -0.033327 
9.300000    0.063513 
9.350000    0.043083 
9.400000    -0.118216 
9.450000    0.121247 
9.500000    0.127904 
9.550000    -0.012656 
9.600000    0.182421 
9.650000    0.052120 
9.700000    0.214859 
9.750000    0.058001 
9.800000    0.115811 
9.850000    0.107998 
9.900000    0.093854 
9.950000    -0.029115 
10.000000    -0.199464 
10.050000    0.068963 
10.100000    0.054992 
10.150000    -0.024477 
10.200000    0.136910 
10.250000    -0.099596 
10.300000    0.018575 
10.350000    0.092794 
10.400000    0.161852 
10.450000    0.056776 
10.500000    0.081401 
10.550000    -0.133878 
10.600000    -0.027347 
10.650000    0.073145 
10.700000    -0.036261 
10.750000    0.006419 
10.800000    0.177444 
10.850000    0.047165 
10.900000    0.085440 
10.950000    0.110960 
11.000000    0.055538 
11.050000    0.099110 
11.100000    0.007755 
11.150000    -0.042200 
11.200000    -0.044868 
11.250000    -0.015741 
11.300000    -0.013893 
11.350000    -0.085453 
11.400000    0.154455 
11.450000    0.029824 
11.500000    0.148182 
11.550000    0.081378 
11.600000    0.012537 
11.650000    0.072601 
11.700000    -0.001949 
11.750000    -0.007364 
11.800000    0.047145 
11.850000    -0.211496 
11.900000    0.056997 
11.950000    -0.049619 
12.000000    0.075685 
12.050000    0.101137 
12.100000    0.003036 
12.150000    0.220227 
12.200000    0.098091 
12.250000    0.097085 
12.300000    0.182299 
12.350000    0.021757 
12.400000    0.057306 
12.450000    -0.246761 
12.500000    0.158001 
12.550000    0.145167 
12.600000    0.091822 
12.650000    -0.009005 
12.700000    0.000651 
12.750000    -0.092201 
12.800000    -0.020918 
12.850000    0.072165 
12.900000    -0.025572 
12.950000    -0.128317 
13.000000    0.084219 
13.050000    0.013117 
13.100000    0.013877 
13.150000    0.007332 
13.200000    -0.060020 
13.250000    -0.065982 
13.300000    -0.014541 
13.350000    0.010348 
13.400000    -0.026199 
13.450000    -0.019408 
13.500000    0.023244 
13.550000    0.055703 
13.600000    0.029419 
13.650000    0.015793 
13.700000    0.102576 
13.750000    0.073968 
13.800000    0.148278 
13.850000    0.222416 
13.900000    0.067074 
13.950000    -0.000531 
14.000000    -0.027881 
14.050000    0.078492 
14.100000    0.060034 
14.150000    -0.165936 
14.200000    -0.096002 
14.250000    0.139373 
14.300000    0.132198 
14.350000    0.097277 
14.400000    0.017493 
14.450000    -0.021234 
14.500000    0.078072 
14.550000    -0.050307 
14.600000    -0.129578 
14.650000    0.121385 
14.700000    -0.228345 
14.750000    -0.013931 
14.800000    -0.176485 
14.850000    -0.015522 
14.900000    -0.003401 
14.950000    0.204260 
15.000000    0.055882 
15.050000    0.063616 
15.100000    0.164089 
15.150000    -0.059785 
15.200000    0.205432 
15.250000    0.094983 
15.300000    0.106337 
15.350000    0.039731 
15.400000    0.117933 
15.450000    -0.066435 
15.500000    -0.127593 
15.550000    0.015943 
15.600000    -0.134445 
15.650000    -0.135252 
15.700000    0.111706 
15.750000    -0.025763 
15.800000    0.044660 
15.850000    -0.033036 
15.900000    0.185253 
15.950000    0.198703 
16.000000    0.024325 
16.050000    0.012547 
16.100000    0.039045 
16.150000    0.223057 
16.200000    -0.050401 
16.250000    0.006762 
16.300000    0.167757 
16.350000    -0.029001 
16.400000    -0.006923 
16.450000    0.047231 
16.500000    0.004544 
16.550000    -0.138856 
16.600000    -0.037111 
16.650000    -0.012134 
16.700000    0.049485 
16.750000    0.000359 
16.800000    -0.020888 
16.850000    0.152218 
16.900000    -0.160414 
16.950000    -0.047083 
17.000000    0.215478 
17.050000    -0.130195 
17.100000    -0.090376 
17.150000    0.078829 
17.200000    -0.149643 
17.250000    0.001770 
17.300000    -0.182826 
17.350000    -0.094099 
17.400000    0.047010 
17.450000    0.054141 
17.500000    0.064417 
17.550000    0.088281 
17.600000    0.142488 
17.650000    -0.139514 
17.700000    0.145570 
17.750000    0.110262 
17.800000    -0.068962 
17.850000    0.261355 
17.900000    -0.059186 
17.950000    0.076754 
18.000000    -0.084839 
18.050000    0.140205 
18.100000    -0.091964 
18.150000    0.007717 
18.200000    0.056141 
18.250000    0.122293 
18.300000    0.013358 
18.350000    -0.038869 
18.400000    -0.100637 
18.450000    -0.182176 
18.500000    -0.034134 
18.550000    -0.026760 
18.600000    0.242191 
18.650000    -0.054286 
18.700000    -0.004258 
18.750000    0.210707 
18.800000    -0.058613 
18.850000    -0.057511 
18.900000    0.057217 
18.950000    -0.011322 
19.000000    0.047603 
19.050000    0.114976 
19.100000    0.125241 
19.150000    -0.003872 
19.200000    0.105004 
19.250000    -0.137714 
19.300000    0.128901 
19.350000    -0.215463 
19.400000    -0.019566 
19.450000    0.107369 
19.500000    -0.012628 
19.550000    0.050600 
19.600000    -0.167844 
19.650000    -0.124359 
19.700000    -0.137682 
19.750000    0.094445 
19.799999    -0.017065 
19.849999    -0.010384 
19.899999    0.004483 
19.949999    -0.011663 


Reverse Correlation Function   