Time    Magnitude 

0.000000    -3.648058 
0.050000    4.138155 
0.100000    1.893904 
0.150000    -2.190669 
0.200000    -1.483450 
0.250000    0.449228 
0.300000    1.213545 
0.350000    1.618971 
0.400000    -0.271416 
0.450000    -3.005715 
0.500000    1.510969 
0.550000    0.942114 
0.600000    2.151022 
0.650000    4.236120 
0.700000    -3.445065 
0.750000    3.369096 
0.800000    3.145102 
0.850000    -2.002580 
0.900000    3.523864 
0.950000    7.168772 
1.000000    2.928418 
1.050000    7.053803 
1.100000    8.964301 
1.150000    5.434077 
1.200000    1.663524 
1.250000    2.047049 
1.300000    2.714612 
1.350000    9.676587 
1.400000    -2.445668 
1.450000    -2.054954 
1.500000    -6.407636 
1.550000    -4.435927 
1.600000    4.566728 
1.650000    -1.133225 
1.700000    -0.488691 
1.750000    -2.916169 
1.800000    -2.652754 
1.850000    0.468728 
1.900000    0.086287 
1.950000    -1.021823 
2.000000    3.687564 
2.050000    4.878637 
2.100000    2.887826 
2.150000    -5.445285 
2.200000    1.673081 
2.250000    0.902208 
2.300000    5.101268 
2.350000    2.787958 
2.400000    -0.355444 
2.450000    -0.113916 
2.500000    4.033304 
2.550000    0.646949 
2.600000    0.099938 
2.650000    -3.841808 
2.700000    5.822149 
2.750000    -2.471305 
2.800000    2.375636 
2.850000    3.359704 
2.900000    -0.172039 
2.950000    1.479900 
3.000000    3.443765 
3.050000    0.132825 
3.100000    3.291224 
3.150000    6.378143 
3.200000    0.479640 
3.250000    5.505875 
3.300000    -1.951539 
3.350000    0.824042 
3.400000    -0.281441 
3.450000    -2.426944 
3.500000    -4.813656 
3.550000    -3.885332 
3.600000    -7.870272 
3.650000    -2.511404 
3.700000    -3.219362 
3.750000    -1.913612 
3.800000    -5.430346 
3.850000    -5.561885 
3.900000    -6.360844 
3.950000    -5.617358 
4.000000    -1.872448 
4.050000    3.305935 
4.100000    2.026738 
4.150000    5.075759 
4.200000    14.332555 
4.250000    13.261045 
4.300000    17.109291 
4.350000    20.037634 
4.400000    24.804892 
4.450000    22.514042 
4.500000    17.123554 
4.550000    16.661905 
4.600000    12.862370 
4.650000    6.620189 
4.700000    6.105052 
4.750000    1.281268 
4.800000    -4.907376 
4.850000    -9.727583 
4.900000    -13.257334 
4.950000    -16.902605 
5.000000    -24.342283 
5.050000    -23.875896 
5.100000    -19.824942 
5.150000    -24.172878 
5.200000    -19.045834 
5.250000    -23.363501 
5.300000    -18.519384 
5.350000    -12.242768 
5.400000    -4.179837 
5.450000    -3.778637 
5.500000    2.772022 
5.550000    6.389923 
5.600000    19.842566 
5.650000    22.314545 
5.700000    26.072210 
5.750000    27.499577 
5.800000    24.885262 
5.850000    22.567799 
5.900000    21.531136 
5.950000    20.558128 
6.000000    20.271408 
6.050000    12.984982 
6.100000    7.204381 
6.150000    5.740721 
6.200000    6.578236 
6.250000    -4.321849 
6.300000    -4.775801 
6.350000    -9.152363 
6.400000    -16.781134 
6.450000    -19.727240 
6.500000    -22.811195 
6.550000    -19.536362 
6.600000    -20.895344 
6.650000    -15.952509 
6.700000    -14.397343 
6.750000    -5.728487 
6.800000    -5.377932 
6.850000    -4.524476 
6.900000    -0.772082 
6.950000    4.671422 
7.000000    8.533383 
7.050000    9.764165 
7.100000    12.524113 
7.150000    11.581035 
7.200000    17.038218 
7.250000    9.659950 
7.300000    12.854737 
7.350000    5.363742 
7.400000    11.742609 
7.450000    6.755641 
7.500000    8.697523 
7.550000    3.794115 
7.600000    1.462643 
7.650000    -2.710999 
7.700000    -3.301274 
7.750000    -0.351506 
7.800000    -8.759292 
7.850000    -10.421251 
7.900000    -11.871208 
7.950000    -6.503646 
8.000000    -9.928730 
8.050000    -4.749558 
8.100000    2.340242 
8.150000    2.761186 
8.200000    -1.555956 
8.250000    5.696458 
8.300000    4.853185 
8.350000    3.847245 
8.400000    3.102921 
8.450000    4.847839 
8.500000    3.472039 
8.550000    0.335873 
8.600000    3.304755 
8.650000    1.355983 
8.700000    2.691464 
8.750000    1.770818 
8.800000    2.775776 
8.850000    0.379426 
8.900000    3.978283 
8.950000    2.264040 
9.000000    1.123096 
9.050000    -1.155066 
9.100000    -2.678164 
9.150000    -4.690494 
9.200000    1.705875 
9.250000    -0.905497 
9.300000    -2.210799 
9.350000    1.381010 
9.400000    1.201473 
9.450000    -0.881147 
9.500000    -2.064469 
9.550000    -1.765599 
9.600000    -0.194860 
9.650000    4.208972 
9.700000    1.465402 
9.750000    2.600611 
9.800000    -1.022256 
9.850000    -0.137838 
9.900000    -7.600684 
9.950000    -3.175159 
10.000000    -6.378823 
10.050000    -3.182345 
10.100000    1.232526 
10.150000    4.556727 
10.200000    -2.805226 
10.250000    -1.361495 
10.300000    3.664202 
10.350000    4.238615 
10.400000    4.145535 
10.450000    4.261791 
10.500000    5.248094 
10.550000    0.771489 
10.600000    1.965395 
10.650000    3.769777 
10.700000    0.875650 
10.750000    0.624332 
10.800000    0.555643 
10.850000    8.976684 
10.900000    1.331439 
10.950000    3.622790 
11.000000    -0.222269 
11.050000    2.090283 
11.100000    2.865377 
11.150000    2.038412 
11.200000    -2.962988 
11.250000    -3.171133 
11.300000    -5.933123 
11.350000    -1.083119 
11.400000    -4.719872 
11.450000    3.677480 
11.500000    -1.204394 
11.550000    -0.730083 
11.600000    2.842133 
11.650000    -2.066677 
11.700000    0.577221 
11.750000    -4.153942 
11.800000    0.892845 
11.850000    2.547751 
11.900000    0.372025 
11.950000    -1.902547 
12.000000    6.141057 
12.050000    6.420028 
12.100000    4.767028 
12.150000    1.917736 
12.200000    1.491373 
12.250000    -2.068629 
12.300000    -1.451699 
12.350000    -2.891642 
12.400000    0.942182 
12.450000    -1.264079 
12.500000    -1.116208 
12.550000    -0.774742 
12.600000    -0.483516 
12.650000    1.655502 
12.700000    -2.707464 
12.750000    -4.245019 
12.800000    -1.920564 
12.850000    1.846736 
12.900000    -0.548861 
12.950000    -1.232053 
13.000000    0.649868 
13.050000    -5.895225 
13.100000    4.218291 
13.150000    0.313702 
13.200000    2.530703 
13.250000    -1.162131 
13.300000    6.192624 
13.350000    -0.016869 
13.400000    -1.968562 
13.450000    5.410063 
13.500000    8.830579 
13.550000    3.058648 
13.600000    -1.601756 
13.650000    -1.264184 
13.700000    -2.235912 
13.750000    1.421628 
13.800000    -2.715486 
13.850000    -0.448981 
13.900000    -3.716668 
13.950000    2.552406 
14.000000    1.599699 
14.050000    3.421569 
14.100000    2.130022 
14.150000    -2.647998 
14.200000    0.979851 
14.250000    3.039368 
14.300000    0.508544 
14.350000    9.015308 
14.400000    3.401503 
14.450000    -4.808033 
14.500000    5.273295 
14.550000    4.273792 
14.600000    -2.213691 
14.650000    -4.165501 
14.700000    1.957291 
14.750000    -5.563804 
14.800000    -0.205204 
14.850000    -3.603457 
14.900000    2.597404 
14.950000    -1.812370 
15.000000    -2.816251 
15.050000    0.541721 
15.100000    6.180273 
15.150000    -5.476842 
15.200000    0.491844 
15.250000    -3.289830 
15.300000    1.369491 
15.350000    0.629366 
15.400000    0.142206 
15.450000    -0.381094 
15.500000    1.225811 
15.550000    -0.309524 
15.600000    3.383328 
15.650000    1.167366 
15.700000    4.851961 
15.750000    2.371958 
15.800000    1.474996 
15.850000    1.201518 
15.900000    0.579395 
15.950000    -0.714492 
16.000000    0.992674 
16.050000    -0.851423 
16.100000    -0.863261 
16.150000    -2.361396 
16.200000    -1.851472 
16.250000    -1.540349 
16.300000    -1.461623 
16.350000    -2.205156 
16.400000    -3.274910 
16.450000    -1.932679 
16.500000    3.622646 
16.550000    -1.070453 
16.600000    -1.082328 
16.650000    -2.661748 
16.700000    -1.538903 
16.750000    -5.429410 
16.800000    -0.386366 
16.850000    -1.898012 
16.900000    2.939018 
16.950000    5.778672 
17.000000    1.878615 
17.050000    4.632270 
17.100000    0.875851 
17.150000    1.006476 
17.200000    0.070568 
17.250000    0.992154 
17.300000    0.743921 
17.350000    -0.374968 
17.400000    2.371356 
17.450000    2.728634 
17.500000    -1.246451 
17.550000    -1.496502 
17.600000    -3.612276 
17.650000    -6.176606 
17.700000    -5.719923 
17.750000    -3.537939 
17.800000    -3.415539 
17.850000    -4.627920 
17.900000    -0.971716 
17.950000    2.369181 
18.000000    2.900547 
18.050000    3.108502 
18.100000    -1.325104 
18.150000    0.020991 
18.200000    3.593122 
18.250000    -0.615324 
18.300000    -0.756880 
18.350000    2.254246 
18.400000    0.533427 
18.450000    0.305419 
18.500000    3.185652 
18.550000    5.587517 
18.600000    4.230357 
18.650000    4.805352 
18.700000    5.260036 
18.750000    -2.237171 
18.800000    -1.890869 
18.850000    -2.624963 
18.900000    4.835487 
18.950000    1.489102 
19.000000    -4.351546 
19.050000    -2.862260 
19.100000    -5.745236 
19.150000    -1.552811 
19.200000    -2.965547 
19.250000    0.701826 
19.300000    -0.097364 
19.350000    1.183839 
19.400000    3.641057 
19.450000    0.324365 
19.500000    0.915150 
19.550000    1.834829 
19.600000    4.292826 
19.650000    0.660998 
19.700000    -0.299853 
19.750000    0.978869 
19.799999    4.560139 
19.849999    5.557447 
19.899999    0.528206 
19.949999    2.227165 


Reverse Correlation Function   