Time    Magnitude 

0.000000    -7.210240 
0.050000    -2.893764 
0.100000    -6.970533 
0.150000    -1.279147 
0.200000    1.509773 
0.250000    -0.903173 
0.300000    2.659564 
0.350000    -14.880897 
0.400000    4.289133 
0.450000    3.030762 
0.500000    -2.923072 
0.550000    8.368116 
0.600000    -0.265305 
0.650000    4.462656 
0.700000    -4.844140 
0.750000    -2.624447 
0.800000    -4.185324 
0.850000    1.024829 
0.900000    0.529660 
0.950000    -2.712769 
1.000000    2.476187 
1.050000    1.507239 
1.100000    2.499521 
1.150000    -2.436113 
1.200000    1.977717 
1.250000    -9.210302 
1.300000    -7.228223 
1.350000    -1.029908 
1.400000    -1.924541 
1.450000    -3.926238 
1.500000    2.352900 
1.550000    -0.191991 
1.600000    7.472169 
1.650000    0.501960 
1.700000    -0.291693 
1.750000    5.674660 
1.800000    -6.102909 
1.850000    -5.832964 
1.900000    6.226498 
1.950000    8.608068 
2.000000    3.248734 
2.050000    8.497844 
2.100000    7.742823 
2.150000    -4.997126 
2.200000    -6.706176 
2.250000    -10.467484 
2.300000    -13.185517 
2.350000    -2.098092 
2.400000    7.190135 
2.450000    15.234610 
2.500000    23.798117 
2.550000    9.313570 
2.600000    5.170427 
2.650000    -20.120642 
2.700000    -32.060493 
2.750000    -33.349609 
2.800000    -6.606953 
2.850000    16.614328 
2.900000    26.413933 
2.950000    27.824919 
3.000000    15.969380 
3.050000    -10.661230 
3.100000    -21.154144 
3.150000    -26.647812 
3.200000    -13.822301 
3.250000    2.103278 
3.300000    15.985078 
3.350000    14.144267 
3.400000    21.318991 
3.450000    -5.560072 
3.500000    -13.390037 
3.550000    -25.820074 
3.600000    -9.884211 
3.650000    3.362719 
3.700000    15.467138 
3.750000    21.603409 
3.800000    13.728631 
3.850000    -1.409343 
3.900000    -17.458092 
3.950000    -20.076279 
4.000000    -3.549828 
4.050000    5.351216 
4.100000    10.239126 
4.150000    5.541979 
4.200000    3.697898 
4.250000    -4.540287 
4.300000    -5.488802 
4.350000    -2.767255 
4.400000    -5.169288 
4.450000    -2.208373 
4.500000    11.234786 
4.550000    13.895587 
4.600000    7.854555 
4.650000    -4.329846 
4.700000    -5.151495 
4.750000    -5.193456 
4.800000    -0.016538 
4.850000    9.069079 
4.900000    7.313045 
4.950000    3.292028 
5.000000    -2.720953 
5.050000    -6.037918 
5.100000    -7.644598 
5.150000    -10.023305 
5.200000    3.650341 
5.250000    -2.218663 
5.300000    4.487189 
5.350000    -3.896390 
5.400000    -9.774178 
5.450000    -2.564291 
5.500000    -3.969969 
5.550000    2.842120 
5.600000    1.395318 
5.650000    3.682671 
5.700000    -1.471985 
5.750000    2.272570 
5.800000    -6.838837 
5.850000    -2.547647 
5.900000    4.837108 
5.950000    2.235602 
6.000000    -2.714408 
6.050000    4.026129 
6.100000    3.562109 
6.150000    5.912166 
6.200000    -1.599046 
6.250000    5.197550 
6.300000    -2.011603 
6.350000    -5.291490 
6.400000    -4.836281 
6.450000    -2.500171 
6.500000    -16.806353 
6.550000    -4.685683 
6.600000    -8.247245 
6.650000    5.733075 
6.700000    -3.543342 
6.750000    9.408965 
6.800000    2.111349 
6.850000    -1.436186 
6.900000    -3.588847 
6.950000    -2.665157 
7.000000    13.193139 
7.050000    5.762196 
7.100000    0.448983 
7.150000    5.045940 
7.200000    3.143008 
7.250000    3.955734 
7.300000    -5.815608 
7.350000    -4.885618 
7.400000    2.816443 
7.450000    3.807116 
7.500000    -0.069082 
7.550000    1.499214 
7.600000    -3.718635 
7.650000    5.860108 
7.700000    4.300186 
7.750000    -3.461733 
7.800000    4.940817 
7.850000    6.069808 
7.900000    -7.393049 
7.950000    5.595183 
8.000000    -9.185502 
8.050000    -3.710208 
8.100000    1.819661 
8.150000    -4.452162 
8.200000    -3.783267 
8.250000    6.184701 
8.300000    2.782486 
8.350000    -0.489122 
8.400000    -5.062441 
8.450000    -4.768771 
8.500000    4.332763 
8.550000    -3.687371 
8.600000    -5.413036 
8.650000    -0.543597 
8.700000    -3.961958 
8.750000    3.422663 
8.800000    3.754430 
8.850000    0.843366 
8.900000    1.537167 
8.950000    -2.677791 
9.000000    10.969867 
9.050000    3.270090 
9.100000    -0.797827 
9.150000    -0.264165 
9.200000    1.696963 
9.250000    -4.064350 
9.300000    -4.355087 
9.350000    8.720154 
9.400000    6.346467 
9.450000    -0.422268 
9.500000    -7.859434 
9.550000    -0.576860 
9.600000    3.744420 
9.650000    -3.430358 
9.700000    -6.010664 
9.750000    2.782965 
9.800000    2.520695 
9.850000    0.693468 
9.900000    -12.874266 
9.950000    3.546746 
10.000000    0.841431 
10.050000    -2.144612 
10.100000    -3.350308 
10.150000    5.387635 
10.200000    0.829128 
10.250000    -6.195978 
10.300000    8.138880 
10.350000    3.800821 
10.400000    1.861517 
10.450000    8.546903 
10.500000    -14.078332 
10.550000    -6.387725 
10.600000    -1.910162 
10.650000    5.290863 
10.700000    3.039625 
10.750000    11.362392 
10.800000    -6.646402 
10.850000    -5.891541 
10.900000    7.305979 
10.950000    1.202310 
11.000000    -2.714946 
11.050000    1.769484 
11.100000    3.627291 
11.150000    5.461224 
11.200000    -7.042861 
11.250000    3.329213 
11.300000    -0.563708 
11.350000    -6.123099 
11.400000    4.133565 
11.450000    5.836565 
11.500000    2.625320 
11.550000    1.460579 
11.600000    -2.209686 
11.650000    -6.519149 
11.700000    7.332506 
11.750000    -3.360997 
11.800000    -2.603656 
11.850000    -1.317619 
11.900000    -1.013483 
11.950000    2.124125 
12.000000    -2.836389 
12.050000    4.082166 
12.100000    1.738574 
12.150000    3.657464 
12.200000    0.445623 
12.250000    5.534401 
12.300000    -2.507159 
12.350000    -2.460337 
12.400000    -2.740786 
12.450000    1.005135 
12.500000    -2.131950 
12.550000    -5.154467 
12.600000    4.388504 
12.650000    5.128397 
12.700000    0.432527 
12.750000    -3.737898 
12.800000    -4.460506 
12.850000    2.662840 
12.900000    -0.363910 
12.950000    -3.285691 
13.000000    -4.549147 
13.050000    10.440384 
13.100000    1.640981 
13.150000    3.700139 
13.200000    -2.768234 
13.250000    4.445314 
13.300000    6.513885 
13.350000    0.240781 
13.400000    3.637303 
13.450000    4.262184 
13.500000    -6.145795 
13.550000    4.338659 
13.600000    5.474237 
13.650000    6.117558 
13.700000    -3.197189 
13.750000    1.463226 
13.800000    9.301051 
13.850000    -12.055593 
13.900000    -2.639722 
13.950000    1.419330 
14.000000    1.517984 
14.050000    -6.946874 
14.100000    -5.585144 
14.150000    -3.990571 
14.200000    -1.638906 
14.250000    0.767574 
14.300000    6.615786 
14.350000    4.411914 
14.400000    -3.276802 
14.450000    -0.931631 
14.500000    -1.891780 
14.550000    -2.164036 
14.600000    -11.721396 
14.650000    1.692000 
14.700000    -10.765783 
14.750000    3.343027 
14.800000    -0.189623 
14.850000    3.106825 
14.900000    2.918703 
14.950000    -1.192003 
15.000000    -0.099344 
15.050000    -3.199019 
15.100000    5.279482 
15.150000    -5.676817 
15.200000    0.686946 
15.250000    1.319977 
15.300000    -1.387269 
15.350000    6.462479 
15.400000    -3.104996 
15.450000    -1.866238 
15.500000    -4.423245 
15.550000    5.768267 
15.600000    4.608979 
15.650000    2.737027 
15.700000    6.658485 
15.750000    2.863320 
15.800000    3.452565 
15.850000    -0.047367 
15.900000    2.052064 
15.950000    11.284985 
16.000000    -5.586375 
16.050000    -3.646197 
16.100000    5.777176 
16.150000    -11.035561 
16.200000    0.623406 
16.250000    4.407959 
16.300000    -1.631350 
16.350000    5.997976 
16.400000    1.669554 
16.450000    1.966970 
16.500000    -8.792126 
16.550000    7.835185 
16.600000    2.990567 
16.650000    -0.889016 
16.700000    1.049525 
16.750000    5.932360 
16.800000    5.839653 
16.850000    -2.761878 
16.900000    -7.074236 
16.950000    6.263445 
17.000000    0.226074 
17.050000    -1.704252 
17.100000    0.800260 
17.150000    -1.346313 
17.200000    5.710571 
17.250000    0.102447 
17.300000    0.055003 
17.350000    2.770876 
17.400000    -8.597949 
17.450000    -2.316340 
17.500000    0.899437 
17.550000    14.860509 
17.600000    5.497730 
17.650000    4.210451 
17.700000    -4.988123 
17.750000    -0.218408 
17.800000    -5.841010 
17.850000    1.635090 
17.900000    -0.854417 
17.950000    0.984639 
18.000000    -3.688621 
18.050000    -1.616098 
18.100000    5.291682 
18.150000    1.059680 
18.200000    -3.136895 
18.250000    6.396397 
18.300000    4.132856 
18.350000    1.050835 
18.400000    3.577091 
18.450000    3.516379 
18.500000    4.128140 
18.550000    3.643577 
18.600000    -11.410546 
18.650000    9.270528 
18.700000    8.837394 
18.750000    1.314888 
18.800000    0.372531 
18.850000    -3.331507 
18.900000    10.056809 
18.950000    10.635547 
19.000000    0.070771 
19.050000    5.808078 
19.100000    -0.271504 
19.150000    4.893286 
19.200000    5.000127 
19.250000    -1.347216 
19.300000    -1.725505 
19.350000    3.495892 
19.400000    5.959777 
19.450000    -5.122412 
19.500000    1.473129 
19.550000    2.781220 
19.600000    -4.406343 
19.650000    4.472324 
19.700000    0.234287 
19.750000    1.442544 
19.799999    2.578421 
19.849999    3.022272 
19.899999    7.966139 
19.949999    5.706013 


Reverse Correlation Function   