Time    Magnitude 

0.000000    1.483475 
0.050000    -0.749215 
0.100000    -1.714673 
0.150000    -2.140900 
0.200000    -4.952020 
0.250000    -3.421926 
0.300000    13.738957 
0.350000    15.398997 
0.400000    13.063392 
0.450000    8.309967 
0.500000    22.978931 
0.550000    -0.729437 
0.600000    3.849350 
0.650000    5.165166 
0.700000    -3.647784 
0.750000    -1.495913 
0.800000    -8.955153 
0.850000    -8.946908 
0.900000    -11.500253 
0.950000    -4.685158 
1.000000    -6.394409 
1.050000    6.162523 
1.100000    -7.352806 
1.150000    3.883295 
1.200000    -3.500095 
1.250000    -0.891823 
1.300000    -13.699785 
1.350000    0.314011 
1.400000    8.388983 
1.450000    -0.502594 
1.500000    -1.484966 
1.550000    4.988617 
1.600000    7.131804 
1.650000    7.634604 
1.700000    15.439233 
1.750000    3.352771 
1.800000    0.037327 
1.850000    -4.472539 
1.900000    -2.196429 
1.950000    -4.704065 
2.000000    -11.705568 
2.050000    8.607116 
2.100000    -3.093406 
2.150000    -12.151330 
2.200000    -9.562368 
2.250000    -1.696308 
2.300000    11.176422 
2.350000    -8.944670 
2.400000    10.916504 
2.450000    3.201585 
2.500000    12.403983 
2.550000    0.475579 
2.600000    16.521339 
2.650000    5.112185 
2.700000    11.479259 
2.750000    3.048735 
2.800000    13.990046 
2.850000    10.799082 
2.900000    5.186008 
2.950000    21.932623 
3.000000    1.047202 
3.050000    13.419395 
3.100000    -5.354494 
3.150000    -23.422207 
3.200000    -27.476145 
3.250000    -16.515198 
3.300000    -26.343105 
3.350000    -36.453789 
3.400000    -42.899040 
3.450000    -32.334133 
3.500000    -31.227493 
3.550000    -2.583992 
3.600000    3.050973 
3.650000    8.671892 
3.700000    36.573414 
3.750000    28.215485 
3.800000    51.418396 
3.850000    55.945671 
3.900000    42.183842 
3.950000    38.467892 
4.000000    41.336765 
4.050000    36.329433 
4.100000    25.096506 
4.150000    15.628686 
4.200000    -24.648983 
4.250000    -15.420906 
4.300000    -31.982529 
4.350000    -48.979691 
4.400000    -53.643219 
4.450000    -59.711452 
4.500000    -57.297310 
4.550000    -66.215523 
4.600000    -53.920254 
4.650000    -42.142246 
4.700000    -35.297012 
4.750000    -8.550837 
4.800000    0.154100 
4.850000    30.059025 
4.900000    32.317738 
4.950000    49.811619 
5.000000    47.104870 
5.050000    56.518894 
5.100000    41.686405 
5.150000    53.533237 
5.200000    26.196877 
5.250000    34.635212 
5.300000    29.397934 
5.350000    -1.371859 
5.400000    1.205641 
5.450000    -18.141682 
5.500000    -16.345743 
5.550000    -27.733192 
5.600000    -28.772928 
5.650000    -31.684225 
5.700000    -22.699957 
5.750000    -16.000479 
5.800000    -24.705460 
5.850000    -25.064751 
5.900000    0.642260 
5.950000    11.234875 
6.000000    9.090719 
6.050000    20.100599 
6.100000    11.840952 
6.150000    18.202446 
6.200000    15.266403 
6.250000    17.534355 
6.300000    12.955130 
6.350000    3.394916 
6.400000    5.865263 
6.450000    -4.577041 
6.500000    1.975036 
6.550000    2.568957 
6.600000    -10.707156 
6.650000    -19.356417 
6.700000    -18.450411 
6.750000    -12.433772 
6.800000    -6.185307 
6.850000    -4.713735 
6.900000    2.493026 
6.950000    15.246346 
7.000000    4.183956 
7.050000    -2.075286 
7.100000    -11.660023 
7.150000    11.224591 
7.200000    -5.386123 
7.250000    4.950702 
7.300000    -3.173780 
7.350000    12.291751 
7.400000    7.223496 
7.450000    11.561571 
7.500000    8.272347 
7.550000    8.687383 
7.600000    -3.774399 
7.650000    4.756672 
7.700000    -2.726162 
7.750000    -7.219877 
7.800000    -5.242463 
7.850000    -6.803166 
7.900000    8.794258 
7.950000    -10.241799 
8.000000    -12.329741 
8.050000    -5.695425 
8.100000    -7.019643 
8.150000    -0.528594 
8.200000    -2.087725 
8.250000    1.636291 
8.300000    -9.832434 
8.350000    4.033629 
8.400000    -12.477424 
8.450000    4.131444 
8.500000    8.274668 
8.550000    -5.313694 
8.600000    6.421883 
8.650000    6.296220 
8.700000    8.919025 
8.750000    7.290716 
8.800000    6.787569 
8.850000    3.768841 
8.900000    1.806484 
8.950000    1.745286 
9.000000    8.699499 
9.050000    11.991280 
9.100000    7.678955 
9.150000    -2.994661 
9.200000    4.168192 
9.250000    2.207221 
9.300000    -2.842313 
9.350000    -2.474473 
9.400000    -6.215288 
9.450000    -4.930593 
9.500000    -7.624345 
9.550000    -2.250307 
9.600000    7.096313 
9.650000    9.230755 
9.700000    7.913232 
9.750000    2.246894 
9.800000    9.245518 
9.850000    -2.907743 
9.900000    17.140820 
9.950000    10.475475 
10.000000    -4.769607 
10.050000    18.982199 
10.100000    6.409396 
10.150000    2.788666 
10.200000    -7.564320 
10.250000    -0.525943 
10.300000    0.927920 
10.350000    -2.061424 
10.400000    -4.272225 
10.450000    -9.891472 
10.500000    4.616265 
10.550000    0.425460 
10.600000    -12.101971 
10.650000    -13.112110 
10.700000    4.034911 
10.750000    8.135101 
10.800000    2.428278 
10.850000    1.150088 
10.900000    8.566077 
10.950000    -0.073235 
11.000000    -4.999820 
11.050000    1.831683 
11.100000    -5.717474 
11.150000    -7.885870 
11.200000    -3.078644 
11.250000    -12.811544 
11.300000    -4.787418 
11.350000    -2.193974 
11.400000    -4.642496 
11.450000    3.647110 
11.500000    11.643111 
11.550000    10.813855 
11.600000    2.180352 
11.650000    0.387263 
11.700000    1.021032 
11.750000    1.356381 
11.800000    -2.406862 
11.850000    1.354787 
11.900000    10.018339 
11.950000    -1.866068 
12.000000    -2.908886 
12.050000    10.033645 
12.100000    -11.449636 
12.150000    -0.583405 
12.200000    2.077413 
12.250000    8.202202 
12.300000    12.092943 
12.350000    10.841241 
12.400000    -2.371556 
12.450000    10.881945 
12.500000    5.577255 
12.550000    13.742672 
12.600000    10.564734 
12.650000    8.080428 
12.700000    3.515536 
12.750000    6.488730 
12.800000    6.868106 
12.850000    -4.968558 
12.900000    3.582923 
12.950000    5.029046 
13.000000    2.585681 
13.050000    -4.990775 
13.100000    4.137332 
13.150000    11.703974 
13.200000    -4.959753 
13.250000    17.049608 
13.300000    3.537606 
13.350000    -6.421775 
13.400000    3.644308 
13.450000    4.786932 
13.500000    -2.474417 
13.550000    -1.239226 
13.600000    -5.334130 
13.650000    0.211049 
13.700000    -5.939776 
13.750000    -1.983475 
13.800000    6.434559 
13.850000    16.709049 
13.900000    2.620193 
13.950000    3.083057 
14.000000    1.997608 
14.050000    4.654875 
14.100000    6.106886 
14.150000    -1.714892 
14.200000    -11.038612 
14.250000    2.321216 
14.300000    2.977830 
14.350000    10.724512 
14.400000    -5.635892 
14.450000    -9.104502 
14.500000    9.661685 
14.550000    0.347755 
14.600000    -2.872133 
14.650000    16.087498 
14.700000    -2.781274 
14.750000    -4.723168 
14.800000    0.384101 
14.850000    7.412692 
14.900000    6.086812 
14.950000    1.930077 
15.000000    -0.953678 
15.050000    1.841918 
15.100000    7.345357 
15.150000    17.188484 
15.200000    13.922977 
15.250000    3.691658 
15.300000    11.382504 
15.350000    -3.489915 
15.400000    3.161254 
15.450000    -5.650053 
15.500000    -9.641990 
15.550000    -5.393091 
15.600000    -2.033756 
15.650000    0.786182 
15.700000    -1.567035 
15.750000    -13.713408 
15.800000    6.082501 
15.850000    -6.221173 
15.900000    0.152029 
15.950000    -0.050470 
16.000000    3.801770 
16.050000    -1.931359 
16.100000    -2.959039 
16.150000    15.681206 
16.200000    5.972599 
16.250000    9.644794 
16.300000    2.509697 
16.350000    1.230218 
16.400000    6.420300 
16.450000    -10.356117 
16.500000    -2.184417 
16.550000    3.555830 
16.600000    2.946154 
16.650000    2.996739 
16.700000    8.805299 
16.750000    -10.268565 
16.800000    4.035867 
16.850000    -11.082105 
16.900000    -7.762671 
16.950000    0.009960 
17.000000    -9.717542 
17.050000    -8.678881 
17.100000    -5.915745 
17.150000    -0.667054 
17.200000    7.078810 
17.250000    -0.959902 
17.300000    0.410892 
17.350000    -2.972997 
17.400000    10.954079 
17.450000    7.354300 
17.500000    -1.037571 
17.550000    1.330249 
17.600000    -1.918863 
17.650000    9.460054 
17.700000    1.690661 
17.750000    -5.569503 
17.800000    -2.500034 
17.850000    12.931764 
17.900000    5.058464 
17.950000    8.644742 
18.000000    -6.898887 
18.050000    4.490653 
18.100000    6.647158 
18.150000    14.003683 
18.200000    -3.264224 
18.250000    7.335043 
18.300000    1.948785 
18.350000    -6.595292 
18.400000    -2.353768 
18.450000    -8.421885 
18.500000    -9.908549 
18.550000    0.094123 
18.600000    0.227988 
18.650000    1.292512 
18.700000    5.542410 
18.750000    7.505099 
18.800000    12.950412 
18.850000    18.954992 
18.900000    0.291503 
18.950000    15.705501 
19.000000    8.510402 
19.050000    12.331414 
19.100000    2.372266 
19.150000    1.811743 
19.200000    12.831245 
19.250000    5.966406 
19.300000    21.347692 
19.350000    9.004476 
19.400000    -6.833358 
19.450000    -7.860853 
19.500000    13.201047 
19.550000    -16.874765 
19.600000    -9.173145 
19.650000    -15.049438 
19.700000    -5.203467 
19.750000    -10.613895 
19.799999    -15.331039 
19.849999    1.194854 
19.899999    15.116525 
19.949999    12.223675 


Reverse Correlation Function   