Time    Magnitude 

0.000000    -0.414952 
0.050000    -0.145869 
0.100000    0.381672 
0.150000    -0.165710 
0.200000    -0.263807 
0.250000    0.240060 
0.300000    -0.212178 
0.350000    -0.258610 
0.400000    -0.452167 
0.450000    0.309058 
0.500000    -0.262399 
0.550000    0.843539 
0.600000    0.220783 
0.650000    -0.085706 
0.700000    -0.214991 
0.750000    -0.177178 
0.800000    0.331389 
0.850000    0.217475 
0.900000    -0.010891 
0.950000    0.012788 
1.000000    0.527450 
1.050000    -0.224865 
1.100000    -0.348258 
1.150000    0.259905 
1.200000    -0.107265 
1.250000    0.077644 
1.300000    -0.142926 
1.350000    0.306361 
1.400000    -0.300626 
1.450000    -0.100777 
1.500000    0.156752 
1.550000    0.327984 
1.600000    -0.325525 
1.650000    -0.172469 
1.700000    0.673150 
1.750000    0.291503 
1.800000    0.707796 
1.850000    -0.379955 
1.900000    0.070722 
1.950000    0.415090 
2.000000    0.176419 
2.050000    0.178508 
2.100000    -0.571158 
2.150000    -0.624754 
2.200000    -0.778054 
2.250000    0.101041 
2.300000    -0.162961 
2.350000    0.707024 
2.400000    1.079753 
2.450000    1.337585 
2.500000    0.816935 
2.550000    -0.942890 
2.600000    -2.259508 
2.650000    -2.358330 
2.700000    -0.628931 
2.750000    -0.198754 
2.800000    2.571705 
2.850000    2.262192 
2.900000    0.974333 
2.950000    -1.377769 
3.000000    -2.523406 
3.050000    -2.719113 
3.100000    -1.181921 
3.150000    0.459936 
3.200000    1.709633 
3.250000    2.443188 
3.300000    0.282358 
3.350000    -1.714967 
3.400000    -2.773113 
3.450000    -2.873110 
3.500000    -0.478183 
3.550000    1.322481 
3.600000    2.828825 
3.650000    1.903092 
3.700000    -0.210338 
3.750000    -2.777304 
3.800000    -2.298265 
3.850000    -1.046654 
3.900000    0.917761 
3.950000    2.491700 
4.000000    2.397114 
4.050000    0.203080 
4.100000    -1.634761 
4.150000    -2.024286 
4.200000    -1.411302 
4.250000    0.188693 
4.300000    1.828006 
4.350000    1.979375 
4.400000    0.611254 
4.450000    -0.880201 
4.500000    -2.307917 
4.550000    -1.716045 
4.600000    -0.292003 
4.650000    1.264168 
4.700000    1.809122 
4.750000    1.196685 
4.800000    0.044833 
4.850000    -0.523278 
4.900000    -1.861179 
4.950000    -0.783564 
5.000000    0.911214 
5.050000    1.734359 
5.100000    1.450182 
5.150000    0.087968 
5.200000    -1.135229 
5.250000    -0.376169 
5.300000    -0.109281 
5.350000    0.172948 
5.400000    1.210165 
5.450000    1.594137 
5.500000    0.593884 
5.550000    -0.066025 
5.600000    -0.932036 
5.650000    -1.130157 
5.700000    0.318658 
5.750000    0.281482 
5.800000    0.521937 
5.850000    -0.448925 
5.900000    -0.341641 
5.950000    -0.411000 
6.000000    -0.244438 
6.050000    -0.095159 
6.100000    -0.318655 
6.150000    0.441753 
6.200000    0.085600 
6.250000    0.101728 
6.300000    -0.458178 
6.350000    -0.436159 
6.400000    0.087798 
6.450000    -0.316541 
6.500000    -0.484259 
6.550000    -0.271626 
6.600000    0.003996 
6.650000    0.221765 
6.700000    0.267629 
6.750000    0.735856 
6.800000    -0.474734 
6.850000    0.053405 
6.900000    -0.373580 
6.950000    0.445904 
7.000000    -0.280659 
7.050000    -0.006170 
7.100000    -0.348060 
7.150000    0.068530 
7.200000    0.599771 
7.250000    0.792121 
7.300000    0.279599 
7.350000    0.592819 
7.400000    0.837123 
7.450000    -0.261893 
7.500000    0.516560 
7.550000    0.096429 
7.600000    -0.093107 
7.650000    -0.431313 
7.700000    0.340160 
7.750000    -0.083005 
7.800000    -0.169706 
7.850000    -0.402910 
7.900000    0.319288 
7.950000    0.279636 
8.000000    -0.339910 
8.050000    0.282062 
8.100000    0.756094 
8.150000    -0.390499 
8.200000    -0.327723 
8.250000    0.289345 
8.300000    0.019852 
8.350000    -0.004269 
8.400000    -0.027771 
8.450000    -0.279627 
8.500000    0.084288 
8.550000    0.518482 
8.600000    0.496231 
8.650000    0.511644 
8.700000    -0.501840 
8.750000    -0.308877 
8.800000    0.381105 
8.850000    0.407802 
8.900000    0.145126 
8.950000    0.038566 
9.000000    0.027500 
9.050000    -0.646113 
9.100000    0.121074 
9.150000    -0.651753 
9.200000    -0.145854 
9.250000    0.292944 
9.300000    0.955818 
9.350000    0.131703 
9.400000    -0.033112 
9.450000    -0.450551 
9.500000    -0.047726 
9.550000    0.147816 
9.600000    0.599567 
9.650000    -0.225732 
9.700000    -0.158716 
9.750000    -0.154198 
9.800000    0.052103 
9.850000    -0.108618 
9.900000    -0.033277 
9.950000    -0.567615 
10.000000    0.451706 
10.050000    -0.047618 
10.100000    0.535370 
10.150000    -0.293914 
10.200000    0.089237 
10.250000    -0.225423 
10.300000    0.514998 
10.350000    -0.439088 
10.400000    0.185421 
10.450000    0.180621 
10.500000    -0.175220 
10.550000    0.084016 
10.600000    0.209171 
10.650000    0.366264 
10.700000    0.005349 
10.750000    0.608340 
10.800000    -0.114887 
10.850000    -0.646583 
10.900000    -0.463770 
10.950000    -0.559771 
11.000000    -0.364733 
11.050000    0.033944 
11.100000    -0.205502 
11.150000    -0.160269 
11.200000    0.498280 
11.250000    -0.248111 
11.300000    0.245166 
11.350000    0.141261 
11.400000    0.361301 
11.450000    0.322697 
11.500000    0.049316 
11.550000    0.343712 
11.600000    -0.003523 
11.650000    -0.071437 
11.700000    0.248074 
11.750000    0.245920 
11.800000    0.225938 
11.850000    0.659207 
11.900000    0.469457 
11.950000    -0.173207 
12.000000    -0.145601 
12.050000    -0.213832 
12.100000    0.192164 
12.150000    0.637000 
12.200000    -0.035938 
12.250000    0.231550 
12.300000    -0.179804 
12.350000    -0.225037 
12.400000    -0.487518 
12.450000    -0.502688 
12.500000    -0.252461 
12.550000    -0.042952 
12.600000    0.159082 
12.650000    0.035527 
12.700000    -0.467439 
12.750000    0.154059 
12.800000    -0.405408 
12.850000    0.617205 
12.900000    0.538689 
12.950000    -0.296727 
13.000000    0.051691 
13.050000    0.293736 
13.100000    -0.070832 
13.150000    0.514705 
13.200000    -0.065536 
13.250000    -0.335637 
13.300000    -0.193422 
13.350000    -0.171646 
13.400000    0.152314 
13.450000    0.595120 
13.500000    -0.195328 
13.550000    -0.106417 
13.600000    -0.326643 
13.650000    -0.189157 
13.700000    -0.011083 
13.750000    -0.946002 
13.800000    -0.173248 
13.850000    0.470185 
13.900000    -0.406959 
13.950000    0.108616 
14.000000    -0.056877 
14.050000    0.431737 
14.100000    -0.014837 
14.150000    -0.308386 
14.200000    0.242001 
14.250000    0.519608 
14.300000    -0.243640 
14.350000    -0.030470 
14.400000    0.313989 
14.450000    -0.144892 
14.500000    -0.130812 
14.550000    -0.167843 
14.600000    0.192797 
14.650000    0.169354 
14.700000    -0.046485 
14.750000    0.067176 
14.800000    0.118835 
14.850000    -0.584703 
14.900000    -0.256000 
14.950000    0.082954 
15.000000    -0.375508 
15.050000    0.013605 
15.100000    -0.054494 
15.150000    0.267561 
15.200000    -0.184237 
15.250000    -0.376052 
15.300000    0.063413 
15.350000    -0.421313 
15.400000    0.578032 
15.450000    -0.007937 
15.500000    0.491185 
15.550000    0.020181 
15.600000    -0.056236 
15.650000    0.293081 
15.700000    -0.451925 
15.750000    0.376245 
15.800000    -0.396107 
15.850000    0.308096 
15.900000    -0.030593 
15.950000    0.611888 
16.000000    0.009290 
16.050000    0.403642 
16.100000    0.471935 
16.150000    0.228566 
16.200000    -0.052872 
16.250000    -0.268397 
16.300000    0.799367 
16.350000    0.349205 
16.400000    0.074629 
16.450000    0.441537 
16.500000    0.398932 
16.550000    0.048654 
16.600000    0.531054 
16.650000    -0.455539 
16.700000    -0.131432 
16.750000    -0.138784 
16.800000    -0.203424 
16.850000    -0.329077 
16.900000    0.265640 
16.950000    0.017540 
17.000000    0.171884 
17.050000    -0.053067 
17.100000    0.158968 
17.150000    -0.153023 
17.200000    0.090850 
17.250000    -0.767858 
17.300000    0.499977 
17.350000    0.457249 
17.400000    0.492318 
17.450000    0.322311 
17.500000    0.066074 
17.550000    0.432302 
17.600000    -0.238410 
17.650000    0.325994 
17.700000    0.431386 
17.750000    0.136055 
17.800000    0.057522 
17.850000    0.618863 
17.900000    0.679910 
17.950000    0.268559 
18.000000    0.159673 
18.050000    -0.061960 
18.100000    -0.256318 
18.150000    0.469377 
18.200000    0.240988 
18.250000    0.210661 
18.300000    0.413841 
18.350000    0.329132 
18.400000    0.440971 
18.450000    0.396805 
18.500000    0.239041 
18.550000    0.669245 
18.600000    -0.241540 
18.650000    0.183438 
18.700000    -0.219503 
18.750000    0.898642 
18.800000    0.054952 
18.850000    0.118564 
18.900000    -0.096076 
18.950000    -0.043128 
19.000000    0.091745 
19.050000    -0.260207 
19.100000    0.122652 
19.150000    0.368284 
19.200000    0.329177 
19.250000    0.382079 
19.300000    0.032486 
19.350000    -0.447475 
19.400000    -0.006818 
19.450000    0.439469 
19.500000    -0.074243 
19.550000    0.052475 
19.600000    0.285709 
19.650000    -0.405757 
19.700000    -0.446017 
19.750000    -0.461471 
19.799999    0.257610 
19.849999    -0.456771 
19.899999    0.789878 
19.949999    0.236627 


Reverse Correlation Function   