Time    Magnitude 

0.000000    -0.074122 
0.050000    -0.078463 
0.100000    0.040577 
0.150000    0.071185 
0.200000    -0.062049 
0.250000    0.058233 
0.300000    0.009033 
0.350000    0.171965 
0.400000    0.017008 
0.450000    0.165751 
0.500000    -0.037923 
0.550000    0.125466 
0.600000    -0.036764 
0.650000    -0.222350 
0.700000    0.181586 
0.750000    -0.244804 
0.800000    0.019952 
0.850000    0.121567 
0.900000    -0.155051 
0.950000    0.045073 
1.000000    0.158688 
1.050000    -0.047698 
1.100000    0.166079 
1.150000    -0.001232 
1.200000    -0.151198 
1.250000    -0.182088 
1.300000    0.017588 
1.350000    -0.085627 
1.400000    0.089302 
1.450000    0.075918 
1.500000    0.072632 
1.550000    -0.045101 
1.600000    0.087723 
1.650000    -0.156191 
1.700000    -0.024252 
1.750000    0.099591 
1.800000    -0.026810 
1.850000    0.119346 
1.900000    -0.050403 
1.950000    -0.116459 
2.000000    -0.054256 
2.050000    0.046510 
2.100000    0.032692 
2.150000    -0.178854 
2.200000    0.069290 
2.250000    0.049554 
2.300000    -0.127443 
2.350000    -0.003952 
2.400000    0.040925 
2.450000    0.152537 
2.500000    0.015606 
2.550000    -0.063268 
2.600000    -0.016006 
2.650000    -0.081618 
2.700000    -0.113553 
2.750000    0.160530 
2.800000    0.073826 
2.850000    -0.034065 
2.900000    0.016923 
2.950000    -0.056456 
3.000000    0.088988 
3.050000    -0.035596 
3.100000    0.044295 
3.150000    0.102077 
3.200000    0.089302 
3.250000    0.135838 
3.300000    -0.022102 
3.350000    -0.103562 
3.400000    0.117399 
3.450000    0.093425 
3.500000    -0.122930 
3.550000    -0.086264 
3.600000    0.166406 
3.650000    -0.022617 
3.700000    -0.107414 
3.750000    0.046163 
3.800000    0.173968 
3.850000    0.153051 
3.900000    -0.023260 
3.950000    -0.025412 
4.000000    0.207379 
4.050000    -0.100503 
4.100000    -0.032962 
4.150000    -0.200801 
4.200000    -0.086327 
4.250000    -0.095991 
4.300000    -0.017448 
4.350000    0.033361 
4.400000    -0.100489 
4.450000    -0.252214 
4.500000    -0.277240 
4.550000    -0.244112 
4.600000    0.041011 
4.650000    -0.126796 
4.700000    -0.128377 
4.750000    0.164947 
4.800000    -0.183278 
4.850000    -0.030993 
4.900000    0.069822 
4.950000    0.177587 
5.000000    0.086404 
5.050000    0.230672 
5.100000    0.191785 
5.150000    0.289419 
5.200000    0.228632 
5.250000    0.289346 
5.300000    0.406764 
5.350000    0.263329 
5.400000    0.384747 
5.450000    0.506421 
5.500000    0.419121 
5.550000    0.103958 
5.600000    0.515689 
5.650000    0.456395 
5.700000    0.277742 
5.750000    0.174771 
5.800000    0.117964 
5.850000    0.124639 
5.900000    0.034233 
5.950000    -0.095422 
6.000000    -0.129905 
6.050000    -0.213923 
6.100000    -0.304534 
6.150000    -0.303505 
6.200000    -0.425145 
6.250000    -0.343580 
6.300000    -0.447230 
6.350000    -0.367882 
6.400000    -0.420228 
6.450000    -0.487772 
6.500000    -0.492504 
6.550000    -0.576662 
6.600000    -0.418512 
6.650000    -0.486142 
6.700000    -0.453192 
6.750000    -0.190388 
6.800000    -0.070791 
6.850000    -0.129850 
6.900000    -0.181753 
6.950000    0.093519 
7.000000    0.084677 
7.050000    0.208787 
7.100000    0.391788 
7.150000    0.408598 
7.200000    0.375922 
7.250000    0.639636 
7.300000    0.490274 
7.350000    0.598950 
7.400000    0.756084 
7.450000    0.615506 
7.500000    0.699527 
7.550000    0.621586 
7.600000    0.708554 
7.650000    0.583447 
7.700000    0.497076 
7.750000    0.550949 
7.800000    0.371846 
7.850000    0.544450 
7.900000    0.250166 
7.950000    0.148896 
8.000000    0.088791 
8.050000    -0.066966 
8.100000    0.028601 
8.150000    -0.306643 
8.200000    -0.454147 
8.250000    -0.418875 
8.300000    -0.377913 
8.350000    -0.561468 
8.400000    -0.453060 
8.450000    -0.563975 
8.500000    -0.704656 
8.550000    -0.651004 
8.600000    -0.538325 
8.650000    -0.564629 
8.700000    -0.439556 
8.750000    -0.680303 
8.800000    -0.395959 
8.850000    -0.512688 
8.900000    -0.217614 
8.950000    -0.231528 
9.000000    0.065522 
9.050000    0.058571 
9.100000    0.333458 
9.150000    0.318676 
9.200000    0.458655 
9.250000    0.506960 
9.300000    0.439784 
9.350000    0.567172 
9.400000    0.367791 
9.450000    0.506481 
9.500000    0.580937 
9.550000    0.596281 
9.600000    0.506131 
9.650000    0.505844 
9.700000    0.403266 
9.750000    0.406053 
9.800000    0.461860 
9.850000    0.424453 
9.900000    0.277210 
9.950000    0.309471 
10.000000    0.042629 
10.050000    0.110040 
10.100000    -0.091294 
10.150000    -0.052388 
10.200000    -0.069382 
10.250000    -0.239233 
10.300000    -0.262991 
10.350000    -0.256105 
10.400000    -0.403887 
10.450000    -0.341312 
10.500000    -0.503969 
10.550000    -0.464701 
10.600000    -0.414253 
10.650000    -0.299049 
10.700000    -0.440060 
10.750000    -0.185934 
10.800000    -0.524489 
10.850000    -0.256700 
10.900000    -0.012476 
10.950000    0.093288 
11.000000    -0.009028 
11.050000    0.005707 
11.100000    0.182329 
11.150000    0.235393 
11.200000    0.155359 
11.250000    0.150824 
11.300000    0.170474 
11.350000    0.410554 
11.400000    0.360714 
11.450000    0.316369 
11.500000    0.450610 
11.550000    0.264025 
11.600000    0.391300 
11.650000    0.346167 
11.700000    0.164539 
11.750000    0.305083 
11.800000    0.206086 
11.850000    0.100630 
11.900000    0.104994 
11.950000    0.128683 
12.000000    0.019315 
12.050000    -0.033672 
12.100000    -0.048082 
12.150000    0.130515 
12.200000    -0.058374 
12.250000    -0.199200 
12.300000    -0.203118 
12.350000    -0.248909 
12.400000    -0.115357 
12.450000    -0.065455 
12.500000    -0.133506 
12.550000    -0.194659 
12.600000    -0.110383 
12.650000    -0.313552 
12.700000    -0.048741 
12.750000    -0.153368 
12.800000    -0.123343 
12.850000    -0.018769 
12.900000    -0.184111 
12.950000    0.060878 
13.000000    0.085265 
13.050000    -0.077573 
13.100000    0.011806 
13.150000    0.126414 
13.200000    0.091367 
13.250000    0.122066 
13.300000    0.007413 
13.350000    0.220268 
13.400000    -0.009374 
13.450000    0.065218 
13.500000    -0.055745 
13.550000    0.157701 
13.600000    0.068300 
13.650000    -0.105992 
13.700000    0.255782 
13.750000    0.189766 
13.800000    -0.104467 
13.850000    0.055487 
13.900000    0.122464 
13.950000    -0.002817 
14.000000    0.071007 
14.050000    0.032947 
14.100000    -0.071998 
14.150000    -0.007805 
14.200000    0.012185 
14.250000    -0.073124 
14.300000    -0.036029 
14.350000    -0.161591 
14.400000    0.211759 
14.450000    -0.200074 
14.500000    -0.036608 
14.550000    0.003202 
14.600000    0.274127 
14.650000    0.028301 
14.700000    -0.155230 
14.750000    0.042324 
14.800000    -0.038841 
14.850000    0.018302 
14.900000    -0.057600 
14.950000    0.051859 
15.000000    -0.084824 
15.050000    0.045236 
15.100000    -0.067814 
15.150000    0.122595 
15.200000    0.116859 
15.250000    -0.057860 
15.300000    -0.236442 
15.350000    -0.160102 
15.400000    -0.147075 
15.450000    0.106936 
15.500000    -0.022075 
15.550000    -0.045773 
15.600000    -0.049890 
15.650000    0.034651 
15.700000    -0.056712 
15.750000    -0.144972 
15.800000    -0.241569 
15.850000    0.087337 
15.900000    0.158240 
15.950000    0.080847 
16.000000    0.103749 
16.050000    -0.219190 
16.100000    0.068172 
16.150000    -0.143669 
16.200000    -0.067215 
16.250000    -0.146914 
16.300000    -0.144432 
16.350000    -0.016087 
16.400000    -0.040292 
16.450000    -0.066785 
16.500000    -0.112928 
16.550000    0.031162 
16.600000    0.056392 
16.650000    -0.025858 
16.700000    0.127799 
16.750000    0.019536 
16.800000    0.075145 
16.850000    -0.012296 
16.900000    0.074899 
16.950000    0.104936 
17.000000    -0.029673 
17.050000    0.044568 
17.100000    -0.082278 
17.150000    -0.078331 
17.200000    0.076031 
17.250000    -0.033131 
17.300000    -0.017054 
17.350000    0.116243 
17.400000    -0.238074 
17.450000    -0.167538 
17.500000    0.085716 
17.550000    0.012521 
17.600000    0.064595 
17.650000    0.112116 
17.700000    0.015718 
17.750000    -0.131193 
17.800000    -0.076026 
17.850000    -0.138165 
17.900000    0.006265 
17.950000    0.056274 
18.000000    -0.093806 
18.050000    -0.001322 
18.100000    0.011024 
18.150000    -0.049240 
18.200000    -0.039660 
18.250000    -0.083863 
18.300000    -0.038534 
18.350000    -0.121141 
18.400000    0.053072 
18.450000    -0.065658 
18.500000    -0.078994 
18.550000    -0.233937 
18.600000    -0.006653 
18.650000    -0.105523 
18.700000    -0.006844 
18.750000    -0.025401 
18.800000    0.042534 
18.850000    -0.073795 
18.900000    -0.077589 
18.950000    -0.005717 
19.000000    0.068924 
19.050000    -0.078684 
19.100000    0.107748 
19.150000    0.133127 
19.200000    0.001429 
19.250000    0.023168 
19.300000    0.075632 
19.350000    0.068957 
19.400000    -0.039041 
19.450000    0.030097 
19.500000    0.089673 
19.550000    0.050538 
19.600000    0.043427 
19.650000    -0.235370 
19.700000    -0.063180 
19.750000    -0.076342 
19.799999    0.151053 
19.849999    0.053437 
19.899999    -0.097684 
19.949999    -0.105215 


Reverse Correlation Function   