Time    Magnitude 

0.000000    -4.033072 
0.050000    9.903938 
0.100000    3.059355 
0.150000    10.624121 
0.200000    11.013925 
0.250000    1.820023 
0.300000    -17.750629 
0.350000    -5.936013 
0.400000    -10.392381 
0.450000    26.163837 
0.500000    -1.486337 
0.550000    -1.756354 
0.600000    10.153566 
0.650000    -18.262150 
0.700000    12.194929 
0.750000    0.563211 
0.800000    13.518103 
0.850000    15.443278 
0.900000    7.783722 
0.950000    6.350512 
1.000000    -1.353653 
1.050000    -5.976852 
1.100000    -1.182350 
1.150000    -11.874274 
1.200000    4.259736 
1.250000    27.132704 
1.300000    7.479059 
1.350000    3.122258 
1.400000    -7.960344 
1.450000    11.892577 
1.500000    13.011706 
1.550000    12.967108 
1.600000    12.194635 
1.650000    27.939041 
1.700000    20.972601 
1.750000    9.988457 
1.800000    7.840582 
1.850000    -1.199753 
1.900000    8.585570 
1.950000    13.792250 
2.000000    23.621346 
2.050000    21.315128 
2.100000    18.189922 
2.150000    14.745863 
2.200000    -16.214388 
2.250000    10.867423 
2.300000    9.340808 
2.350000    16.732023 
2.400000    -5.017858 
2.450000    18.959679 
2.500000    9.743493 
2.550000    18.987909 
2.600000    2.103796 
2.650000    18.601521 
2.700000    9.610401 
2.750000    6.718839 
2.800000    26.979877 
2.850000    -0.511470 
2.900000    -16.686104 
2.950000    2.469761 
3.000000    0.960778 
3.050000    -5.561432 
3.100000    -11.883863 
3.150000    -0.786403 
3.200000    -15.515986 
3.250000    4.141426 
3.300000    -7.436604 
3.350000    0.561452 
3.400000    12.263882 
3.450000    -4.472198 
3.500000    -16.727413 
3.550000    -4.317009 
3.600000    -14.737538 
3.650000    13.181500 
3.700000    16.478540 
3.750000    -8.661853 
3.800000    5.710211 
3.850000    -6.453701 
3.900000    -4.489907 
3.950000    15.340700 
4.000000    23.690138 
4.050000    30.786570 
4.100000    37.735531 
4.150000    17.199585 
4.200000    35.006531 
4.250000    39.748573 
4.300000    34.024082 
4.350000    38.863766 
4.400000    31.899393 
4.450000    43.097134 
4.500000    56.396149 
4.550000    51.518154 
4.600000    49.953087 
4.650000    25.175581 
4.700000    45.967670 
4.750000    38.148117 
4.800000    44.306293 
4.850000    35.193150 
4.900000    25.081450 
4.950000    31.370794 
5.000000    44.973866 
5.050000    17.733360 
5.100000    33.510250 
5.150000    36.152805 
5.200000    7.654894 
5.250000    -7.733607 
5.300000    12.368429 
5.350000    1.324406 
5.400000    6.050440 
5.450000    1.762032 
5.500000    -17.010639 
5.550000    -38.273064 
5.600000    -26.986942 
5.650000    -49.472153 
5.700000    -46.004295 
5.750000    -54.208435 
5.800000    -43.920437 
5.850000    -68.542198 
5.900000    -62.916107 
5.950000    -102.446945 
6.000000    -75.313477 
6.050000    -100.109734 
6.100000    -91.775253 
6.150000    -103.374702 
6.200000    -117.438210 
6.250000    -113.062546 
6.300000    -136.849396 
6.350000    -116.327858 
6.400000    -112.872292 
6.450000    -97.723076 
6.500000    -112.512917 
6.550000    -103.262924 
6.600000    -104.446419 
6.650000    -105.732506 
6.700000    -123.051804 
6.750000    -93.218193 
6.800000    -69.452957 
6.850000    -68.841263 
6.900000    -76.746712 
6.950000    -91.322441 
7.000000    -62.068577 
7.050000    -49.573902 
7.100000    -57.877945 
7.150000    -43.009041 
7.200000    -39.628777 
7.250000    -32.164322 
7.300000    -25.901464 
7.350000    -21.888756 
7.400000    -28.417692 
7.450000    -4.976393 
7.500000    13.747822 
7.550000    17.573969 
7.600000    26.389154 
7.650000    34.492191 
7.700000    29.749874 
7.750000    60.362484 
7.800000    47.352428 
7.850000    42.284592 
7.900000    56.719604 
7.950000    42.598587 
7.999999    90.621567 
8.049999    74.377831 
8.100000    100.013893 
8.150000    70.253288 
8.200000    87.786102 
8.250000    67.395370 
8.300000    50.851574 
8.350000    57.584011 
8.400000    74.964172 
8.450000    105.626671 
8.500000    60.256111 
8.549999    90.120857 
8.599999    76.622612 
8.650000    85.733116 
8.700000    80.261986 
8.750000    75.754242 
8.800000    50.288868 
8.850000    76.023331 
8.900000    58.569477 
8.950000    51.433964 
9.000000    74.459923 
9.050000    34.974045 
9.099999    33.977066 
9.149999    42.261196 
9.200000    52.188004 
9.250000    29.938597 
9.300000    28.327507 
9.350000    42.532406 
9.400000    51.913681 
9.450000    42.015480 
9.500000    41.496365 
9.550000    26.055843 
9.600000    24.983192 
9.649999    18.771116 
9.699999    55.512180 
9.750000    34.754349 
9.800000    16.400354 
9.850000    48.444084 
9.900000    37.340176 
9.950000    47.061359 
10.000000    42.719116 
10.050000    13.617985 
10.100000    45.111034 
10.150000    28.025682 
10.199999    15.508080 
10.249999    22.963158 
10.300000    34.287182 
10.350000    33.707970 
10.400000    6.819278 
10.450000    6.878187 
10.500000    -1.364248 
10.550000    0.589649 
10.600000    13.590463 
10.650000    27.633598 
10.700000    10.695753 
10.749999    19.124393 
10.799999    15.362516 
10.849999    -4.178472 
10.900000    5.538876 
10.950000    -4.525008 
11.000000    -20.600191 
11.050000    -5.790422 
11.100000    4.684296 
11.150000    -17.290628 
11.200000    -6.615328 
11.250000    11.042023 
11.299999    -12.041627 
11.349999    -3.697554 
11.399999    -11.136048 
11.450000    -15.784367 
11.500000    -36.851360 
11.550000    -10.862265 
11.600000    -24.136581 
11.650000    2.466744 
11.700000    -26.277468 
11.750000    -6.786644 
11.800000    -24.780237 
11.849999    -4.245580 
11.899999    -8.510454 
11.949999    -3.284672 
12.000000    -22.316984 
12.050000    -1.986226 
12.100000    -21.077772 
12.150000    -16.754642 
12.200000    -41.816917 
12.250000    5.573529 
12.300000    -21.881550 
12.350000    -16.254868 
12.399999    -15.470933 
12.449999    -38.744930 
12.499999    -19.698126 
12.550000    -16.930204 
12.600000    -11.289145 
12.650000    -17.196770 
12.700000    -8.140285 
12.750000    -6.999390 
12.800000    -15.348445 
12.850000    -1.968550 
12.900000    2.318540 
12.949999    -21.917650 
12.999999    -14.478205 
13.049999    -30.235474 
13.100000    -8.210190 
13.150000    -33.015648 
13.200000    -16.360861 
13.250000    1.807457 
13.300000    -5.806142 
13.350000    -2.372949 
13.400000    0.677373 
13.450000    -31.524868 
13.499999    -12.751030 
13.549999    -24.215824 
13.599999    -22.665562 
13.650000    -9.886090 
13.700000    10.127391 
13.750000    19.332369 
13.800000    -11.327084 
13.850000    -6.235687 
13.900000    28.731596 
13.950000    -4.540209 
14.000000    19.004736 
14.049999    -1.344948 
14.099999    -12.835614 
14.149999    -6.390224 
14.200000    -7.093958 
14.250000    -16.004227 
14.300000    -4.815303 
14.350000    -5.842843 
14.400000    -2.391581 
14.450000    13.468104 
14.500000    4.118679 
14.549999    3.712056 
14.599999    21.555677 
14.649999    -4.701458 
14.699999    -4.382113 
14.750000    8.837280 
14.800000    17.041265 
14.850000    13.832321 
14.900000    8.791310 
14.950000    6.354089 
15.000000    1.744499 
15.050000    -5.131496 
15.099999    -8.730794 
15.149999    -1.675354 
15.199999    -14.048399 
15.249999    3.750086 
15.299999    13.586945 
15.350000    5.270051 
15.400000    5.552760 
15.450000    6.047757 
15.500000    26.586779 
15.550000    -6.378261 
15.600000    14.706821 
15.650000    20.178381 
15.699999    -0.914946 
15.750000    20.303841 
15.799999    6.079305 
15.850000    8.785738 
15.899999    10.418860 
15.950000    -5.994018 
15.999999    -4.355604 
16.050000    17.480354 
16.099999    -1.883951 
16.150000    14.869161 
16.200000    -3.215464 
16.249999    -12.738587 
16.300000    -2.343454 
16.349999    -5.819493 
16.400000    -2.885368 
16.449999    -9.263467 
16.500000    16.775190 
16.549999    -14.357511 
16.600000    27.451132 
16.649999    5.783664 
16.700000    23.014271 
16.750000    -2.390156 
16.799999    -16.289728 
16.850000    11.192047 
16.899999    10.959475 
16.950000    4.034783 
16.999999    11.089314 
17.050000    4.208269 
17.099999    6.619341 
17.150000    12.582383 
17.199999    29.193171 
17.250000    -4.157744 
17.300000    27.334999 
17.349999    28.988003 
17.400000    -5.886494 
17.449999    -0.107742 
17.500000    17.225348 
17.549999    2.021019 
17.600000    13.582203 
17.649999    28.593708 
17.700000    10.194466 
17.749999    20.879736 
17.800000    16.920013 
17.850000    6.431728 
17.899999    29.070436 
17.950000    40.706516 
17.999999    30.569715 
18.050000    19.108667 
18.099999    14.980507 
18.150000    18.803097 
18.199999    -4.592415 
18.250000    12.692710 
18.299999    20.198494 
18.350000    4.824659 
18.400000    8.220365 
18.449999    7.515511 
18.500000    20.498468 
18.549999    3.533229 
18.600000    7.301280 
18.649999    19.568298 
18.700000    -3.662826 
18.749999    -33.476067 
18.800000    0.413682 
18.849999    4.080655 
18.900000    1.012881 
18.950000    -6.538831 
18.999999    -9.844384 
19.050000    -5.474754 
19.099999    -12.625399 
19.150000    7.009958 
19.199999    -14.638726 
19.250000    -5.525041 
19.299999    13.870515 
19.350000    -3.978049 
19.399999    -4.886843 
19.450000    -4.491455 
19.500000    8.637568 
19.549999    -6.353607 
19.600000    -5.071420 
19.649999    -5.041432 
19.700000    -1.014543 
19.749999    2.515971 
19.800000    2.817124 
19.849999    -12.391700 
19.900000    -33.133286 
19.949999    -2.923621 


Reverse Correlation Function   