Time    Magnitude 

0.000000    0.208942 
0.050000    -0.297773 
0.100000    0.161115 
0.150000    0.179780 
0.200000    -0.038957 
0.250000    0.026620 
0.300000    -0.021736 
0.350000    -0.099938 
0.400000    0.126086 
0.450000    0.067858 
0.500000    -0.003653 
0.550000    -0.007370 
0.600000    0.000573 
0.650000    -0.165329 
0.700000    0.025777 
0.750000    0.211134 
0.800000    -0.012949 
0.850000    0.163619 
0.900000    0.090102 
0.950000    -0.047569 
1.000000    0.142500 
1.050000    0.134909 
1.100000    0.169628 
1.150000    -0.151520 
1.200000    -0.004731 
1.250000    0.143703 
1.300000    0.033935 
1.350000    0.031952 
1.400000    -0.148066 
1.450000    -0.041040 
1.500000    -0.237631 
1.550000    0.173595 
1.600000    0.090269 
1.650000    0.005755 
1.700000    0.013213 
1.750000    0.149579 
1.800000    -0.070919 
1.850000    -0.019251 
1.900000    0.154646 
1.950000    -0.042047 
2.000000    0.066150 
2.050000    0.331558 
2.100000    0.227420 
2.150000    0.112685 
2.200000    0.048502 
2.250000    0.151964 
2.300000    0.040326 
2.350000    0.111665 
2.400000    0.129528 
2.450000    0.091176 
2.500000    0.011010 
2.550000    -0.080895 
2.600000    0.184696 
2.650000    -0.001240 
2.700000    -0.037635 
2.750000    0.040604 
2.800000    -0.128014 
2.850000    -0.033505 
2.900000    -0.345679 
2.950000    -0.070756 
3.000000    -0.048131 
3.050000    -0.028403 
3.100000    -0.058687 
3.150000    -0.108900 
3.200000    0.111021 
3.250000    -0.320970 
3.300000    0.149651 
3.350000    -0.019978 
3.400000    -0.025916 
3.450000    -0.162037 
3.500000    0.021099 
3.550000    -0.033893 
3.600000    -0.009462 
3.650000    0.069976 
3.700000    -0.032726 
3.750000    -0.202250 
3.800000    0.121701 
3.850000    -0.054340 
3.900000    -0.110569 
3.950000    0.004644 
4.000000    0.135910 
4.050000    0.290628 
4.100000    0.289054 
4.150000    0.031909 
4.200000    0.078170 
4.250000    0.158378 
4.300000    0.228668 
4.350000    0.204990 
4.400000    0.150309 
4.450000    0.258062 
4.500000    0.298410 
4.550000    0.287571 
4.600000    -0.035656 
4.650000    -0.060453 
4.700000    -0.227324 
4.750000    -0.112938 
4.800000    -0.275390 
4.850000    -0.260560 
4.900000    -0.431000 
4.950000    -0.154592 
5.000000    -0.431745 
5.050000    -0.280557 
5.100000    -0.416942 
5.150000    -0.273856 
5.200000    -0.242742 
5.250000    -0.340574 
5.300000    -0.344377 
5.350000    -0.139195 
5.400000    0.014735 
5.450000    0.100440 
5.500000    0.124622 
5.550000    0.221537 
5.600000    0.434518 
5.650000    0.695344 
5.700000    0.523202 
5.750000    0.508996 
5.800000    0.483865 
5.850000    0.532487 
5.900000    0.692487 
5.950000    0.518174 
6.000000    0.482176 
6.050000    0.231530 
6.100000    0.379180 
6.150000    -0.074799 
6.200000    -0.102886 
6.250000    -0.233416 
6.300000    -0.259826 
6.350000    -0.295621 
6.400000    -0.452017 
6.450000    -0.509329 
6.500000    -0.465300 
6.550000    -0.660801 
6.600000    -0.502598 
6.650000    -0.342637 
6.700000    -0.346222 
6.750000    -0.179445 
6.800000    -0.189489 
6.850000    0.081028 
6.900000    0.091865 
6.950000    0.238517 
7.000000    0.220638 
7.050000    0.271976 
7.100000    0.612348 
7.150000    0.389020 
7.200000    0.403183 
7.250000    0.325913 
7.300000    0.566774 
7.350000    0.364315 
7.400000    0.194252 
7.450000    0.348271 
7.500000    0.311201 
7.550000    -0.182393 
7.600000    -0.029289 
7.650000    -0.122450 
7.700000    -0.266470 
7.750000    -0.328668 
7.800000    -0.346546 
7.850000    -0.337691 
7.900000    -0.377194 
7.950000    -0.339217 
8.000000    -0.209193 
8.050000    -0.417989 
8.100000    -0.267861 
8.150000    -0.143146 
8.200000    -0.273769 
8.250000    0.124544 
8.300000    0.103391 
8.350000    0.201926 
8.400000    0.247744 
8.450000    0.461251 
8.500000    0.300608 
8.550000    0.313707 
8.600000    0.165994 
8.650000    0.282068 
8.700000    0.208486 
8.750000    0.199615 
8.800000    0.145318 
8.850000    0.133696 
8.900000    0.105039 
8.950000    -0.078860 
9.000000    0.182535 
9.050000    -0.388490 
9.100000    -0.080305 
9.150000    -0.150234 
9.200000    -0.147405 
9.250000    -0.156416 
9.300000    -0.138346 
9.350000    -0.045291 
9.400000    -0.130704 
9.450000    -0.140325 
9.500000    -0.260948 
9.550000    0.151744 
9.600000    0.135094 
9.650000    0.022420 
9.700000    0.066530 
9.750000    0.069491 
9.800000    0.225450 
9.850000    0.156305 
9.900000    0.012276 
9.950000    -0.006851 
10.000000    0.087892 
10.050000    0.187681 
10.100000    0.053174 
10.150000    -0.034028 
10.200000    -0.063878 
10.250000    0.108255 
10.300000    0.013916 
10.350000    0.016207 
10.400000    -0.019943 
10.450000    -0.093178 
10.500000    -0.169657 
10.550000    0.034230 
10.600000    -0.051558 
10.650000    -0.058366 
10.700000    0.203557 
10.750000    0.069941 
10.800000    -0.114568 
10.850000    -0.087880 
10.900000    0.182205 
10.950000    0.207739 
11.000000    0.124444 
11.050000    0.195866 
11.100000    -0.039052 
11.150000    -0.039785 
11.200000    -0.105265 
11.250000    -0.273971 
11.300000    -0.161034 
11.350000    0.163787 
11.400000    -0.079362 
11.450000    0.051615 
11.500000    -0.006311 
11.550000    0.019452 
11.600000    0.275433 
11.650000    -0.102088 
11.700000    -0.010316 
11.750000    0.032672 
11.800000    0.027069 
11.850000    0.125166 
11.900000    0.051850 
11.950000    0.093608 
12.000000    0.087113 
12.050000    -0.020898 
12.100000    -0.002465 
12.150000    -0.089773 
12.200000    0.125487 
12.250000    0.182015 
12.300000    -0.056368 
12.350000    -0.080056 
12.400000    0.129411 
12.450000    -0.033996 
12.500000    -0.050353 
12.550000    -0.084149 
12.600000    -0.006414 
12.650000    -0.076503 
12.700000    -0.136382 
12.750000    -0.132712 
12.800000    -0.088808 
12.850000    0.122006 
12.900000    -0.076037 
12.950000    -0.024198 
13.000000    0.003392 
13.050000    -0.027084 
13.100000    -0.088041 
13.150000    -0.078808 
13.200000    0.059839 
13.250000    -0.015784 
13.300000    0.127906 
13.350000    0.043756 
13.400000    0.205456 
13.450000    -0.033779 
13.500000    0.086584 
13.550000    -0.048999 
13.600000    0.014120 
13.650000    0.078371 
13.700000    0.112399 
13.750000    0.055893 
13.800000    -0.198833 
13.850000    -0.134854 
13.900000    -0.101628 
13.950000    0.179734 
14.000000    0.017913 
14.050000    -0.078746 
14.100000    -0.086669 
14.150000    0.167504 
14.200000    0.246598 
14.250000    -0.092213 
14.300000    0.103609 
14.350000    0.198562 
14.400000    -0.076399 
14.450000    0.098298 
14.500000    0.336851 
14.550000    -0.023666 
14.600000    0.069372 
14.650000    -0.024240 
14.700000    -0.111457 
14.750000    0.054024 
14.800000    -0.124669 
14.850000    0.220208 
14.900000    0.012653 
14.950000    0.064195 
15.000000    0.111646 
15.050000    0.136119 
15.100000    -0.088554 
15.150000    -0.170338 
15.200000    0.107930 
15.250000    0.109332 
15.300000    -0.071777 
15.350000    -0.002436 
15.400000    -0.095396 
15.450000    -0.230907 
15.500000    0.197152 
15.550000    0.091750 
15.600000    -0.063065 
15.650000    0.210279 
15.700000    0.228070 
15.750000    0.006291 
15.800000    0.148200 
15.850000    0.181978 
15.900000    0.103136 
15.950000    0.100827 
16.000000    -0.006059 
16.050000    0.064225 
16.100000    -0.092282 
16.150000    -0.097756 
16.200000    0.074056 
16.250000    -0.036453 
16.300000    -0.225432 
16.350000    0.114113 
16.400000    -0.083969 
16.450000    0.015225 
16.500000    0.056851 
16.550000    0.091207 
16.600000    0.161930 
16.650000    -0.033484 
16.700000    -0.219519 
16.750000    -0.263055 
16.800000    0.025350 
16.850000    -0.070924 
16.900000    -0.051648 
16.950000    -0.115276 
17.000000    0.350441 
17.050000    0.049684 
17.100000    -0.214221 
17.150000    0.215624 
17.200000    0.113646 
17.250000    0.054937 
17.300000    -0.004495 
17.350000    -0.014978 
17.400000    0.131471 
17.450000    0.082266 
17.500000    -0.074035 
17.550000    -0.121658 
17.600000    -0.018513 
17.650000    0.212835 
17.700000    0.096448 
17.750000    -0.162910 
17.800000    -0.121666 
17.850000    0.221842 
17.900000    -0.168544 
17.950000    -0.055250 
18.000000    0.163119 
18.050000    -0.100541 
18.100000    0.010747 
18.150000    0.032883 
18.200000    -0.058609 
18.250000    -0.049418 
18.300000    -0.037301 
18.350000    0.044824 
18.400000    0.070780 
18.450000    0.205830 
18.500000    0.252073 
18.550000    -0.020517 
18.600000    0.065744 
18.650000    -0.094200 
18.700000    0.039567 
18.750000    -0.145332 
18.800000    -0.056096 
18.850000    0.208319 
18.900000    -0.186420 
18.950000    0.009092 
19.000000    0.063115 
19.050000    -0.170253 
19.100000    -0.181650 
19.150000    0.007718 
19.200000    -0.033084 
19.250000    -0.051940 
19.300000    -0.414788 
19.350000    -0.061348 
19.400000    -0.125795 
19.450000    -0.236588 
19.500000    0.205714 
19.550000    0.069323 
19.600000    -0.056037 
19.650000    -0.061298 
19.700000    0.243684 
19.750000    0.164320 
19.799999    0.037614 
19.849999    0.058031 
19.899999    0.134600 
19.949999    0.269329 


Reverse Correlation Function   