Time    Magnitude 

0.000000    2.436985 
0.050000    1.720883 
0.100000    3.226884 
0.150000    -3.915899 
0.200000    6.184495 
0.250000    6.470682 
0.300000    4.066240 
0.350000    3.066683 
0.400000    4.060889 
0.450000    5.952850 
0.500000    7.032825 
0.550000    -4.244472 
0.600000    0.958680 
0.650000    3.449153 
0.700000    2.423814 
0.750000    5.622667 
0.800000    2.766541 
0.850000    6.103074 
0.900000    3.887676 
0.950000    7.832023 
1.000000    -0.214576 
1.050000    1.994505 
1.100000    0.627957 
1.150000    4.799533 
1.200000    -0.254418 
1.250000    -0.026176 
1.300000    1.636476 
1.350000    6.806737 
1.400000    2.394779 
1.450000    4.850971 
1.500000    3.716098 
1.550000    -2.175318 
1.600000    0.377624 
1.650000    0.865840 
1.700000    2.022383 
1.750000    -1.289868 
1.800000    -0.024208 
1.850000    5.530894 
1.900000    2.745546 
1.950000    0.423470 
2.000000    4.016493 
2.050000    7.572390 
2.100000    -1.565426 
2.150000    -2.065694 
2.200000    5.499104 
2.250000    -1.080833 
2.300000    2.697464 
2.350000    -1.340350 
2.400000    -6.186902 
2.450000    -8.220477 
2.500000    -5.476813 
2.550000    -12.970242 
2.600000    -10.393025 
2.650000    -5.514544 
2.700000    5.155392 
2.750000    9.992632 
2.800000    16.260239 
2.850000    14.620623 
2.900000    7.236954 
2.950000    14.326265 
3.000000    2.840184 
3.050000    -3.762006 
3.100000    -19.094078 
3.150000    -22.846788 
3.200000    -14.248543 
3.250000    -19.891495 
3.300000    -7.737234 
3.350000    8.914677 
3.400000    16.033825 
3.450000    20.986828 
3.500000    24.435648 
3.550000    15.510731 
3.600000    9.722114 
3.650000    -5.619648 
3.700000    -13.793792 
3.750000    -19.422276 
3.800000    -23.067945 
3.850000    -14.781870 
3.900000    -11.693653 
3.950000    1.098757 
4.000000    10.284428 
4.050000    19.471935 
4.100000    14.308689 
4.150000    18.332920 
4.200000    5.936823 
4.250000    -5.058120 
4.300000    -7.954701 
4.350000    -12.911580 
4.400000    -17.925671 
4.450000    -10.688998 
4.500000    -3.606488 
4.550000    2.233819 
4.600000    17.434542 
4.650000    13.002107 
4.700000    17.098993 
4.750000    15.022896 
4.800000    -1.807539 
4.850000    -1.741148 
4.900000    -10.742387 
4.950000    -7.463758 
5.000000    -12.734093 
5.050000    -1.579783 
5.100000    -4.152307 
5.150000    -2.861841 
5.200000    7.036605 
5.250000    14.816530 
5.300000    9.693086 
5.350000    8.654807 
5.400000    0.395872 
5.450000    -2.047557 
5.500000    -2.636792 
5.550000    -8.608237 
5.600000    1.034254 
5.650000    -0.635818 
5.700000    -1.360038 
5.750000    0.789783 
5.800000    1.803888 
5.850000    6.381852 
5.900000    1.585917 
5.950000    5.248981 
6.000000    1.253871 
6.050000    3.507213 
6.100000    0.582162 
6.150000    -2.836941 
6.200000    -0.081851 
6.250000    3.296355 
6.300000    -5.917428 
6.350000    -1.893094 
6.400000    -3.997778 
6.450000    -1.176712 
6.500000    -4.012894 
6.550000    1.611308 
6.600000    0.448189 
6.650000    1.191042 
6.700000    0.302352 
6.750000    3.132634 
6.800000    -0.295977 
6.850000    0.021658 
6.900000    0.721209 
6.950000    -5.295911 
7.000000    -2.591288 
7.050000    -6.807375 
7.100000    -3.452868 
7.150000    -1.990246 
7.200000    3.326225 
7.250000    -1.523379 
7.300000    1.651255 
7.350000    0.720732 
7.400000    -1.987838 
7.450000    0.914255 
7.500000    3.339355 
7.550000    -2.592590 
7.600000    1.613523 
7.650000    -0.714067 
7.700000    -2.026857 
7.750000    4.849566 
7.800000    -0.457425 
7.850000    -0.359581 
7.900000    -0.637770 
7.950000    6.832066 
7.999999    0.114830 
8.049999    0.835961 
8.100000    0.140089 
8.150000    0.848927 
8.200000    4.148751 
8.250000    -2.804143 
8.300000    0.312980 
8.350000    -1.854537 
8.400000    -3.113326 
8.450000    0.264407 
8.500000    -0.393550 
8.549999    4.374318 
8.599999    -2.902595 
8.650000    -4.436734 
8.700000    -1.150089 
8.750000    2.084435 
8.800000    2.390104 
8.850000    0.041016 
8.900000    -0.603459 
8.950000    0.166940 
9.000000    -5.766854 
9.050000    -4.687903 
9.099999    -2.108262 
9.149999    -0.442591 
9.200000    -1.468060 
9.250000    -4.588268 
9.300000    -0.322897 
9.350000    0.026505 
9.400000    -0.086314 
9.450000    -1.090460 
9.500000    0.587488 
9.550000    -4.474484 
9.600000    -3.189304 
9.649999    -3.183298 
9.699999    -6.669840 
9.750000    -3.608821 
9.800000    -5.172350 
9.850000    -0.998411 
9.900000    0.852177 
9.950000    0.351666 
10.000000    -2.808585 
10.050000    -4.036413 
10.100000    4.122241 
10.150000    -2.799095 
10.199999    -6.677781 
10.249999    1.391379 
10.300000    0.015962 
10.350000    3.193876 
10.400000    -1.274709 
10.450000    1.835451 
10.500000    -2.105500 
10.550000    1.387959 
10.600000    0.372387 
10.650000    -0.968585 
10.700000    5.398479 
10.749999    5.314287 
10.799999    2.082795 
10.849999    -2.866706 
10.900000    1.321523 
10.950000    -5.607500 
11.000000    0.657590 
11.050000    -1.437779 
11.100000    -1.783423 
11.150000    0.085291 
11.200000    -1.177328 
11.250000    5.286514 
11.299999    -1.826474 
11.349999    -1.462864 
11.399999    -2.359616 
11.450000    -1.722468 
11.500000    2.032104 
11.550000    -6.712936 
11.600000    -1.610997 
11.650000    -3.450250 
11.700000    -4.580547 
11.750000    1.893382 
11.800000    1.145787 
11.849999    0.894706 
11.899999    2.126137 
11.949999    -1.010337 
12.000000    1.545370 
12.050000    3.911502 
12.100000    -6.318633 
12.150000    -0.269362 
12.200000    1.410489 
12.250000    -0.671968 
12.300000    3.061167 
12.350000    -2.456506 
12.399999    3.092711 
12.449999    1.189388 
12.499999    4.156659 
12.550000    1.379612 
12.600000    1.547942 
12.650000    -3.426942 
12.700000    1.918574 
12.750000    2.967756 
12.800000    0.909593 
12.850000    5.199161 
12.900000    0.256426 
12.949999    2.036903 
12.999999    4.086909 
13.049999    -3.866007 
13.100000    4.318451 
13.150000    1.675699 
13.200000    1.838533 
13.250000    -1.648397 
13.300000    -4.057210 
13.350000    -1.161129 
13.400000    2.335711 
13.450000    6.189519 
13.499999    6.343193 
13.549999    1.231102 
13.599999    5.838469 
13.650000    0.589042 
13.700000    7.573627 
13.750000    0.939508 
13.800000    1.348482 
13.850000    -3.931514 
13.900000    -4.732155 
13.950000    -0.038549 
14.000000    2.759357 
14.049999    2.449283 
14.099999    2.567735 
14.149999    0.217137 
14.200000    5.500376 
14.250000    3.883640 
14.300000    4.102561 
14.350000    1.044868 
14.400000    2.044868 
14.450000    0.566782 
14.500000    -3.206180 
14.549999    4.080308 
14.599999    3.554417 
14.649999    4.064630 
14.699999    -3.123194 
14.750000    8.424863 
14.800000    5.903716 
14.850000    -1.209656 
14.900000    2.686579 
14.950000    -0.081430 
15.000000    1.946737 
15.050000    0.531592 
15.099999    4.935205 
15.149999    -3.077452 
15.199999    4.556733 
15.249999    -5.384547 
15.299999    -0.067125 
15.350000    4.173165 
15.400000    -2.411447 
15.450000    2.971169 
15.500000    0.427640 
15.550000    2.153268 
15.600000    -2.357824 
15.650000    1.467025 
15.699999    -4.630509 
15.750000    1.038292 
15.799999    -2.311416 
15.850000    -1.790953 
15.899999    0.171015 
15.950000    1.171846 
15.999999    3.145076 
16.050000    1.070982 
16.099999    0.978995 
16.150000    -4.183156 
16.200000    2.263992 
16.249999    5.546031 
16.300000    -0.002315 
16.349999    1.809035 
16.400000    0.527619 
16.449999    0.353019 
16.500000    8.624802 
16.549999    11.331539 
16.600000    5.224415 
16.649999    3.707502 
16.700000    1.880437 
16.750000    1.778412 
16.799999    -2.081568 
16.850000    5.594421 
16.899999    -3.727846 
16.950000    -3.536261 
16.999999    0.654349 
17.050000    1.330763 
17.099999    11.233233 
17.150000    0.508812 
17.199999    1.491853 
17.250000    8.821335 
17.300000    0.052621 
17.349999    6.594098 
17.400000    5.940318 
17.449999    2.605495 
17.500000    -0.070534 
17.549999    3.612144 
17.600000    1.806854 
17.649999    1.178751 
17.700000    0.333052 
17.749999    -1.367580 
17.800000    2.710501 
17.850000    4.689589 
17.899999    0.708132 
17.950000    3.646360 
17.999999    1.129530 
18.050000    0.816496 
18.099999    -0.571154 
18.150000    2.638070 
18.199999    1.634778 
18.250000    -0.604434 
18.299999    -1.051128 
18.350000    -1.129414 
18.400000    1.753185 
18.449999    1.278651 
18.500000    0.726641 
18.549999    -0.727392 
18.600000    4.221748 
18.649999    -0.255134 
18.700000    2.010796 
18.749999    6.700678 
18.800000    0.717909 
18.849999    -0.774808 
18.900000    1.516399 
18.950000    8.096604 
18.999999    0.017455 
19.050000    1.806218 
19.099999    2.534215 
19.150000    0.384309 
19.199999    -5.826891 
19.250000    -0.932465 
19.299999    6.926918 
19.350000    -2.742452 
19.399999    0.498933 
19.450000    -2.258476 
19.500000    0.501564 
19.549999    4.849669 
19.600000    -1.479515 
19.649999    0.055899 
19.700000    3.786804 
19.749999    -0.372551 
19.800000    -4.912520 
19.849999    -1.449930 
19.900000    -1.108698 
19.949999    2.061953 


Reverse Correlation Function   