Time    Magnitude 

0.000000    -0.678236 
0.050000    2.461976 
0.100000    5.478458 
0.150000    3.181977 
0.200000    4.583609 
0.250000    2.459158 
0.300000    -1.597501 
0.350000    1.331031 
0.400000    8.712584 
0.450000    -3.754771 
0.500000    -6.032834 
0.550000    4.504925 
0.600000    3.237258 
0.650000    8.620962 
0.700000    -3.539434 
0.750000    5.559431 
0.800000    7.630291 
0.850000    -0.815121 
0.900000    3.815896 
0.950000    -0.673823 
1.000000    2.832062 
1.050000    -4.287972 
1.100000    -0.176408 
1.150000    1.919458 
1.200000    2.343363 
1.250000    4.694685 
1.300000    -5.592892 
1.350000    -0.915784 
1.400000    -6.253473 
1.450000    -1.632635 
1.500000    -5.384432 
1.550000    0.794311 
1.600000    -10.172833 
1.650000    1.067411 
1.700000    6.426577 
1.750000    3.804677 
1.800000    -1.289983 
1.850000    -6.521240 
1.900000    -3.559689 
1.950000    -18.504456 
2.000000    -24.189617 
2.050000    -16.047516 
2.100000    -2.274192 
2.150000    26.214403 
2.200000    50.418339 
2.250000    41.949905 
2.300000    12.998632 
2.350000    -16.302139 
2.400000    -52.188282 
2.450000    -53.064575 
2.500000    -20.467152 
2.550000    11.749846 
2.600000    46.102917 
2.650000    50.206791 
2.700000    29.885958 
2.750000    -13.997750 
2.800000    -44.622620 
2.850000    -47.252323 
2.900000    -19.173656 
2.950000    23.536201 
3.000000    45.502869 
3.050000    44.824917 
3.100000    4.203145 
3.150000    -14.091629 
3.200000    -38.946762 
3.250000    -46.746674 
3.300000    -13.321345 
3.350000    19.292675 
3.400000    44.707054 
3.450000    34.231739 
3.500000    3.005654 
3.550000    -24.293983 
3.600000    -27.754843 
3.650000    -29.041365 
3.700000    -1.922011 
3.750000    9.340635 
3.800000    26.686789 
3.850000    22.243685 
3.900000    10.584257 
3.950000    -12.628284 
4.000000    -25.686523 
4.050000    -18.988718 
4.100000    3.306436 
4.150000    10.663937 
4.200000    15.445156 
4.250000    10.123146 
4.300000    2.443537 
4.350000    -7.833408 
4.400000    -10.798564 
4.450000    -11.905522 
4.500000    0.807597 
4.550000    6.261357 
4.600000    9.042420 
4.650000    5.479117 
4.700000    -1.200119 
4.750000    -6.543880 
4.800000    -6.542583 
4.850000    5.301661 
4.900000    3.571597 
4.950000    4.301380 
5.000000    0.934586 
5.050000    -0.070570 
5.100000    2.684539 
5.150000    -4.731678 
5.200000    1.345221 
5.250000    -4.015294 
5.300000    -6.121920 
5.350000    0.910643 
5.400000    -3.228916 
5.450000    -6.830907 
5.500000    -2.560724 
5.550000    -0.266424 
5.600000    -1.301361 
5.650000    -5.719280 
5.700000    -5.954333 
5.750000    -1.020485 
5.800000    -11.315608 
5.850000    -2.251282 
5.900000    -5.342776 
5.950000    0.803403 
6.000000    2.287053 
6.050000    7.371712 
6.100000    -8.065721 
6.150000    2.470416 
6.200000    -9.964005 
6.250000    -1.723270 
6.300000    -7.583898 
6.350000    4.289318 
6.400000    2.035834 
6.450000    -6.007259 
6.500000    -5.388290 
6.550000    2.376861 
6.600000    2.111859 
6.650000    -0.630633 
6.700000    -1.921272 
6.750000    -0.143733 
6.800000    -4.470985 
6.850000    2.966662 
6.900000    1.165629 
6.950000    10.021489 
7.000000    10.657529 
7.050000    -0.908224 
7.100000    9.106706 
7.150000    -2.399628 
7.200000    -4.197709 
7.250000    -11.290710 
7.300000    -3.534851 
7.350000    -5.134127 
7.400000    5.789520 
7.450000    -0.116582 
7.500000    1.004712 
7.550000    4.883453 
7.600000    0.353332 
7.650000    -9.718844 
7.700000    -11.104863 
7.750000    0.643744 
7.800000    -1.561051 
7.850000    1.298735 
7.900000    4.176781 
7.950000    9.657915 
7.999999    0.616099 
8.049999    -10.890995 
8.100000    -4.032292 
8.150000    -6.168468 
8.200000    6.368592 
8.250000    -2.648047 
8.300000    2.927298 
8.350000    3.390775 
8.400000    6.059405 
8.450000    -0.493673 
8.500000    -2.253100 
8.549999    1.005799 
8.599999    7.363049 
8.650000    5.679047 
8.700000    -1.649624 
8.750000    5.776969 
8.800000    3.803461 
8.850000    3.479060 
8.900000    -2.534396 
8.950000    -4.967472 
9.000000    -1.615289 
9.050000    1.288897 
9.099999    -3.551107 
9.149999    6.772227 
9.200000    1.653932 
9.250000    -1.419040 
9.300000    6.320662 
9.350000    -0.646842 
9.400000    6.729189 
9.450000    4.298270 
9.500000    -1.719074 
9.550000    -0.990563 
9.600000    4.440009 
9.649999    4.313864 
9.699999    4.905167 
9.750000    -2.558975 
9.800000    -2.092469 
9.850000    3.804250 
9.900000    5.766056 
9.950000    0.890319 
10.000000    -3.904529 
10.050000    -1.930390 
10.100000    -1.013447 
10.150000    -3.584813 
10.199999    -0.342826 
10.249999    -3.430088 
10.300000    -2.457621 
10.350000    1.351786 
10.400000    -0.735032 
10.450000    -0.490164 
10.500000    -2.674869 
10.550000    -3.484957 
10.600000    -2.333390 
10.650000    2.044214 
10.700000    2.604251 
10.749999    5.452457 
10.799999    0.974346 
10.849999    -2.007225 
10.900000    1.218892 
10.950000    4.152813 
11.000000    -3.977430 
11.050000    5.117715 
11.100000    3.464089 
11.150000    -0.141394 
11.200000    0.933458 
11.250000    1.063483 
11.299999    7.079063 
11.349999    5.569349 
11.399999    -7.864193 
11.450000    0.511817 
11.500000    6.329768 
11.550000    1.572430 
11.600000    1.246008 
11.650000    1.040072 
11.700000    -4.190075 
11.750000    2.177063 
11.800000    -1.288384 
11.849999    -6.472956 
11.899999    1.228448 
11.949999    0.946631 
12.000000    4.095138 
12.050000    -3.202945 
12.100000    -2.783246 
12.150000    -4.995290 
12.200000    -1.890853 
12.250000    -5.586937 
12.300000    -3.474711 
12.350000    -0.978807 
12.399999    10.471528 
12.449999    1.672285 
12.499999    5.464568 
12.550000    -1.785908 
12.600000    -4.776525 
12.650000    3.056597 
12.700000    0.502163 
12.750000    -3.638027 
12.800000    -3.466764 
12.850000    -2.117345 
12.900000    -2.675416 
12.949999    0.461582 
12.999999    -2.006412 
13.049999    -1.215118 
13.100000    -4.914014 
13.150000    3.873206 
13.200000    -5.072817 
13.250000    -9.338957 
13.300000    -5.513327 
13.350000    -2.024861 
13.400000    0.965859 
13.450000    7.060394 
13.499999    -0.534389 
13.549999    0.859627 
13.599999    -1.926553 
13.650000    0.455467 
13.700000    -5.708738 
13.750000    -5.942675 
13.800000    1.551269 
13.850000    -1.920961 
13.900000    -2.877572 
13.950000    -3.749750 
14.000000    0.615387 
14.049999    -3.691291 
14.099999    6.445776 
14.149999    3.650031 
14.200000    -1.158874 
14.250000    -3.040514 
14.300000    3.041813 
14.350000    -6.398080 
14.400000    -9.656689 
14.450000    -3.037839 
14.500000    -2.853542 
14.549999    -4.538386 
14.599999    7.307368 
14.649999    -6.335255 
14.699999    2.369364 
14.750000    -4.221686 
14.800000    -0.134654 
14.850000    6.763746 
14.900000    8.167143 
14.950000    2.907742 
15.000000    2.412660 
15.050000    1.247264 
15.099999    2.051034 
15.149999    1.727733 
15.199999    -2.174691 
15.249999    0.294297 
15.299999    -3.001235 
15.350000    3.513606 
15.400000    5.318796 
15.450000    -1.146898 
15.500000    1.554488 
15.550000    -2.944960 
15.600000    -2.252207 
15.650000    -0.427877 
15.699999    0.799361 
15.750000    7.089874 
15.799999    10.658698 
15.850000    -2.539763 
15.899999    -0.850801 
15.950000    5.308492 
15.999999    3.895605 
16.050000    -0.821837 
16.099999    6.784378 
16.150000    6.348920 
16.200000    3.364934 
16.249999    2.582611 
16.300000    2.992141 
16.349999    5.666784 
16.400000    -4.304865 
16.449999    4.812132 
16.500000    0.762891 
16.549999    -0.130872 
16.600000    4.542125 
16.649999    1.010013 
16.700000    -0.516329 
16.750000    2.795785 
16.799999    2.786042 
16.850000    4.182358 
16.899999    9.625352 
16.950000    1.122492 
16.999999    1.753480 
17.050000    2.207316 
17.099999    5.203493 
17.150000    6.150654 
17.199999    3.648536 
17.250000    1.652499 
17.300000    6.429752 
17.349999    4.590374 
17.400000    6.837424 
17.449999    1.902070 
17.500000    -3.494627 
17.549999    6.184160 
17.600000    2.285204 
17.649999    2.488424 
17.700000    -0.765708 
17.749999    -3.129516 
17.800000    3.666822 
17.850000    9.120982 
17.899999    5.646260 
17.950000    2.870020 
17.999999    3.391212 
18.050000    1.715180 
18.099999    1.258210 
18.150000    11.611932 
18.199999    9.343784 
18.250000    0.174384 
18.299999    2.763786 
18.350000    1.800894 
18.400000    7.543065 
18.449999    1.358347 
18.500000    -2.425901 
18.549999    12.026182 
18.600000    5.178488 
18.649999    -1.071184 
18.700000    -4.582319 
18.749999    -3.923795 
18.800000    2.940898 
18.849999    3.348899 
18.900000    -0.808356 
18.950000    4.155522 
18.999999    3.655045 
19.050000    5.150737 
19.099999    6.971416 
19.150000    -2.737417 
19.199999    -0.816401 
19.250000    -4.355207 
19.299999    -3.832958 
19.350000    -3.768722 
19.399999    1.406747 
19.450000    1.699437 
19.500000    0.190090 
19.549999    3.706140 
19.600000    1.389300 
19.649999    2.355911 
19.700000    -6.469246 
19.749999    -3.430386 
19.800000    4.757645 
19.849999    -2.660279 
19.900000    -3.689016 
19.949999    -6.160077 


Reverse Correlation Function   