Time    Magnitude 

0.000000    0.216400 
0.050000    -0.436918 
0.100000    0.504454 
0.150000    -0.029634 
0.200000    -0.003732 
0.250000    -0.326747 
0.300000    0.003176 
0.350000    -0.038643 
0.400000    -0.503739 
0.450000    0.163547 
0.500000    -0.306659 
0.550000    -0.454114 
0.600000    -0.145290 
0.650000    0.333808 
0.700000    -0.314847 
0.750000    0.330416 
0.800000    -0.275881 
0.850000    0.106766 
0.900000    -0.338829 
0.950000    0.332155 
1.000000    0.533862 
1.050000    -0.461869 
1.100000    -0.300390 
1.150000    -0.035932 
1.200000    0.546233 
1.250000    -0.149870 
1.300000    -0.036796 
1.350000    -0.560511 
1.400000    0.145512 
1.450000    0.160638 
1.500000    0.093598 
1.550000    0.229552 
1.600000    0.102380 
1.650000    -0.035196 
1.700000    0.900842 
1.750000    0.314786 
1.800000    0.413300 
1.850000    -0.424755 
1.900000    -1.282594 
1.950000    -1.739414 
2.000000    -1.795253 
2.050000    -0.430102 
2.100000    0.517221 
2.150000    1.909921 
2.200000    2.820577 
2.250000    2.372633 
2.300000    -0.161202 
2.350000    -2.273626 
2.400000    -2.507302 
2.450000    -2.192818 
2.500000    -0.475453 
2.550000    1.248576 
2.600000    2.703916 
2.650000    2.297869 
2.700000    -0.221765 
2.750000    -1.636023 
2.800000    -2.199546 
2.850000    -1.735680 
2.900000    -0.773145 
2.950000    1.193285 
3.000000    1.672064 
3.050000    1.479584 
3.100000    0.129720 
3.150000    -1.050777 
3.200000    -1.190725 
3.250000    -1.465810 
3.300000    0.251560 
3.350000    1.171336 
3.400000    1.180991 
3.450000    0.490931 
3.500000    0.231615 
3.550000    -1.295556 
3.600000    -0.975677 
3.650000    0.447455 
3.700000    -0.401807 
3.750000    1.011451 
3.800000    1.036927 
3.850000    0.914182 
3.900000    0.228848 
3.950000    -0.756509 
4.000000    -0.409893 
4.050000    -0.491538 
4.100000    -0.015214 
4.150000    0.594438 
4.200000    0.371741 
4.250000    0.052754 
4.300000    0.208209 
4.350000    -0.073019 
4.400000    -0.231555 
4.450000    -0.372734 
4.500000    0.376613 
4.550000    0.122132 
4.600000    -0.606153 
4.650000    -0.044968 
4.700000    -0.504854 
4.750000    0.284761 
4.800000    0.644275 
4.850000    0.214206 
4.900000    0.015483 
4.950000    0.003145 
5.000000    -0.722846 
5.050000    -0.159893 
5.100000    -0.221284 
5.150000    0.041902 
5.200000    0.471717 
5.250000    0.041694 
5.300000    0.347197 
5.350000    -0.264052 
5.400000    -0.094329 
5.450000    -0.607974 
5.500000    -0.163008 
5.550000    0.286015 
5.600000    0.847770 
5.650000    0.089261 
5.700000    -0.088849 
5.750000    -0.299309 
5.800000    -0.187100 
5.850000    0.290136 
5.900000    -0.352398 
5.950000    -0.443021 
6.000000    -0.042305 
6.050000    -0.269937 
6.100000    0.094084 
6.150000    0.490584 
6.200000    0.687374 
6.250000    -0.109307 
6.300000    -0.092124 
6.350000    -0.251079 
6.400000    -0.172656 
6.450000    0.530194 
6.500000    -0.144729 
6.550000    -0.251810 
6.600000    -0.003322 
6.650000    -0.022687 
6.700000    0.180943 
6.750000    -0.000307 
6.800000    -0.176904 
6.850000    -0.125161 
6.900000    0.049947 
6.950000    0.239583 
7.000000    0.422627 
7.050000    -0.070766 
7.100000    -0.098044 
7.150000    -0.659432 
7.200000    -0.739067 
7.250000    -0.081607 
7.300000    -0.294836 
7.350000    -0.305567 
7.400000    0.099982 
7.450000    0.589127 
7.500000    -0.153704 
7.550000    -0.252974 
7.600000    0.008692 
7.650000    -0.141139 
7.700000    -0.356584 
7.750000    0.550183 
7.800000    0.068503 
7.850000    0.006706 
7.900000    0.512920 
7.950000    0.855583 
7.999999    -0.073977 
8.049999    0.405439 
8.100000    0.124172 
8.150000    -0.207270 
8.200000    -0.067086 
8.250000    0.155374 
8.300000    0.103025 
8.350000    0.171029 
8.400000    -0.141966 
8.450000    -0.268371 
8.500000    -0.394586 
8.549999    -0.028462 
8.599999    -0.077474 
8.650000    0.376110 
8.700000    0.316308 
8.750000    -0.209758 
8.800000    0.014439 
8.850000    -0.638404 
8.900000    -0.467497 
8.950000    0.284752 
9.000000    -0.189624 
9.050000    0.084020 
9.099999    0.256323 
9.149999    0.475247 
9.200000    0.417238 
9.250000    0.021006 
9.300000    0.111607 
9.350000    0.113579 
9.400000    -0.233862 
9.450000    0.033170 
9.500000    -0.037598 
9.550000    0.208982 
9.600000    0.268085 
9.649999    0.497215 
9.699999    0.464131 
9.750000    -0.140420 
9.800000    -0.227160 
9.850000    -0.033319 
9.900000    -0.133492 
9.950000    0.358904 
10.000000    0.323762 
10.050000    -0.039680 
10.100000    0.002000 
10.150000    0.320193 
10.199999    -1.087698 
10.249999    0.207368 
10.300000    -0.003626 
10.350000    -0.332645 
10.400000    -0.078860 
10.450000    0.674177 
10.500000    0.155586 
10.550000    -0.333281 
10.600000    0.414592 
10.650000    0.029768 
10.700000    0.046770 
10.749999    0.219025 
10.799999    0.204319 
10.849999    0.696861 
10.900000    0.471161 
10.950000    0.006438 
11.000000    0.422996 
11.050000    0.173994 
11.100000    0.078527 
11.150000    0.155556 
11.200000    0.285495 
11.250000    -0.930277 
11.299999    -0.133022 
11.349999    -0.129659 
11.399999    0.043763 
11.450000    0.114961 
11.500000    0.582012 
11.550000    -0.034071 
11.600000    0.345101 
11.650000    0.490223 
11.700000    0.333092 
11.750000    0.151807 
11.800000    -0.031620 
11.849999    0.130988 
11.899999    -0.063131 
11.949999    0.809983 
12.000000    0.131404 
12.050000    -0.645189 
12.100000    0.272407 
12.150000    0.177491 
12.200000    -0.160226 
12.250000    0.268289 
12.300000    0.181285 
12.350000    0.244424 
12.399999    -0.273086 
12.449999    -0.269802 
12.499999    -0.080223 
12.550000    0.443304 
12.600000    0.016909 
12.650000    -0.085751 
12.700000    -0.318955 
12.750000    0.383425 
12.800000    -0.607347 
12.850000    0.354857 
12.900000    0.164015 
12.949999    0.230536 
12.999999    -0.089999 
13.049999    0.659080 
13.100000    0.048201 
13.150000    0.069256 
13.200000    0.025335 
13.250000    0.521436 
13.300000    0.276087 
13.350000    -0.314244 
13.400000    0.281669 
13.450000    0.365648 
13.499999    -0.298603 
13.549999    0.236374 
13.599999    -0.068678 
13.650000    0.305860 
13.700000    0.179283 
13.750000    -0.471033 
13.800000    0.215784 
13.850000    -0.061932 
13.900000    0.005767 
13.950000    -0.704703 
14.000000    0.343239 
14.049999    0.274232 
14.099999    0.656051 
14.149999    0.547979 
14.200000    -0.672855 
14.250000    0.187809 
14.300000    0.139396 
14.350000    0.074927 
14.400000    0.143153 
14.450000    -0.524565 
14.500000    0.023217 
14.549999    -0.217340 
14.599999    -0.659696 
14.649999    0.608938 
14.699999    0.725731 
14.750000    -0.395743 
14.800000    -0.283198 
14.850000    -0.201905 
14.900000    0.195360 
14.950000    0.109001 
15.000000    -0.206894 
15.050000    -0.248043 
15.099999    0.206452 
15.149999    0.474952 
15.199999    0.164714 
15.249999    0.438023 
15.299999    0.244954 
15.350000    0.244318 
15.400000    0.235417 
15.450000    0.428035 
15.500000    -0.423721 
15.550000    0.447006 
15.600000    0.492762 
15.650000    0.031213 
15.699999    -0.293482 
15.750000    0.659694 
15.799999    0.162445 
15.850000    0.324010 
15.899999    -0.038843 
15.950000    0.518291 
15.999999    0.080093 
16.050000    0.361901 
16.099999    0.090875 
16.150000    -0.243105 
16.200000    0.445077 
16.249999    0.343797 
16.300000    0.512030 
16.349999    0.098757 
16.400000    0.141391 
16.449999    0.407422 
16.500000    0.108900 
16.549999    -0.168003 
16.600000    0.129714 
16.649999    -0.520458 
16.700000    0.021430 
16.750000    -0.361071 
16.799999    0.082998 
16.850000    -0.046799 
16.899999    0.390550 
16.950000    -0.203190 
16.999999    -0.129465 
17.050000    -0.398085 
17.099999    -0.082628 
17.150000    0.369723 
17.199999    0.117171 
17.250000    0.269265 
17.300000    -0.014163 
17.349999    0.188738 
17.400000    0.036662 
17.449999    0.269815 
17.500000    0.316666 
17.549999    0.288357 
17.600000    0.122751 
17.649999    0.095139 
17.700000    0.686171 
17.749999    -0.177761 
17.800000    -0.154887 
17.850000    0.227529 
17.899999    0.242811 
17.950000    0.466651 
17.999999    -0.137119 
18.050000    -0.193411 
18.099999    0.128530 
18.150000    -0.047042 
18.199999    0.529321 
18.250000    0.058911 
18.299999    0.454022 
18.350000    0.299264 
18.400000    -0.107845 
18.449999    -0.192359 
18.500000    0.403559 
18.549999    0.074067 
18.600000    -0.224032 
18.649999    -0.002160 
18.700000    -0.185515 
18.749999    0.304723 
18.800000    0.565012 
18.849999    0.510605 
18.900000    0.487718 
18.950000    0.027170 
18.999999    0.943833 
19.050000    0.119166 
19.099999    0.054835 
19.150000    0.133579 
19.199999    -0.152066 
19.250000    0.263503 
19.299999    0.022516 
19.350000    0.056883 
19.399999    -0.142682 
19.450000    0.109136 
19.500000    -0.174054 
19.549999    0.442077 
19.600000    0.138536 
19.649999    0.469473 
19.700000    -0.549782 
19.749999    -0.407370 
19.800000    -0.063340 
19.849999    -0.763838 
19.900000    0.805033 
19.949999    0.192560 


Reverse Correlation Function   