Time    Magnitude 

0.000000    -3.528874 
0.050000    -3.277803 
0.100000    -0.528061 
0.150000    -6.337299 
0.200000    5.057179 
0.250000    3.115144 
0.300000    3.172822 
0.350000    -1.376646 
0.400000    -0.080211 
0.450000    -0.833506 
0.500000    -7.151136 
0.550000    -5.567440 
0.600000    -1.781267 
0.650000    -2.111252 
0.700000    -0.549665 
0.750000    6.259103 
0.800000    3.195514 
0.850000    4.773577 
0.900000    2.100027 
0.950000    3.204705 
1.000000    -2.721416 
1.050000    0.273372 
1.100000    -1.655303 
1.150000    2.198516 
1.200000    -4.088320 
1.250000    -4.212719 
1.300000    2.823648 
1.350000    5.248638 
1.400000    -3.194214 
1.450000    2.699108 
1.500000    2.411065 
1.550000    -1.140323 
1.600000    1.809656 
1.650000    2.444506 
1.700000    -1.838420 
1.750000    0.832383 
1.800000    2.458334 
1.850000    -0.255342 
1.900000    3.221083 
1.950000    -2.521852 
2.000000    5.243199 
2.050000    5.743731 
2.100000    8.524143 
2.150000    6.331520 
2.200000    7.947329 
2.250000    0.927970 
2.300000    -4.182595 
2.350000    -8.879437 
2.400000    -13.348190 
2.450000    -13.049589 
2.500000    -13.705036 
2.550000    -8.830462 
2.600000    -5.499019 
2.650000    10.824541 
2.700000    18.597654 
2.750000    25.948362 
2.800000    24.615961 
2.850000    18.927752 
2.900000    8.376168 
2.950000    -9.786068 
3.000000    -26.334082 
3.050000    -36.907841 
3.100000    -31.926983 
3.150000    -31.136730 
3.200000    -12.660431 
3.250000    4.088799 
3.300000    17.174896 
3.350000    26.529348 
3.400000    27.811777 
3.450000    25.970943 
3.500000    16.188339 
3.550000    5.865665 
3.600000    -11.533942 
3.650000    -23.005239 
3.700000    -35.207699 
3.750000    -26.306351 
3.800000    -20.706177 
3.850000    -10.066116 
3.900000    3.286685 
3.950000    14.869657 
4.000000    21.331621 
4.050000    29.221678 
4.100000    23.081877 
4.150000    9.677939 
4.200000    -1.538212 
4.250000    -8.999628 
4.300000    -16.549509 
4.350000    -21.469324 
4.400000    -16.976175 
4.450000    -14.801777 
4.500000    0.431385 
4.550000    7.906742 
4.600000    11.288452 
4.650000    17.105774 
4.700000    23.706713 
4.750000    12.371442 
4.800000    10.341901 
4.850000    -2.212863 
4.900000    -5.527595 
4.950000    -15.045534 
5.000000    -15.013031 
5.050000    -12.199301 
5.100000    -12.781817 
5.150000    -0.959345 
5.200000    4.807433 
5.250000    11.755157 
5.300000    15.734784 
5.350000    10.519614 
5.400000    11.678490 
5.450000    6.143926 
5.500000    0.159647 
5.550000    -3.231933 
5.600000    -7.075017 
5.650000    -11.041898 
5.700000    -6.628262 
5.750000    -4.529298 
5.800000    1.756183 
5.850000    5.998466 
5.900000    14.019512 
5.950000    16.201641 
6.000000    10.227298 
6.050000    7.017759 
6.100000    3.101379 
6.150000    -3.311684 
6.200000    -6.492546 
6.250000    -7.458209 
6.300000    -7.305748 
6.350000    -8.029746 
6.400000    -3.835432 
6.450000    0.617938 
6.500000    1.436954 
6.550000    6.328615 
6.600000    3.392827 
6.650000    6.312946 
6.700000    6.174226 
6.750000    1.763484 
6.800000    -0.503195 
6.850000    -7.976200 
6.900000    -5.460544 
6.950000    -5.486954 
7.000000    0.071939 
7.050000    0.972441 
7.100000    -1.591102 
7.150000    4.276596 
7.200000    6.864141 
7.250000    6.917620 
7.300000    6.899851 
7.350000    3.450036 
7.400000    1.398526 
7.450000    -7.533788 
7.500000    -0.785434 
7.550000    -5.145737 
7.600000    -3.844514 
7.650000    -1.913896 
7.700000    -3.236704 
7.750000    -3.614655 
7.800000    -3.070520 
7.850000    10.017732 
7.900000    5.750392 
7.950000    2.999457 
7.999999    -2.783017 
8.049999    0.519843 
8.100000    -0.138709 
8.150000    2.118196 
8.200000    0.110509 
8.250000    -10.902198 
8.300000    -2.986637 
8.350000    -2.995039 
8.400000    2.672881 
8.450000    -0.890620 
8.500000    1.048002 
8.549999    3.534827 
8.599999    1.246143 
8.650000    3.141525 
8.700000    -0.516535 
8.750000    1.826591 
8.800000    -2.568856 
8.850000    -2.649352 
8.900000    -5.334590 
8.950000    -1.201592 
9.000000    1.023164 
9.050000    -0.272821 
9.099999    4.075816 
9.149999    2.883245 
9.200000    -0.547215 
9.250000    -1.607444 
9.300000    -4.642367 
9.350000    2.085338 
9.400000    3.170512 
9.450000    -2.157486 
9.500000    -7.660739 
9.550000    -1.083237 
9.600000    -4.727585 
9.649999    -1.302212 
9.699999    -7.552396 
9.750000    -3.136801 
9.800000    2.646923 
9.850000    0.198104 
9.900000    -1.530482 
9.950000    2.000848 
10.000000    2.579318 
10.050000    -0.366954 
10.100000    2.132041 
10.150000    3.382138 
10.199999    1.519571 
10.249999    -5.144958 
10.300000    -6.762158 
10.350000    0.536831 
10.400000    1.752883 
10.450000    -5.175763 
10.500000    -0.122448 
10.550000    -2.541500 
10.600000    0.498010 
10.650000    5.873664 
10.700000    1.683800 
10.749999    -0.266905 
10.799999    2.705065 
10.849999    -0.394569 
10.900000    3.832510 
10.950000    1.581413 
11.000000    -3.105852 
11.050000    -1.718700 
11.100000    4.144117 
11.150000    -0.657256 
11.200000    6.916446 
11.250000    0.024277 
11.299999    -1.807013 
11.349999    -0.315953 
11.399999    -5.713703 
11.450000    0.856965 
11.500000    5.930142 
11.550000    1.094438 
11.600000    0.243368 
11.650000    1.557343 
11.700000    0.855507 
11.750000    1.433744 
11.800000    3.496994 
11.849999    1.465658 
11.899999    0.215042 
11.949999    0.613354 
12.000000    0.381775 
12.050000    -4.008105 
12.100000    4.080389 
12.150000    5.838350 
12.200000    1.415551 
12.250000    1.968635 
12.300000    1.415955 
12.350000    0.385872 
12.399999    3.441280 
12.449999    -0.714948 
12.499999    2.117285 
12.550000    -0.599207 
12.600000    0.935453 
12.650000    -3.183840 
12.700000    -2.994235 
12.750000    -2.243902 
12.800000    1.100499 
12.850000    1.868450 
12.900000    1.070149 
12.949999    -2.595187 
12.999999    5.156418 
13.049999    -1.303291 
13.100000    0.708943 
13.150000    -1.547999 
13.200000    3.493361 
13.250000    -0.440081 
13.300000    -2.614379 
13.350000    1.909876 
13.400000    4.483749 
13.450000    6.854504 
13.499999    7.202885 
13.549999    -1.065793 
13.599999    2.344333 
13.650000    -1.184979 
13.700000    -4.377609 
13.750000    -2.359146 
13.800000    -2.923491 
13.850000    -1.025519 
13.900000    0.393430 
13.950000    -1.505118 
14.000000    0.756612 
14.049999    -1.585856 
14.099999    2.857903 
14.149999    2.645302 
14.200000    1.298036 
14.250000    -4.056700 
14.300000    2.219229 
14.350000    -0.451575 
14.400000    1.043107 
14.450000    -1.522131 
14.500000    5.608033 
14.549999    1.097667 
14.599999    2.820884 
14.649999    2.666009 
14.699999    2.350720 
14.750000    3.210472 
14.800000    6.001507 
14.850000    1.033627 
14.900000    4.816801 
14.950000    -0.092380 
15.000000    -1.281558 
15.050000    2.033303 
15.099999    -5.345539 
15.149999    0.292037 
15.199999    2.644028 
15.249999    -2.161947 
15.299999    0.526407 
15.350000    0.890568 
15.400000    1.334618 
15.450000    1.688062 
15.500000    4.124986 
15.550000    -4.845538 
15.600000    -2.292166 
15.650000    2.644538 
15.699999    -4.037212 
15.750000    -0.301915 
15.799999    -3.869599 
15.850000    -1.971346 
15.899999    9.065252 
15.950000    1.373584 
15.999999    4.236995 
16.050000    2.470900 
16.099999    3.250006 
16.150000    3.007415 
16.200000    2.233697 
16.249999    -5.036599 
16.300000    2.426809 
16.349999    -1.203618 
16.400000    2.583029 
16.449999    4.043255 
16.500000    1.087103 
16.549999    1.469932 
16.600000    -3.437192 
16.649999    1.338052 
16.700000    -0.388038 
16.750000    0.058073 
16.799999    -2.829113 
16.850000    -4.050717 
16.899999    1.755322 
16.950000    -1.190932 
16.999999    -3.617701 
17.050000    1.549030 
17.099999    -4.904169 
17.150000    1.787531 
17.199999    0.953857 
17.250000    3.338737 
17.300000    0.377884 
17.349999    5.665036 
17.400000    2.227859 
17.449999    5.062810 
17.500000    0.048524 
17.549999    1.528438 
17.600000    2.631824 
17.649999    0.847635 
17.700000    0.627582 
17.749999    -0.262314 
17.800000    2.113118 
17.850000    4.067348 
17.899999    2.438527 
17.950000    2.850873 
17.999999    7.072494 
18.050000    -0.927341 
18.099999    3.480045 
18.150000    1.894553 
18.199999    -3.151917 
18.250000    1.971419 
18.299999    -1.168828 
18.350000    -0.219811 
18.400000    -0.807536 
18.449999    -0.836879 
18.500000    1.924207 
18.549999    2.958829 
18.600000    0.463302 
18.649999    4.428142 
18.700000    -1.674885 
18.749999    1.732428 
18.800000    2.282573 
18.849999    -0.820306 
18.900000    -2.616871 
18.950000    3.632704 
18.999999    -3.760087 
19.050000    0.822411 
19.099999    3.620083 
19.150000    2.626334 
19.199999    4.928704 
19.250000    0.183780 
19.299999    -2.923728 
19.350000    2.168669 
19.399999    0.248207 
19.450000    1.372546 
19.500000    4.141793 
19.549999    0.292010 
19.600000    1.953125 
19.649999    5.087469 
19.700000    2.018352 
19.749999    -1.121757 
19.800000    2.897531 
19.849999    5.043653 
19.900000    2.685427 
19.949999    1.046345 


Reverse Correlation Function   