Time    Magnitude 

0.000000    0.044408 
0.050000    -0.033000 
0.100000    0.139032 
0.150000    0.076710 
0.200000    -0.159419 
0.250000    -0.047917 
0.300000    0.059900 
0.350000    0.067032 
0.400000    -0.153241 
0.450000    -0.124519 
0.500000    -0.052147 
0.550000    -0.191422 
0.600000    0.002836 
0.650000    -0.128658 
0.700000    -0.104152 
0.750000    -0.086764 
0.800000    -0.102660 
0.850000    0.041604 
0.900000    -0.129373 
0.950000    0.128537 
1.000000    -0.106655 
1.050000    -0.012632 
1.100000    -0.111156 
1.150000    -0.044182 
1.200000    0.013565 
1.250000    -0.080137 
1.300000    -0.010789 
1.350000    0.067126 
1.400000    -0.063383 
1.450000    -0.145150 
1.500000    -0.021543 
1.550000    -0.075500 
1.600000    -0.113681 
1.650000    0.088922 
1.700000    -0.004852 
1.750000    -0.058275 
1.800000    0.011504 
1.850000    0.052950 
1.900000    -0.010513 
1.950000    0.011200 
2.000000    0.002965 
2.050000    -0.020995 
2.100000    -0.058427 
2.150000    -0.074319 
2.200000    0.040040 
2.250000    0.094762 
2.300000    -0.036353 
2.350000    -0.019177 
2.400000    0.012470 
2.450000    -0.041715 
2.500000    0.058282 
2.550000    -0.057753 
2.600000    0.012459 
2.650000    0.051227 
2.700000    0.003517 
2.750000    0.039852 
2.800000    0.187853 
2.850000    0.004230 
2.900000    -0.084813 
2.950000    -0.090447 
3.000000    0.115166 
3.050000    0.075568 
3.100000    -0.005642 
3.150000    0.091878 
3.200000    -0.110859 
3.250000    -0.036058 
3.300000    -0.016419 
3.350000    -0.001862 
3.400000    0.023251 
3.450000    -0.096729 
3.500000    -0.027274 
3.550000    0.130047 
3.600000    0.013785 
3.650000    -0.109303 
3.700000    0.017716 
3.750000    -0.108728 
3.800000    0.028289 
3.850000    -0.103593 
3.900000    -0.022782 
3.950000    0.120072 
4.000000    0.074312 
4.050000    -0.024617 
4.100000    0.089296 
4.150000    -0.089924 
4.200000    -0.026662 
4.250000    0.119574 
4.300000    -0.082673 
4.350000    0.000842 
4.400000    0.090244 
4.450000    0.048144 
4.500000    0.155105 
4.550000    -0.032348 
4.600000    0.065433 
4.650000    -0.055208 
4.700000    0.013378 
4.750000    -0.139188 
4.800000    0.067803 
4.850000    0.051379 
4.900000    0.139628 
4.950000    0.053373 
5.000000    -0.066981 
5.050000    0.060648 
5.100000    0.108846 
5.150000    -0.066035 
5.200000    0.080668 
5.250000    0.020898 
5.300000    0.005449 
5.350000    0.044443 
5.400000    -0.004515 
5.450000    0.111385 
5.500000    0.046114 
5.550000    0.161037 
5.600000    0.149371 
5.650000    -0.059116 
5.700000    0.134993 
5.750000    -0.073689 
5.800000    0.064704 
5.850000    0.022601 
5.900000    -0.025933 
5.950000    -0.038145 
6.000000    0.054940 
6.050000    -0.061492 
6.100000    -0.088792 
6.150000    0.083490 
6.200000    -0.030186 
6.250000    -0.067611 
6.300000    0.056914 
6.350000    0.027988 
6.400000    -0.031206 
6.450000    0.075294 
6.500000    -0.020727 
6.550000    -0.121241 
6.600000    0.048406 
6.650000    -0.059452 
6.700000    -0.013877 
6.750000    0.054406 
6.800000    -0.174822 
6.850000    -0.010846 
6.900000    0.034603 
6.950000    -0.048179 
7.000000    0.063797 
7.050000    -0.130312 
7.100000    -0.079586 
7.150000    0.177327 
7.200000    -0.077357 
7.250000    -0.030499 
7.300000    -0.123131 
7.350000    -0.011666 
7.400000    -0.012113 
7.450000    0.149274 
7.500000    -0.057427 
7.550000    0.050524 
7.600000    -0.108573 
7.650000    -0.001685 
7.700000    0.072603 
7.750000    -0.101750 
7.800000    0.109293 
7.850000    -0.060891 
7.900000    -0.007130 
7.950000    0.002641 
7.999999    -0.025789 
8.049999    -0.008295 
8.100000    -0.028099 
8.150000    0.053573 
8.200000    -0.120205 
8.250000    0.147904 
8.300000    0.076117 
8.350000    -0.142876 
8.400000    -0.016960 
8.450000    0.083416 
8.500000    0.008922 
8.549999    0.111822 
8.599999    0.109742 
8.650000    -0.213334 
8.700000    0.063655 
8.750000    -0.044601 
8.800000    0.093090 
8.850000    -0.092025 
8.900000    0.051962 
8.950000    0.120365 
9.000000    -0.083674 
9.050000    -0.076832 
9.099999    0.080804 
9.149999    0.031698 
9.200000    0.192212 
9.250000    0.044198 
9.300000    -0.031697 
9.350000    0.022887 
9.400000    0.036732 
9.450000    -0.004191 
9.500000    0.038108 
9.550000    -0.023813 
9.600000    0.120180 
9.649999    -0.130290 
9.699999    0.036235 
9.750000    0.028064 
9.800000    -0.030002 
9.850000    0.004739 
9.900000    -0.077521 
9.950000    -0.004928 
10.000000    0.011634 
10.050000    -0.144174 
10.100000    0.156441 
10.150000    0.187039 
10.199999    0.035609 
10.249999    0.054256 
10.300000    -0.032256 
10.350000    0.019083 
10.400000    0.106909 
10.450000    0.050171 
10.500000    0.051478 
10.550000    0.086616 
10.600000    0.090193 
10.650000    -0.061863 
10.700000    0.011215 
10.749999    -0.057077 
10.799999    0.083250 
10.849999    -0.039323 
10.900000    -0.021973 
10.950000    -0.045738 
11.000000    -0.069465 
11.050000    0.042642 
11.100000    -0.082873 
11.150000    0.014183 
11.200000    0.137451 
11.250000    0.070992 
11.299999    0.022239 
11.349999    -0.030762 
11.399999    0.050541 
11.450000    0.051878 
11.500000    0.086134 
11.550000    0.018723 
11.600000    0.166528 
11.650000    0.051086 
11.700000    0.082724 
11.750000    -0.044521 
11.800000    0.152045 
11.849999    -0.003821 
11.899999    -0.050241 
11.949999    0.061203 
12.000000    -0.177243 
12.050000    -0.039021 
12.100000    -0.005853 
12.150000    -0.074046 
12.200000    0.014786 
12.250000    0.008241 
12.300000    -0.020672 
12.350000    0.010341 
12.399999    -0.006770 
12.449999    -0.038012 
12.499999    -0.132665 
12.550000    -0.077401 
12.600000    -0.077108 
12.650000    0.087231 
12.700000    -0.193256 
12.750000    0.229746 
12.800000    0.124356 
12.850000    -0.077711 
12.900000    0.000807 
12.949999    0.017393 
12.999999    -0.020744 
13.049999    -0.029444 
13.100000    -0.000046 
13.150000    -0.053494 
13.200000    -0.070603 
13.250000    0.030487 
13.300000    0.109064 
13.350000    -0.171036 
13.400000    -0.105564 
13.450000    0.130658 
13.499999    0.108452 
13.549999    0.005624 
13.599999    0.020761 
13.650000    -0.113760 
13.700000    0.037749 
13.750000    0.086475 
13.800000    -0.030444 
13.850000    0.007953 
13.900000    -0.065680 
13.950000    -0.026391 
14.000000    0.153029 
14.049999    0.071199 
14.099999    -0.077659 
14.149999    0.090575 
14.200000    -0.008756 
14.250000    -0.045303 
14.300000    0.035895 
14.350000    -0.207275 
14.400000    0.019297 
14.450000    -0.005353 
14.500000    -0.060814 
14.549999    0.029996 
14.599999    -0.123020 
14.649999    0.112357 
14.699999    -0.066887 
14.750000    -0.002282 
14.800000    0.002565 
14.850000    -0.058613 
14.900000    -0.033900 
14.950000    0.020895 
15.000000    0.142938 
15.050000    -0.065242 
15.099999    -0.023452 
15.149999    0.061516 
15.199999    -0.034975 
15.249999    0.084874 
15.299999    0.040221 
15.350000    0.045178 
15.400000    0.054574 
15.450000    0.124857 
15.500000    -0.099233 
15.550000    0.210509 
15.600000    -0.010178 
15.650000    0.057026 
15.699999    0.118529 
15.750000    0.017942 
15.799999    -0.125155 
15.850000    -0.029766 
15.899999    -0.052193 
15.950000    -0.099918 
15.999999    0.147184 
16.050000    0.038596 
16.099999    0.024080 
16.150000    -0.116144 
16.200000    0.054850 
16.249999    -0.255418 
16.300000    0.108020 
16.349999    0.058884 
16.400000    0.079770 
16.449999    -0.095973 
16.500000    0.131243 
16.549999    -0.019637 
16.600000    -0.117888 
16.649999    0.024269 
16.700000    -0.013361 
16.750000    0.143381 
16.799999    0.073358 
16.850000    0.000124 
16.899999    -0.150858 
16.950000    0.068636 
16.999999    -0.015440 
17.050000    -0.208405 
17.099999    0.135491 
17.150000    -0.071805 
17.199999    -0.008724 
17.250000    0.073104 
17.300000    -0.168947 
17.349999    -0.108103 
17.400000    -0.148721 
17.449999    0.053403 
17.500000    -0.070207 
17.549999    -0.041380 
17.600000    0.057275 
17.649999    0.118293 
17.700000    -0.017076 
17.749999    0.027614 
17.800000    0.072088 
17.850000    -0.004128 
17.899999    -0.003059 
17.950000    0.141972 
17.999999    0.142461 
18.050000    0.055006 
18.099999    0.156037 
18.150000    0.117813 
18.199999    -0.134657 
18.250000    0.019228 
18.299999    -0.105186 
18.350000    0.014903 
18.400000    0.060170 
18.449999    -0.112252 
18.500000    0.009339 
18.549999    -0.074323 
18.600000    0.032771 
18.649999    -0.084093 
18.700000    -0.131551 
18.749999    0.030413 
18.800000    -0.012897 
18.849999    -0.005078 
18.900000    -0.055415 
18.950000    -0.086963 
18.999999    -0.122658 
19.050000    -0.006445 
19.099999    -0.037145 
19.150000    -0.080806 
19.199999    -0.064739 
19.250000    0.011220 
19.299999    0.041711 
19.350000    -0.012798 
19.399999    0.061550 
19.450000    -0.074523 
19.500000    0.018602 
19.549999    -0.016097 
19.600000    0.038470 
19.649999    -0.008655 
19.700000    -0.041224 
19.749999    -0.103958 
19.800000    -0.055286 
19.849999    0.033862 
19.900000    -0.023272 
19.949999    0.077254 


Reverse Correlation Function   