Time    Magnitude 

0.000000    9.483291 
0.050000    13.705452 
0.100000    28.585217 
0.150000    10.007804 
0.200000    2.654639 
0.250000    12.136968 
0.300000    10.670449 
0.350000    -8.995305 
0.400000    5.014472 
0.450000    13.545887 
0.500000    -10.388697 
0.550000    7.087748 
0.600000    6.949594 
0.650000    -22.397499 
0.700000    9.211454 
0.750000    12.804286 
0.800000    6.953602 
0.850000    -2.122217 
0.900000    -12.662473 
0.950000    -3.272861 
1.000000    -17.171532 
1.050000    -2.602433 
1.100000    2.614820 
1.150000    20.996206 
1.200000    21.595348 
1.250000    -16.831150 
1.300000    -6.026515 
1.350000    -32.151859 
1.400000    -14.021379 
1.450000    -9.524508 
1.500000    14.012650 
1.550000    -15.580608 
1.600000    2.546790 
1.650000    24.543039 
1.700000    31.086430 
1.750000    9.921658 
1.800000    -29.153107 
1.850000    -49.439411 
1.900000    -89.754929 
1.950000    -106.367104 
2.000000    -93.529015 
2.050000    -31.604244 
2.100000    45.949368 
2.150000    158.010223 
2.200000    169.403351 
2.250000    140.900818 
2.300000    32.296898 
2.350000    -81.401672 
2.400000    -170.180145 
2.450000    -168.321442 
2.500000    -98.732704 
2.550000    34.621819 
2.600000    101.128326 
2.650000    139.190506 
2.700000    98.383446 
2.750000    10.231896 
2.800000    -39.208923 
2.850000    -82.533539 
2.900000    -78.481873 
2.950000    -33.759636 
3.000000    31.729996 
3.050000    69.985046 
3.100000    45.688358 
3.150000    14.961500 
3.200000    2.278468 
3.250000    -18.265484 
3.300000    -20.877836 
3.350000    -18.530106 
3.400000    21.991985 
3.450000    26.221548 
3.500000    16.778067 
3.550000    11.493240 
3.600000    -9.395772 
3.650000    -9.821712 
3.700000    -28.346252 
3.750000    -9.265648 
3.800000    8.646409 
3.850000    -4.870938 
3.900000    10.254211 
3.950000    -34.503521 
4.000000    -11.879119 
4.050000    -13.519066 
4.100000    -3.198779 
4.150000    1.910515 
4.200000    9.833498 
4.250000    -2.975694 
4.300000    7.213796 
4.350000    13.981878 
4.400000    19.531664 
4.450000    13.278113 
4.500000    11.236592 
4.550000    -10.719477 
4.600000    -27.090914 
4.650000    -19.871466 
4.700000    -9.354175 
4.750000    12.544143 
4.800000    16.656666 
4.850000    20.949776 
4.900000    20.703135 
4.950000    20.154587 
5.000000    -3.240057 
5.050000    -26.886177 
5.100000    -17.389309 
5.150000    -10.188002 
5.200000    6.289012 
5.250000    -8.260153 
5.300000    11.917160 
5.350000    10.234044 
5.400000    35.231632 
5.450000    -14.806783 
5.500000    -20.368746 
5.550000    -9.212528 
5.600000    -23.790571 
5.650000    -5.092288 
5.700000    22.153946 
5.750000    10.370263 
5.800000    22.011297 
5.850000    -4.535055 
5.900000    -6.554216 
5.950000    -28.221056 
6.000000    -10.973435 
6.050000    -23.406639 
6.100000    -11.985290 
6.150000    -1.907197 
6.200000    12.273474 
6.250000    15.243401 
6.300000    12.164719 
6.350000    -30.936520 
6.400000    -29.202307 
6.450000    -1.618245 
6.500000    -8.940880 
6.550000    10.132658 
6.600000    20.319733 
6.650000    22.431910 
6.700000    0.024969 
6.750000    -4.226272 
6.800000    -13.716828 
6.850000    -11.331221 
6.900000    -1.886715 
6.950000    8.658887 
7.000000    14.011806 
7.050000    39.169178 
7.100000    4.532424 
7.150000    -3.577956 
7.200000    -6.977697 
7.250000    -27.747431 
7.300000    -6.974007 
7.350000    -8.302956 
7.400000    -5.050453 
7.450000    23.593506 
7.500000    25.535835 
7.550000    8.440556 
7.600000    8.335747 
7.650000    -3.987122 
7.700000    -5.534935 
7.750000    -0.622157 
7.800000    3.283655 
7.850000    1.758494 
7.900000    -4.766383 
7.950000    13.190192 
7.999999    -1.440762 
8.049999    2.811989 
8.100000    6.207536 
8.150000    3.483869 
8.200000    -6.098519 
8.250000    -5.722003 
8.300000    -8.616590 
8.350000    -9.801023 
8.400000    4.016974 
8.450000    -8.654242 
8.500000    -4.232497 
8.549999    -10.281472 
8.599999    4.985849 
8.650000    -9.288501 
8.700000    3.849352 
8.750000    17.714025 
8.800000    28.617315 
8.850000    -13.428099 
8.900000    7.829725 
8.950000    -1.631880 
9.000000    6.798580 
9.050000    31.084028 
9.099999    11.875381 
9.149999    1.944589 
9.200000    1.938543 
9.250000    12.165385 
9.300000    0.832122 
9.350000    10.022768 
9.400000    -1.340780 
9.450000    15.467537 
9.500000    11.296617 
9.550000    8.573203 
9.600000    6.305989 
9.649999    21.567245 
9.699999    19.091181 
9.750000    10.650579 
9.800000    -12.670680 
9.850000    -10.278319 
9.900000    -11.405819 
9.950000    -10.738751 
10.000000    8.489141 
10.050000    4.737196 
10.100000    -8.823039 
10.150000    -13.203208 
10.199999    -23.787815 
10.249999    1.170723 
10.300000    -15.069386 
10.350000    -5.100051 
10.400000    -6.879244 
10.450000    31.488398 
10.500000    11.858730 
10.550000    6.878367 
10.600000    -6.012602 
10.650000    4.928088 
10.700000    -9.123164 
10.749999    20.083324 
10.799999    11.810931 
10.849999    1.644812 
10.900000    1.181974 
10.950000    16.140070 
11.000000    -10.883582 
11.050000    -6.838328 
11.100000    -9.726969 
11.150000    0.066542 
11.200000    0.935910 
11.250000    -14.394124 
11.299999    14.931861 
11.349999    6.324795 
11.399999    10.239054 
11.450000    -2.603278 
11.500000    16.252079 
11.550000    -8.447639 
11.600000    -9.542516 
11.650000    6.387599 
11.700000    -1.969299 
11.750000    10.190035 
11.800000    5.640799 
11.849999    5.714155 
11.899999    12.928633 
11.949999    6.801220 
12.000000    -10.936319 
12.050000    2.820211 
12.100000    -17.095692 
12.150000    -5.052484 
12.200000    -14.942067 
12.250000    10.184758 
12.300000    25.926918 
12.350000    14.243278 
12.399999    14.992989 
12.449999    2.152646 
12.499999    -17.360868 
12.550000    -8.696086 
12.600000    5.331871 
12.650000    23.570246 
12.700000    -3.410678 
12.750000    4.213771 
12.800000    -0.373908 
12.850000    17.441528 
12.900000    18.666063 
12.949999    14.386580 
12.999999    9.705208 
13.049999    1.880269 
13.100000    -13.379509 
13.150000    2.957247 
13.200000    -3.767829 
13.250000    -3.579195 
13.300000    10.581470 
13.350000    10.509936 
13.400000    -4.870207 
13.450000    -5.231528 
13.499999    -13.781611 
13.549999    2.647521 
13.599999    -4.031777 
13.650000    -33.655445 
13.700000    -10.816938 
13.750000    -17.966454 
13.800000    -13.219462 
13.850000    -0.062826 
13.900000    -14.041273 
13.950000    -10.453003 
14.000000    -4.648610 
14.049999    10.178373 
14.099999    2.503966 
14.149999    9.559595 
14.200000    10.067932 
14.250000    24.497046 
14.300000    29.097088 
14.350000    1.003723 
14.400000    3.870745 
14.450000    -1.952032 
14.500000    -26.314148 
14.549999    -1.707452 
14.599999    6.128046 
14.649999    -7.205791 
14.699999    -2.733402 
14.750000    5.943557 
14.800000    -1.147576 
14.850000    -18.759604 
14.900000    6.682857 
14.950000    0.826371 
15.000000    -7.311716 
15.050000    -2.354440 
15.099999    9.028817 
15.149999    -2.023978 
15.199999    -0.194664 
15.249999    24.459291 
15.299999    5.542038 
15.350000    4.497695 
15.400000    -10.860899 
15.450000    9.826552 
15.500000    15.887797 
15.550000    19.155352 
15.600000    3.375763 
15.650000    9.326359 
15.699999    13.168668 
15.750000    -6.047361 
15.799999    2.908203 
15.850000    -18.985514 
15.899999    18.568407 
15.950000    16.577978 
15.999999    -6.629670 
16.050000    0.131898 
16.099999    21.718302 
16.150000    -11.513864 
16.200000    10.534171 
16.249999    13.251061 
16.300000    -2.948892 
16.349999    9.638596 
16.400000    5.283649 
16.449999    -20.127373 
16.500000    -4.890965 
16.549999    -12.889354 
16.600000    -9.288206 
16.649999    0.259831 
16.700000    10.832858 
16.750000    11.958036 
16.799999    -0.107166 
16.850000    -12.241785 
16.899999    2.269172 
16.950000    -21.356834 
16.999999    -17.518244 
17.050000    -9.048979 
17.099999    -5.739352 
17.150000    -1.143099 
17.199999    14.035377 
17.250000    3.404359 
17.300000    8.944258 
17.349999    1.754527 
17.400000    -0.665586 
17.449999    -19.443565 
17.500000    10.726775 
17.549999    -16.337450 
17.600000    -9.917330 
17.649999    -5.106279 
17.700000    -12.056705 
17.749999    3.166049 
17.800000    24.096670 
17.850000    12.783161 
17.899999    -5.052889 
17.950000    -12.601341 
17.999999    -8.191541 
18.050000    -10.539468 
18.099999    12.241200 
18.150000    24.160662 
18.199999    13.762482 
18.250000    7.990200 
18.299999    -4.852854 
18.350000    -0.124765 
18.400000    14.575883 
18.449999    -1.991848 
18.500000    8.172654 
18.549999    10.028474 
18.600000    6.466620 
18.649999    15.063508 
18.700000    9.072305 
18.749999    -11.117567 
18.800000    -5.454293 
18.849999    -8.597601 
18.900000    -2.346925 
18.950000    15.768194 
18.999999    3.157180 
19.050000    12.356713 
19.099999    -7.484785 
19.150000    2.157379 
19.199999    -9.753088 
19.250000    -4.780883 
19.299999    -5.382187 
19.350000    14.242548 
19.399999    -4.187238 
19.450000    -2.589206 
19.500000    13.668026 
19.549999    22.985292 
19.600000    20.033133 
19.649999    4.707444 
19.700000    -3.793073 
19.749999    -1.269193 
19.800000    -9.529233 
19.849999    -26.953577 
19.900000    13.034937 
19.949999    6.162216 


Reverse Correlation Function   