Time    Magnitude 

0.000000    -0.003514 
0.050000    -0.006147 
0.100000    -0.000430 
0.150000    0.020716 
0.200000    0.050311 
0.250000    0.004688 
0.300000    -0.022215 
0.350000    -0.018583 
0.400000    -0.016945 
0.450000    -0.021810 
0.500000    -0.046551 
0.550000    -0.006413 
0.600000    0.010472 
0.650000    0.053583 
0.700000    -0.009063 
0.750000    0.010187 
0.800000    0.001508 
0.850000    0.012485 
0.900000    -0.023796 
0.950000    0.034514 
1.000000    0.008164 
1.050000    -0.016495 
1.100000    0.046410 
1.150000    0.015296 
1.200000    0.026698 
1.250000    0.042510 
1.300000    0.012261 
1.350000    0.040919 
1.400000    0.009699 
1.450000    0.021406 
1.500000    -0.024558 
1.550000    -0.024745 
1.600000    0.018889 
1.650000    -0.047368 
1.700000    0.022846 
1.750000    0.013362 
1.800000    0.003938 
1.850000    0.030852 
1.900000    -0.043976 
1.950000    0.050068 
2.000000    0.010630 
2.050000    0.020019 
2.100000    -0.029361 
2.150000    -0.031317 
2.200000    -0.006562 
2.250000    0.034464 
2.300000    -0.026855 
2.350000    0.002266 
2.400000    -0.011653 
2.450000    0.007889 
2.500000    -0.020819 
2.550000    -0.017277 
2.600000    0.031177 
2.650000    -0.030607 
2.700000    -0.001637 
2.750000    -0.015985 
2.800000    0.040389 
2.850000    0.013768 
2.900000    0.027329 
2.950000    -0.029585 
3.000000    0.021986 
3.050000    -0.010152 
3.100000    0.002262 
3.150000    -0.040337 
3.200000    -0.023022 
3.250000    0.004878 
3.300000    0.005694 
3.350000    0.024286 
3.400000    0.001992 
3.450000    -0.037829 
3.500000    0.023801 
3.550000    -0.004561 
3.600000    0.029646 
3.650000    0.013632 
3.700000    -0.007592 
3.750000    -0.004975 
3.800000    -0.040226 
3.850000    0.037113 
3.900000    0.005633 
3.950000    0.020711 
4.000000    0.019168 
4.050000    -0.024826 
4.100000    -0.008306 
4.150000    0.002817 
4.200000    -0.000687 
4.250000    -0.041414 
4.300000    0.001739 
4.350000    -0.000350 
4.400000    -0.020160 
4.450000    -0.011084 
4.500000    0.000199 
4.550000    -0.000581 
4.600000    -0.013502 
4.650000    0.072603 
4.700000    0.010348 
4.750000    -0.001172 
4.800000    -0.057009 
4.850000    -0.027287 
4.900000    0.001127 
4.950000    -0.034676 
5.000000    0.000017 
5.050000    0.025115 
5.100000    -0.007700 
5.150000    0.003663 
5.200000    0.009965 
5.250000    -0.019261 
5.300000    -0.046840 
5.350000    0.009650 
5.400000    0.042104 
5.450000    -0.005110 
5.500000    -0.012074 
5.550000    0.001020 
5.600000    0.011551 
5.650000    -0.007680 
5.700000    -0.019961 
5.750000    0.011884 
5.800000    0.008308 
5.850000    0.019763 
5.900000    0.006239 
5.950000    -0.036323 
6.000000    -0.011306 
6.050000    -0.007190 
6.100000    0.013368 
6.150000    0.033880 
6.200000    -0.042139 
6.250000    -0.026310 
6.300000    -0.092220 
6.350000    0.009097 
6.400000    0.004545 
6.450000    0.037341 
6.500000    0.001866 
6.550000    0.035994 
6.600000    -0.060939 
6.650000    0.054976 
6.700000    -0.060788 
6.750000    0.017840 
6.800000    0.009844 
6.850000    0.005732 
6.900000    0.055637 
6.950000    0.021980 
7.000000    -0.003825 
7.050000    0.018989 
7.100000    0.008237 
7.150000    -0.005317 
7.200000    0.038644 
7.250000    0.001767 
7.300000    -0.004003 
7.350000    -0.004186 
7.400000    -0.015900 
7.450000    -0.055700 
7.500000    -0.038083 
7.550000    0.007084 
7.600000    0.030993 
7.650000    0.009738 
7.700000    -0.009609 
7.750000    -0.021538 
7.800000    0.033869 
7.850000    -0.011189 
7.900000    -0.016969 
7.950000    0.005089 
7.999999    -0.013016 
8.049999    0.062086 
8.100000    0.017263 
8.150000    -0.032598 
8.200000    -0.006577 
8.250000    -0.015460 
8.300000    0.022104 
8.350000    0.009033 
8.400000    -0.014492 
8.450000    -0.012011 
8.500000    -0.014275 
8.549999    0.077687 
8.599999    -0.008987 
8.650000    -0.038076 
8.700000    0.002385 
8.750000    0.043203 
8.800000    0.016202 
8.850000    0.011494 
8.900000    -0.023055 
8.950000    -0.021156 
9.000000    -0.030257 
9.050000    0.025722 
9.099999    0.043612 
9.149999    0.071912 
9.200000    -0.001613 
9.250000    0.008088 
9.300000    -0.001205 
9.350000    -0.040556 
9.400000    0.004017 
9.450000    0.008332 
9.500000    -0.006648 
9.550000    0.034119 
9.600000    -0.006052 
9.649999    -0.014195 
9.699999    -0.037077 
9.750000    0.038289 
9.800000    -0.009325 
9.850000    -0.049095 
9.900000    0.027495 
9.950000    -0.018234 
10.000000    0.025411 
10.050000    0.005053 
10.100000    -0.002374 
10.150000    -0.019248 
10.199999    -0.018899 
10.249999    -0.013763 
10.300000    0.005710 
10.350000    0.010913 
10.400000    0.024702 
10.450000    0.036852 
10.500000    -0.013994 
10.550000    -0.012033 
10.600000    0.025985 
10.650000    0.012923 
10.700000    -0.003132 
10.749999    -0.013455 
10.799999    -0.019456 
10.849999    0.009122 
10.900000    -0.003746 
10.950000    0.010387 
11.000000    0.016920 
11.050000    0.005379 
11.100000    0.033101 
11.150000    0.052635 
11.200000    -0.034109 
11.250000    0.017512 
11.299999    0.050109 
11.349999    -0.040890 
11.399999    -0.018296 
11.450000    0.021006 
11.500000    -0.000491 
11.550000    -0.026080 
11.600000    0.028914 
11.650000    0.028331 
11.700000    -0.015979 
11.750000    0.043855 
11.800000    -0.029553 
11.849999    0.003609 
11.899999    0.032244 
11.949999    0.048288 
12.000000    0.036628 
12.050000    0.005639 
12.100000    0.020947 
12.150000    0.045370 
12.200000    -0.029349 
12.250000    0.015688 
12.300000    0.010149 
12.350000    0.001413 
12.399999    -0.031786 
12.449999    -0.007954 
12.499999    -0.012549 
12.550000    -0.008189 
12.600000    -0.016415 
12.650000    0.056027 
12.700000    0.009855 
12.750000    0.016279 
12.800000    0.019328 
12.850000    -0.012853 
12.900000    -0.013037 
12.949999    0.034921 
12.999999    -0.005668 
13.049999    0.032053 
13.100000    -0.003916 
13.150000    0.021511 
13.200000    -0.000242 
13.250000    0.003302 
13.300000    0.017990 
13.350000    -0.024122 
13.400000    -0.056107 
13.450000    0.036638 
13.499999    -0.018064 
13.549999    -0.023684 
13.599999    -0.010784 
13.650000    -0.007341 
13.700000    0.032686 
13.750000    0.016245 
13.800000    -0.037229 
13.850000    0.014037 
13.900000    0.030058 
13.950000    0.035727 
14.000000    -0.028601 
14.049999    -0.004212 
14.099999    0.034099 
14.149999    -0.022982 
14.200000    -0.005152 
14.250000    0.042626 
14.300000    0.047092 
14.350000    -0.033323 
14.400000    -0.000565 
14.450000    -0.005968 
14.500000    -0.013441 
14.549999    -0.038008 
14.599999    -0.024978 
14.649999    0.017343 
14.699999    -0.071643 
14.750000    0.013544 
14.800000    -0.002590 
14.850000    0.018972 
14.900000    0.021848 
14.950000    -0.012464 
15.000000    0.027999 
15.050000    -0.004286 
15.099999    -0.005956 
15.149999    -0.022396 
15.199999    0.012349 
15.249999    -0.017856 
15.299999    -0.021641 
15.350000    0.016447 
15.400000    0.029787 
15.450000    0.006362 
15.500000    0.024654 
15.550000    0.024570 
15.600000    0.024161 
15.650000    -0.038401 
15.699999    0.049932 
15.750000    0.013823 
15.799999    0.000411 
15.850000    0.019671 
15.899999    0.002324 
15.950000    -0.009607 
15.999999    -0.034686 
16.050000    0.029302 
16.099999    -0.037476 
16.150000    -0.017315 
16.200000    -0.020165 
16.249999    0.015204 
16.300000    0.008236 
16.349999    0.003824 
16.400000    0.014639 
16.449999    0.004776 
16.500000    -0.014949 
16.549999    -0.034126 
16.600000    0.009364 
16.649999    0.006151 
16.700000    -0.042805 
16.750000    0.043225 
16.799999    -0.029687 
16.850000    0.005749 
16.899999    0.050738 
16.950000    -0.017470 
16.999999    0.067337 
17.050000    -0.001495 
17.099999    0.023209 
17.150000    -0.013088 
17.199999    0.010179 
17.250000    0.013912 
17.300000    0.038719 
17.349999    -0.034977 
17.400000    -0.021522 
17.449999    0.028347 
17.500000    0.010235 
17.549999    0.022220 
17.600000    0.041530 
17.649999    0.002485 
17.700000    -0.012409 
17.749999    -0.016898 
17.800000    -0.007301 
17.850000    0.042657 
17.899999    0.011298 
17.950000    -0.008335 
17.999999    0.021489 
18.050000    0.008692 
18.099999    0.052818 
18.150000    -0.002309 
18.199999    0.001141 
18.250000    0.024858 
18.299999    0.025432 
18.350000    0.024958 
18.400000    0.027103 
18.449999    0.019148 
18.500000    0.012871 
18.549999    0.050633 
18.600000    -0.005173 
18.649999    -0.000716 
18.700000    0.019251 
18.749999    0.044537 
18.800000    -0.024403 
18.849999    0.007274 
18.900000    0.005924 
18.950000    -0.004186 
18.999999    0.047924 
19.050000    0.004996 
19.099999    0.010933 
19.150000    -0.019529 
19.199999    0.047884 
19.250000    -0.039747 
19.299999    0.021544 
19.350000    -0.036505 
19.399999    0.037519 
19.450000    0.033257 
19.500000    -0.027262 
19.549999    -0.001690 
19.600000    -0.006913 
19.649999    -0.009630 
19.700000    0.023757 
19.749999    0.051493 
19.800000    0.033068 
19.849999    -0.027553 
19.900000    0.021636 
19.949999    -0.000862 


Reverse Correlation Function   