Time    Magnitude 

0.000000    19.475050 
0.050000    3.892742 
0.100000    -25.730278 
0.150000    -0.916708 
0.200000    -8.631725 
0.250000    16.835739 
0.300000    14.039704 
0.350000    -9.735666 
0.400000    -11.595994 
0.450000    12.068766 
0.500000    20.331507 
0.550000    9.936588 
0.600000    2.975964 
0.650000    16.931334 
0.700000    17.698656 
0.750000    -9.059443 
0.800000    -10.890883 
0.850000    3.736383 
0.900000    -2.782058 
0.950000    0.624967 
1.000000    2.578444 
1.050000    28.349754 
1.100000    -1.864140 
1.150000    8.400292 
1.200000    5.061920 
1.250000    9.684775 
1.300000    12.151944 
1.350000    1.176313 
1.400000    5.453002 
1.450000    -2.018004 
1.500000    20.028770 
1.550000    -0.300393 
1.600000    -1.118558 
1.650000    11.279239 
1.700000    -21.799366 
1.750000    16.824648 
1.800000    18.723902 
1.850000    18.678453 
1.900000    21.724897 
1.950000    23.503731 
2.000000    31.112726 
2.050000    42.237278 
2.100000    14.055832 
2.150000    -21.439848 
2.200000    -34.592308 
2.250000    -40.054047 
2.300000    -50.348446 
2.350000    -42.466152 
2.400000    0.311222 
2.450000    39.833801 
2.500000    74.933556 
2.550000    98.109383 
2.600000    87.077995 
2.650000    62.319458 
2.700000    -4.115690 
2.750000    -52.854805 
2.800000    -110.285378 
2.850000    -136.366989 
2.900000    -106.780937 
2.950000    -51.617458 
3.000000    3.218376 
3.050000    83.512474 
3.100000    118.457558 
3.150000    108.575439 
3.200000    77.968483 
3.250000    33.523693 
3.300000    -50.371014 
3.350000    -102.739960 
3.400000    -116.926735 
3.450000    -119.626663 
3.500000    -49.199249 
3.550000    18.345718 
3.600000    56.500469 
3.650000    84.064537 
3.700000    101.499924 
3.750000    59.321629 
3.800000    3.171184 
3.850000    -26.684942 
3.900000    -67.330536 
3.950000    -64.709366 
4.000000    -50.453918 
4.050000    -8.448642 
4.100000    10.305554 
4.150000    75.962975 
4.200000    67.060211 
4.250000    62.263283 
4.300000    35.467388 
4.350000    -0.653094 
4.400000    -22.034391 
4.450000    -47.807507 
4.500000    -42.020149 
4.550000    -16.658775 
4.600000    -1.038193 
4.650000    8.896206 
4.700000    16.743502 
4.750000    22.581127 
4.800000    8.343914 
4.850000    -10.250037 
4.900000    0.194185 
4.950000    -41.437950 
5.000000    -38.636600 
5.050000    -12.533652 
5.100000    12.821829 
5.150000    15.633230 
5.200000    8.158205 
5.250000    5.401445 
5.300000    15.698506 
5.350000    2.129373 
5.400000    -11.345989 
5.450000    -4.401691 
5.500000    -20.415493 
5.550000    -2.007814 
5.600000    8.143362 
5.650000    -0.566570 
5.700000    23.643246 
5.750000    22.389278 
5.800000    13.914853 
5.850000    31.087280 
5.900000    15.742590 
5.950000    -22.664032 
6.000000    -41.623833 
6.050000    -25.911737 
6.100000    -0.364154 
6.150000    -12.224774 
6.200000    3.280372 
6.250000    32.266247 
6.300000    20.440542 
6.350000    16.112211 
6.400000    18.721434 
6.450000    -2.647038 
6.500000    -4.297798 
6.550000    -11.037584 
6.600000    -6.150294 
6.650000    -7.855350 
6.700000    0.357656 
6.750000    13.813757 
6.800000    -1.698498 
6.850000    22.040401 
6.900000    14.203522 
6.950000    10.506551 
7.000000    5.510880 
7.050000    -4.124555 
7.100000    -20.168344 
7.150000    0.233928 
7.200000    -23.864380 
7.250000    -3.814116 
7.300000    1.798455 
7.350000    32.211906 
7.400000    6.738804 
7.450000    3.648282 
7.500000    -4.348504 
7.550000    -12.544680 
7.600000    -7.272590 
7.650000    -10.544240 
7.700000    13.186922 
7.750000    -1.816736 
7.800000    -7.688051 
7.850000    5.001618 
7.900000    24.540916 
7.950000    14.884831 
7.999999    22.253353 
8.049999    5.025723 
8.100000    1.610674 
8.150000    6.728323 
8.200000    -6.193134 
8.250000    6.821240 
8.300000    -1.747906 
8.350000    13.662803 
8.400000    6.755743 
8.450000    8.194546 
8.500000    12.938683 
8.549999    2.629666 
8.599999    -3.011773 
8.650000    -0.285786 
8.700000    -8.763031 
8.750000    7.029140 
8.800000    -2.197576 
8.850000    -0.947306 
8.900000    8.085937 
8.950000    21.291058 
9.000000    9.192825 
9.050000    -6.057205 
9.099999    -6.855616 
9.149999    -0.680354 
9.200000    -8.043499 
9.250000    -6.304914 
9.300000    -1.862726 
9.350000    4.136730 
9.400000    2.465443 
9.450000    22.377525 
9.500000    15.654200 
9.550000    5.006958 
9.600000    26.697865 
9.649999    -4.076950 
9.699999    -3.087133 
9.750000    3.242845 
9.800000    3.912493 
9.850000    -1.011354 
9.900000    7.973293 
9.950000    2.494640 
10.000000    6.809601 
10.050000    -3.549449 
10.100000    9.825615 
10.150000    18.073456 
10.199999    17.413240 
10.249999    5.129505 
10.300000    4.520138 
10.350000    -5.278786 
10.400000    2.562912 
10.450000    -3.223824 
10.500000    -15.778774 
10.550000    -5.908852 
10.600000    -11.987648 
10.650000    12.835200 
10.700000    7.689373 
10.749999    12.384944 
10.799999    -7.062238 
10.849999    11.409488 
10.900000    39.811115 
10.950000    4.066005 
11.000000    2.015834 
11.050000    4.634081 
11.100000    -6.551291 
11.150000    8.466227 
11.200000    1.224042 
11.250000    5.943807 
11.299999    -1.924546 
11.349999    -4.272799 
11.399999    -7.896599 
11.450000    3.705286 
11.500000    -7.932798 
11.550000    -17.774212 
11.600000    6.863577 
11.650000    -5.169039 
11.700000    -21.553196 
11.750000    4.779371 
11.800000    13.171566 
11.849999    6.906855 
11.899999    -12.619175 
11.949999    15.581809 
12.000000    16.092585 
12.050000    5.950085 
12.100000    -9.593327 
12.150000    -5.403817 
12.200000    -6.619751 
12.250000    0.309893 
12.300000    11.148847 
12.350000    -19.461922 
12.399999    7.427305 
12.449999    -10.545905 
12.499999    9.758395 
12.550000    -17.038967 
12.600000    3.774902 
12.650000    1.369749 
12.700000    -4.821156 
12.750000    -16.384777 
12.800000    1.239984 
12.850000    12.351959 
12.900000    -8.010496 
12.949999    -10.035125 
12.999999    11.878530 
13.049999    -4.384167 
13.100000    -8.415799 
13.150000    11.379096 
13.200000    5.898595 
13.250000    11.050270 
13.300000    12.847096 
13.350000    -6.681606 
13.400000    4.217098 
13.450000    -7.497130 
13.499999    -2.999958 
13.549999    7.951981 
13.599999    -26.725372 
13.650000    -5.591901 
13.700000    -3.046748 
13.750000    3.752312 
13.800000    8.770310 
13.850000    20.302109 
13.900000    5.712591 
13.950000    1.019028 
14.000000    3.767092 
14.049999    3.696517 
14.099999    -3.050910 
14.149999    -6.558963 
14.200000    11.781332 
14.250000    3.203708 
14.300000    -6.232120 
14.350000    -4.986960 
14.400000    18.705000 
14.450000    3.195336 
14.500000    14.068209 
14.549999    29.506935 
14.599999    6.428271 
14.649999    1.748722 
14.699999    14.710588 
14.750000    -23.245808 
14.800000    1.197145 
14.850000    -6.739216 
14.900000    -5.088729 
14.950000    6.009627 
15.000000    -6.223547 
15.050000    15.467336 
15.099999    17.414934 
15.149999    3.424029 
15.199999    9.908772 
15.249999    -21.502409 
15.299999    -20.362898 
15.350000    -10.268996 
15.400000    12.392760 
15.450000    7.431746 
15.500000    1.331980 
15.550000    -1.076755 
15.600000    18.593102 
15.650000    11.505216 
15.699999    6.690488 
15.750000    8.716957 
15.799999    -9.803201 
15.850000    -24.471745 
15.899999    -6.116392 
15.950000    -15.762283 
15.999999    -1.915155 
16.050000    -11.711830 
16.099999    -3.287242 
16.150000    7.863839 
16.200000    7.132479 
16.249999    21.531483 
16.300000    -20.049032 
16.349999    9.044024 
16.400000    16.251228 
16.449999    11.683818 
16.500000    -15.970532 
16.549999    2.052639 
16.600000    -7.295370 
16.649999    19.162577 
16.700000    2.701770 
16.750000    -8.143846 
16.799999    -6.706097 
16.850000    -6.964938 
16.899999    3.598731 
16.950000    -8.391109 
16.999999    -23.654976 
17.050000    0.152550 
17.099999    3.911086 
17.150000    13.595288 
17.199999    11.612506 
17.250000    -1.459864 
17.300000    2.018857 
17.349999    10.739937 
17.400000    -33.374161 
17.449999    -6.776156 
17.500000    -1.094989 
17.549999    -3.353526 
17.600000    -7.896978 
17.649999    4.982885 
17.700000    -1.424782 
17.749999    4.418797 
17.800000    7.011161 
17.850000    7.667683 
17.899999    0.268279 
17.950000    -13.036019 
17.999999    -13.646998 
18.050000    -10.709308 
18.099999    3.689317 
18.150000    -3.294327 
18.199999    -3.530787 
18.250000    -23.070089 
18.299999    10.272035 
18.350000    -11.284250 
18.400000    4.234055 
18.449999    1.166301 
18.500000    -9.342090 
18.549999    -5.855953 
18.600000    6.950060 
18.649999    -3.699706 
18.700000    -10.745784 
18.749999    -4.389714 
18.800000    10.188524 
18.849999    2.174264 
18.900000    0.539788 
18.950000    9.046082 
18.999999    8.734319 
19.050000    4.454243 
19.099999    -12.153875 
19.150000    -14.285187 
19.199999    -18.833567 
19.250000    18.704750 
19.299999    3.631631 
19.350000    -12.815884 
19.399999    -11.512288 
19.450000    8.011891 
19.500000    -0.942375 
19.549999    -0.010592 
19.600000    1.323038 
19.649999    -0.305036 
19.700000    -10.875318 
19.749999    5.936071 
19.800000    0.900237 
19.849999    7.265345 
19.900000    -5.975733 
19.949999    -3.630639 


Reverse Correlation Function   