Time    Magnitude 

0.000000    0.041122 
0.050000    -0.608997 
0.100000    -4.709395 
0.150000    -2.701810 
0.200000    1.129510 
0.250000    0.602742 
0.300000    -0.427516 
0.350000    1.637215 
0.400000    -0.684333 
0.450000    -0.754194 
0.500000    -2.482587 
0.550000    -0.232513 
0.600000    0.330783 
0.650000    -1.434333 
0.700000    2.834517 
0.750000    0.937608 
0.800000    -1.510446 
0.850000    -0.422098 
0.900000    1.021267 
0.950000    -0.046182 
1.000000    -2.277355 
1.050000    -2.410582 
1.100000    -0.068312 
1.150000    -0.483961 
1.200000    -1.855808 
1.250000    1.187566 
1.300000    0.483539 
1.350000    4.348265 
1.400000    3.465200 
1.450000    1.047685 
1.500000    1.060796 
1.550000    1.454997 
1.600000    0.904713 
1.650000    -1.835371 
1.700000    -0.295360 
1.750000    -0.819840 
1.800000    -0.836973 
1.850000    0.148437 
1.900000    0.242763 
1.950000    0.804799 
2.000000    -0.788493 
2.050000    -0.108771 
2.100000    -0.213530 
2.150000    -0.646127 
2.200000    -1.157080 
2.250000    -0.689082 
2.300000    -0.757108 
2.350000    -2.091069 
2.400000    0.521388 
2.450000    -0.765849 
2.500000    0.123577 
2.550000    1.334632 
2.600000    -1.151790 
2.650000    0.473290 
2.700000    2.729268 
2.750000    2.488082 
2.800000    1.609152 
2.850000    1.184716 
2.900000    -1.609197 
2.950000    1.515299 
3.000000    0.150610 
3.050000    -1.688598 
3.100000    1.796781 
3.150000    -0.024264 
3.200000    1.749113 
3.250000    1.351077 
3.300000    0.254953 
3.350000    1.471112 
3.400000    -0.836019 
3.450000    1.239926 
3.500000    -2.318512 
3.550000    1.185376 
3.600000    -0.098692 
3.650000    -0.866995 
3.700000    3.528349 
3.750000    0.394046 
3.800000    1.142843 
3.850000    4.312210 
3.900000    1.811911 
3.950000    2.152027 
4.000000    -1.231252 
4.050000    2.759371 
4.100000    1.666838 
4.150000    0.090524 
4.200000    -2.023001 
4.250000    1.683692 
4.300000    -0.498697 
4.350000    0.698350 
4.400000    1.413671 
4.450000    -1.557546 
4.500000    -0.133419 
4.550000    2.400256 
4.600000    -0.814435 
4.650000    -1.476681 
4.700000    1.497569 
4.750000    -0.464805 
4.800000    -0.610055 
4.850000    -0.901939 
4.900000    0.098983 
4.950000    0.320374 
5.000000    2.066135 
5.050000    3.011944 
5.100000    -1.539827 
5.150000    1.502031 
5.200000    0.728266 
5.250000    1.851450 
5.300000    4.286408 
5.350000    2.814760 
5.400000    1.648858 
5.450000    4.290093 
5.500000    0.984307 
5.550000    2.614663 
5.600000    1.370806 
5.650000    0.879792 
5.700000    0.824900 
5.750000    0.951534 
5.800000    -1.664324 
5.850000    0.650696 
5.900000    0.291240 
5.950000    -0.397328 
6.000000    2.365660 
6.050000    -0.666018 
6.100000    -3.426122 
6.150000    -1.830607 
6.200000    -0.689449 
6.250000    -2.148364 
6.300000    -1.281031 
6.350000    0.043181 
6.400000    1.541283 
6.450000    -0.566317 
6.500000    -2.063031 
6.550000    2.049230 
6.600000    -0.157776 
6.650000    -0.183774 
6.700000    -3.328669 
6.750000    -3.040773 
6.800000    0.046350 
6.850000    0.174548 
6.900000    1.019959 
6.950000    1.733854 
7.000000    -2.014389 
7.050000    0.569749 
7.100000    -3.182525 
7.150000    -0.879170 
7.200000    -0.411946 
7.250000    3.353963 
7.300000    0.639627 
7.350000    1.887164 
7.400000    0.490562 
7.450000    -1.095376 
7.500000    -0.170911 
7.550000    -0.450403 
7.600000    -0.673312 
7.650000    0.528171 
7.700000    1.665156 
7.750000    2.061339 
7.800000    0.508673 
7.850000    2.898772 
7.900000    -0.263553 
7.950000    -0.261820 
7.999999    -0.320712 
8.049999    2.207665 
8.100000    1.085064 
8.150000    1.999475 
8.200000    -1.146723 
8.250000    -0.564422 
8.300000    1.091252 
8.350000    1.048558 
8.400000    0.836372 
8.450000    0.867538 
8.500000    1.034157 
8.549999    -1.564722 
8.599999    1.288341 
8.650000    -0.527227 
8.700000    -0.112285 
8.750000    0.358875 
8.800000    -0.651939 
8.850000    -1.054089 
8.900000    -1.707453 
8.950000    -0.379686 
9.000000    1.335877 
9.050000    0.501579 
9.099999    -2.049345 
9.149999    0.686475 
9.200000    -1.096465 
9.250000    -1.495717 
9.300000    0.554602 
9.350000    0.270945 
9.400000    1.379206 
9.450000    -2.472899 
9.500000    -1.947321 
9.550000    0.805695 
9.600000    -0.824387 
9.649999    0.345883 
9.699999    -0.890047 
9.750000    -0.801045 
9.800000    0.134587 
9.850000    1.021754 
9.900000    0.196913 
9.950000    0.187792 
10.000000    1.742766 
10.050000    0.482837 
10.100000    3.176235 
10.150000    1.050918 
10.199999    -0.244599 
10.249999    2.333881 
10.300000    3.637922 
10.350000    -0.785863 
10.400000    0.290811 
10.450000    2.979680 
10.500000    0.584137 
10.550000    1.995010 
10.600000    1.390103 
10.650000    0.185448 
10.700000    -0.320117 
10.749999    3.359845 
10.799999    -0.939656 
10.849999    -0.362281 
10.900000    1.605033 
10.950000    3.586723 
11.000000    0.878233 
11.050000    0.621049 
11.100000    -2.363684 
11.150000    0.497757 
11.200000    0.953354 
11.250000    -0.146986 
11.299999    -0.364654 
11.349999    0.789446 
11.399999    1.343790 
11.450000    0.202111 
11.500000    -0.206808 
11.550000    -1.575969 
11.600000    0.889308 
11.650000    -0.539970 
11.700000    -0.268610 
11.750000    -0.597312 
11.800000    0.542753 
11.849999    -0.240055 
11.899999    -0.150596 
11.949999    0.986368 
12.000000    -0.639977 
12.050000    0.490106 
12.100000    -1.026848 
12.150000    -0.438827 
12.200000    -1.008284 
12.250000    -1.677645 
12.300000    -0.000284 
12.350000    -2.006430 
12.399999    1.534198 
12.449999    -0.254292 
12.499999    0.804217 
12.550000    0.781417 
12.600000    -0.652367 
12.650000    1.512836 
12.700000    -1.600630 
12.750000    0.744940 
12.800000    -2.038142 
12.850000    0.572335 
12.900000    0.471138 
12.949999    -0.859433 
12.999999    -2.214535 
13.049999    0.982321 
13.100000    0.141622 
13.150000    -1.092807 
13.200000    -1.557662 
13.250000    -0.569565 
13.300000    -1.891648 
13.350000    0.369211 
13.400000    -0.590135 
13.450000    -1.833143 
13.499999    0.183434 
13.549999    0.331023 
13.599999    0.745922 
13.650000    -1.208663 
13.700000    -0.291882 
13.750000    -0.146994 
13.800000    -0.650592 
13.850000    -0.669737 
13.900000    1.395217 
13.950000    0.634599 
14.000000    -0.339989 
14.049999    1.495776 
14.099999    2.033642 
14.149999    -2.509375 
14.200000    0.996885 
14.250000    -1.237283 
14.300000    0.951787 
14.350000    -1.428931 
14.400000    -1.287039 
14.450000    -2.965494 
14.500000    -1.876394 
14.549999    0.526683 
14.599999    0.108159 
14.649999    -0.678613 
14.699999    0.880270 
14.750000    0.381604 
14.800000    0.929906 
14.850000    0.479594 
14.900000    -0.344041 
14.950000    2.086916 
15.000000    3.678617 
15.050000    1.752537 
15.099999    1.761823 
15.149999    0.566157 
15.199999    2.476167 
15.249999    -1.397343 
15.299999    0.351596 
15.350000    2.069020 
15.400000    -0.204380 
15.450000    0.305221 
15.500000    1.719607 
15.550000    1.416308 
15.600000    1.535113 
15.650000    0.816256 
15.699999    2.430827 
15.750000    1.231188 
15.799999    2.822467 
15.850000    -1.099079 
15.899999    2.194919 
15.950000    3.411580 
15.999999    1.508300 
16.050000    1.073905 
16.099999    -0.248073 
16.150000    2.191198 
16.200000    2.649816 
16.249999    0.144538 
16.300000    -1.477999 
16.349999    0.974076 
16.400000    -1.613694 
16.449999    -0.542800 
16.500000    -4.073643 
16.549999    -3.474861 
16.600000    0.445084 
16.649999    0.985243 
16.700000    -0.632888 
16.750000    -2.549198 
16.799999    0.056634 
16.850000    -0.332909 
16.899999    1.501280 
16.950000    -0.867754 
16.999999    -2.516459 
17.050000    -1.872038 
17.099999    -0.708083 
17.150000    -3.044217 
17.199999    0.100042 
17.250000    0.668878 
17.300000    0.961183 
17.349999    0.723361 
17.400000    1.255318 
17.449999    -1.734927 
17.500000    0.244181 
17.549999    3.561420 
17.600000    -0.023913 
17.649999    1.102593 
17.700000    2.325408 
17.749999    1.501994 
17.800000    3.399884 
17.850000    0.022067 
17.899999    -1.173012 
17.950000    -0.320458 
17.999999    0.493446 
18.050000    -0.028233 
18.099999    -0.942471 
18.150000    -1.344738 
18.199999    -2.009659 
18.250000    -2.443749 
18.299999    3.369805 
18.350000    0.041398 
18.400000    -0.210878 
18.449999    -0.215029 
18.500000    -0.731185 
18.549999    -1.966088 
18.600000    -1.740308 
18.649999    -1.342035 
18.700000    -2.048301 
18.749999    0.161782 
18.800000    -1.110562 
18.849999    1.328163 
18.900000    -0.149113 
18.950000    1.523319 
18.999999    3.336624 
19.050000    -0.507915 
19.099999    1.113926 
19.150000    1.482270 
19.199999    -0.382229 
19.250000    -0.150142 
19.299999    -0.568586 
19.350000    -0.321824 
19.399999    1.100442 
19.450000    3.185657 
19.500000    2.896259 
19.549999    -0.605347 
19.600000    0.348023 
19.649999    0.964770 
19.700000    0.877803 
19.749999    -2.840506 
19.800000    0.156078 
19.849999    1.528579 
19.900000    0.721153 
19.949999    -1.614896 


Reverse Correlation Function   