Time    Magnitude 

0.000000    -13.400260 
0.050000    6.167387 
0.100000    17.868275 
0.150000    23.790482 
0.200000    17.526915 
0.250000    21.205870 
0.300000    3.057256 
0.350000    -19.827209 
0.400000    9.201229 
0.450000    0.377085 
0.500000    12.307975 
0.550000    12.625335 
0.600000    -1.606299 
0.650000    -10.808479 
0.700000    7.395505 
0.750000    8.106499 
0.800000    -1.824737 
0.850000    12.629703 
0.900000    17.125931 
0.950000    -5.697803 
1.000000    -2.252355 
1.050000    4.113356 
1.100000    4.365449 
1.150000    12.883142 
1.200000    13.010537 
1.250000    -2.805395 
1.300000    8.877695 
1.350000    10.691092 
1.400000    15.680102 
1.450000    14.827628 
1.500000    -1.045803 
1.550000    8.299330 
1.600000    4.101757 
1.650000    -7.558885 
1.700000    -7.308549 
1.750000    7.080537 
1.800000    7.763421 
1.850000    -3.669183 
1.900000    3.649006 
1.950000    0.693076 
2.000000    23.864775 
2.050000    21.243280 
2.100000    14.140729 
2.150000    9.354350 
2.200000    11.517369 
2.250000    30.601011 
2.300000    16.948488 
2.350000    -8.946824 
2.400000    -29.426378 
2.450000    -46.152447 
2.500000    -68.884819 
2.550000    -47.314957 
2.600000    -22.727886 
2.650000    39.580318 
2.700000    56.291660 
2.750000    87.890106 
2.800000    78.870399 
2.850000    90.506416 
2.900000    45.849689 
2.950000    -31.850405 
3.000000    -65.687172 
3.050000    -106.367683 
3.100000    -137.067535 
3.150000    -115.207466 
3.200000    -31.682575 
3.250000    16.711159 
3.300000    67.847588 
3.350000    114.254608 
3.400000    111.350861 
3.450000    78.907120 
3.500000    52.129253 
3.550000    -8.816339 
3.600000    -59.319317 
3.650000    -129.737213 
3.700000    -114.039375 
3.750000    -97.997208 
3.800000    -51.128231 
3.850000    3.503061 
3.900000    50.668766 
3.950000    91.371124 
4.000000    105.012123 
4.050000    98.851624 
4.100000    58.507965 
4.150000    18.592382 
4.200000    -49.262932 
4.250000    -71.210861 
4.300000    -82.448051 
4.350000    -53.579285 
4.400000    -27.373846 
4.450000    25.712660 
4.500000    71.926842 
4.550000    53.919800 
4.600000    58.135361 
4.650000    39.325169 
4.700000    15.698229 
4.750000    -7.986982 
4.800000    -49.002247 
4.850000    -44.728966 
4.900000    -60.237858 
4.950000    -25.201067 
5.000000    -7.912209 
5.050000    15.149073 
5.100000    5.561535 
5.150000    33.203346 
5.200000    31.306200 
5.250000    15.078309 
5.300000    21.724157 
5.350000    5.596943 
5.400000    -28.549343 
5.450000    -33.714661 
5.500000    -11.906498 
5.550000    -0.446793 
5.600000    9.982157 
5.650000    1.423938 
5.700000    5.007163 
5.750000    -9.220237 
5.800000    6.252736 
5.850000    12.192093 
5.900000    8.526220 
5.950000    6.700330 
6.000000    16.860464 
6.050000    -1.798612 
6.100000    0.751293 
6.150000    -7.627684 
6.200000    -0.298814 
6.250000    -8.427352 
6.300000    -5.791580 
6.350000    -12.381229 
6.400000    -11.104013 
6.450000    -1.240510 
6.500000    8.636054 
6.550000    17.195515 
6.600000    16.787666 
6.650000    -7.201108 
6.700000    12.761842 
6.750000    8.703365 
6.800000    -2.134167 
6.850000    -15.477906 
6.900000    -11.953761 
6.950000    -32.501247 
7.000000    -20.612015 
7.050000    1.146843 
7.100000    -26.118464 
7.150000    27.760550 
7.200000    5.582018 
7.250000    10.223060 
7.300000    5.515553 
7.350000    0.158215 
7.400000    -22.202196 
7.450000    -13.489125 
7.500000    -0.632777 
7.550000    -11.897255 
7.600000    -2.498721 
7.650000    -2.157060 
7.700000    -13.661918 
7.750000    23.756653 
7.800000    11.653032 
7.850000    10.575584 
7.900000    2.392946 
7.950000    -10.940310 
7.999999    -9.970262 
8.049999    -16.184999 
8.100000    -4.910503 
8.150000    7.758789 
8.200000    -9.290928 
8.250000    -13.789810 
8.300000    -12.029841 
8.350000    33.889324 
8.400000    -5.532426 
8.450000    10.502248 
8.500000    -3.678860 
8.549999    -18.911247 
8.599999    7.122287 
8.650000    7.666075 
8.700000    22.017147 
8.750000    -7.959987 
8.800000    11.901876 
8.850000    1.971302 
8.900000    -13.547932 
8.950000    -14.386530 
9.000000    -3.712361 
9.050000    1.536563 
9.099999    7.550079 
9.149999    -8.925716 
9.200000    0.857390 
9.250000    13.163223 
9.300000    8.349984 
9.350000    7.322307 
9.400000    1.820971 
9.450000    -14.566489 
9.500000    -4.403378 
9.550000    -18.946486 
9.600000    -22.541014 
9.649999    -17.977665 
9.699999    -13.478337 
9.750000    8.754889 
9.800000    11.642896 
9.850000    11.587768 
9.900000    -12.901116 
9.950000    -0.732563 
10.000000    3.356753 
10.050000    3.451146 
10.100000    7.526203 
10.150000    -12.120587 
10.199999    -17.974466 
10.249999    0.577600 
10.300000    3.174886 
10.350000    -6.425837 
10.400000    -6.657881 
10.450000    12.645496 
10.500000    4.528850 
10.550000    -6.241612 
10.600000    -5.816261 
10.650000    -7.892220 
10.700000    -2.227354 
10.749999    -6.301588 
10.799999    -1.598106 
10.849999    -6.094112 
10.900000    5.683228 
10.950000    20.024906 
11.000000    -11.108907 
11.050000    7.320087 
11.100000    -0.634877 
11.150000    -0.692496 
11.200000    1.316545 
11.250000    27.693670 
11.299999    -13.812549 
11.349999    -1.089015 
11.399999    -19.910208 
11.450000    5.769147 
11.500000    9.575226 
11.550000    6.902432 
11.600000    -0.189200 
11.650000    7.551862 
11.700000    3.304519 
11.750000    14.507467 
11.800000    -13.307446 
11.849999    4.946234 
11.899999    -2.264088 
11.949999    23.721180 
12.000000    21.133615 
12.050000    7.184206 
12.100000    -13.300295 
12.150000    12.856801 
12.200000    3.130338 
12.250000    -0.278185 
12.300000    -7.145522 
12.350000    2.797125 
12.399999    -1.682567 
12.449999    11.144904 
12.499999    -4.865765 
12.550000    -9.640816 
12.600000    17.335468 
12.650000    -5.642818 
12.700000    7.051910 
12.750000    4.981351 
12.800000    12.722336 
12.850000    25.727543 
12.900000    -7.378349 
12.949999    -1.233188 
12.999999    -13.744270 
13.049999    -2.890913 
13.100000    8.295656 
13.150000    -3.065193 
13.200000    6.405278 
13.250000    13.545509 
13.300000    -8.913707 
13.350000    -7.380392 
13.400000    3.320205 
13.450000    -10.573524 
13.499999    -0.465034 
13.549999    -1.142450 
13.599999    5.610924 
13.650000    3.462448 
13.700000    -5.553848 
13.750000    -11.592854 
13.800000    -2.020591 
13.850000    -11.041833 
13.900000    -12.690479 
13.950000    -9.200773 
14.000000    15.173868 
14.049999    6.308466 
14.099999    17.972149 
14.149999    -7.820141 
14.200000    4.969780 
14.250000    5.268929 
14.300000    7.068804 
14.350000    -5.891602 
14.400000    -18.662622 
14.450000    -7.271856 
14.500000    -11.335002 
14.549999    -13.848486 
14.599999    -3.758884 
14.649999    12.463560 
14.699999    -1.456185 
14.750000    7.987111 
14.800000    4.502602 
14.850000    10.308819 
14.900000    9.292421 
14.950000    -3.016825 
15.000000    -11.564965 
15.050000    -0.311391 
15.099999    -11.242730 
15.149999    -4.055994 
15.199999    10.696487 
15.249999    -8.128399 
15.299999    13.311596 
15.350000    -4.399969 
15.400000    8.296824 
15.450000    8.383464 
15.500000    6.119247 
15.550000    -16.933077 
15.600000    -14.873173 
15.650000    -30.787855 
15.699999    -9.443032 
15.750000    12.094516 
15.799999    10.191135 
15.850000    3.991396 
15.899999    7.737719 
15.950000    13.982167 
15.999999    19.375647 
16.050000    2.432996 
16.099999    -1.965710 
16.150000    -7.744510 
16.200000    -12.830313 
16.249999    -10.711740 
16.300000    -3.860836 
16.349999    8.082664 
16.400000    25.841631 
16.449999    1.109910 
16.500000    12.958024 
16.549999    15.676178 
16.600000    0.039552 
16.649999    0.499806 
16.700000    -1.315480 
16.750000    -13.050107 
16.799999    -33.710148 
16.850000    -10.532002 
16.899999    4.774787 
16.950000    5.068675 
16.999999    18.977779 
17.050000    15.971576 
17.099999    12.887556 
17.150000    16.051102 
17.199999    16.114033 
17.250000    -0.286527 
17.300000    -2.648474 
17.349999    3.363077 
17.400000    -16.925798 
17.449999    1.330161 
17.500000    16.751825 
17.549999    2.603299 
17.600000    -2.452938 
17.649999    4.924007 
17.700000    -2.620249 
17.749999    -11.058841 
17.800000    6.870366 
17.850000    28.421597 
17.899999    6.106563 
17.950000    -17.662594 
17.999999    23.873043 
18.050000    -7.411112 
18.099999    10.216730 
18.150000    9.591938 
18.199999    -17.366407 
18.250000    7.945638 
18.299999    -8.231215 
18.350000    -2.804931 
18.400000    19.790386 
18.449999    13.486594 
18.500000    7.043741 
18.549999    2.708395 
18.600000    13.794921 
18.649999    13.221244 
18.700000    -6.646834 
18.749999    13.917144 
18.800000    0.036838 
18.849999    -4.593404 
18.900000    4.067390 
18.950000    7.404784 
18.999999    -4.838122 
19.050000    9.103848 
19.099999    4.874474 
19.150000    2.247861 
19.199999    2.711094 
19.250000    8.334002 
19.299999    -6.857923 
19.350000    23.106968 
19.399999    -3.534517 
19.450000    -12.882075 
19.500000    13.471670 
19.549999    7.702160 
19.600000    27.144852 
19.649999    8.639041 
19.700000    -0.789609 
19.749999    -1.536623 
19.800000    11.808255 
19.849999    5.256586 
19.900000    -2.440703 
19.949999    -4.164490 


Reverse Correlation Function   