Time    Magnitude 

0.000000    0.013553 
0.050000    0.024294 
0.100000    -0.010693 
0.150000    0.018848 
0.200000    0.013917 
0.250000    0.054254 
0.300000    0.034981 
0.350000    -0.016945 
0.400000    0.054325 
0.450000    -0.058034 
0.500000    0.012273 
0.550000    0.028733 
0.600000    0.038783 
0.650000    0.008323 
0.700000    -0.033998 
0.750000    0.000767 
0.800000    -0.038554 
0.850000    0.038812 
0.900000    0.005734 
0.950000    0.029486 
1.000000    -0.029569 
1.050000    0.006938 
1.100000    -0.012560 
1.150000    -0.030589 
1.200000    -0.011482 
1.250000    0.035079 
1.300000    -0.028788 
1.350000    0.013065 
1.400000    0.035584 
1.450000    0.044624 
1.500000    -0.013636 
1.550000    0.018395 
1.600000    -0.006700 
1.650000    -0.015515 
1.700000    0.006182 
1.750000    0.056031 
1.800000    -0.002545 
1.850000    -0.092747 
1.900000    -0.001399 
1.950000    -0.046928 
2.000000    -0.027999 
2.050000    0.020854 
2.100000    -0.014384 
2.150000    -0.000511 
2.200000    0.040208 
2.250000    -0.028844 
2.300000    -0.001028 
2.350000    -0.062960 
2.400000    -0.018450 
2.450000    -0.020702 
2.500000    -0.047652 
2.550000    0.026006 
2.600000    -0.019268 
2.650000    0.017014 
2.700000    0.027747 
2.750000    -0.043487 
2.800000    -0.014239 
2.850000    -0.025089 
2.900000    -0.027741 
2.950000    0.018621 
3.000000    0.059461 
3.050000    0.059121 
3.100000    0.010663 
3.150000    0.005325 
3.200000    0.001931 
3.250000    -0.003508 
3.300000    0.006265 
3.350000    0.005331 
3.400000    -0.030035 
3.450000    -0.015602 
3.500000    -0.005126 
3.550000    0.029383 
3.600000    0.014657 
3.650000    -0.001299 
3.700000    0.013539 
3.750000    0.014824 
3.800000    0.006206 
3.850000    -0.021609 
3.900000    0.021428 
3.950000    0.032109 
4.000000    -0.020169 
4.050000    0.076988 
4.100000    -0.051362 
4.150000    -0.061976 
4.200000    -0.040447 
4.250000    -0.002747 
4.300000    -0.025180 
4.350000    0.020984 
4.400000    -0.026953 
4.450000    -0.007329 
4.500000    -0.011831 
4.550000    0.000814 
4.600000    0.023370 
4.650000    0.031988 
4.700000    0.010927 
4.750000    0.026764 
4.800000    -0.006467 
4.850000    -0.004326 
4.900000    0.025582 
4.950000    0.030218 
5.000000    -0.002124 
5.050000    -0.004363 
5.100000    -0.029250 
5.150000    0.044476 
5.200000    0.059912 
5.250000    0.003522 
5.300000    -0.012137 
5.350000    0.001741 
5.400000    0.064327 
5.450000    0.052181 
5.500000    -0.001297 
5.550000    -0.005631 
5.600000    -0.016024 
5.650000    -0.044258 
5.700000    0.038845 
5.750000    0.002559 
5.800000    -0.044592 
5.850000    0.007900 
5.900000    0.006738 
5.950000    -0.024710 
6.000000    -0.006742 
6.050000    0.027439 
6.100000    0.044059 
6.150000    0.014433 
6.200000    0.036046 
6.250000    0.007593 
6.300000    0.007059 
6.350000    0.007136 
6.400000    0.010227 
6.450000    -0.027274 
6.500000    -0.018690 
6.550000    0.034618 
6.600000    -0.029201 
6.650000    0.002340 
6.700000    -0.022434 
6.750000    -0.025302 
6.800000    0.027704 
6.850000    0.016939 
6.900000    0.004860 
6.950000    0.002646 
7.000000    -0.020034 
7.050000    -0.015366 
7.100000    0.030597 
7.150000    -0.008537 
7.200000    -0.000236 
7.250000    -0.041617 
7.300000    -0.016215 
7.350000    0.006897 
7.400000    -0.030111 
7.450000    0.013763 
7.500000    0.013872 
7.550000    0.036442 
7.600000    0.024243 
7.650000    -0.008899 
7.700000    0.053465 
7.750000    -0.001629 
7.800000    -0.010313 
7.850000    0.008155 
7.900000    0.027853 
7.950000    -0.005935 
7.999999    0.011442 
8.049999    0.052342 
8.100000    -0.063546 
8.150000    0.019963 
8.200000    0.019508 
8.250000    -0.021377 
8.300000    -0.019133 
8.350000    0.016666 
8.400000    -0.005750 
8.450000    0.029657 
8.500000    0.022956 
8.549999    0.015921 
8.599999    -0.022682 
8.650000    -0.000598 
8.700000    0.014219 
8.750000    0.036023 
8.800000    0.019879 
8.850000    0.006399 
8.900000    0.035993 
8.950000    -0.023778 
9.000000    0.027123 
9.050000    -0.033910 
9.099999    0.057234 
9.149999    -0.039982 
9.200000    0.024826 
9.250000    -0.030567 
9.300000    0.004913 
9.350000    -0.027507 
9.400000    0.025167 
9.450000    0.001576 
9.500000    -0.006408 
9.550000    -0.014395 
9.600000    -0.000562 
9.649999    0.033392 
9.699999    -0.029180 
9.750000    0.028329 
9.800000    -0.056868 
9.850000    0.010591 
9.900000    -0.022062 
9.950000    0.016596 
10.000000    -0.017166 
10.050000    0.021113 
10.100000    0.060859 
10.150000    0.028427 
10.199999    0.000311 
10.249999    0.052939 
10.300000    0.011826 
10.350000    0.033778 
10.400000    0.010086 
10.450000    -0.008269 
10.500000    0.016994 
10.550000    -0.092709 
10.600000    0.016447 
10.650000    0.028988 
10.700000    -0.020994 
10.749999    -0.024457 
10.799999    0.016375 
10.849999    -0.011520 
10.900000    -0.001981 
10.950000    -0.041007 
11.000000    -0.060367 
11.050000    0.030615 
11.100000    0.020327 
11.150000    0.007678 
11.200000    -0.038294 
11.250000    0.011686 
11.299999    0.031142 
11.349999    0.018191 
11.399999    0.025055 
11.450000    -0.003248 
11.500000    -0.026804 
11.550000    0.025686 
11.600000    0.003100 
11.650000    -0.018768 
11.700000    0.010501 
11.750000    0.010825 
11.800000    -0.004908 
11.849999    -0.037461 
11.899999    -0.011957 
11.949999    -0.001481 
12.000000    0.062713 
12.050000    0.021174 
12.100000    -0.019761 
12.150000    -0.030988 
12.200000    0.007718 
12.250000    0.006234 
12.300000    0.015688 
12.350000    -0.001461 
12.399999    0.002074 
12.449999    -0.002891 
12.499999    -0.005683 
12.550000    -0.067863 
12.600000    0.059965 
12.650000    -0.045702 
12.700000    0.021059 
12.750000    0.042459 
12.800000    0.021029 
12.850000    0.005818 
12.900000    0.012022 
12.949999    0.010762 
12.999999    -0.023223 
13.049999    -0.014170 
13.100000    -0.015641 
13.150000    0.048094 
13.200000    0.050835 
13.250000    0.007692 
13.300000    0.024876 
13.350000    0.013300 
13.400000    -0.033552 
13.450000    -0.070523 
13.499999    0.006619 
13.549999    -0.032265 
13.599999    -0.004126 
13.650000    0.060392 
13.700000    0.010540 
13.750000    0.010274 
13.800000    -0.027303 
13.850000    0.000646 
13.900000    0.017923 
13.950000    0.014877 
14.000000    0.035912 
14.049999    -0.012536 
14.099999    -0.009622 
14.149999    0.020766 
14.200000    -0.003028 
14.250000    -0.013214 
14.300000    0.012619 
14.350000    0.028450 
14.400000    -0.050358 
14.450000    0.035530 
14.500000    -0.020608 
14.549999    0.036641 
14.599999    -0.006634 
14.649999    0.012137 
14.699999    0.012120 
14.750000    -0.053931 
14.800000    -0.000217 
14.850000    -0.003004 
14.900000    0.033056 
14.950000    0.008469 
15.000000    -0.007655 
15.050000    0.023898 
15.099999    0.006901 
15.149999    -0.026668 
15.199999    0.000060 
15.249999    -0.014666 
15.299999    -0.012538 
15.350000    0.000533 
15.400000    0.005116 
15.450000    -0.000219 
15.500000    -0.005197 
15.550000    -0.027051 
15.600000    -0.006746 
15.650000    0.033954 
15.699999    -0.011110 
15.750000    -0.014289 
15.799999    -0.007578 
15.850000    0.034535 
15.899999    0.019525 
15.950000    0.021019 
15.999999    0.012912 
16.050000    0.004552 
16.099999    0.010941 
16.150000    0.014815 
16.200000    -0.017887 
16.249999    -0.011467 
16.300000    0.040141 
16.349999    0.081784 
16.400000    0.029192 
16.449999    -0.029654 
16.500000    -0.020119 
16.549999    0.021697 
16.600000    -0.031214 
16.649999    0.041142 
16.700000    0.000009 
16.750000    -0.000614 
16.799999    0.009337 
16.850000    0.006860 
16.899999    0.032440 
16.950000    0.006278 
16.999999    0.037051 
17.050000    -0.030770 
17.099999    0.023696 
17.150000    0.033154 
17.199999    0.008508 
17.250000    0.027359 
17.300000    -0.051972 
17.349999    -0.013147 
17.400000    0.000978 
17.449999    0.053909 
17.500000    0.024057 
17.549999    0.006978 
17.600000    -0.007417 
17.649999    0.032621 
17.700000    0.029223 
17.749999    0.012577 
17.800000    0.022403 
17.850000    0.037370 
17.899999    -0.023075 
17.950000    0.020384 
17.999999    0.063107 
18.050000    -0.012039 
18.099999    0.001586 
18.150000    0.015723 
18.199999    0.027703 
18.250000    -0.040198 
18.299999    -0.046423 
18.350000    0.007859 
18.400000    -0.028858 
18.449999    -0.011949 
18.500000    0.017740 
18.549999    0.013868 
18.600000    0.002289 
18.649999    -0.006462 
18.700000    0.090331 
18.749999    -0.015910 
18.800000    0.009505 
18.849999    -0.037388 
18.900000    0.004670 
18.950000    0.037280 
18.999999    0.076097 
19.050000    0.000583 
19.099999    -0.009044 
19.150000    0.017503 
19.199999    0.057511 
19.250000    0.026092 
19.299999    -0.060341 
19.350000    -0.026467 
19.399999    0.015409 
19.450000    0.028515 
19.500000    -0.019481 
19.549999    0.067164 
19.600000    -0.000202 
19.649999    -0.024382 
19.700000    -0.001028 
19.749999    -0.033879 
19.800000    0.037150 
19.849999    -0.010598 
19.900000    0.006014 
19.949999    0.030711 


Reverse Correlation Function   