Time    Magnitude 

0.000000    3.225766 
0.050000    -21.498600 
0.100000    -12.245427 
0.150000    1.719446 
0.200000    15.130144 
0.250000    2.119135 
0.300000    -10.064664 
0.350000    10.550940 
0.400000    21.604334 
0.450000    11.044998 
0.500000    -7.507947 
0.550000    -3.862589 
0.600000    8.687690 
0.650000    3.734194 
0.700000    8.054741 
0.750000    28.598106 
0.800000    24.987818 
0.850000    9.285018 
0.900000    0.984133 
0.950000    -12.147382 
1.000000    30.686289 
1.050000    3.423288 
1.100000    1.989380 
1.150000    -2.411694 
1.200000    23.911186 
1.250000    5.455978 
1.300000    14.559349 
1.350000    -8.709574 
1.400000    21.212740 
1.450000    3.202709 
1.500000    -0.843411 
1.550000    5.903908 
1.600000    0.577717 
1.650000    4.399307 
1.700000    4.995115 
1.750000    1.913521 
1.800000    27.884268 
1.850000    -14.020363 
1.900000    -1.500141 
1.950000    8.725425 
2.000000    16.740753 
2.050000    9.919143 
2.100000    -12.435741 
2.150000    -5.815125 
2.200000    6.876523 
2.250000    -23.004148 
2.300000    -26.884235 
2.350000    -10.022991 
2.400000    -3.551041 
2.450000    -15.765551 
2.500000    -14.593420 
2.550000    4.086902 
2.600000    14.088483 
2.650000    9.024131 
2.700000    21.086346 
2.750000    -10.915218 
2.800000    0.532430 
2.850000    20.014097 
2.900000    15.048077 
2.950000    32.977238 
3.000000    17.582796 
3.050000    25.396637 
3.100000    18.934645 
3.150000    -17.615818 
3.200000    8.736813 
3.250000    35.455814 
3.300000    -3.774517 
3.350000    31.379194 
3.400000    19.404062 
3.450000    10.531997 
3.500000    -2.908990 
3.550000    31.109390 
3.600000    13.547318 
3.650000    5.132283 
3.700000    -2.700222 
3.750000    -10.261497 
3.800000    -19.434908 
3.850000    -48.220249 
3.900000    -54.688820 
3.950000    -61.887630 
4.000000    -79.717087 
4.050000    -95.854469 
4.100000    -79.968185 
4.150000    -60.501823 
4.200000    -58.479206 
4.250000    -75.634514 
4.300000    -70.211334 
4.350000    -47.259308 
4.400000    -49.997360 
4.450000    -31.951254 
4.500000    -42.028011 
4.550000    -9.916996 
4.600000    -18.962418 
4.650000    -8.225779 
4.700000    6.945846 
4.750000    -2.110652 
4.800000    22.373386 
4.850000    37.999084 
4.900000    38.086315 
4.950000    51.420341 
5.000000    60.329430 
5.050000    50.086128 
5.100000    48.086884 
5.150000    75.538033 
5.200000    70.572014 
5.250000    93.245392 
5.300000    103.231873 
5.350000    89.622047 
5.400000    100.888168 
5.450000    90.080940 
5.500000    85.371513 
5.550000    98.979080 
5.600000    93.764587 
5.650000    74.795929 
5.700000    78.631691 
5.750000    87.049103 
5.800000    84.772171 
5.850000    62.220547 
5.900000    15.750820 
5.950000    34.645527 
6.000000    33.402924 
6.050000    27.227692 
6.100000    1.250820 
6.150000    5.024742 
6.200000    -30.516651 
6.250000    -28.075512 
6.300000    -49.069633 
6.350000    -40.938393 
6.400000    -78.072708 
6.450000    -89.851830 
6.500000    -80.065819 
6.550000    -93.121788 
6.600000    -92.902573 
6.650000    -108.643990 
6.700000    -88.469986 
6.750000    -97.526443 
6.800000    -83.321686 
6.850000    -78.640244 
6.900000    -98.949699 
6.950000    -81.754250 
7.000000    -95.904228 
7.050000    -106.450302 
7.100000    -79.235168 
7.150000    -79.125755 
7.200000    -74.897171 
7.250000    -80.508545 
7.300000    -48.726700 
7.350000    -19.258286 
7.400000    -25.051111 
7.450000    -28.158966 
7.500000    -13.547557 
7.550000    -26.887794 
7.600000    -9.883642 
7.650000    27.762911 
7.700000    14.135743 
7.750000    20.434183 
7.800000    16.413843 
7.850000    66.373543 
7.900000    52.491558 
7.950000    67.547363 
7.999999    73.168213 
8.049999    74.434952 
8.100000    92.381401 
8.150000    100.109314 
8.200000    99.277260 
8.250000    103.384834 
8.300000    84.053749 
8.350000    94.741051 
8.400000    97.106857 
8.450000    99.257919 
8.500000    100.791191 
8.549999    90.280724 
8.599999    90.024940 
8.650000    43.324970 
8.700000    90.993011 
8.750000    65.229584 
8.800000    46.433929 
8.850000    54.696922 
8.900000    32.157940 
8.950000    28.265575 
9.000000    12.813261 
9.050000    8.728667 
9.099999    -2.436712 
9.149999    -1.075732 
9.200000    -15.641781 
9.250000    -26.240206 
9.300000    -21.758808 
9.350000    -33.111122 
9.400000    -48.715733 
9.450000    -54.148815 
9.500000    -43.118286 
9.550000    -62.920380 
9.600000    -46.944031 
9.649999    -73.795662 
9.699999    -72.224968 
9.750000    -41.945034 
9.800000    -56.869335 
9.850000    -56.751438 
9.900000    -58.043777 
9.950000    -43.164448 
10.000000    -43.865749 
10.050000    -66.332970 
10.100000    -27.932659 
10.150000    -24.770418 
10.199999    -28.063616 
10.249999    -46.401669 
10.300000    -64.766129 
10.350000    -19.640713 
10.400000    -5.747182 
10.450000    -22.517078 
10.500000    -1.161981 
10.550000    8.898299 
10.600000    31.238651 
10.650000    10.424999 
10.700000    17.456722 
10.749999    22.696524 
10.799999    19.656260 
10.849999    12.730869 
10.900000    36.521324 
10.950000    40.444298 
11.000000    15.560571 
11.050000    41.815258 
11.100000    36.672630 
11.150000    20.511204 
11.200000    32.212502 
11.250000    40.384556 
11.299999    27.615643 
11.349999    59.215305 
11.399999    22.964962 
11.450000    25.012550 
11.500000    25.200382 
11.550000    4.786047 
11.600000    7.615875 
11.650000    14.016422 
11.700000    -5.212952 
11.750000    8.941579 
11.800000    5.183751 
11.849999    27.791767 
11.899999    16.631186 
11.949999    -7.324015 
12.000000    -6.203366 
12.050000    17.912951 
12.100000    11.796755 
12.150000    -16.307901 
12.200000    -4.864171 
12.250000    -3.625743 
12.300000    12.128769 
12.350000    -13.587460 
12.399999    -5.502281 
12.449999    6.840532 
12.499999    -13.268576 
12.550000    12.991994 
12.600000    -7.190114 
12.650000    0.753573 
12.700000    7.595586 
12.750000    -1.424592 
12.800000    -12.819135 
12.850000    -9.314396 
12.900000    -8.162090 
12.949999    -5.045303 
12.999999    -13.243225 
13.049999    -4.990976 
13.100000    -12.536423 
13.150000    -26.752584 
13.200000    10.531472 
13.250000    -3.599352 
13.300000    -26.183754 
13.350000    -6.228724 
13.400000    2.777128 
13.450000    -8.719460 
13.499999    -17.343521 
13.549999    -5.739734 
13.599999    -6.960259 
13.650000    5.771563 
13.700000    -24.273973 
13.750000    20.267542 
13.800000    -10.687198 
13.850000    5.351633 
13.900000    34.444324 
13.950000    17.547001 
14.000000    22.547544 
14.049999    28.945612 
14.099999    -9.188858 
14.149999    3.684255 
14.200000    11.611341 
14.250000    8.204715 
14.300000    5.313104 
14.350000    1.726065 
14.400000    17.941570 
14.450000    16.035473 
14.500000    14.521568 
14.549999    -7.504709 
14.599999    -1.948743 
14.649999    5.929251 
14.699999    -7.651397 
14.750000    7.387874 
14.800000    -2.279807 
14.850000    2.191926 
14.900000    26.799755 
14.950000    4.028026 
15.000000    1.482680 
15.050000    2.545053 
15.099999    11.968257 
15.149999    12.597655 
15.199999    11.747409 
15.249999    8.063965 
15.299999    -11.772127 
15.350000    -8.448992 
15.400000    6.153806 
15.450000    26.026020 
15.500000    -1.934997 
15.550000    -19.769209 
15.600000    -5.506517 
15.650000    11.696592 
15.699999    -13.761276 
15.750000    -16.281517 
15.799999    17.255663 
15.850000    5.559495 
15.899999    2.280231 
15.950000    9.223115 
15.999999    11.840529 
16.050000    25.132845 
16.099999    12.185393 
16.150000    -7.575738 
16.200000    1.852720 
16.249999    10.519614 
16.300000    -14.026436 
16.349999    -10.008858 
16.400000    -1.909587 
16.449999    -48.107014 
16.500000    -19.822903 
16.549999    -33.319626 
16.600000    -2.363158 
16.649999    1.111386 
16.700000    5.668996 
16.750000    18.994850 
16.799999    -12.805184 
16.850000    -17.352701 
16.899999    -11.303963 
16.950000    -6.818224 
16.999999    -10.199193 
17.050000    0.071180 
17.099999    2.465685 
17.150000    7.323452 
17.199999    9.341288 
17.250000    -11.257933 
17.300000    7.252444 
17.349999    -24.015900 
17.400000    -12.625902 
17.449999    -3.480427 
17.500000    10.745179 
17.549999    -5.695174 
17.600000    -3.374780 
17.649999    -12.689307 
17.700000    11.946856 
17.749999    -5.758051 
17.800000    0.369297 
17.850000    -5.008081 
17.899999    4.751670 
17.950000    22.751190 
17.999999    28.098249 
18.050000    12.343306 
18.099999    5.638730 
18.150000    15.327905 
18.199999    -1.129989 
18.250000    6.185873 
18.299999    3.064153 
18.350000    -18.834114 
18.400000    23.474524 
18.449999    20.861906 
18.500000    15.714872 
18.549999    -1.970245 
18.600000    2.736988 
18.649999    23.714081 
18.700000    24.966173 
18.749999    -0.313497 
18.800000    0.899155 
18.849999    11.740499 
18.900000    -2.254521 
18.950000    12.685368 
18.999999    -2.349689 
19.050000    3.065824 
19.099999    9.964973 
19.150000    -24.063984 
19.199999    -33.552280 
19.250000    -3.429938 
19.299999    -10.222310 
19.350000    2.990917 
19.399999    -28.785774 
19.450000    -13.620142 
19.500000    -18.076649 
19.549999    -0.315208 
19.600000    -8.712174 
19.649999    -25.590582 
19.700000    -20.579472 
19.749999    -6.322896 
19.800000    -7.830469 
19.849999    -27.426237 
19.900000    -14.362870 
19.949999    -20.153725 


Reverse Correlation Function   