Time    Magnitude 

0.000000    0.285251 
0.050000    -0.625869 
0.100000    0.095614 
0.150000    -0.173994 
0.200000    -0.103546 
0.250000    0.291189 
0.300000    0.220057 
0.350000    -0.278523 
0.400000    0.159008 
0.450000    -0.065954 
0.500000    -0.821679 
0.550000    -0.211039 
0.600000    0.430856 
0.650000    0.159091 
0.700000    -0.393423 
0.750000    0.537397 
0.800000    0.199897 
0.850000    0.058227 
0.900000    0.272926 
0.950000    0.266474 
1.000000    0.082440 
1.050000    -0.096659 
1.100000    0.423601 
1.150000    0.230376 
1.200000    0.473059 
1.250000    0.034850 
1.300000    -0.174221 
1.350000    -0.173067 
1.400000    -0.788359 
1.450000    -0.454366 
1.500000    -0.230059 
1.550000    -0.179966 
1.600000    0.054194 
1.650000    -0.264138 
1.700000    -0.095010 
1.750000    -0.893660 
1.800000    0.093649 
1.850000    0.321035 
1.900000    -0.234326 
1.950000    0.050588 
2.000000    -0.159823 
2.050000    0.495293 
2.100000    0.259735 
2.150000    -0.117491 
2.200000    -0.406578 
2.250000    0.010308 
2.300000    0.143459 
2.350000    0.414761 
2.400000    0.405159 
2.450000    0.404738 
2.500000    -0.192039 
2.550000    0.012924 
2.600000    0.184204 
2.650000    -0.019217 
2.700000    0.286443 
2.750000    0.029984 
2.800000    -0.099175 
2.850000    0.647350 
2.900000    0.076984 
2.950000    -0.125321 
3.000000    0.184172 
3.050000    0.386544 
3.100000    0.217762 
3.150000    -0.081432 
3.200000    0.559213 
3.250000    0.032471 
3.300000    0.634624 
3.350000    0.012012 
3.400000    -0.389836 
3.450000    0.035686 
3.500000    0.680081 
3.550000    0.296342 
3.600000    0.044614 
3.650000    -0.144769 
3.700000    -0.052030 
3.750000    0.413329 
3.800000    0.388450 
3.850000    -0.070518 
3.900000    -0.920873 
3.950000    -0.066921 
4.000000    -1.027791 
4.050000    -0.144339 
4.100000    -0.582849 
4.150000    -0.421951 
4.200000    -0.644099 
4.250000    -0.080527 
4.300000    -0.517298 
4.350000    -0.712370 
4.400000    -0.390667 
4.450000    0.060028 
4.500000    -0.996524 
4.550000    0.169981 
4.600000    0.152745 
4.650000    -0.016953 
4.700000    -0.244837 
4.750000    -0.093439 
4.800000    0.228029 
4.850000    0.498309 
4.900000    -0.416859 
4.950000    0.372172 
5.000000    0.189644 
5.050000    0.002378 
5.100000    0.902365 
5.150000    1.058912 
5.200000    0.510521 
5.250000    0.635669 
5.300000    0.730150 
5.350000    0.368545 
5.400000    0.404223 
5.450000    0.826659 
5.500000    1.359847 
5.550000    0.538307 
5.600000    0.611680 
5.650000    1.368971 
5.700000    0.706199 
5.750000    0.772756 
5.800000    0.284010 
5.850000    0.154429 
5.900000    0.526622 
5.950000    0.397753 
6.000000    0.209126 
6.050000    0.373122 
6.100000    0.065844 
6.150000    0.101255 
6.200000    0.067586 
6.250000    -0.550262 
6.300000    -0.214713 
6.350000    -0.324038 
6.400000    0.176663 
6.450000    0.124862 
6.500000    -0.896428 
6.550000    -0.388941 
6.600000    -0.340012 
6.650000    -0.728663 
6.700000    -0.533244 
6.750000    -0.673874 
6.800000    -1.071145 
6.850000    -0.543816 
6.900000    -0.776421 
6.950000    -0.212686 
7.000000    -0.637707 
7.050000    -1.086182 
7.100000    -0.446011 
7.150000    -0.018081 
7.200000    -0.547670 
7.250000    -0.171406 
7.300000    -0.246526 
7.350000    -0.402837 
7.400000    -0.241439 
7.450000    -0.027860 
7.500000    -0.645024 
7.550000    -0.260266 
7.600000    -0.362733 
7.650000    -0.250731 
7.700000    -0.394413 
7.750000    -0.020471 
7.800000    0.310895 
7.850000    0.296068 
7.900000    0.231086 
7.950000    0.125050 
7.999999    0.257405 
8.049999    0.421244 
8.100000    0.466616 
8.150000    0.978502 
8.200000    0.630430 
8.250000    0.267039 
8.300000    0.313613 
8.350000    0.463259 
8.400000    0.831731 
8.450000    0.716837 
8.500000    0.733442 
8.549999    1.156153 
8.599999    1.103260 
8.650000    0.691434 
8.700000    0.691767 
8.750000    0.959725 
8.800000    -0.013702 
8.850000    -0.063520 
8.900000    -0.111362 
8.950000    0.142249 
9.000000    0.744314 
9.050000    -0.088223 
9.099999    0.208730 
9.149999    -0.143915 
9.200000    -0.054216 
9.250000    0.066487 
9.300000    0.362222 
9.350000    0.005628 
9.400000    -0.410218 
9.450000    -0.601492 
9.500000    -0.576722 
9.550000    0.025636 
9.600000    -0.841941 
9.649999    -0.582522 
9.699999    -0.658087 
9.750000    -0.811555 
9.800000    -0.270307 
9.850000    -0.143968 
9.900000    0.576160 
9.950000    0.326960 
10.000000    -0.225902 
10.050000    -1.135884 
10.100000    0.023754 
10.150000    -0.642668 
10.199999    0.080419 
10.249999    -0.026112 
10.300000    0.252394 
10.350000    0.083572 
10.400000    -0.143378 
10.450000    0.285259 
10.500000    -0.115729 
10.550000    0.322791 
10.600000    -0.314269 
10.650000    -0.160215 
10.700000    0.452441 
10.749999    -0.031170 
10.799999    0.609828 
10.849999    -0.268864 
10.900000    0.668886 
10.950000    -0.054823 
11.000000    0.535328 
11.050000    0.259547 
11.100000    0.342766 
11.150000    0.301558 
11.200000    0.481870 
11.250000    0.427607 
11.299999    0.466354 
11.349999    -0.153094 
11.399999    -0.083306 
11.450000    0.479498 
11.500000    0.638991 
11.550000    0.208485 
11.600000    -0.057289 
11.650000    0.812309 
11.700000    0.542157 
11.750000    -0.354184 
11.800000    0.456524 
11.849999    -0.244872 
11.899999    0.570754 
11.949999    0.371035 
12.000000    0.240462 
12.050000    0.511986 
12.100000    -0.218487 
12.150000    -0.160111 
12.200000    0.076863 
12.250000    -0.553014 
12.300000    -0.405320 
12.350000    -0.072885 
12.399999    -0.394169 
12.449999    0.023065 
12.499999    -0.154781 
12.550000    0.077107 
12.600000    -0.152137 
12.650000    0.006699 
12.700000    -0.249572 
12.750000    0.046292 
12.800000    0.741341 
12.850000    -0.074876 
12.900000    0.044984 
12.949999    0.301656 
12.999999    -0.090680 
13.049999    -0.543353 
13.100000    0.607597 
13.150000    0.726001 
13.200000    -0.522299 
13.250000    0.311717 
13.300000    0.275958 
13.350000    -0.254393 
13.400000    -0.499212 
13.450000    0.343997 
13.499999    0.513107 
13.549999    0.180146 
13.599999    -0.409755 
13.650000    0.417712 
13.700000    0.533432 
13.750000    0.413087 
13.800000    0.140016 
13.850000    -0.185323 
13.900000    -0.061698 
13.950000    -0.324022 
14.000000    0.144684 
14.049999    -0.024936 
14.099999    -0.217370 
14.149999    0.151782 
14.200000    0.080518 
14.250000    0.090236 
14.300000    -0.421592 
14.350000    0.559001 
14.400000    -0.033475 
14.450000    0.210428 
14.500000    0.380709 
14.549999    -0.274158 
14.599999    -0.782005 
14.649999    -0.660526 
14.699999    -0.329149 
14.750000    -0.100456 
14.800000    -0.086201 
14.850000    0.252751 
14.900000    -0.319068 
14.950000    0.602454 
15.000000    0.484226 
15.050000    -0.700016 
15.099999    0.336647 
15.149999    -0.227815 
15.199999    0.139820 
15.249999    -0.018889 
15.299999    0.004198 
15.350000    0.159848 
15.400000    -0.148873 
15.450000    -0.133717 
15.500000    0.145428 
15.550000    0.047247 
15.600000    -0.191171 
15.650000    0.799489 
15.699999    0.088054 
15.750000    0.147175 
15.799999    -0.251356 
15.850000    0.642540 
15.899999    0.543035 
15.950000    0.130017 
15.999999    -0.033884 
16.050000    0.087790 
16.099999    -0.893083 
16.150000    0.368073 
16.200000    0.160919 
16.249999    0.244324 
16.300000    0.316160 
16.349999    0.979043 
16.400000    -0.104149 
16.449999    -0.055790 
16.500000    -0.158292 
16.549999    0.075558 
16.600000    -0.472344 
16.649999    0.431588 
16.700000    0.125115 
16.750000    0.525803 
16.799999    0.199224 
16.850000    0.254709 
16.899999    -0.106785 
16.950000    -0.266939 
16.999999    0.103935 
17.050000    0.261332 
17.099999    0.432156 
17.150000    -0.276707 
17.199999    0.376953 
17.250000    -0.006985 
17.300000    0.691875 
17.349999    0.499288 
17.400000    0.318550 
17.449999    0.034215 
17.500000    0.410756 
17.549999    -0.041627 
17.600000    -0.447111 
17.649999    0.486601 
17.700000    0.033589 
17.749999    -0.161198 
17.800000    -0.295259 
17.850000    -0.244439 
17.899999    -0.028509 
17.950000    0.212489 
17.999999    0.035700 
18.050000    0.231516 
18.099999    0.133527 
18.150000    -0.051803 
18.199999    -0.226839 
18.250000    0.068503 
18.299999    0.190021 
18.350000    0.743593 
18.400000    -0.342736 
18.449999    0.047772 
18.500000    -0.280139 
18.549999    0.580276 
18.600000    0.095660 
18.649999    -0.567334 
18.700000    0.438598 
18.749999    -0.302341 
18.800000    -0.015556 
18.849999    -0.136448 
18.900000    0.368776 
18.950000    0.110598 
18.999999    0.196292 
19.050000    0.039682 
19.099999    -0.129197 
19.150000    -0.551676 
19.199999    0.444599 
19.250000    0.543633 
19.299999    -0.200135 
19.350000    -0.186891 
19.399999    0.287743 
19.450000    0.467435 
19.500000    -0.457469 
19.549999    0.129434 
19.600000    0.166037 
19.649999    0.244057 
19.700000    -0.076360 
19.749999    0.129163 
19.800000    -0.772872 
19.849999    -0.019871 
19.900000    -0.073351 
19.949999    -0.130993 


Reverse Correlation Function   