Time    Magnitude 

0.000000    0.542521 
0.050000    -0.357412 
0.100000    0.151289 
0.150000    -0.140772 
0.200000    -0.266556 
0.250000    0.263000 
0.300000    -0.435696 
0.350000    -0.363096 
0.400000    -0.294949 
0.450000    -0.060118 
0.500000    0.125520 
0.550000    0.688525 
0.600000    0.457758 
0.650000    0.436847 
0.700000    -0.121164 
0.750000    0.104809 
0.800000    0.082552 
0.850000    -0.235012 
0.900000    -0.388652 
0.950000    0.602692 
1.000000    0.425006 
1.050000    -0.221895 
1.100000    0.274588 
1.150000    -0.242180 
1.200000    -0.051263 
1.250000    -0.198007 
1.300000    -0.048680 
1.350000    0.094019 
1.400000    -0.358360 
1.450000    -0.293698 
1.500000    -0.040897 
1.550000    0.244870 
1.600000    -0.090447 
1.650000    0.213956 
1.700000    -0.183062 
1.750000    0.284314 
1.800000    0.088047 
1.850000    -0.220617 
1.900000    -0.563003 
1.950000    -0.301834 
2.000000    0.090236 
2.050000    -0.559756 
2.100000    0.523405 
2.150000    -0.042003 
2.200000    0.177551 
2.250000    -0.189341 
2.300000    -0.103771 
2.350000    -0.079119 
2.400000    0.212759 
2.450000    -0.308854 
2.500000    -0.210532 
2.550000    -0.047831 
2.600000    0.063490 
2.650000    0.547762 
2.700000    0.112380 
2.750000    -0.028511 
2.800000    -0.081155 
2.850000    -0.875003 
2.900000    -0.044446 
2.950000    -0.106060 
3.000000    -0.121496 
3.050000    0.677006 
3.100000    -0.029451 
3.150000    0.376396 
3.200000    0.205080 
3.250000    -0.922353 
3.300000    -0.170146 
3.350000    0.023967 
3.400000    0.798035 
3.450000    -0.435807 
3.500000    0.660113 
3.550000    -0.344957 
3.600000    0.065730 
3.650000    0.469911 
3.700000    -0.026022 
3.750000    0.196252 
3.800000    0.332777 
3.850000    0.364251 
3.900000    -0.239999 
3.950000    -0.329665 
4.000000    -0.375615 
4.050000    -0.024511 
4.100000    -0.489433 
4.150000    -0.495733 
4.200000    -0.971555 
4.250000    -0.903314 
4.300000    -0.672054 
4.350000    -0.468784 
4.400000    -0.559352 
4.450000    -0.748480 
4.500000    -0.083530 
4.550000    -0.053240 
4.600000    -0.592650 
4.650000    -0.099509 
4.700000    -0.243979 
4.750000    -0.498879 
4.800000    0.302699 
4.850000    0.067424 
4.900000    -0.091340 
4.950000    0.084844 
5.000000    0.598054 
5.050000    -0.018701 
5.100000    0.452875 
5.150000    0.265414 
5.200000    0.945941 
5.250000    0.809227 
5.300000    0.746062 
5.350000    1.237572 
5.400000    0.656852 
5.450000    0.708099 
5.500000    0.744564 
5.550000    0.704781 
5.600000    0.784423 
5.650000    0.615781 
5.700000    1.169732 
5.750000    1.111534 
5.800000    0.076858 
5.850000    0.385308 
5.900000    0.400754 
5.950000    0.186001 
6.000000    0.586646 
6.050000    0.048136 
6.100000    0.217214 
6.150000    0.767468 
6.200000    -0.005718 
6.250000    0.202512 
6.300000    -0.009080 
6.350000    -0.167754 
6.400000    -0.774415 
6.450000    -0.662507 
6.500000    -0.229724 
6.550000    -0.781554 
6.600000    -0.998169 
6.650000    -0.703813 
6.700000    -0.956767 
6.750000    -0.255263 
6.800000    -0.926502 
6.850000    -0.850738 
6.900000    -0.679896 
6.950000    -1.024866 
7.000000    -0.953288 
7.050000    -0.584635 
7.100000    -1.442777 
7.150000    -0.306665 
7.200000    -0.763466 
7.250000    -0.554538 
7.300000    -0.672422 
7.350000    -0.459145 
7.400000    -0.716555 
7.450000    -0.310642 
7.500000    -0.534208 
7.550000    -0.067068 
7.600000    -0.172348 
7.650000    0.096902 
7.700000    0.359735 
7.750000    0.467529 
7.800000    0.660383 
7.850000    0.151848 
7.900000    0.393127 
7.950000    -0.162974 
7.999999    0.007692 
8.049999    0.166143 
8.100000    -0.042035 
8.150000    0.979087 
8.200000    0.915720 
8.250000    0.829750 
8.300000    0.911089 
8.350000    0.239891 
8.400000    0.551917 
8.450000    1.178671 
8.500000    0.794761 
8.549999    0.690730 
8.599999    0.325132 
8.650000    1.277313 
8.700000    0.768934 
8.750000    0.302745 
8.800000    0.609999 
8.850000    0.667746 
8.900000    -0.205025 
8.950000    0.240869 
9.000000    0.118616 
9.050000    0.281374 
9.099999    -0.197514 
9.149999    0.684287 
9.200000    0.637675 
9.250000    -0.157546 
9.300000    -0.497178 
9.350000    0.110959 
9.400000    -0.242233 
9.450000    -0.341094 
9.500000    -0.614277 
9.550000    -0.965285 
9.600000    -0.215656 
9.649999    -0.560417 
9.699999    -0.638165 
9.750000    -0.222658 
9.800000    -0.246552 
9.850000    -0.240416 
9.900000    -0.396190 
9.950000    0.262861 
10.000000    -0.779217 
10.050000    -0.500545 
10.100000    -0.190026 
10.150000    -0.868068 
10.199999    -0.281218 
10.249999    -0.022819 
10.300000    -0.055871 
10.350000    -0.378988 
10.400000    -0.034790 
10.450000    -0.814900 
10.500000    -0.339502 
10.550000    0.307300 
10.600000    -0.001390 
10.650000    0.436317 
10.700000    -0.070572 
10.749999    -0.035821 
10.799999    0.278261 
10.849999    0.052414 
10.900000    0.674173 
10.950000    0.231496 
11.000000    0.550058 
11.050000    0.331178 
11.100000    0.259302 
11.150000    0.377572 
11.200000    0.009664 
11.250000    0.179462 
11.299999    0.607808 
11.349999    0.348455 
11.399999    0.463634 
11.450000    0.832630 
11.500000    0.625054 
11.550000    0.383777 
11.600000    -0.015109 
11.650000    0.405016 
11.700000    0.292144 
11.750000    0.515519 
11.800000    0.174343 
11.849999    -0.048286 
11.899999    -0.045481 
11.949999    0.290843 
12.000000    0.458211 
12.050000    0.405097 
12.100000    -0.036197 
12.150000    -0.071327 
12.200000    0.282645 
12.250000    -0.059481 
12.300000    -0.214193 
12.350000    -0.048476 
12.399999    -0.617568 
12.449999    -0.137583 
12.499999    -0.220638 
12.550000    0.536677 
12.600000    0.576121 
12.650000    0.261371 
12.700000    0.133207 
12.750000    -0.299478 
12.800000    -0.375652 
12.850000    -0.141018 
12.900000    0.453472 
12.949999    -0.746203 
12.999999    0.240158 
13.049999    -0.560468 
13.100000    0.161021 
13.150000    -0.032096 
13.200000    0.391723 
13.250000    0.190383 
13.300000    -0.089877 
13.350000    -0.555929 
13.400000    0.637940 
13.450000    0.586233 
13.499999    -0.382626 
13.549999    0.755323 
13.599999    -0.259286 
13.650000    -0.153535 
13.700000    -0.141766 
13.750000    0.593334 
13.800000    0.377816 
13.850000    0.121468 
13.900000    0.602144 
13.950000    0.237609 
14.000000    0.540785 
14.049999    -0.226637 
14.099999    -0.127767 
14.149999    0.269211 
14.200000    -0.292501 
14.250000    0.048913 
14.300000    0.255252 
14.350000    0.334016 
14.400000    -0.323416 
14.450000    0.649109 
14.500000    -0.428147 
14.549999    0.098109 
14.599999    0.032588 
14.649999    0.386193 
14.699999    0.600231 
14.750000    0.131845 
14.800000    0.088889 
14.850000    -0.089640 
14.900000    0.263475 
14.950000    -0.114076 
15.000000    0.019606 
15.050000    -0.175907 
15.099999    -0.114030 
15.149999    -0.132062 
15.199999    -0.349869 
15.249999    1.050423 
15.299999    0.170043 
15.350000    0.584486 
15.400000    -0.071999 
15.450000    -0.349337 
15.500000    -0.023131 
15.550000    0.700495 
15.600000    0.033451 
15.650000    -0.398486 
15.699999    -0.303850 
15.750000    0.031423 
15.799999    0.255960 
15.850000    0.311284 
15.899999    0.138884 
15.950000    0.422975 
15.999999    0.107735 
16.050000    0.135248 
16.099999    0.325892 
16.150000    -0.654051 
16.200000    0.477350 
16.249999    0.203971 
16.300000    0.682683 
16.349999    0.314406 
16.400000    0.091009 
16.449999    -0.421968 
16.500000    0.167565 
16.549999    -0.239659 
16.600000    0.698615 
16.649999    0.395974 
16.700000    0.175644 
16.750000    -0.037980 
16.799999    0.197592 
16.850000    0.049496 
16.899999    0.227461 
16.950000    -0.443226 
16.999999    -0.653005 
17.050000    0.131766 
17.099999    0.989841 
17.150000    -0.515174 
17.199999    0.031022 
17.250000    -0.254144 
17.300000    -0.702228 
17.349999    -0.057731 
17.400000    0.052023 
17.449999    -0.265337 
17.500000    0.466443 
17.549999    -0.007618 
17.600000    -0.273811 
17.649999    -0.674085 
17.700000    0.290482 
17.749999    -0.291794 
17.800000    -0.090483 
17.850000    0.285748 
17.899999    -0.224025 
17.950000    0.494490 
17.999999    -0.575511 
18.050000    0.113402 
18.099999    0.292288 
18.150000    -0.015524 
18.199999    0.157715 
18.250000    -0.038964 
18.299999    -0.177002 
18.350000    0.156058 
18.400000    -0.650227 
18.449999    -0.306211 
18.500000    -0.513761 
18.549999    0.363228 
18.600000    0.082896 
18.649999    0.058575 
18.700000    0.285064 
18.749999    0.416598 
18.800000    0.176440 
18.849999    0.247723 
18.900000    -0.090699 
18.950000    0.750197 
18.999999    -0.144265 
19.050000    -0.132594 
19.099999    0.567005 
19.150000    0.026524 
19.199999    -0.332615 
19.250000    -0.395872 
19.299999    -0.056460 
19.350000    0.595622 
19.399999    0.046250 
19.450000    0.186217 
19.500000    0.592218 
19.549999    -0.278388 
19.600000    0.328552 
19.649999    0.527589 
19.700000    0.034476 
19.749999    -0.201776 
19.800000    -0.396149 
19.849999    -0.256607 
19.900000    0.372742 
19.949999    -0.135980 


Reverse Correlation Function   