Time    Magnitude 

0.000000    -0.001094 
0.050000    -0.049839 
0.100000    -0.011015 
0.150000    0.024886 
0.200000    -0.013683 
0.250000    -0.007094 
0.300000    0.013075 
0.350000    -0.048766 
0.400000    0.029638 
0.450000    0.033329 
0.500000    -0.008953 
0.550000    -0.025895 
0.600000    -0.004446 
0.650000    -0.010363 
0.700000    0.061850 
0.750000    -0.024880 
0.800000    0.009218 
0.850000    -0.005538 
0.900000    -0.026483 
0.950000    -0.022474 
1.000000    -0.009456 
1.050000    0.036603 
1.100000    -0.028510 
1.150000    0.008089 
1.200000    0.020924 
1.250000    0.003270 
1.300000    -0.028376 
1.350000    0.040018 
1.400000    -0.017095 
1.450000    -0.059481 
1.500000    -0.005021 
1.550000    -0.069093 
1.600000    -0.008616 
1.650000    -0.015782 
1.700000    -0.013379 
1.750000    -0.001643 
1.800000    -0.032757 
1.850000    0.043558 
1.900000    0.031952 
1.950000    0.007358 
2.000000    -0.040750 
2.050000    -0.020467 
2.100000    0.032746 
2.150000    -0.019782 
2.200000    0.013996 
2.250000    0.032278 
2.300000    0.025067 
2.350000    -0.022141 
2.400000    0.003207 
2.450000    0.022134 
2.500000    0.012305 
2.550000    -0.020084 
2.600000    0.010088 
2.650000    0.014127 
2.700000    0.016936 
2.750000    -0.000139 
2.800000    -0.030000 
2.850000    -0.040123 
2.900000    -0.053407 
2.950000    0.000106 
3.000000    -0.014046 
3.050000    -0.041063 
3.100000    0.020410 
3.150000    0.034765 
3.200000    0.065847 
3.250000    0.099130 
3.300000    0.023988 
3.350000    -0.019298 
3.400000    -0.007767 
3.450000    -0.102491 
3.500000    -0.018936 
3.550000    -0.017787 
3.600000    0.003078 
3.650000    0.007613 
3.700000    0.027027 
3.750000    0.129713 
3.800000    0.052506 
3.850000    0.031901 
3.900000    -0.039571 
3.950000    -0.002842 
4.000000    -0.038181 
4.050000    -0.027928 
4.100000    0.013622 
4.150000    0.020964 
4.200000    0.020306 
4.250000    0.022005 
4.300000    0.049952 
4.350000    0.023612 
4.400000    -0.000538 
4.450000    -0.011607 
4.500000    0.013833 
4.550000    -0.024507 
4.600000    0.010434 
4.650000    0.041115 
4.700000    -0.006378 
4.750000    0.033321 
4.800000    -0.013984 
4.850000    -0.008887 
4.900000    0.030126 
4.950000    -0.041758 
5.000000    0.026145 
5.050000    -0.021781 
5.100000    -0.016283 
5.150000    -0.036819 
5.200000    -0.011288 
5.250000    -0.007210 
5.300000    0.051609 
5.350000    -0.029453 
5.400000    0.059908 
5.450000    0.057265 
5.500000    -0.025819 
5.550000    0.028924 
5.600000    0.025229 
5.650000    0.031146 
5.700000    -0.024972 
5.750000    0.037326 
5.800000    -0.025433 
5.850000    0.004016 
5.900000    0.073771 
5.950000    0.054729 
6.000000    0.043894 
6.050000    -0.017587 
6.100000    -0.020799 
6.150000    -0.002693 
6.200000    0.005042 
6.250000    -0.029736 
6.300000    0.020030 
6.350000    0.016657 
6.400000    0.023575 
6.450000    -0.024903 
6.500000    -0.069148 
6.550000    0.024342 
6.600000    -0.020944 
6.650000    -0.010612 
6.700000    -0.010056 
6.750000    0.019271 
6.800000    -0.025282 
6.850000    0.001680 
6.900000    -0.017048 
6.950000    0.020208 
7.000000    0.010968 
7.050000    0.020284 
7.100000    -0.013262 
7.150000    0.034982 
7.200000    0.021355 
7.250000    0.007586 
7.300000    0.050482 
7.350000    0.068595 
7.400000    -0.000700 
7.450000    0.000015 
7.500000    0.025019 
7.550000    0.002523 
7.600000    -0.006109 
7.650000    -0.026790 
7.700000    -0.029906 
7.750000    -0.047512 
7.800000    -0.005065 
7.850000    0.026478 
7.900000    -0.038582 
7.950000    0.008433 
7.999999    0.001308 
8.049999    0.009635 
8.100000    0.031014 
8.150000    0.029008 
8.200000    0.005488 
8.250000    -0.016020 
8.300000    0.002037 
8.350000    -0.065635 
8.400000    -0.016749 
8.450000    -0.039925 
8.500000    0.019933 
8.549999    0.020361 
8.599999    0.017048 
8.650000    0.061130 
8.700000    0.046468 
8.750000    0.046158 
8.800000    -0.059288 
8.850000    -0.008071 
8.900000    -0.026322 
8.950000    -0.025754 
9.000000    0.014477 
9.050000    0.003830 
9.099999    0.016508 
9.149999    0.016223 
9.200000    -0.031657 
9.250000    0.013124 
9.300000    0.013549 
9.350000    -0.034744 
9.400000    0.046486 
9.450000    -0.030842 
9.500000    -0.044010 
9.550000    0.001224 
9.600000    -0.006871 
9.649999    -0.028264 
9.699999    0.024399 
9.750000    0.080688 
9.800000    0.061387 
9.850000    0.045880 
9.900000    0.030350 
9.950000    -0.007462 
10.000000    0.015551 
10.050000    -0.016809 
10.100000    0.019884 
10.150000    0.015478 
10.199999    0.010138 
10.249999    0.043821 
10.300000    0.022940 
10.350000    0.014770 
10.400000    -0.013159 
10.450000    0.026948 
10.500000    0.050061 
10.550000    0.017046 
10.600000    -0.009284 
10.650000    -0.003913 
10.700000    0.015069 
10.749999    -0.012227 
10.799999    0.036220 
10.849999    0.026967 
10.900000    -0.011801 
10.950000    0.021370 
11.000000    -0.008729 
11.050000    -0.005709 
11.100000    0.001534 
11.150000    0.028062 
11.200000    0.012703 
11.250000    0.049550 
11.299999    -0.060868 
11.349999    0.021696 
11.399999    -0.013543 
11.450000    -0.020726 
11.500000    -0.046968 
11.550000    -0.023242 
11.600000    -0.037571 
11.650000    -0.029206 
11.700000    0.033728 
11.750000    0.048906 
11.800000    -0.022765 
11.849999    0.001866 
11.899999    0.045325 
11.949999    -0.001788 
12.000000    -0.012783 
12.050000    -0.008579 
12.100000    -0.010576 
12.150000    0.002280 
12.200000    0.015662 
12.250000    -0.020965 
12.300000    -0.052504 
12.350000    0.034918 
12.399999    -0.015452 
12.449999    -0.002151 
12.499999    0.025172 
12.550000    -0.007203 
12.600000    0.017038 
12.650000    -0.072782 
12.700000    0.000967 
12.750000    0.002990 
12.800000    0.075573 
12.850000    -0.001621 
12.900000    -0.039070 
12.949999    -0.015305 
12.999999    0.008744 
13.049999    0.004520 
13.100000    0.072342 
13.150000    0.051329 
13.200000    0.000138 
13.250000    0.001426 
13.300000    0.032359 
13.350000    0.007054 
13.400000    -0.003720 
13.450000    0.010606 
13.499999    -0.029041 
13.549999    0.022018 
13.599999    -0.004788 
13.650000    0.013171 
13.700000    0.020873 
13.750000    -0.039835 
13.800000    0.019826 
13.850000    -0.047776 
13.900000    0.003794 
13.950000    -0.035358 
14.000000    -0.038059 
14.049999    -0.040158 
14.099999    -0.019086 
14.149999    0.025003 
14.200000    -0.032065 
14.250000    -0.033658 
14.300000    -0.008162 
14.350000    -0.069615 
14.400000    -0.001825 
14.450000    -0.011902 
14.500000    0.032589 
14.549999    0.006725 
14.599999    -0.031294 
14.649999    0.031005 
14.699999    0.013207 
14.750000    -0.000691 
14.800000    0.007027 
14.850000    -0.002130 
14.900000    -0.026232 
14.950000    0.024079 
15.000000    0.019538 
15.050000    -0.006274 
15.099999    0.001812 
15.149999    -0.017948 
15.199999    -0.006123 
15.249999    -0.027307 
15.299999    0.004488 
15.350000    0.037312 
15.400000    0.001205 
15.450000    -0.041305 
15.500000    -0.038165 
15.550000    -0.024419 
15.600000    0.024080 
15.650000    -0.007321 
15.699999    0.014895 
15.750000    0.012860 
15.799999    -0.000830 
15.850000    0.025019 
15.899999    -0.006519 
15.950000    0.012753 
15.999999    0.049683 
16.050000    0.004349 
16.099999    0.009515 
16.150000    -0.051548 
16.200000    -0.013612 
16.249999    0.013907 
16.300000    0.019889 
16.349999    -0.022657 
16.400000    0.013649 
16.449999    0.041027 
16.500000    0.041778 
16.549999    -0.000736 
16.600000    0.021111 
16.649999    0.017303 
16.700000    -0.018122 
16.750000    -0.039655 
16.799999    0.010203 
16.850000    0.012866 
16.899999    -0.029945 
16.950000    0.035836 
16.999999    -0.001768 
17.050000    -0.002896 
17.099999    -0.026791 
17.150000    0.047126 
17.199999    -0.007491 
17.250000    0.016202 
17.300000    0.003517 
17.349999    0.002125 
17.400000    0.026268 
17.449999    0.019704 
17.500000    -0.022011 
17.549999    -0.002952 
17.600000    0.003917 
17.649999    0.026560 
17.700000    0.031031 
17.749999    -0.034390 
17.800000    -0.015273 
17.850000    0.001704 
17.899999    -0.002875 
17.950000    0.005716 
17.999999    0.019193 
18.050000    -0.003267 
18.099999    0.014306 
18.150000    0.021967 
18.199999    0.006299 
18.250000    -0.010773 
18.299999    0.008658 
18.350000    0.017526 
18.400000    0.031881 
18.449999    -0.008964 
18.500000    0.046509 
18.549999    -0.032181 
18.600000    0.039503 
18.649999    -0.030893 
18.700000    -0.025567 
18.749999    0.012074 
18.800000    -0.026093 
18.849999    0.060127 
18.900000    -0.001043 
18.950000    0.022261 
18.999999    0.025493 
19.050000    -0.002848 
19.099999    -0.004247 
19.150000    -0.046117 
19.199999    -0.012331 
19.250000    0.000542 
19.299999    0.006094 
19.350000    -0.019028 
19.399999    0.000346 
19.450000    -0.020695 
19.500000    -0.003292 
19.549999    -0.049201 
19.600000    0.041754 
19.649999    -0.011448 
19.700000    0.005451 
19.749999    -0.003464 
19.800000    0.011583 
19.849999    -0.008108 
19.900000    -0.011129 
19.949999    -0.034486 


Reverse Correlation Function   