Time    Magnitude 

0.000000    0.037100 
0.050000    0.189276 
0.100000    -0.050724 
0.150000    -0.154036 
0.200000    0.218256 
0.250000    0.647503 
0.300000    -0.404956 
0.350000    -0.108144 
0.400000    0.309586 
0.450000    0.697364 
0.500000    -0.086703 
0.550000    0.056251 
0.600000    0.278501 
0.650000    -0.199180 
0.700000    -0.254808 
0.750000    0.057452 
0.800000    0.428406 
0.850000    -0.057869 
0.900000    0.495789 
0.950000    0.376641 
1.000000    -0.448954 
1.050000    -0.802543 
1.100000    0.524238 
1.150000    -0.218283 
1.200000    0.108360 
1.250000    0.057768 
1.300000    -0.062897 
1.350000    0.140407 
1.400000    -0.075279 
1.450000    0.077871 
1.500000    -0.529463 
1.550000    0.386455 
1.600000    -0.491394 
1.650000    -0.387492 
1.700000    -0.316862 
1.750000    0.612228 
1.800000    0.503592 
1.850000    -0.513504 
1.900000    -0.624721 
1.950000    0.213582 
2.000000    -0.045856 
2.050000    -0.687760 
2.100000    -0.411212 
2.150000    -0.669780 
2.200000    -1.650489 
2.250000    -0.715207 
2.300000    0.563295 
2.350000    0.009274 
2.400000    1.342098 
2.450000    1.801825 
2.500000    1.417423 
2.550000    -0.268971 
2.600000    -2.100958 
2.650000    -2.666053 
2.700000    -1.739346 
2.750000    0.663628 
2.800000    1.174510 
2.850000    2.434407 
2.900000    0.673608 
2.950000    -0.191875 
3.000000    -2.252477 
3.050000    -3.329497 
3.100000    -1.336958 
3.150000    1.074346 
3.200000    3.193215 
3.250000    2.780869 
3.300000    1.078324 
3.350000    -0.627272 
3.400000    -2.150959 
3.450000    -2.413466 
3.500000    -1.744948 
3.550000    1.230011 
3.600000    2.053910 
3.650000    2.307191 
3.700000    1.318786 
3.750000    -0.271186 
3.800000    -2.523252 
3.850000    -2.055074 
3.900000    -0.426655 
3.950000    1.606204 
4.000000    1.547660 
4.050000    1.582001 
4.100000    1.286141 
4.150000    -0.179838 
4.200000    -1.889353 
4.250000    -1.388041 
4.300000    -1.231282 
4.350000    -0.257913 
4.400000    1.048955 
4.450000    1.618954 
4.500000    0.022700 
4.550000    -0.383132 
4.600000    -1.216363 
4.650000    -0.921790 
4.700000    -0.101911 
4.750000    -0.133767 
4.800000    0.291513 
4.850000    0.479354 
4.900000    -0.038997 
4.950000    -0.566902 
5.000000    -0.550136 
5.050000    -0.469291 
5.100000    0.613971 
5.150000    0.100044 
5.200000    0.078697 
5.250000    -0.135145 
5.300000    -0.584789 
5.350000    0.446010 
5.400000    -0.885968 
5.450000    -0.853449 
5.500000    -0.788260 
5.550000    0.522644 
5.600000    0.302396 
5.650000    0.311967 
5.700000    -0.719420 
5.750000    -0.138899 
5.800000    -0.454613 
5.850000    0.286073 
5.900000    0.002030 
5.950000    -0.167318 
6.000000    0.695375 
6.050000    -0.299641 
6.100000    -0.087289 
6.150000    -0.257226 
6.200000    -0.734781 
6.250000    0.047280 
6.300000    -0.090888 
6.350000    0.072108 
6.400000    0.226883 
6.450000    -0.724830 
6.500000    -0.690219 
6.550000    0.733387 
6.600000    -0.264221 
6.650000    -0.172406 
6.700000    -0.599287 
6.750000    0.137777 
6.800000    0.263825 
6.850000    -0.639143 
6.900000    -0.861127 
6.950000    0.176802 
7.000000    -0.231642 
7.050000    0.001643 
7.100000    -0.395439 
7.150000    -0.361299 
7.200000    1.665349 
7.250000    0.484368 
7.300000    0.544504 
7.350000    -0.456563 
7.400000    -0.211045 
7.450000    0.203223 
7.500000    -0.136956 
7.550000    -1.211114 
7.600000    0.348061 
7.650000    0.604477 
7.700000    -0.034071 
7.750000    -0.705066 
7.800000    -0.511579 
7.850000    -0.060152 
7.900000    -0.914287 
7.950000    -0.887125 
8.000000    0.241414 
8.050000    -0.417338 
8.100000    0.497849 
8.150000    0.452225 
8.200000    -0.113304 
8.250000    0.619352 
8.300000    -0.219610 
8.350000    0.488652 
8.400000    0.084661 
8.450000    0.034645 
8.500000    -0.042047 
8.550000    0.424044 
8.600000    -0.522459 
8.650000    -0.792972 
8.700000    -0.691806 
8.750000    0.703546 
8.800000    -0.676843 
8.850000    0.188438 
8.900000    0.116330 
8.950000    0.362109 
9.000000    -0.116820 
9.050000    0.344607 
9.100000    -0.630887 
9.150000    0.338605 
9.200000    0.668154 
9.250000    -0.912215 
9.300000    0.304399 
9.350000    0.431951 
9.400000    -0.566454 
9.450000    -0.871759 
9.500000    0.813181 
9.550000    -0.019655 
9.600000    0.222943 
9.650000    -0.062586 
9.700000    -0.229366 
9.750000    -0.583026 
9.800000    0.288878 
9.850000    0.173604 
9.900000    -0.579905 
9.950000    0.170534 
10.000000    0.599626 
10.050000    0.316115 
10.100000    0.362356 
10.150000    -0.638499 
10.200000    -0.538564 
10.250000    0.527024 
10.300000    -0.009593 
10.350000    -0.459333 
10.400000    -0.276662 
10.450000    -0.479839 
10.500000    -0.256276 
10.550000    0.281658 
10.600000    0.442815 
10.650000    0.288501 
10.700000    0.354397 
10.750000    -0.024744 
10.800000    -0.547437 
10.850000    0.519834 
10.900000    0.519619 
10.950000    -0.541511 
11.000000    0.205785 
11.050000    0.677708 
11.100000    0.011282 
11.150000    0.211431 
11.200000    0.374835 
11.250000    -0.405011 
11.300000    -0.312669 
11.350000    0.439203 
11.400000    0.829089 
11.450000    0.480881 
11.500000    0.186078 
11.550000    -0.541356 
11.600000    -0.191472 
11.650000    -0.071374 
11.700000    0.927912 
11.750000    0.433361 
11.800000    0.005907 
11.850000    -0.079336 
11.900000    -0.465600 
11.950000    -0.367367 
12.000000    0.030997 
12.050000    -0.842745 
12.100000    0.287453 
12.150000    0.307766 
12.200000    -0.038454 
12.250000    -0.422895 
12.300000    0.437975 
12.350000    -0.365951 
12.400000    0.849078 
12.450000    -0.529163 
12.500000    -0.419324 
12.550000    -0.784912 
12.600000    0.120769 
12.650000    0.270518 
12.700000    -0.164908 
12.750000    0.162431 
12.800000    -0.115388 
12.850000    0.230771 
12.900000    0.435413 
12.950000    -0.741874 
13.000000    -0.557472 
13.050000    0.499770 
13.100000    0.069825 
13.150000    -0.199711 
13.200000    0.304929 
13.250000    -0.400552 
13.300000    -0.111244 
13.350000    0.268671 
13.400000    -1.170495 
13.450000    -0.173972 
13.500000    -0.310080 
13.550000    0.067926 
13.600000    0.366399 
13.650000    0.115426 
13.700000    -0.442978 
13.750000    -0.284330 
13.800000    0.880405 
13.850000    0.304413 
13.900000    0.314813 
13.950000    -0.221025 
14.000000    0.210518 
14.050000    0.125396 
14.100000    0.658872 
14.150000    0.189750 
14.200000    -0.296850 
14.250000    -0.638311 
14.300000    -0.315470 
14.350000    0.470811 
14.400000    0.284086 
14.450000    -0.385334 
14.500000    0.521207 
14.550000    -0.049698 
14.600000    -0.076635 
14.650000    0.227565 
14.700000    -0.172087 
14.750000    -0.127429 
14.800000    -0.444919 
14.850000    0.484513 
14.900000    0.713221 
14.950000    -0.562250 
15.000000    0.263564 
15.050000    -0.554411 
15.100000    -0.032498 
15.150000    0.426494 
15.200000    -0.546048 
15.250000    -0.572418 
15.300000    0.549858 
15.350000    0.313539 
15.400000    0.767178 
15.450000    -0.352233 
15.500000    0.738491 
15.550000    -0.410165 
15.600000    1.493021 
15.650000    0.042227 
15.700000    0.696398 
15.750000    0.346874 
15.800000    0.294932 
15.850000    -0.193681 
15.900000    0.103329 
15.950000    1.017569 
16.000000    0.162938 
16.050000    -0.323004 
16.100000    -0.505202 
16.150000    0.235560 
16.200000    -0.042836 
16.250000    0.566228 
16.300000    -0.021115 
16.350000    0.173770 
16.400000    0.487375 
16.450000    -0.243436 
16.500000    0.181934 
16.550000    0.301032 
16.600000    0.719571 
16.650000    -0.070220 
16.700000    0.085537 
16.750000    0.400978 
16.800000    -0.618593 
16.850000    0.085832 
16.900000    0.326567 
16.950000    0.445573 
17.000000    0.949313 
17.050000    0.050418 
17.100000    0.135273 
17.150000    0.101026 
17.200000    0.657300 
17.250000    0.381806 
17.300000    -0.760187 
17.350000    0.107866 
17.400000    -0.425643 
17.450000    0.328922 
17.500000    -0.064867 
17.550000    0.227025 
17.600000    -0.194749 
17.650000    0.109195 
17.700000    -0.020113 
17.750000    0.332016 
17.800000    0.703645 
17.850000    -0.055462 
17.900000    -0.083019 
17.950000    0.586955 
18.000000    0.344482 
18.050000    -0.141346 
18.100000    0.707470 
18.150000    -0.105318 
18.200000    0.050638 
18.250000    -0.859626 
18.300000    0.371351 
18.350000    0.994544 
18.400000    0.580068 
18.450000    -0.659584 
18.500000    -0.039152 
18.550000    -0.070506 
18.600000    -0.155945 
18.650000    0.039622 
18.700000    0.598886 
18.750000    0.455379 
18.800000    -0.141289 
18.850000    0.895286 
18.900000    -0.327361 
18.950000    -0.193349 
19.000000    -0.259684 
19.050000    0.374701 
19.100000    -0.471245 
19.150000    -0.380404 
19.200000    0.408503 
19.250000    0.295428 
19.300000    0.523632 
19.350000    -0.087818 
19.400000    -0.079327 
19.450000    -0.360347 
19.500000    -0.604046 
19.550000    0.410217 
19.600000    0.308811 
19.650000    0.181303 
19.700000    -0.087276 
19.750000    -1.009616 
19.799999    -0.236170 
19.849999    0.316972 
19.899999    -0.386567 
19.949999    0.399076 


Reverse Correlation Function   