Time    Magnitude 

0.000000    0.070957 
0.050000    -0.124703 
0.100000    0.031020 
0.150000    -0.114710 
0.200000    0.031840 
0.250000    0.012852 
0.300000    -0.054319 
0.350000    0.129563 
0.400000    0.066785 
0.450000    -0.015624 
0.500000    0.033439 
0.550000    0.031254 
0.600000    0.006130 
0.650000    0.022400 
0.700000    0.004460 
0.750000    0.001894 
0.800000    -0.003023 
0.850000    -0.004145 
0.900000    0.099120 
0.950000    0.190254 
1.000000    -0.032242 
1.050000    -0.137450 
1.100000    0.069030 
1.150000    0.058283 
1.200000    -0.037845 
1.250000    0.174361 
1.300000    -0.146842 
1.350000    0.028926 
1.400000    0.046404 
1.450000    0.022364 
1.500000    0.098979 
1.550000    0.120592 
1.600000    -0.072673 
1.650000    0.176266 
1.700000    -0.018502 
1.750000    0.119675 
1.800000    0.155409 
1.850000    0.074860 
1.900000    0.051482 
1.950000    0.001045 
2.000000    -0.327224 
2.050000    0.063805 
2.100000    0.048966 
2.150000    -0.112643 
2.200000    -0.052485 
2.250000    -0.078263 
2.300000    -0.003854 
2.350000    0.153078 
2.400000    0.194164 
2.450000    0.257657 
2.500000    0.324617 
2.550000    -0.079135 
2.600000    -0.115080 
2.650000    -0.296267 
2.700000    -0.270809 
2.750000    -0.097048 
2.800000    0.108561 
2.850000    0.283195 
2.900000    0.425331 
2.950000    0.029839 
3.000000    0.009360 
3.050000    -0.238929 
3.100000    -0.200671 
3.150000    -0.007386 
3.200000    0.230619 
3.250000    0.327299 
3.300000    0.050294 
3.350000    0.064685 
3.400000    -0.197063 
3.450000    -0.385741 
3.500000    -0.025947 
3.550000    -0.006367 
3.600000    0.203993 
3.650000    0.295262 
3.700000    0.272896 
3.750000    -0.005843 
3.800000    -0.289049 
3.850000    -0.208152 
3.900000    -0.105639 
3.950000    0.187212 
4.000000    0.164740 
4.050000    0.238582 
4.100000    0.042802 
4.150000    0.035593 
4.200000    -0.136896 
4.250000    -0.090368 
4.300000    -0.140703 
4.350000    0.013742 
4.400000    0.012629 
4.450000    -0.099269 
4.500000    0.206647 
4.550000    -0.025577 
4.600000    -0.055268 
4.650000    -0.213436 
4.700000    -0.046712 
4.750000    -0.032541 
4.800000    0.088479 
4.850000    -0.001282 
4.900000    0.199036 
4.950000    -0.016807 
5.000000    0.004375 
5.050000    0.016592 
5.100000    -0.091034 
5.150000    0.128802 
5.200000    0.009161 
5.250000    0.007225 
5.300000    0.014104 
5.350000    0.072824 
5.400000    -0.107457 
5.450000    -0.133600 
5.500000    0.048957 
5.550000    0.254690 
5.600000    0.041982 
5.650000    0.061153 
5.700000    -0.016150 
5.750000    -0.059305 
5.800000    -0.037203 
5.850000    -0.011314 
5.900000    0.011816 
5.950000    -0.174427 
6.000000    0.010810 
6.050000    0.059969 
6.100000    -0.060730 
6.150000    0.057168 
6.200000    0.057266 
6.250000    0.078809 
6.300000    0.042931 
6.350000    0.049327 
6.400000    -0.032338 
6.450000    -0.067328 
6.500000    0.016916 
6.550000    0.027958 
6.600000    -0.082433 
6.650000    -0.012686 
6.700000    -0.095356 
6.750000    0.071088 
6.800000    -0.114231 
6.850000    -0.000963 
6.900000    0.062792 
6.950000    0.119555 
7.000000    -0.035793 
7.050000    0.023954 
7.100000    -0.079581 
7.150000    0.043137 
7.200000    0.095089 
7.250000    0.019700 
7.300000    -0.028013 
7.350000    0.010367 
7.400000    0.010025 
7.450000    -0.055448 
7.500000    -0.119011 
7.550000    -0.003003 
7.600000    0.040522 
7.650000    -0.016712 
7.700000    -0.063698 
7.750000    0.043800 
7.800000    -0.053037 
7.850000    -0.058774 
7.900000    0.147955 
7.950000    -0.200142 
8.000000    0.013004 
8.050000    0.081684 
8.100000    -0.080380 
8.150000    0.129978 
8.200000    0.072302 
8.250000    0.006122 
8.300000    -0.062740 
8.350000    -0.002291 
8.400000    0.086486 
8.450000    -0.016664 
8.500000    0.064843 
8.550000    -0.237543 
8.600000    0.110199 
8.650000    -0.019434 
8.700000    0.050612 
8.750000    0.034951 
8.800000    0.008146 
8.850000    0.107658 
8.900000    0.122967 
8.950000    -0.002819 
9.000000    -0.138003 
9.050000    0.091817 
9.100000    -0.156300 
9.150000    -0.094814 
9.200000    -0.109528 
9.250000    0.011069 
9.300000    0.131526 
9.350000    -0.147778 
9.400000    0.073771 
9.450000    -0.000765 
9.500000    -0.012302 
9.550000    -0.019953 
9.600000    0.035765 
9.650000    0.045395 
9.700000    0.121656 
9.750000    0.013720 
9.800000    -0.052748 
9.850000    0.089867 
9.900000    -0.097686 
9.950000    0.003919 
10.000000    -0.085479 
10.050000    0.098169 
10.100000    -0.062298 
10.150000    -0.057830 
10.200000    -0.080623 
10.250000    0.114819 
10.300000    0.132641 
10.350000    -0.176952 
10.400000    -0.095373 
10.450000    0.083576 
10.500000    0.252356 
10.550000    0.059929 
10.600000    -0.089059 
10.650000    -0.006862 
10.700000    0.207743 
10.750000    0.116320 
10.800000    0.101346 
10.850000    0.079793 
10.900000    -0.084826 
10.950000    0.082489 
11.000000    -0.022043 
11.050000    0.067002 
11.100000    -0.085836 
11.150000    0.058843 
11.200000    0.090983 
11.250000    0.060164 
11.300000    -0.011078 
11.350000    0.052075 
11.400000    -0.156924 
11.450000    -0.046828 
11.500000    -0.022330 
11.550000    -0.150005 
11.600000    -0.022136 
11.650000    -0.018100 
11.700000    0.097156 
11.750000    0.143275 
11.800000    -0.065320 
11.850000    0.107878 
11.900000    0.164649 
11.950000    -0.046674 
12.000000    0.019421 
12.050000    0.027459 
12.100000    0.070887 
12.150000    -0.076657 
12.200000    0.082199 
12.250000    0.023150 
12.300000    -0.059663 
12.350000    -0.164337 
12.400000    -0.135105 
12.450000    0.030872 
12.500000    -0.050388 
12.550000    0.084704 
12.600000    -0.023267 
12.650000    -0.109532 
12.700000    0.068340 
12.750000    -0.209881 
12.800000    -0.000123 
12.850000    0.050153 
12.900000    0.106061 
12.950000    0.190591 
13.000000    -0.066847 
13.050000    -0.015584 
13.100000    -0.058687 
13.150000    0.110686 
13.200000    -0.096170 
13.250000    -0.110604 
13.300000    -0.046832 
13.350000    -0.027003 
13.400000    -0.091654 
13.450000    -0.021691 
13.500000    -0.128364 
13.550000    0.103201 
13.600000    -0.027720 
13.650000    0.148829 
13.700000    -0.062045 
13.750000    -0.030703 
13.800000    0.085161 
13.850000    -0.067778 
13.900000    0.001633 
13.950000    0.071942 
14.000000    -0.008880 
14.050000    0.043907 
14.100000    0.133613 
14.150000    0.131014 
14.200000    -0.008595 
14.250000    0.151883 
14.300000    0.142007 
14.350000    -0.007376 
14.400000    0.128075 
14.450000    -0.107715 
14.500000    0.003593 
14.550000    -0.039797 
14.600000    0.119192 
14.650000    0.076590 
14.700000    0.153470 
14.750000    0.085183 
14.800000    -0.116508 
14.850000    -0.036682 
14.900000    -0.004429 
14.950000    0.062117 
15.000000    -0.093532 
15.050000    0.018864 
15.100000    0.031863 
15.150000    0.003097 
15.200000    -0.036670 
15.250000    0.085808 
15.300000    -0.014796 
15.350000    -0.030466 
15.400000    -0.096355 
15.450000    -0.049508 
15.500000    -0.038418 
15.550000    0.063091 
15.600000    0.045634 
15.650000    0.023396 
15.700000    -0.157483 
15.750000    -0.024845 
15.800000    0.003291 
15.850000    -0.080691 
15.900000    -0.103056 
15.950000    0.013122 
16.000000    -0.022205 
16.050000    0.153862 
16.100000    0.182177 
16.150000    -0.037686 
16.200000    -0.085841 
16.250000    0.096863 
16.300000    -0.029277 
16.350000    -0.091615 
16.400000    0.111202 
16.450000    -0.079267 
16.500000    0.171398 
16.550000    -0.017331 
16.600000    0.094941 
16.650000    0.074699 
16.700000    0.042235 
16.750000    0.126345 
16.800000    -0.014919 
16.850000    -0.027145 
16.900000    0.027395 
16.950000    -0.117327 
17.000000    0.183050 
17.050000    0.008139 
17.100000    0.010934 
17.150000    0.137790 
17.200000    0.061170 
17.250000    0.029824 
17.300000    -0.058787 
17.350000    -0.044590 
17.400000    0.004652 
17.450000    0.083594 
17.500000    -0.116507 
17.550000    0.046742 
17.600000    0.068565 
17.650000    -0.081719 
17.700000    0.000068 
17.750000    0.021766 
17.800000    0.027163 
17.850000    0.019605 
17.900000    -0.085118 
17.950000    0.169767 
18.000000    -0.117430 
18.050000    -0.063711 
18.100000    0.082061 
18.150000    0.142111 
18.200000    0.065248 
18.250000    0.029262 
18.300000    0.020633 
18.350000    0.025404 
18.400000    -0.053637 
18.450000    0.061653 
18.500000    -0.070782 
18.550000    -0.004523 
18.600000    -0.061450 
18.650000    -0.030233 
18.700000    0.144533 
18.750000    0.050424 
18.800000    -0.160379 
18.850000    0.168182 
18.900000    -0.001549 
18.950000    -0.118359 
19.000000    -0.048987 
19.050000    0.002838 
19.100000    0.095638 
19.150000    -0.045429 
19.200000    0.126945 
19.250000    -0.067462 
19.300000    -0.155631 
19.350000    -0.092078 
19.400000    -0.080222 
19.450000    -0.041391 
19.500000    0.135633 
19.550000    -0.040212 
19.600000    -0.064200 
19.650000    -0.062605 
19.700000    -0.031804 
19.750000    -0.160608 
19.799999    0.055072 
19.849999    0.003566 
19.899999    0.041768 
19.949999    -0.077107 


Reverse Correlation Function   