Time    Magnitude 

0.000000    -24.303425 
0.050000    -13.834169 
0.100000    1.747247 
0.150000    -10.123515 
0.200000    5.374238 
0.250000    10.011082 
0.300000    2.180404 
0.350000    15.409137 
0.400000    41.464039 
0.450000    10.606036 
0.500000    15.801149 
0.550000    -12.783165 
0.600000    -38.976646 
0.650000    -11.450357 
0.700000    -17.730494 
0.750000    -27.406300 
0.800000    -16.845030 
0.850000    -1.035047 
0.900000    0.522134 
0.950000    29.080938 
1.000000    14.128477 
1.050000    47.031059 
1.100000    24.790848 
1.150000    -6.456566 
1.200000    22.196028 
1.250000    -20.324104 
1.300000    -1.367381 
1.350000    -20.668999 
1.400000    4.089379 
1.450000    -10.951400 
1.500000    0.694101 
1.550000    16.886040 
1.600000    34.872849 
1.650000    18.207081 
1.700000    19.396641 
1.750000    28.357038 
1.800000    23.472826 
1.850000    12.097096 
1.900000    -19.358080 
1.950000    -7.651997 
2.000000    8.691570 
2.050000    -34.825596 
2.100000    -17.240978 
2.150000    -2.473570 
2.200000    16.949482 
2.250000    19.373384 
2.300000    16.504547 
2.350000    22.133713 
2.400000    -2.400889 
2.450000    -39.456402 
2.500000    -35.055908 
2.550000    -53.272881 
2.600000    -90.005424 
2.650000    -70.742851 
2.700000    -50.501705 
2.750000    3.310604 
2.800000    64.024368 
2.850000    141.843109 
2.900000    158.369171 
2.950000    185.639267 
3.000000    127.630455 
3.050000    41.325516 
3.100000    -59.224373 
3.150000    -131.441177 
3.200000    -208.247559 
3.250000    -240.009628 
3.300000    -185.972946 
3.350000    -133.938263 
3.400000    -32.399982 
3.450000    58.057583 
3.500000    130.412964 
3.550000    170.543915 
3.600000    185.828735 
3.650000    138.539185 
3.700000    101.978279 
3.750000    28.266996 
3.800000    -51.950363 
3.850000    -115.042374 
3.900000    -153.503082 
3.950000    -134.853683 
4.000000    -103.898712 
4.050000    -28.565516 
4.100000    34.356487 
4.150000    89.932129 
4.200000    105.746391 
4.250000    117.860619 
4.300000    105.510712 
4.350000    66.606598 
4.400000    33.175076 
4.450000    -41.922943 
4.500000    -46.900433 
4.550000    -107.215919 
4.600000    -56.637459 
4.650000    -56.979641 
4.700000    -40.306599 
4.750000    28.357479 
4.800000    51.902359 
4.850000    52.695724 
4.900000    66.436569 
4.950000    51.674316 
5.000000    24.486229 
5.050000    12.481688 
5.100000    -10.961841 
5.150000    -26.242491 
5.200000    -27.443346 
5.250000    -31.265596 
5.300000    -24.926287 
5.350000    -8.543958 
5.400000    4.507916 
5.450000    48.738056 
5.500000    47.934566 
5.550000    50.956940 
5.600000    34.348389 
5.650000    2.141084 
5.700000    -0.447769 
5.750000    0.682619 
5.800000    -25.098906 
5.850000    -34.039822 
5.900000    10.238788 
5.950000    -18.179525 
6.000000    28.176727 
6.050000    27.861475 
6.100000    32.736412 
6.150000    74.683960 
6.200000    17.982094 
6.250000    16.161060 
6.300000    -8.794910 
6.350000    0.420436 
6.400000    -23.989092 
6.450000    -33.046116 
6.500000    -28.724651 
6.550000    -1.007919 
6.600000    8.359096 
6.650000    24.158175 
6.700000    1.354634 
6.750000    6.455446 
6.800000    17.454437 
6.850000    44.715725 
6.900000    14.666925 
6.950000    0.735185 
7.000000    -12.304750 
7.050000    -40.877975 
7.100000    -25.099289 
7.150000    0.695578 
7.200000    -10.976935 
7.250000    11.039927 
7.300000    14.277389 
7.350000    15.554772 
7.400000    15.661175 
7.450000    40.705700 
7.500000    26.479849 
7.550000    7.197081 
7.600000    3.130501 
7.650000    -10.636374 
7.700000    21.993046 
7.750000    4.062102 
7.800000    -0.674381 
7.850000    3.944592 
7.900000    -13.683851 
7.950000    22.949461 
8.000000    18.804268 
8.050000    16.463650 
8.100000    -0.340840 
8.150000    15.563220 
8.200000    7.423944 
8.250000    6.785645 
8.300000    3.183335 
8.350000    -5.281928 
8.400000    1.194377 
8.450000    -11.304273 
8.500000    -14.139452 
8.550000    -20.228605 
8.600000    -9.746590 
8.650000    -11.578871 
8.700000    -5.971285 
8.750000    6.332810 
8.800000    16.692940 
8.850000    -12.822216 
8.900000    -5.113589 
8.950000    -9.554976 
9.000000    -14.297931 
9.050000    -18.028889 
9.100000    -24.581156 
9.150000    -0.417224 
9.200000    -3.628979 
9.250000    -15.276611 
9.300000    13.836356 
9.350000    -3.855465 
9.400000    2.071919 
9.450000    7.084067 
9.500000    0.425313 
9.550000    18.415199 
9.600000    -6.543978 
9.650000    -17.155039 
9.700000    -18.458694 
9.750000    -12.562617 
9.800000    4.762486 
9.850000    3.024919 
9.900000    -0.687914 
9.950000    -4.282253 
10.000000    2.543187 
10.050000    23.252705 
10.100000    22.474983 
10.150000    19.408522 
10.200000    2.039642 
10.250000    -2.504830 
10.300000    21.356737 
10.350000    -9.664076 
10.400000    -25.436232 
10.450000    -30.033550 
10.500000    14.214102 
10.550000    -8.689808 
10.600000    -22.349018 
10.650000    -10.613551 
10.700000    21.503328 
10.750000    -9.093166 
10.800000    10.707753 
10.850000    14.234298 
10.900000    -10.571218 
10.950000    -19.074722 
11.000000    -8.202103 
11.050000    12.252371 
11.100000    -5.627439 
11.150000    5.027802 
11.200000    11.739057 
11.250000    -4.216815 
11.300000    5.905515 
11.350000    -6.850161 
11.400000    9.829900 
11.450000    5.857682 
11.500000    24.393175 
11.550000    10.751690 
11.600000    6.429048 
11.650000    2.023616 
11.700000    13.774204 
11.750000    25.799967 
11.800000    13.528339 
11.850000    1.772191 
11.900000    15.950036 
11.950000    -0.618746 
12.000000    13.942369 
12.050000    12.574316 
12.100000    7.586320 
12.150000    1.898007 
12.200000    -2.212846 
12.250000    -18.674629 
12.300000    5.632769 
12.350000    -18.096945 
12.400000    -4.960613 
12.450000    30.795155 
12.500000    14.794481 
12.550000    30.227299 
12.600000    -7.417227 
12.650000    24.645384 
12.700000    20.427259 
12.750000    25.297428 
12.800000    -0.398580 
12.850000    6.938237 
12.900000    4.618258 
12.950000    14.578624 
13.000000    6.801508 
13.050000    -10.157681 
13.100000    22.219868 
13.150000    9.115655 
13.200000    0.494279 
13.250000    -7.860782 
13.300000    5.339867 
13.350000    -16.420248 
13.400000    0.819686 
13.450000    -14.452762 
13.500000    28.942741 
13.550000    8.230975 
13.600000    -7.589866 
13.650000    42.313316 
13.700000    26.980318 
13.750000    21.912146 
13.800000    -4.997005 
13.850000    -1.737702 
13.900000    -6.220701 
13.950000    -30.185947 
14.000000    -0.708949 
14.050000    7.236998 
14.100000    13.771068 
14.150000    -12.428693 
14.200000    18.409399 
14.250000    14.965037 
14.300000    28.606834 
14.350000    3.002154 
14.400000    19.111933 
14.450000    5.839730 
14.500000    9.634507 
14.550000    5.949065 
14.600000    -22.949192 
14.650000    6.810521 
14.700000    -20.016994 
14.750000    1.211331 
14.800000    -8.146655 
14.850000    11.755967 
14.900000    33.688911 
14.950000    6.198272 
15.000000    21.906311 
15.050000    4.486498 
15.100000    -16.759548 
15.150000    18.145325 
15.200000    -6.509966 
15.250000    -6.187941 
15.300000    -16.321472 
15.350000    1.419278 
15.400000    7.944827 
15.450000    7.352616 
15.500000    -5.972005 
15.550000    14.882119 
15.600000    8.601154 
15.650000    1.659418 
15.700000    23.947315 
15.750000    -2.719509 
15.800000    -26.240902 
15.850000    18.705818 
15.900000    -6.456589 
15.950000    -26.801037 
16.000000    12.163914 
16.050000    11.216517 
16.100000    16.152664 
16.150000    0.964785 
16.200000    8.886903 
16.250000    -14.160707 
16.300000    7.145317 
16.350000    24.350412 
16.400000    -9.060719 
16.450000    6.635650 
16.500000    31.513121 
16.550000    5.048603 
16.600000    -4.448025 
16.650000    -19.232754 
16.700000    5.178008 
16.750000    0.678640 
16.800000    -3.368658 
16.850000    19.908239 
16.900000    3.527492 
16.950000    -8.298018 
17.000000    -26.400303 
17.050000    -0.205135 
17.100000    -8.057542 
17.150000    -7.954429 
17.200000    13.973198 
17.250000    14.073947 
17.300000    -32.196484 
17.350000    6.210127 
17.400000    9.118676 
17.450000    3.072542 
17.500000    -0.890385 
17.550000    3.273959 
17.600000    17.724890 
17.650000    5.277620 
17.700000    -10.310158 
17.750000    -8.740877 
17.800000    -16.760757 
17.850000    -11.849009 
17.900000    -5.193605 
17.950000    -2.213719 
18.000000    4.985914 
18.050000    20.814335 
18.100000    13.745024 
18.150000    18.087357 
18.200000    21.848816 
18.250000    -15.192060 
18.300000    -3.628065 
18.350000    -20.070112 
18.400000    -11.528841 
18.450000    -20.454866 
18.500000    -19.137205 
18.550000    -7.009595 
18.600000    3.883076 
18.650000    28.103691 
18.700000    38.068768 
18.750000    28.946978 
18.800000    2.867870 
18.850000    16.126307 
18.900000    15.641068 
18.950000    18.326342 
19.000000    -16.843136 
19.050000    10.996644 
19.100000    -15.272673 
19.150000    -10.986671 
19.200000    -12.139100 
19.250000    -19.694181 
19.300000    -8.925220 
19.350000    16.223221 
19.400000    9.508310 
19.450000    0.335454 
19.500000    11.882001 
19.550000    13.229660 
19.600000    0.369661 
19.650000    4.593478 
19.700000    9.014482 
19.750000    7.495534 
19.799999    13.101238 
19.849999    -4.550775 
19.899999    -13.430754 
19.949999    -1.559236 


Reverse Correlation Function   