Time    Magnitude 

0.000000    0.665755 
0.050000    0.863364 
0.100000    0.039491 
0.150000    0.603407 
0.200000    -2.416654 
0.250000    0.549739 
0.300000    0.322958 
0.350000    0.049409 
0.400000    -0.481861 
0.450000    0.310455 
0.500000    1.491992 
0.550000    0.871418 
0.600000    -0.019911 
0.650000    0.421762 
0.700000    1.517949 
0.750000    0.652475 
0.800000    0.656204 
0.850000    -0.374622 
0.900000    0.320745 
0.950000    0.336749 
1.000000    1.817424 
1.050000    1.419984 
1.100000    0.488783 
1.150000    -2.424083 
1.200000    -1.625239 
1.250000    -0.325675 
1.300000    -0.005018 
1.350000    2.404875 
1.400000    0.784737 
1.450000    -0.401021 
1.500000    -0.453145 
1.550000    -1.662030 
1.600000    -0.308749 
1.650000    -0.687200 
1.700000    1.677916 
1.750000    0.788355 
1.800000    0.863486 
1.850000    1.122563 
1.900000    -0.725411 
1.950000    -0.522009 
2.000000    0.340927 
2.050000    -0.447311 
2.100000    -2.834319 
2.150000    -2.355667 
2.200000    -3.518089 
2.250000    -1.951281 
2.300000    2.375731 
2.350000    5.258017 
2.400000    6.462646 
2.450000    6.272338 
2.500000    4.890746 
2.550000    -3.791825 
2.600000    -9.025482 
2.650000    -10.174819 
2.700000    -4.299509 
2.750000    2.599332 
2.800000    8.373241 
2.850000    10.111070 
2.900000    4.530554 
2.950000    -0.351067 
3.000000    -7.731153 
3.050000    -8.564744 
3.100000    -3.119331 
3.150000    2.735029 
3.200000    8.766962 
3.250000    6.703083 
3.300000    2.192870 
3.350000    -6.250027 
3.400000    -9.505334 
3.450000    -10.567739 
3.500000    -2.874926 
3.550000    4.657030 
3.600000    8.242057 
3.650000    9.920085 
3.700000    5.452015 
3.750000    -3.327635 
3.800000    -6.004055 
3.850000    -5.995761 
3.900000    -3.355914 
3.950000    3.537478 
4.000000    4.451415 
4.050000    5.750066 
4.100000    1.492984 
4.150000    -3.694000 
4.200000    -3.239119 
4.250000    -3.757769 
4.300000    -1.947856 
4.350000    2.692490 
4.400000    4.137182 
4.450000    3.470818 
4.500000    -0.075242 
4.550000    -2.559820 
4.600000    -3.594083 
4.650000    -2.103511 
4.700000    -1.865001 
4.750000    2.080385 
4.800000    2.263410 
4.850000    2.202615 
4.900000    -0.058297 
4.950000    -0.296452 
5.000000    -2.394491 
5.050000    1.745716 
5.100000    0.733886 
5.150000    0.086525 
5.200000    -0.925545 
5.250000    0.730141 
5.300000    -1.160795 
5.350000    -2.061333 
5.400000    0.484294 
5.450000    -1.295126 
5.500000    1.151563 
5.550000    1.671328 
5.600000    0.899122 
5.650000    -1.639848 
5.700000    -1.144528 
5.750000    0.315592 
5.800000    -0.631267 
5.850000    1.177029 
5.900000    -0.825223 
5.950000    -1.466875 
6.000000    2.389845 
6.050000    -1.911596 
6.100000    -0.868187 
6.150000    1.049847 
6.200000    -0.159858 
6.250000    1.199470 
6.300000    -1.845103 
6.350000    1.374436 
6.400000    1.119450 
6.450000    -1.065889 
6.500000    -0.046713 
6.550000    1.452563 
6.600000    0.919578 
6.650000    -0.855273 
6.700000    -0.210745 
6.750000    1.016526 
6.800000    0.115464 
6.850000    0.804584 
6.900000    -1.094826 
6.950000    -0.095087 
7.000000    -0.461987 
7.050000    1.923191 
7.100000    -0.551351 
7.150000    0.092787 
7.200000    0.494635 
7.250000    1.038942 
7.300000    0.463351 
7.350000    -0.267801 
7.400000    -0.292728 
7.450000    -1.072275 
7.500000    -0.004646 
7.550000    0.430976 
7.600000    1.319506 
7.650000    0.372044 
7.700000    0.187419 
7.750000    0.009075 
7.800000    -0.666788 
7.850000    -2.327986 
7.900000    -0.605532 
7.950000    -2.263456 
8.000000    0.268052 
8.050000    -0.582339 
8.100000    0.225950 
8.150000    -0.016319 
8.200000    0.806562 
8.250000    -2.108985 
8.300000    -0.633815 
8.350000    -0.978289 
8.400000    0.537707 
8.450000    1.005255 
8.500000    0.618673 
8.550000    1.203104 
8.600000    0.726271 
8.650000    0.067765 
8.700000    -1.042064 
8.750000    0.045648 
8.800000    0.798521 
8.850000    -0.310568 
8.900000    0.630481 
8.950000    1.201732 
9.000000    1.178934 
9.050000    -0.612305 
9.100000    -0.037907 
9.150000    -0.830777 
9.200000    1.209825 
9.250000    0.864211 
9.300000    -0.023324 
9.350000    -0.179761 
9.400000    1.306397 
9.450000    0.539631 
9.500000    -1.266355 
9.550000    1.439616 
9.600000    3.001234 
9.650000    0.515561 
9.700000    1.117979 
9.750000    0.562855 
9.800000    0.209097 
9.850000    -0.124768 
9.900000    -0.075777 
9.950000    -0.083347 
10.000000    1.099685 
10.050000    0.418503 
10.100000    0.035342 
10.150000    -0.526139 
10.200000    1.391996 
10.250000    0.317246 
10.300000    0.696795 
10.350000    -0.506580 
10.400000    -2.534737 
10.450000    0.072178 
10.500000    0.731518 
10.550000    0.138817 
10.600000    1.818165 
10.650000    0.082149 
10.700000    -0.812335 
10.750000    -0.253367 
10.800000    -0.610534 
10.850000    -0.911023 
10.900000    -0.458084 
10.950000    -0.506963 
11.000000    1.221009 
11.050000    1.713740 
11.100000    1.330884 
11.150000    0.176491 
11.200000    0.418274 
11.250000    0.630244 
11.300000    -0.128632 
11.350000    0.258799 
11.400000    0.169771 
11.450000    0.543423 
11.500000    -1.327646 
11.550000    -1.414397 
11.600000    -0.059755 
11.650000    -1.070388 
11.700000    0.665729 
11.750000    1.649344 
11.800000    -0.216828 
11.850000    -0.124730 
11.900000    2.029268 
11.950000    1.108876 
12.000000    -1.424144 
12.050000    -1.279222 
12.100000    1.657017 
12.150000    0.886645 
12.200000    -0.564323 
12.250000    0.668047 
12.300000    -0.311516 
12.350000    0.438916 
12.400000    0.381925 
12.450000    -0.523393 
12.500000    -1.736404 
12.550000    0.875442 
12.600000    0.371214 
12.650000    -0.065617 
12.700000    -0.586419 
12.750000    -0.836202 
12.800000    -0.236173 
12.850000    -0.808762 
12.900000    0.299670 
12.950000    0.097543 
13.000000    -2.398425 
13.050000    1.535661 
13.100000    -0.129682 
13.150000    1.234130 
13.200000    -2.013980 
13.250000    0.053804 
13.300000    0.590619 
13.350000    0.003452 
13.400000    0.247822 
13.450000    0.917819 
13.500000    -1.383056 
13.550000    -0.169237 
13.600000    -0.672662 
13.650000    1.337181 
13.700000    -1.714433 
13.750000    0.390398 
13.800000    -0.211064 
13.850000    2.696936 
13.900000    -0.145701 
13.950000    0.916403 
14.000000    0.014210 
14.050000    1.032934 
14.100000    0.610242 
14.150000    -1.608299 
14.200000    -0.128642 
14.250000    -0.087772 
14.300000    0.864146 
14.350000    0.878159 
14.400000    1.196307 
14.450000    0.090063 
14.500000    0.025198 
14.550000    0.049313 
14.600000    -0.508590 
14.650000    0.323994 
14.700000    -0.671245 
14.750000    0.137491 
14.800000    0.657830 
14.850000    -1.545970 
14.900000    1.422544 
14.950000    -1.346039 
15.000000    0.253180 
15.050000    0.144406 
15.100000    -0.241782 
15.150000    -1.344268 
15.200000    0.017794 
15.250000    -0.054692 
15.300000    0.589386 
15.350000    0.625437 
15.400000    1.516408 
15.450000    0.689898 
15.500000    1.097701 
15.550000    0.252986 
15.600000    0.821586 
15.650000    0.547997 
15.700000    0.029621 
15.750000    0.081164 
15.800000    -0.437284 
15.850000    1.694516 
15.900000    -1.094286 
15.950000    -0.936052 
16.000000    -0.245406 
16.050000    -0.161092 
16.100000    -0.903629 
16.150000    1.197896 
16.200000    1.876646 
16.250000    0.613814 
16.300000    0.028754 
16.350000    0.725464 
16.400000    -0.440195 
16.450000    0.836511 
16.500000    0.910022 
16.550000    2.279228 
16.600000    1.593707 
16.650000    0.563189 
16.700000    0.362852 
16.750000    1.019972 
16.800000    1.241207 
16.850000    1.542303 
16.900000    1.171736 
16.950000    1.465297 
17.000000    0.182692 
17.050000    -1.080731 
17.100000    1.912766 
17.150000    0.233022 
17.200000    -1.226314 
17.250000    0.166317 
17.300000    0.200131 
17.350000    0.376257 
17.400000    0.098454 
17.450000    0.810024 
17.500000    1.243575 
17.550000    1.758850 
17.600000    -2.062659 
17.650000    -0.598484 
17.700000    1.756369 
17.750000    0.248631 
17.800000    -0.514823 
17.850000    0.500078 
17.900000    0.999570 
17.950000    -0.118755 
18.000000    -1.053728 
18.050000    0.950403 
18.100000    1.708768 
18.150000    -0.082875 
18.200000    0.373155 
18.250000    2.663846 
18.300000    0.511016 
18.350000    0.481715 
18.400000    0.801092 
18.450000    -0.814123 
18.500000    1.079148 
18.550000    0.898862 
18.600000    2.229398 
18.650000    0.506766 
18.700000    0.296463 
18.750000    1.352933 
18.800000    0.537294 
18.850000    0.426339 
18.900000    0.239248 
18.950000    0.816698 
19.000000    -0.406181 
19.050000    1.643312 
19.100000    2.052399 
19.150000    0.408833 
19.200000    -0.206331 
19.250000    0.744798 
19.300000    0.373048 
19.350000    0.436742 
19.400000    0.757937 
19.450000    -1.001108 
19.500000    -0.054012 
19.550000    -1.278471 
19.600000    1.157764 
19.650000    1.764539 
19.700000    -0.344166 
19.750000    0.588232 
19.799999    -0.156057 
19.849999    -1.357340 
19.899999    -0.045733 
19.949999    -0.083807 


Reverse Correlation Function   