Time    Magnitude 

0.000000    1.069131 
0.050000    -0.758933 
0.100000    -0.350118 
0.150000    -3.127942 
0.200000    -3.242027 
0.250000    0.793480 
0.300000    1.791317 
0.350000    0.136871 
0.400000    -1.318148 
0.450000    3.272225 
0.500000    3.474385 
0.550000    0.456274 
0.600000    0.166113 
0.650000    3.962808 
0.700000    -0.304504 
0.750000    -0.091233 
0.800000    1.565890 
0.850000    -1.156099 
0.900000    -1.935130 
0.950000    0.381420 
1.000000    -2.450732 
1.050000    -0.844383 
1.100000    1.527910 
1.150000    -0.400172 
1.200000    -0.972499 
1.250000    -3.777025 
1.300000    1.626260 
1.350000    2.139366 
1.400000    0.996070 
1.450000    -0.011286 
1.500000    -0.018178 
1.550000    0.988960 
1.600000    -1.839688 
1.650000    0.167114 
1.700000    -1.368908 
1.750000    2.282402 
1.800000    1.683721 
1.850000    0.055761 
1.900000    1.811691 
1.950000    1.661617 
2.000000    0.340586 
2.050000    3.666928 
2.100000    -6.055151 
2.150000    -7.934410 
2.200000    -10.378576 
2.250000    -8.941389 
2.300000    -0.189668 
2.350000    1.437517 
2.400000    12.097781 
2.450000    12.056867 
2.500000    7.167313 
2.550000    0.936157 
2.600000    -6.777799 
2.650000    -16.015932 
2.700000    -8.349627 
2.750000    1.184712 
2.800000    16.256796 
2.850000    14.239393 
2.900000    8.725133 
2.950000    -3.986171 
3.000000    -12.700600 
3.050000    -14.465991 
3.100000    -6.784587 
3.150000    1.806054 
3.200000    11.953878 
3.250000    15.719465 
3.300000    7.199063 
3.350000    -1.497375 
3.400000    -12.904278 
3.450000    -16.804291 
3.500000    -7.007601 
3.550000    1.128404 
3.600000    10.064386 
3.650000    11.049092 
3.700000    11.627668 
3.750000    -3.059524 
3.800000    -10.482758 
3.850000    -12.154312 
3.900000    -5.496182 
3.950000    1.015596 
4.000000    6.461226 
4.050000    8.792265 
4.100000    2.710266 
4.150000    -1.797806 
4.200000    -5.864110 
4.250000    -9.543334 
4.300000    -1.393162 
4.350000    -2.763653 
4.400000    7.849562 
4.450000    8.379186 
4.500000    2.981699 
4.550000    -1.410167 
4.600000    -1.487031 
4.650000    -5.274660 
4.700000    -1.231802 
4.750000    3.438431 
4.800000    3.926149 
4.850000    -2.269408 
4.900000    4.794866 
4.950000    -4.749202 
5.000000    -1.029660 
5.050000    -4.706599 
5.100000    -2.206813 
5.150000    1.998076 
5.200000    -0.606998 
5.250000    -2.006137 
5.300000    -2.060708 
5.350000    -3.388271 
5.400000    -0.981560 
5.450000    -1.528159 
5.500000    -0.625541 
5.550000    0.271468 
5.600000    -3.152384 
5.650000    2.290033 
5.700000    -1.164222 
5.750000    -4.508375 
5.800000    0.929608 
5.850000    -0.861382 
5.900000    -0.332681 
5.950000    -2.771248 
6.000000    -0.040656 
6.050000    -2.495485 
6.100000    -1.673049 
6.150000    -1.503244 
6.200000    1.946690 
6.250000    1.533578 
6.300000    -2.278517 
6.350000    0.905891 
6.400000    0.169943 
6.450000    0.172359 
6.500000    -2.723260 
6.550000    1.107862 
6.600000    -0.261458 
6.650000    0.658989 
6.700000    -3.082999 
6.750000    -1.075801 
6.800000    3.126378 
6.850000    0.192738 
6.900000    -1.692969 
6.950000    3.133548 
7.000000    2.819290 
7.050000    -2.378852 
7.100000    0.796705 
7.150000    -2.860631 
7.200000    1.731744 
7.250000    -0.494489 
7.300000    -0.724630 
7.350000    -1.592465 
7.400000    -0.118073 
7.450000    -2.788409 
7.500000    -1.196572 
7.550000    1.132055 
7.600000    -1.135039 
7.650000    -1.216980 
7.700000    0.714164 
7.750000    1.394600 
7.800000    1.571688 
7.850000    0.408427 
7.900000    0.049041 
7.950000    -5.324090 
8.000000    -0.993380 
8.050000    -0.743596 
8.100000    2.515752 
8.150000    0.090422 
8.200000    -1.989243 
8.250000    -0.502478 
8.300000    -0.011786 
8.350000    -0.251502 
8.400000    -0.816311 
8.450000    -1.320128 
8.500000    1.190010 
8.550000    0.761202 
8.600000    -0.627025 
8.650000    -2.091476 
8.700000    2.844547 
8.750000    1.247804 
8.800000    2.341390 
8.850000    1.300494 
8.900000    4.218359 
8.950000    -2.589353 
9.000000    0.582995 
9.050000    2.203552 
9.100000    -3.834882 
9.150000    1.354213 
9.200000    1.583136 
9.250000    5.369195 
9.300000    -0.295212 
9.350000    -4.050511 
9.400000    -5.264962 
9.450000    -1.343267 
9.500000    1.509377 
9.550000    -1.369775 
9.600000    1.842689 
9.650000    2.238303 
9.700000    0.357065 
9.750000    1.205108 
9.800000    0.295263 
9.850000    0.874497 
9.900000    0.876783 
9.950000    -1.846082 
10.000000    1.565610 
10.050000    2.356892 
10.100000    2.250261 
10.150000    -0.173309 
10.200000    2.646627 
10.250000    -5.599112 
10.300000    2.123324 
10.350000    -0.735769 
10.400000    -1.665697 
10.450000    2.038955 
10.500000    1.719760 
10.550000    0.770788 
10.600000    2.778009 
10.650000    1.158078 
10.700000    -0.485954 
10.750000    2.716962 
10.800000    -2.003809 
10.850000    2.039474 
10.900000    0.261846 
10.950000    -1.689373 
11.000000    0.825022 
11.050000    -0.675770 
11.100000    4.623749 
11.150000    2.624186 
11.200000    -0.475318 
11.250000    0.889717 
11.300000    1.139146 
11.350000    -0.778899 
11.400000    3.256722 
11.450000    2.596170 
11.500000    2.378926 
11.550000    -1.296483 
11.600000    0.993162 
11.650000    -0.325012 
11.700000    1.471321 
11.750000    -1.502372 
11.800000    -2.452601 
11.850000    0.364828 
11.900000    1.725530 
11.950000    -0.904271 
12.000000    -1.771726 
12.050000    0.632190 
12.100000    1.406301 
12.150000    2.801049 
12.200000    -2.160705 
12.250000    -0.407521 
12.300000    -2.125950 
12.350000    2.811989 
12.400000    -0.141556 
12.450000    1.634369 
12.500000    -1.963142 
12.550000    0.879517 
12.600000    -5.059265 
12.650000    2.329483 
12.700000    2.230236 
12.750000    -0.432990 
12.800000    0.133888 
12.850000    -2.797495 
12.900000    -0.902882 
12.950000    2.647705 
13.000000    -2.212912 
13.050000    0.598975 
13.100000    2.016429 
13.150000    0.267033 
13.200000    -0.434984 
13.250000    -0.992047 
13.300000    -0.155084 
13.350000    -4.144778 
13.400000    -0.485774 
13.450000    2.150576 
13.500000    1.875810 
13.550000    4.960706 
13.600000    -2.422192 
13.650000    -0.305324 
13.700000    0.469648 
13.750000    -0.676848 
13.800000    0.042621 
13.850000    1.265514 
13.900000    -1.826606 
13.950000    -1.783062 
14.000000    -2.766111 
14.050000    -4.393065 
14.100000    -2.182077 
14.150000    -4.835464 
14.200000    -0.670802 
14.250000    1.155806 
14.300000    1.336360 
14.350000    0.556066 
14.400000    -0.738641 
14.450000    -1.887021 
14.500000    1.594197 
14.550000    0.701326 
14.600000    -0.115629 
14.650000    -1.527790 
14.700000    1.981106 
14.750000    -2.330891 
14.800000    -0.077403 
14.850000    -0.721617 
14.900000    -4.501833 
14.950000    0.414484 
15.000000    -1.978579 
15.050000    -0.091897 
15.100000    1.901620 
15.150000    -0.826032 
15.200000    2.227597 
15.250000    -2.569676 
15.300000    -0.159494 
15.350000    2.193836 
15.400000    -1.602765 
15.450000    -2.180453 
15.500000    -0.265212 
15.550000    1.882548 
15.600000    -3.167084 
15.650000    2.655792 
15.700000    0.011034 
15.750000    1.629848 
15.800000    0.255221 
15.850000    0.292063 
15.900000    0.387728 
15.950000    0.717952 
16.000000    2.801591 
16.050000    -0.434621 
16.100000    0.492454 
16.150000    -1.208833 
16.200000    2.113857 
16.250000    -2.515285 
16.300000    -0.519250 
16.350000    -0.071646 
16.400000    0.315435 
16.450000    1.859188 
16.500000    -2.252692 
16.550000    0.903433 
16.600000    2.242946 
16.650000    -1.062738 
16.700000    -0.311016 
16.750000    -2.545578 
16.800000    1.483200 
16.850000    1.942248 
16.900000    1.510397 
16.950000    4.401219 
17.000000    2.794294 
17.050000    0.649404 
17.100000    3.709442 
17.150000    -2.037886 
17.200000    -1.131881 
17.250000    -1.505521 
17.300000    2.549160 
17.350000    -1.395515 
17.400000    -1.315672 
17.450000    -3.597798 
17.500000    -3.855614 
17.550000    1.217997 
17.600000    2.561615 
17.650000    0.875024 
17.700000    3.441746 
17.750000    0.998383 
17.800000    -1.191691 
17.850000    2.038895 
17.900000    0.236543 
17.950000    -0.022992 
18.000000    1.122715 
18.050000    3.876372 
18.100000    0.257870 
18.150000    2.720068 
18.200000    -1.042352 
18.250000    3.341897 
18.300000    0.250087 
18.350000    5.903641 
18.400000    1.530230 
18.450000    5.192101 
18.500000    -1.916216 
18.550000    1.395551 
18.600000    1.491432 
18.650000    -0.944122 
18.700000    1.150087 
18.750000    0.490924 
18.800000    -0.396306 
18.850000    1.760318 
18.900000    -1.992358 
18.950000    0.898785 
19.000000    1.550826 
19.050000    1.815486 
19.100000    -1.102892 
19.150000    3.012386 
19.200000    5.091878 
19.250000    1.935618 
19.300000    0.974898 
19.350000    -3.064933 
19.400000    -1.746012 
19.450000    2.543005 
19.500000    -1.237176 
19.550000    1.180337 
19.600000    -0.798951 
19.650000    -5.043492 
19.700000    1.150717 
19.750000    1.022041 
19.799999    3.183535 
19.849999    -5.169842 
19.899999    0.086003 
19.949999    -0.721084 


Reverse Correlation Function   