Time    Magnitude 

0.000000    -4.895952 
0.050000    -18.351639 
0.100000    -9.249655 
0.150000    -2.883691 
0.200000    7.472697 
0.250000    15.338565 
0.300000    -15.237524 
0.350000    -11.265488 
0.400000    14.419469 
0.450000    9.639980 
0.500000    7.564475 
0.550000    32.220936 
0.600000    23.613508 
0.650000    -1.122873 
0.700000    3.879556 
0.750000    -13.501924 
0.800000    -1.383772 
0.850000    -35.160183 
0.900000    18.117136 
0.950000    5.872966 
1.000000    -10.363228 
1.050000    9.448733 
1.100000    1.467060 
1.150000    4.484409 
1.200000    -10.376287 
1.250000    -9.452627 
1.300000    -3.927527 
1.350000    11.759484 
1.400000    -16.585680 
1.450000    -11.746881 
1.500000    -9.754856 
1.550000    -0.645334 
1.600000    -0.061227 
1.650000    -0.404512 
1.700000    10.177532 
1.750000    -9.399891 
1.800000    11.087737 
1.850000    27.570938 
1.900000    20.821407 
1.950000    24.769831 
2.000000    -30.286434 
2.050000    -58.265358 
2.100000    -112.289314 
2.150000    -87.412727 
2.200000    -64.003685 
2.250000    6.902816 
2.300000    106.116913 
2.350000    178.619385 
2.400000    179.110138 
2.450000    67.705750 
2.500000    -71.813301 
2.550000    -144.436188 
2.600000    -133.922119 
2.650000    -91.876617 
2.700000    15.059145 
2.750000    112.596214 
2.800000    100.914619 
2.850000    60.192554 
2.900000    -70.091370 
2.950000    -102.166588 
3.000000    -115.646164 
3.050000    -9.215632 
3.100000    105.268967 
3.150000    120.741188 
3.200000    114.298088 
3.250000    23.884279 
3.300000    -75.640686 
3.350000    -130.647858 
3.400000    -93.087059 
3.450000    -24.446833 
3.500000    71.039207 
3.550000    127.515907 
3.600000    99.830231 
3.650000    36.309021 
3.700000    -50.139240 
3.750000    -90.552109 
3.800000    -67.324715 
3.850000    -13.713539 
3.900000    48.042225 
3.950000    54.708885 
4.000000    56.888386 
4.050000    -21.136490 
4.100000    -54.223297 
4.150000    -61.547897 
4.200000    -13.652567 
4.250000    -5.708250 
4.300000    21.895752 
4.350000    44.700951 
4.400000    58.018608 
4.450000    0.400357 
4.500000    -16.589031 
4.550000    -28.722359 
4.600000    -19.910818 
4.650000    24.350159 
4.700000    0.643827 
4.750000    -2.392990 
4.800000    1.226917 
4.850000    19.776657 
4.900000    5.250928 
4.950000    -14.747943 
5.000000    13.734877 
5.050000    14.079805 
5.100000    0.403190 
5.150000    -9.006232 
5.200000    -5.656855 
5.250000    -18.039640 
5.300000    -13.200282 
5.350000    -13.147642 
5.400000    28.289240 
5.450000    1.150359 
5.500000    22.221846 
5.550000    -0.989620 
5.600000    -14.803873 
5.650000    -5.870924 
5.700000    11.983185 
5.750000    -6.190504 
5.800000    -0.767811 
5.850000    11.513230 
5.900000    -22.932047 
5.950000    21.882353 
6.000000    1.336324 
6.050000    7.858401 
6.100000    -11.155961 
6.150000    0.448729 
6.200000    12.128842 
6.250000    3.550232 
6.300000    23.619301 
6.350000    -7.408964 
6.400000    -11.417208 
6.450000    -7.348364 
6.500000    17.036167 
6.550000    -13.895321 
6.600000    3.653516 
6.650000    -9.302521 
6.700000    -13.499031 
6.750000    1.690036 
6.800000    24.657307 
6.850000    3.258566 
6.900000    -5.432335 
6.950000    -1.610483 
7.000000    -23.303289 
7.050000    27.746666 
7.100000    -6.266732 
7.150000    12.715476 
7.200000    -10.036600 
7.250000    1.301453 
7.300000    -13.255626 
7.350000    -10.314389 
7.400000    -18.031738 
7.450000    1.456676 
7.500000    -6.573266 
7.550000    2.227693 
7.600000    5.807690 
7.650000    12.592589 
7.700000    -1.860293 
7.750000    -24.044737 
7.800000    3.675825 
7.850000    3.029888 
7.900000    0.353566 
7.950000    -10.951837 
8.000000    -3.719757 
8.050000    21.234756 
8.100000    14.291333 
8.150000    -19.003010 
8.200000    9.275498 
8.250000    10.283704 
8.300000    -3.509690 
8.350000    36.285332 
8.400000    -1.222526 
8.450000    -1.236220 
8.500000    -27.392927 
8.550000    -6.173324 
8.600000    -37.316223 
8.650000    -0.135995 
8.700000    -2.006025 
8.750000    19.953568 
8.800000    26.027264 
8.850000    10.889436 
8.900000    -14.260428 
8.950000    -13.279609 
9.000000    2.157749 
9.050000    4.932408 
9.100000    -7.572702 
9.150000    -20.838278 
9.200000    12.578774 
9.250000    -1.287984 
9.300000    3.404944 
9.350000    -17.897959 
9.400000    -2.698276 
9.450000    -0.027840 
9.500000    20.379673 
9.550000    -2.975210 
9.600000    -0.323189 
9.650000    13.285892 
9.700000    17.187469 
9.750000    16.951492 
9.800000    2.364473 
9.850000    -12.493809 
9.900000    -15.191124 
9.950000    -1.337412 
10.000000    14.578038 
10.050000    -3.507766 
10.100000    22.183414 
10.150000    8.927812 
10.200000    27.282648 
10.250000    -3.321148 
10.300000    -1.830463 
10.350000    -17.394499 
10.400000    -11.623302 
10.450000    4.001894 
10.500000    -3.905467 
10.550000    -15.899149 
10.600000    11.246496 
10.650000    -5.070304 
10.700000    15.866943 
10.750000    -28.434662 
10.800000    14.019541 
10.850000    11.124278 
10.900000    -25.979584 
10.950000    18.765919 
11.000000    -13.124925 
11.050000    12.249237 
11.100000    11.740117 
11.150000    9.962008 
11.200000    -4.343870 
11.250000    -5.193420 
11.300000    1.285223 
11.350000    -0.489047 
11.400000    39.010147 
11.450000    9.558628 
11.500000    21.834692 
11.550000    0.563953 
11.600000    1.817342 
11.650000    12.793344 
11.700000    15.648430 
11.750000    -12.563732 
11.800000    -15.481303 
11.850000    -2.955885 
11.900000    -8.270354 
11.950000    -3.543217 
12.000000    -12.443447 
12.050000    13.508066 
12.100000    -3.513773 
12.150000    6.775248 
12.200000    -6.382289 
12.250000    -9.564211 
12.300000    -2.383032 
12.350000    -17.742878 
12.400000    -9.467568 
12.450000    5.676358 
12.500000    -15.598709 
12.550000    25.671785 
12.600000    9.894160 
12.650000    0.228754 
12.700000    15.772432 
12.750000    -9.584087 
12.800000    19.291967 
12.850000    18.226774 
12.900000    6.083172 
12.950000    -13.466141 
13.000000    7.465885 
13.050000    -13.612679 
13.100000    -5.592168 
13.150000    -0.213037 
13.200000    10.422368 
13.250000    -11.152116 
13.300000    4.808063 
13.350000    4.660171 
13.400000    -32.249683 
13.450000    -13.481596 
13.500000    18.439241 
13.550000    -19.077763 
13.600000    0.787808 
13.650000    -19.713192 
13.700000    3.854429 
13.750000    -11.594422 
13.800000    -8.741492 
13.850000    -14.694530 
13.900000    3.886170 
13.950000    -5.386112 
14.000000    4.257855 
14.050000    -5.281829 
14.100000    -24.338280 
14.150000    -21.640034 
14.200000    4.230965 
14.250000    2.035236 
14.300000    -16.933483 
14.350000    -10.570801 
14.400000    -4.511622 
14.450000    -2.485007 
14.500000    -10.090723 
14.550000    -22.192743 
14.600000    7.872223 
14.650000    -2.763616 
14.700000    -8.296238 
14.750000    -0.768054 
14.800000    1.585706 
14.850000    -10.445754 
14.900000    2.684578 
14.950000    12.569256 
15.000000    22.748207 
15.050000    7.838699 
15.100000    20.213898 
15.150000    15.601718 
15.200000    4.253721 
15.250000    13.064004 
15.300000    -11.286433 
15.350000    2.452423 
15.400000    13.401536 
15.450000    12.295633 
15.500000    5.921068 
15.550000    -3.020862 
15.600000    -3.573918 
15.650000    -4.725218 
15.700000    19.413359 
15.750000    -13.913877 
15.800000    15.872427 
15.850000    2.639433 
15.900000    28.753937 
15.950000    -7.908454 
16.000000    15.188656 
16.050000    13.962556 
16.100000    8.469209 
16.150000    7.236588 
16.200000    27.104439 
16.250000    5.437464 
16.300000    -14.388428 
16.350000    5.044988 
16.400000    -14.732656 
16.450000    3.244793 
16.500000    -16.633875 
16.550000    0.805973 
16.600000    11.373202 
16.650000    -10.859373 
16.700000    20.570232 
16.750000    -3.389203 
16.800000    16.354626 
16.850000    22.775206 
16.900000    15.946939 
16.950000    18.607397 
17.000000    26.208555 
17.050000    5.088469 
17.100000    -15.391149 
17.150000    -10.245013 
17.200000    9.606785 
17.250000    28.722435 
17.300000    10.791035 
17.350000    11.190520 
17.400000    -10.370913 
17.450000    25.618723 
17.500000    17.636965 
17.550000    -4.136759 
17.600000    24.983156 
17.650000    -3.486280 
17.700000    -29.120729 
17.750000    -24.119753 
17.800000    -13.260922 
17.850000    6.825397 
17.900000    -1.228836 
17.950000    5.242554 
18.000000    18.795622 
18.050000    -10.423521 
18.100000    -9.414463 
18.150000    -3.019053 
18.200000    5.950336 
18.250000    20.753149 
18.300000    19.739399 
18.350000    25.841080 
18.400000    -17.189737 
18.450000    -24.249201 
18.500000    2.769399 
18.550000    10.138651 
18.600000    -1.124441 
18.650000    20.176594 
18.700000    26.124102 
18.750000    11.590615 
18.800000    -5.688471 
18.850000    1.004957 
18.900000    12.287116 
18.950000    -1.995442 
19.000000    9.983184 
19.050000    -0.441445 
19.100000    20.162832 
19.150000    2.606812 
19.200000    14.569301 
19.250000    5.547182 
19.300000    -14.916915 
19.350000    -3.538405 
19.400000    -2.918034 
19.450000    20.403616 
19.500000    17.507454 
19.550000    -10.403295 
19.600000    17.849609 
19.650000    1.614759 
19.700000    -1.870826 
19.750000    2.113512 
19.799999    9.961617 
19.849999    -7.894284 
19.899999    -2.519549 
19.949999    16.426361 


Reverse Correlation Function   