Time    Magnitude 

0.000000    -0.826108 
0.050000    0.020272 
0.100000    -0.133633 
0.150000    -0.297092 
0.200000    0.108363 
0.250000    -0.081662 
0.300000    -0.221097 
0.350000    -0.023325 
0.400000    0.274906 
0.450000    0.223974 
0.500000    0.452540 
0.550000    -0.065391 
0.600000    0.437694 
0.650000    0.118348 
0.700000    0.405209 
0.750000    0.494968 
0.800000    0.358656 
0.850000    -0.412799 
0.900000    -0.385006 
0.950000    0.278744 
1.000000    0.233555 
1.050000    0.120464 
1.100000    -0.086732 
1.150000    -0.220641 
1.200000    0.618108 
1.250000    0.665350 
1.300000    0.158134 
1.350000    -0.054955 
1.400000    0.211755 
1.450000    0.853522 
1.500000    -0.066095 
1.550000    0.158628 
1.600000    0.223838 
1.650000    0.485698 
1.700000    0.763724 
1.750000    0.546006 
1.800000    0.195762 
1.850000    0.097085 
1.900000    -0.319987 
1.950000    -0.725348 
2.000000    -1.406310 
2.050000    -0.729920 
2.100000    -0.086639 
2.150000    0.226363 
2.200000    1.728891 
2.250000    1.115979 
2.300000    0.257040 
2.350000    -1.082227 
2.400000    -1.748030 
2.450000    -1.600468 
2.500000    0.497799 
2.550000    0.545404 
2.600000    1.055579 
2.650000    1.256307 
2.700000    -0.819460 
2.750000    -0.868894 
2.800000    -0.905777 
2.850000    0.278190 
2.900000    1.158189 
2.950000    1.699062 
3.000000    0.936063 
3.050000    0.283246 
3.100000    -0.601781 
3.150000    -0.977052 
3.200000    -0.220220 
3.250000    1.169559 
3.300000    0.693755 
3.350000    0.571570 
3.400000    -0.429710 
3.450000    -1.074404 
3.500000    -0.782514 
3.550000    0.157757 
3.600000    0.592802 
3.650000    -0.411426 
3.700000    0.360227 
3.750000    -0.369454 
3.800000    -0.536133 
3.850000    0.478353 
3.900000    0.269992 
3.950000    0.038255 
4.000000    0.232069 
4.050000    0.244408 
4.100000    -0.101403 
4.150000    0.047195 
4.200000    -0.333840 
4.250000    -0.219645 
4.300000    0.028181 
4.350000    0.324473 
4.400000    0.030143 
4.450000    -0.444848 
4.500000    -0.096263 
4.550000    0.017177 
4.600000    0.155011 
4.650000    -0.227789 
4.700000    -0.446905 
4.750000    0.016410 
4.800000    -0.097407 
4.850000    0.427113 
4.900000    0.400231 
4.950000    0.145042 
5.000000    -0.052291 
5.050000    -0.370858 
5.100000    -0.187173 
5.150000    0.569506 
5.200000    0.262420 
5.250000    -0.226463 
5.300000    0.017862 
5.350000    -0.191751 
5.400000    0.252243 
5.450000    0.468527 
5.500000    -0.052126 
5.550000    -0.107239 
5.600000    -0.026872 
5.650000    0.108042 
5.700000    0.298727 
5.750000    -0.178190 
5.800000    0.153899 
5.850000    0.108041 
5.900000    -0.021749 
5.950000    0.521037 
6.000000    -0.496337 
6.050000    -0.573377 
6.100000    -0.076186 
6.150000    -0.251601 
6.200000    -0.046217 
6.250000    -0.018449 
6.300000    -0.241323 
6.350000    -0.084242 
6.400000    -0.345166 
6.450000    -0.195640 
6.500000    0.205292 
6.550000    0.041468 
6.600000    0.921949 
6.650000    0.040085 
6.700000    0.090855 
6.750000    -0.242658 
6.800000    -0.370839 
6.850000    0.664219 
6.900000    -0.152511 
6.950000    0.330660 
7.000000    -0.405216 
7.050000    0.527532 
7.100000    0.228703 
7.150000    -0.003885 
7.200000    -0.167644 
7.250000    0.869821 
7.300000    -0.289676 
7.350000    0.157728 
7.400000    0.380055 
7.450000    0.072399 
7.500000    0.195728 
7.550000    -0.024169 
7.600000    0.539358 
7.650000    0.499763 
7.700000    0.268855 
7.750000    -0.493799 
7.800000    0.149560 
7.850000    0.303959 
7.900000    0.246246 
7.950000    0.517721 
7.999999    -0.212864 
8.049999    -0.209088 
8.100000    0.595488 
8.150000    -0.456194 
8.200000    0.018443 
8.250000    -0.055866 
8.300000    -0.047697 
8.350000    -0.357979 
8.400000    0.080038 
8.450000    0.486070 
8.500000    0.264871 
8.549999    -0.374677 
8.599999    -0.209814 
8.650000    0.302564 
8.700000    -0.524306 
8.750000    -0.172328 
8.800000    -0.593561 
8.850000    0.474621 
8.900000    -0.002719 
8.950000    0.281635 
9.000000    -0.153705 
9.050000    0.291153 
9.099999    -0.026411 
9.149999    -0.204675 
9.200000    -0.428570 
9.250000    0.176487 
9.300000    0.063353 
9.350000    0.465591 
9.400000    -0.018432 
9.450000    -0.560187 
9.500000    -0.479936 
9.550000    0.753895 
9.600000    0.704026 
9.649999    0.002982 
9.699999    0.019713 
9.750000    0.055758 
9.800000    0.085751 
9.850000    0.212376 
9.900000    -0.473008 
9.950000    -0.320750 
10.000000    0.241825 
10.050000    0.373371 
10.100000    0.070395 
10.150000    0.035624 
10.199999    -0.300366 
10.249999    0.017758 
10.300000    -0.350168 
10.350000    0.323625 
10.400000    -0.064588 
10.450000    -0.196578 
10.500000    0.220099 
10.550000    -0.549897 
10.600000    -0.082591 
10.650000    0.250619 
10.700000    0.505138 
10.749999    0.379728 
10.799999    0.026959 
10.849999    -0.261526 
10.900000    -0.308012 
10.950000    0.080444 
11.000000    0.667867 
11.050000    -0.019704 
11.100000    0.010584 
11.150000    0.366267 
11.200000    -0.243103 
11.250000    0.407961 
11.299999    -0.583287 
11.349999    0.267369 
11.399999    -0.435030 
11.450000    0.273872 
11.500000    0.599220 
11.550000    -0.278670 
11.600000    0.252704 
11.650000    -0.982409 
11.700000    -0.157389 
11.750000    -0.315067 
11.800000    -0.328472 
11.849999    -0.343040 
11.899999    0.243619 
11.949999    -0.013696 
12.000000    0.645267 
12.050000    0.004257 
12.100000    -0.229035 
12.150000    -0.053112 
12.200000    0.056409 
12.250000    -0.299681 
12.300000    -0.052270 
12.350000    0.321041 
12.399999    -0.619132 
12.449999    0.002891 
12.499999    -0.218419 
12.550000    0.465256 
12.600000    0.182317 
12.650000    -0.166489 
12.700000    0.058554 
12.750000    -0.305852 
12.800000    -0.118335 
12.850000    0.623026 
12.900000    -0.207038 
12.949999    0.200162 
12.999999    -0.510193 
13.049999    0.509402 
13.100000    -0.139292 
13.150000    -0.218310 
13.200000    0.327276 
13.250000    0.270950 
13.300000    -0.037293 
13.350000    0.171815 
13.400000    0.149868 
13.450000    -0.525006 
13.499999    0.199782 
13.549999    0.350718 
13.599999    -0.603949 
13.650000    0.421862 
13.700000    0.064671 
13.750000    0.142804 
13.800000    0.266435 
13.850000    -0.159808 
13.900000    -0.154024 
13.950000    0.067290 
14.000000    0.540866 
14.049999    0.098122 
14.099999    0.186491 
14.149999    -0.284708 
14.200000    0.687336 
14.250000    0.880340 
14.300000    -0.057326 
14.350000    -0.405843 
14.400000    -0.438567 
14.450000    -0.225765 
14.500000    -0.065972 
14.549999    -0.304075 
14.599999    -0.175897 
14.649999    0.221862 
14.699999    0.114618 
14.750000    -0.124168 
14.800000    -0.197794 
14.850000    0.471925 
14.900000    0.237565 
14.950000    -0.245929 
15.000000    -0.522255 
15.050000    -0.546291 
15.099999    0.109718 
15.149999    0.414740 
15.199999    -0.506274 
15.249999    0.153865 
15.299999    0.195442 
15.350000    0.313937 
15.400000    0.183842 
15.450000    0.390675 
15.500000    0.000371 
15.550000    -0.119373 
15.600000    0.590919 
15.650000    0.108436 
15.699999    -0.514916 
15.750000    0.289704 
15.799999    0.140861 
15.850000    0.390276 
15.899999    -0.855373 
15.950000    0.247716 
15.999999    0.371502 
16.050000    0.258364 
16.099999    -0.837701 
16.150000    0.372985 
16.200000    -0.083550 
16.249999    0.151098 
16.300000    -0.109722 
16.349999    -0.256506 
16.400000    -0.449870 
16.449999    -0.012896 
16.500000    0.384036 
16.549999    0.258989 
16.600000    0.143517 
16.649999    -0.055434 
16.700000    0.250591 
16.750000    -0.178146 
16.799999    0.318428 
16.850000    0.202081 
16.899999    -0.064547 
16.950000    -0.091492 
16.999999    0.227238 
17.050000    -0.242555 
17.099999    -0.167226 
17.150000    -0.193445 
17.199999    -0.112973 
17.250000    0.251784 
17.300000    0.106185 
17.349999    -0.136376 
17.400000    0.325182 
17.449999    0.313851 
17.500000    0.514820 
17.549999    0.024813 
17.600000    -0.791186 
17.649999    -0.393002 
17.700000    -0.386186 
17.749999    0.131582 
17.800000    0.084392 
17.850000    0.069004 
17.899999    0.532514 
17.950000    0.206502 
17.999999    0.006544 
18.050000    -0.078864 
18.099999    0.925913 
18.150000    0.209191 
18.199999    -0.304164 
18.250000    0.188128 
18.299999    -0.477787 
18.350000    0.309991 
18.400000    -0.002314 
18.449999    -0.126596 
18.500000    -0.296230 
18.549999    0.590762 
18.600000    -0.367454 
18.649999    -0.519898 
18.700000    0.295943 
18.749999    -0.244190 
18.800000    -0.276799 
18.849999    0.059298 
18.900000    0.669973 
18.950000    0.084658 
18.999999    0.672572 
19.050000    -0.560369 
19.099999    0.246419 
19.150000    -0.412203 
19.199999    -0.439728 
19.250000    0.531323 
19.299999    -0.481980 
19.350000    0.278344 
19.399999    0.046574 
19.450000    0.056057 
19.500000    -0.243410 
19.549999    -0.123962 
19.600000    -0.319273 
19.649999    0.024111 
19.700000    0.623054 
19.749999    -0.113479 
19.800000    0.278180 
19.849999    0.340081 
19.900000    0.194236 
19.949999    -0.316809 


Reverse Correlation Function   