Time    Magnitude 

0.000000    0.925733 
0.050000    2.284255 
0.100000    -1.149797 
0.150000    -0.724435 
0.200000    1.586933 
0.250000    0.003217 
0.300000    0.470704 
0.350000    1.081472 
0.400000    0.165915 
0.450000    -0.202858 
0.500000    0.148657 
0.550000    -0.442823 
0.600000    0.184363 
0.650000    0.960409 
0.700000    1.133328 
0.750000    -0.706626 
0.800000    -2.143646 
0.850000    -2.149542 
0.900000    1.005874 
0.950000    -0.278297 
1.000000    -0.892410 
1.050000    -1.924913 
1.100000    0.301840 
1.150000    1.155685 
1.200000    -0.559996 
1.250000    0.963366 
1.300000    0.165776 
1.350000    1.336107 
1.400000    1.059862 
1.450000    0.164124 
1.500000    1.391583 
1.550000    3.090147 
1.600000    0.066940 
1.650000    2.053948 
1.700000    0.589580 
1.750000    -0.484216 
1.800000    1.277808 
1.850000    1.032752 
1.900000    0.606132 
1.950000    -0.654311 
2.000000    -0.005849 
2.050000    -2.402442 
2.100000    -1.482868 
2.150000    0.446628 
2.200000    0.548874 
2.250000    0.304410 
2.300000    1.302853 
2.350000    0.454697 
2.400000    0.534698 
2.450000    0.999114 
2.500000    -0.544815 
2.550000    0.366710 
2.600000    -1.726179 
2.650000    -0.257271 
2.700000    0.380832 
2.750000    2.209803 
2.800000    0.660028 
2.850000    0.734267 
2.900000    1.728780 
2.950000    -0.669445 
3.000000    -1.413171 
3.050000    0.439122 
3.100000    2.669497 
3.150000    2.043819 
3.200000    2.890617 
3.250000    -0.887123 
3.300000    0.198805 
3.350000    0.072769 
3.400000    0.711782 
3.450000    1.469398 
3.500000    -2.184937 
3.550000    -3.407509 
3.600000    -2.777755 
3.650000    -5.609581 
3.700000    -5.911779 
3.750000    -4.188562 
3.800000    -5.876256 
3.850000    -4.161969 
3.900000    -4.139615 
3.950000    -4.224727 
4.000000    -1.894762 
4.050000    -2.224754 
4.100000    -1.271417 
4.150000    0.361921 
4.200000    1.841395 
4.250000    6.217866 
4.300000    9.709565 
4.350000    6.184117 
4.400000    11.092743 
4.450000    12.381121 
4.500000    12.427281 
4.550000    13.721097 
4.600000    12.277887 
4.650000    12.066718 
4.700000    12.213290 
4.750000    10.668431 
4.800000    10.239407 
4.850000    6.543942 
4.900000    8.749822 
4.950000    7.157872 
5.000000    4.294691 
5.050000    0.481987 
5.100000    -2.469175 
5.150000    -4.836083 
5.200000    -7.821205 
5.250000    -9.755116 
5.300000    -11.497456 
5.350000    -11.339586 
5.400000    -15.609045 
5.450000    -17.972059 
5.500000    -13.635348 
5.550000    -16.145342 
5.600000    -16.521235 
5.650000    -15.952702 
5.700000    -14.432497 
5.750000    -11.642017 
5.800000    -11.042163 
5.850000    -7.098845 
5.900000    -4.585067 
5.950000    0.297442 
6.000000    1.778977 
6.050000    2.634125 
6.100000    4.493036 
6.150000    7.563266 
6.200000    9.969435 
6.250000    12.035809 
6.300000    13.466261 
6.350000    11.221923 
6.400000    13.831323 
6.450000    14.769375 
6.500000    12.068002 
6.550000    11.464645 
6.600000    8.926100 
6.650000    13.616980 
6.700000    10.516382 
6.750000    9.297666 
6.800000    8.574192 
6.850000    3.557083 
6.900000    2.807657 
6.950000    1.275960 
7.000000    -1.064345 
7.050000    -1.881958 
7.100000    -4.688581 
7.150000    -5.234107 
7.200000    -8.851193 
7.250000    -8.219687 
7.300000    -8.864199 
7.350000    -11.448154 
7.400000    -11.785553 
7.450000    -10.285840 
7.500000    -9.050849 
7.550000    -7.529143 
7.600000    -9.383575 
7.650000    -6.472978 
7.700000    -6.539866 
7.750000    -4.749506 
7.800000    -1.160065 
7.850000    2.278148 
7.900000    0.718175 
7.950000    2.910625 
7.999999    2.079394 
8.049999    3.102229 
8.100000    4.414403 
8.150000    7.372190 
8.200000    6.514584 
8.250000    7.053100 
8.300000    4.868421 
8.350000    3.409695 
8.400000    5.130129 
8.450000    6.803036 
8.500000    4.914310 
8.549999    4.252697 
8.599999    1.053035 
8.650000    0.872859 
8.700000    -0.992519 
8.750000    -0.105178 
8.800000    -1.405961 
8.850000    -3.468571 
8.900000    -3.965635 
8.950000    -1.894786 
9.000000    -3.804150 
9.050000    -3.645081 
9.099999    -4.041101 
9.149999    -0.232864 
9.200000    -1.507928 
9.250000    -1.847955 
9.300000    -2.040226 
9.350000    -2.727547 
9.400000    -2.021497 
9.450000    -0.966421 
9.500000    -0.141718 
9.550000    -0.392216 
9.600000    0.780283 
9.649999    0.689436 
9.699999    1.632605 
9.750000    2.159104 
9.800000    1.350063 
9.850000    2.420345 
9.900000    -0.481224 
9.950000    0.437096 
10.000000    3.194424 
10.050000    0.933923 
10.100000    2.755849 
10.150000    1.037088 
10.199999    0.369604 
10.249999    1.625184 
10.300000    0.163335 
10.350000    -0.487934 
10.400000    -2.007309 
10.450000    -2.154104 
10.500000    -1.350141 
10.550000    -0.400425 
10.600000    1.291444 
10.650000    -0.997854 
10.700000    -3.158552 
10.749999    -0.958795 
10.799999    0.377109 
10.849999    1.919648 
10.900000    -1.944849 
10.950000    0.495422 
11.000000    0.537950 
11.050000    -2.002016 
11.100000    0.963245 
11.150000    1.815232 
11.200000    -1.555130 
11.250000    0.992141 
11.299999    -0.940762 
11.349999    -1.874220 
11.399999    1.920136 
11.450000    0.194999 
11.500000    1.068928 
11.550000    -1.208505 
11.600000    1.356489 
11.650000    2.663559 
11.700000    1.268698 
11.750000    1.222500 
11.800000    -0.892326 
11.849999    -0.496090 
11.899999    -0.991424 
11.949999    0.960616 
12.000000    2.064334 
12.050000    -1.542046 
12.100000    0.019055 
12.150000    -0.806361 
12.200000    -0.897507 
12.250000    0.015414 
12.300000    -0.197838 
12.350000    -1.385808 
12.399999    -0.833888 
12.449999    0.888020 
12.499999    0.320016 
12.550000    -0.195055 
12.600000    -0.219331 
12.650000    1.109433 
12.700000    -0.355679 
12.750000    0.588868 
12.800000    -0.063042 
12.850000    -0.049474 
12.900000    0.023749 
12.949999    -0.289931 
12.999999    0.304597 
13.049999    -2.161063 
13.100000    -0.983569 
13.150000    0.274629 
13.200000    1.423803 
13.250000    -0.163629 
13.300000    0.983725 
13.350000    0.435285 
13.400000    2.472833 
13.450000    2.173823 
13.499999    1.277149 
13.549999    -0.215448 
13.599999    1.486791 
13.650000    0.446570 
13.700000    -0.245013 
13.750000    -2.504271 
13.800000    -0.773617 
13.850000    -1.049638 
13.900000    -1.093080 
13.950000    0.070911 
14.000000    1.836847 
14.049999    0.578435 
14.099999    1.125668 
14.149999    -0.686538 
14.200000    -0.287951 
14.250000    -0.250211 
14.300000    1.245009 
14.350000    -2.152928 
14.400000    -1.071055 
14.450000    0.820101 
14.500000    -1.209520 
14.549999    0.566863 
14.599999    1.881901 
14.649999    -0.722061 
14.699999    -0.557870 
14.750000    -1.347291 
14.800000    -1.096578 
14.850000    0.835638 
14.900000    -0.229703 
14.950000    2.306315 
15.000000    0.091254 
15.050000    -1.741966 
15.099999    0.479066 
15.149999    -1.676246 
15.199999    -0.299292 
15.249999    1.848588 
15.299999    -1.721655 
15.350000    -0.929053 
15.400000    -1.444129 
15.450000    -0.202877 
15.500000    0.347558 
15.550000    -1.569310 
15.600000    3.114918 
15.650000    -0.470385 
15.699999    0.787434 
15.750000    0.003879 
15.799999    1.268268 
15.850000    1.054418 
15.899999    -0.057531 
15.950000    1.205865 
15.999999    0.855646 
16.050000    1.031321 
16.099999    1.080990 
16.150000    -1.444783 
16.200000    0.090948 
16.249999    -0.253085 
16.300000    -1.218625 
16.349999    -1.661623 
16.400000    -3.929070 
16.449999    -2.122880 
16.500000    -3.469980 
16.549999    -1.419710 
16.600000    -0.929603 
16.649999    -2.750544 
16.700000    -1.657577 
16.750000    -1.434034 
16.799999    -1.918692 
16.850000    -2.402815 
16.899999    -0.451803 
16.950000    0.301220 
16.999999    -2.064157 
17.050000    -0.851581 
17.099999    -1.773453 
17.150000    -1.464486 
17.199999    1.021632 
17.250000    -2.396209 
17.300000    1.250511 
17.349999    0.010741 
17.400000    2.004187 
17.449999    1.797936 
17.500000    0.962927 
17.549999    1.001016 
17.600000    0.457102 
17.649999    -1.945451 
17.700000    0.902065 
17.749999    0.270979 
17.800000    0.170916 
17.850000    2.069858 
17.899999    -1.159695 
17.950000    -1.495801 
17.999999    0.311984 
18.050000    1.357283 
18.099999    -0.306901 
18.150000    -0.743536 
18.199999    -2.992196 
18.250000    -2.167521 
18.299999    0.624637 
18.350000    -4.228690 
18.400000    -1.817285 
18.449999    -2.244461 
18.500000    -1.656630 
18.549999    -3.149445 
18.600000    -1.545687 
18.649999    -0.377699 
18.700000    -0.704497 
18.749999    -0.945267 
18.800000    -0.083798 
18.849999    1.032719 
18.900000    0.020655 
18.950000    -0.061901 
18.999999    -0.230044 
19.050000    2.501763 
19.099999    -0.168700 
19.150000    0.521218 
19.199999    -0.253352 
19.250000    -1.187013 
19.299999    -0.955815 
19.350000    -0.776899 
19.399999    1.566171 
19.450000    0.681403 
19.500000    -0.369067 
19.549999    -0.739666 
19.600000    0.381948 
19.649999    1.203675 
19.700000    1.605703 
19.749999    0.087079 
19.800000    -1.050116 
19.849999    0.266986 
19.900000    -0.930787 
19.949999    -0.377445 


Reverse Correlation Function   