Time    Magnitude 

0.000000    0.152176 
0.050000    -0.718231 
0.100000    0.517199 
0.150000    -0.955164 
0.200000    0.095764 
0.250000    0.120664 
0.300000    0.446173 
0.350000    0.273763 
0.400000    -0.171091 
0.450000    -0.229008 
0.500000    0.411161 
0.550000    0.337471 
0.600000    0.409973 
0.650000    -0.802622 
0.700000    -0.414645 
0.750000    0.569412 
0.800000    0.225137 
0.850000    0.272705 
0.900000    -0.475161 
0.950000    0.123872 
1.000000    0.104639 
1.050000    0.057288 
1.100000    0.148973 
1.150000    0.166768 
1.200000    0.291690 
1.250000    0.757450 
1.300000    1.151374 
1.350000    0.179200 
1.400000    0.160852 
1.450000    -0.221114 
1.500000    -0.625588 
1.550000    0.009920 
1.600000    0.075169 
1.650000    0.314000 
1.700000    -0.083843 
1.750000    0.054150 
1.800000    1.122182 
1.850000    0.427581 
1.900000    0.307834 
1.950000    0.349138 
2.000000    -1.126523 
2.050000    -1.387121 
2.100000    -1.452713 
2.150000    -1.531802 
2.200000    -1.537162 
2.250000    -0.719803 
2.300000    0.601352 
2.350000    2.078409 
2.400000    2.922802 
2.450000    2.634801 
2.500000    2.256808 
2.550000    1.229767 
2.600000    -1.633013 
2.650000    -2.414393 
2.700000    -2.241828 
2.750000    -2.178695 
2.800000    -1.541206 
2.850000    0.534057 
2.900000    1.010125 
2.950000    1.204547 
3.000000    1.920175 
3.050000    -0.407779 
3.100000    -0.972429 
3.150000    -0.904084 
3.200000    -0.819431 
3.250000    -0.570817 
3.300000    -0.163275 
3.350000    0.402225 
3.400000    0.417839 
3.450000    0.214357 
3.500000    -0.196450 
3.550000    -0.327994 
3.600000    -0.389195 
3.650000    0.419025 
3.700000    -0.046203 
3.750000    -0.017477 
3.800000    0.562196 
3.850000    0.402407 
3.900000    0.592172 
3.950000    0.705405 
4.000000    0.151538 
4.050000    -0.209394 
4.100000    -1.179349 
4.150000    -0.190650 
4.200000    -0.529069 
4.250000    1.000693 
4.300000    0.176336 
4.350000    0.106374 
4.400000    0.940030 
4.450000    -0.419705 
4.500000    0.348036 
4.550000    0.097195 
4.600000    0.138925 
4.650000    -0.001333 
4.700000    -0.422718 
4.750000    0.038860 
4.800000    0.086712 
4.850000    -0.540257 
4.900000    0.227491 
4.950000    0.120160 
5.000000    0.577011 
5.050000    0.613005 
5.100000    0.347626 
5.150000    -0.039652 
5.200000    0.174700 
5.250000    -0.170974 
5.300000    -0.546356 
5.350000    0.407938 
5.400000    -0.856759 
5.450000    -0.745913 
5.500000    0.535415 
5.550000    -0.471601 
5.600000    0.473531 
5.650000    0.767091 
5.700000    -0.821430 
5.750000    -0.328675 
5.800000    -0.061743 
5.850000    -1.191820 
5.900000    -0.328971 
5.950000    0.211231 
6.000000    -0.297534 
6.050000    0.070138 
6.100000    0.260481 
6.150000    0.832578 
6.200000    0.156588 
6.250000    0.444410 
6.300000    0.574105 
6.350000    0.089159 
6.400000    -0.206782 
6.450000    0.028349 
6.500000    0.184903 
6.550000    0.554995 
6.600000    0.075816 
6.650000    -0.441090 
6.700000    0.242295 
6.750000    0.453686 
6.800000    0.351702 
6.850000    -0.147185 
6.900000    -0.366298 
6.950000    0.607303 
7.000000    -0.117633 
7.050000    0.431900 
7.100000    -0.073815 
7.150000    0.808089 
7.200000    0.009895 
7.250000    0.319154 
7.300000    -0.051920 
7.350000    0.068049 
7.400000    0.161627 
7.450000    0.339024 
7.500000    0.147117 
7.550000    0.186993 
7.600000    0.041282 
7.650000    0.581143 
7.700000    0.266196 
7.750000    0.733492 
7.800000    0.009425 
7.850000    0.198304 
7.900000    0.733200 
7.950000    0.200184 
7.999999    -0.599694 
8.049999    -0.680648 
8.100000    1.042876 
8.150000    -0.601975 
8.200000    0.212924 
8.250000    0.625318 
8.300000    0.761191 
8.350000    -0.155112 
8.400000    0.000184 
8.450000    0.036707 
8.500000    -0.116777 
8.549999    -0.024116 
8.599999    -0.256150 
8.650000    -0.191178 
8.700000    0.405465 
8.750000    0.609085 
8.800000    -0.371276 
8.850000    0.784771 
8.900000    -0.918171 
8.950000    -0.403571 
9.000000    0.355345 
9.050000    -0.010965 
9.099999    -0.339121 
9.149999    -0.424207 
9.200000    -0.254467 
9.250000    -1.362455 
9.300000    -1.002696 
9.350000    -0.520036 
9.400000    -0.432184 
9.450000    0.136116 
9.500000    -0.355138 
9.550000    0.343606 
9.600000    0.161586 
9.649999    0.859360 
9.699999    0.165900 
9.750000    0.099012 
9.800000    -0.621774 
9.850000    0.549039 
9.900000    0.366292 
9.950000    0.127348 
10.000000    0.026558 
10.050000    0.174994 
10.100000    -0.177817 
10.150000    0.787803 
10.199999    -0.786825 
10.249999    -0.579093 
10.300000    0.273678 
10.350000    0.176520 
10.400000    0.434576 
10.450000    -0.224492 
10.500000    -0.769098 
10.550000    -0.323232 
10.600000    0.267566 
10.650000    -0.606278 
10.700000    -0.293377 
10.749999    0.052732 
10.799999    0.688012 
10.849999    -0.442504 
10.900000    -0.009123 
10.950000    -0.268460 
11.000000    0.030526 
11.050000    -0.471884 
11.100000    0.204068 
11.150000    -0.798639 
11.200000    0.224259 
11.250000    -0.021266 
11.299999    0.114201 
11.349999    0.301293 
11.399999    -0.494275 
11.450000    -0.168220 
11.500000    0.621528 
11.550000    0.338571 
11.600000    -0.752566 
11.650000    -1.149070 
11.700000    -0.089280 
11.750000    0.168450 
11.800000    0.168409 
11.849999    0.440940 
11.899999    1.202515 
11.949999    -0.006204 
12.000000    0.408477 
12.050000    -0.561961 
12.100000    0.384307 
12.150000    -0.173106 
12.200000    0.319272 
12.250000    -0.034093 
12.300000    -0.481833 
12.350000    -0.426657 
12.399999    -0.419378 
12.449999    0.414318 
12.499999    0.366406 
12.550000    -0.942872 
12.600000    0.846919 
12.650000    0.379606 
12.700000    0.208639 
12.750000    0.040981 
12.800000    0.660063 
12.850000    0.277017 
12.900000    0.257837 
12.949999    0.213111 
12.999999    0.272866 
13.049999    0.135878 
13.100000    0.330158 
13.150000    -0.211407 
13.200000    0.528196 
13.250000    -0.301871 
13.300000    -0.059506 
13.350000    0.400635 
13.400000    0.278581 
13.450000    -0.146993 
13.499999    0.218327 
13.549999    -0.063528 
13.599999    -0.573186 
13.650000    0.160558 
13.700000    -0.056797 
13.750000    -0.336851 
13.800000    -0.667285 
13.850000    -0.016210 
13.900000    0.225268 
13.950000    0.458135 
14.000000    -0.681509 
14.049999    -0.259007 
14.099999    -0.146826 
14.149999    0.252611 
14.200000    1.152584 
14.250000    0.402930 
14.300000    0.649203 
14.350000    0.101153 
14.400000    -0.110600 
14.450000    -0.203187 
14.500000    -0.588477 
14.549999    0.659590 
14.599999    -0.496924 
14.649999    0.161857 
14.699999    -0.271777 
14.750000    -0.532415 
14.800000    -0.020870 
14.850000    0.532350 
14.900000    0.435833 
14.950000    0.216950 
15.000000    -0.187549 
15.050000    0.484299 
15.099999    0.042655 
15.149999    0.832606 
15.199999    0.292588 
15.249999    0.079009 
15.299999    0.031853 
15.350000    0.578399 
15.400000    0.127329 
15.450000    -0.413686 
15.500000    0.765463 
15.550000    0.659982 
15.600000    -0.304754 
15.650000    -0.268562 
15.699999    -0.310034 
15.750000    0.196500 
15.799999    0.024369 
15.850000    -0.119518 
15.899999    -0.258760 
15.950000    -0.281793 
15.999999    0.659452 
16.050000    -0.390812 
16.099999    -0.409767 
16.150000    0.110010 
16.200000    -0.230615 
16.249999    0.209054 
16.300000    0.065780 
16.349999    0.265130 
16.400000    0.401081 
16.449999    -0.412519 
16.500000    0.023597 
16.549999    0.316525 
16.600000    -0.021712 
16.649999    0.211419 
16.700000    -0.107172 
16.750000    0.513288 
16.799999    -0.062251 
16.850000    0.332165 
16.899999    -0.153022 
16.950000    -0.134750 
16.999999    0.434433 
17.050000    -0.470979 
17.099999    -0.256157 
17.150000    -0.859855 
17.199999    -0.654088 
17.250000    -0.073032 
17.300000    0.438549 
17.349999    -0.218071 
17.400000    -0.018867 
17.449999    -0.261121 
17.500000    0.457036 
17.549999    0.312111 
17.600000    0.048083 
17.649999    -0.029463 
17.700000    0.725599 
17.749999    -0.346391 
17.800000    -0.212206 
17.850000    1.052833 
17.899999    0.177816 
17.950000    -0.512606 
17.999999    0.173286 
18.050000    0.085224 
18.099999    0.155787 
18.150000    0.419300 
18.199999    -1.096643 
18.250000    -0.102785 
18.299999    -0.026060 
18.350000    0.606291 
18.400000    -0.208442 
18.449999    0.297155 
18.500000    -0.696748 
18.549999    -0.141139 
18.600000    0.396181 
18.649999    0.171256 
18.700000    -0.598656 
18.749999    0.400429 
18.800000    -0.342105 
18.849999    -0.192320 
18.900000    -0.056831 
18.950000    0.225225 
18.999999    0.724094 
19.050000    -0.283775 
19.099999    1.145907 
19.150000    0.051328 
19.199999    -0.248674 
19.250000    -0.742194 
19.299999    -0.278937 
19.350000    -0.150648 
19.399999    0.212083 
19.450000    -0.325825 
19.500000    -0.215075 
19.549999    0.346463 
19.600000    -0.305051 
19.649999    -0.027945 
19.700000    0.013040 
19.749999    0.311095 
19.800000    -0.325770 
19.849999    0.556800 
19.900000    0.457629 
19.949999    0.836562 


Reverse Correlation Function   