Time    Magnitude 

0.000000    -12.281573 
0.050000    -1.082923 
0.100000    13.076674 
0.150000    -3.687536 
0.200000    2.354642 
0.250000    3.245932 
0.300000    -1.141932 
0.350000    5.719063 
0.400000    -1.431299 
0.450000    -6.361304 
0.500000    -9.213173 
0.550000    -8.816148 
0.600000    -7.315682 
0.650000    -2.219840 
0.700000    11.675417 
0.750000    1.756061 
0.800000    8.803288 
0.850000    3.490832 
0.900000    8.341737 
0.950000    9.358679 
1.000000    0.038348 
1.050000    0.392628 
1.100000    -0.339107 
1.150000    2.494579 
1.200000    -1.693535 
1.250000    1.642786 
1.300000    -1.779032 
1.350000    -0.259363 
1.400000    9.584777 
1.450000    -5.013112 
1.500000    -2.825513 
1.550000    -14.825357 
1.600000    -10.063256 
1.650000    0.624180 
1.700000    2.108777 
1.750000    3.348736 
1.800000    16.865555 
1.850000    12.694456 
1.900000    0.987140 
1.950000    4.395056 
2.000000    1.711480 
2.050000    -0.241930 
2.100000    1.248488 
2.150000    5.996964 
2.200000    -3.718868 
2.250000    5.638014 
2.300000    -8.001133 
2.350000    -8.014781 
2.400000    -4.329765 
2.450000    -8.561499 
2.500000    -5.829138 
2.550000    -19.903944 
2.600000    -8.485566 
2.650000    -17.975204 
2.700000    -23.519299 
2.750000    -25.672367 
2.800000    -32.302593 
2.850000    -31.455502 
2.900000    -16.433170 
2.950000    -6.580128 
3.000000    7.102048 
3.050000    32.300682 
3.100000    53.364639 
3.150000    74.271049 
3.200000    85.856094 
3.250000    97.331390 
3.300000    97.473549 
3.350000    73.662788 
3.400000    71.037697 
3.450000    30.867020 
3.500000    -13.402767 
3.550000    -57.192211 
3.600000    -91.676086 
3.650000    -104.864594 
3.700000    -115.724258 
3.750000    -113.752487 
3.800000    -109.773155 
3.850000    -81.613541 
3.900000    -46.230141 
3.950000    -9.149908 
4.000000    29.039289 
4.050000    48.980728 
4.100000    69.209595 
4.150000    76.965363 
4.200000    81.610207 
4.250000    70.209244 
4.300000    46.282433 
4.350000    30.553181 
4.400000    15.553745 
4.450000    -10.274515 
4.500000    -26.292448 
4.550000    -36.814831 
4.600000    -41.616932 
4.650000    -39.578487 
4.700000    -30.142067 
4.750000    -22.233147 
4.800000    -2.463613 
4.850000    6.153222 
4.900000    17.724905 
4.950000    23.937496 
5.000000    36.553196 
5.050000    20.011543 
5.100000    29.422142 
5.150000    24.852760 
5.200000    7.674597 
5.250000    3.926551 
5.300000    -11.971079 
5.350000    -24.216101 
5.400000    -13.305638 
5.450000    -8.259582 
5.500000    -9.761008 
5.550000    -7.265793 
5.600000    -0.253832 
5.650000    3.013741 
5.700000    15.589589 
5.750000    11.498525 
5.800000    16.974257 
5.850000    9.387482 
5.900000    11.145216 
5.950000    11.256359 
6.000000    0.308947 
6.050000    -0.793553 
6.100000    -4.877883 
6.150000    -13.251367 
6.200000    -14.670424 
6.250000    -12.616018 
6.300000    -2.613713 
6.350000    0.329138 
6.400000    3.189570 
6.450000    5.415834 
6.500000    9.804614 
6.550000    -2.787479 
6.600000    0.778306 
6.650000    5.851824 
6.700000    -0.479833 
6.750000    3.271466 
6.800000    -0.665867 
6.850000    7.404796 
6.900000    6.906051 
6.950000    -7.113603 
7.000000    2.942961 
7.050000    1.934059 
7.100000    -0.952056 
7.150000    0.708709 
7.200000    -3.406042 
7.250000    6.858160 
7.300000    7.242140 
7.350000    5.796780 
7.400000    -6.695317 
7.450000    -6.794005 
7.500000    -11.153506 
7.550000    -0.013800 
7.600000    -8.166129 
7.650000    -10.421349 
7.700000    -2.875497 
7.750000    -11.231844 
7.800000    2.937725 
7.850000    4.540436 
7.900000    10.496472 
7.950000    8.358232 
7.999999    12.745502 
8.049999    10.819083 
8.100000    2.328554 
8.150000    6.234165 
8.200000    4.761074 
8.250000    4.573240 
8.300000    0.921197 
8.350000    8.624775 
8.400000    5.472899 
8.450000    -7.499918 
8.500000    -6.356807 
8.549999    -10.189736 
8.599999    -13.592993 
8.650000    -8.059405 
8.700000    -2.909750 
8.750000    -11.286477 
8.800000    14.461180 
8.850000    10.941470 
8.900000    9.485033 
8.950000    -3.673371 
9.000000    8.018609 
9.050000    1.547149 
9.099999    9.602949 
9.149999    6.905471 
9.200000    6.701397 
9.250000    -1.272648 
9.300000    9.644119 
9.350000    -0.930736 
9.400000    -4.153001 
9.450000    -14.292953 
9.500000    -2.068992 
9.550000    7.839277 
9.600000    -5.647025 
9.649999    -0.667190 
9.699999    13.164283 
9.750000    9.149971 
9.800000    0.472216 
9.850000    6.852180 
9.900000    10.798506 
9.950000    12.798273 
10.000000    9.554335 
10.050000    8.347881 
10.100000    -2.947128 
10.150000    -4.402902 
10.199999    -2.852928 
10.249999    -1.402227 
10.300000    8.434468 
10.350000    -0.350852 
10.400000    -4.667268 
10.450000    -8.724289 
10.500000    5.238412 
10.550000    3.453235 
10.600000    9.168408 
10.650000    13.684599 
10.700000    6.572189 
10.749999    -5.455227 
10.799999    -5.628896 
10.849999    10.022867 
10.900000    9.102838 
10.950000    -1.805656 
11.000000    -9.685905 
11.050000    3.737122 
11.100000    -6.925651 
11.150000    0.402521 
11.200000    -0.669766 
11.250000    -13.670506 
11.299999    5.201463 
11.349999    6.769351 
11.399999    1.701805 
11.450000    5.725384 
11.500000    6.680063 
11.550000    3.198429 
11.600000    2.234103 
11.650000    -5.585845 
11.700000    1.773067 
11.750000    -8.227892 
11.800000    2.528168 
11.849999    12.292736 
11.899999    -4.363622 
11.949999    -2.989603 
12.000000    -4.561162 
12.050000    3.453569 
12.100000    3.685260 
12.150000    -11.474771 
12.200000    3.429129 
12.250000    5.024367 
12.300000    3.253814 
12.350000    9.490436 
12.399999    1.786098 
12.449999    3.381956 
12.499999    1.324185 
12.550000    1.174275 
12.600000    1.256903 
12.650000    -9.405257 
12.700000    4.120409 
12.750000    -4.082232 
12.800000    -2.807130 
12.850000    5.210103 
12.900000    7.541518 
12.949999    7.211969 
12.999999    -14.495783 
13.049999    1.991603 
13.100000    -7.713805 
13.150000    -1.075541 
13.200000    -9.771483 
13.250000    -8.028630 
13.300000    6.983508 
13.350000    3.496310 
13.400000    2.117649 
13.450000    -5.383466 
13.499999    3.490555 
13.549999    -0.624048 
13.599999    -19.896578 
13.650000    -0.868632 
13.700000    -6.254723 
13.750000    -7.091857 
13.800000    -9.787137 
13.850000    -4.028619 
13.900000    -10.170684 
13.950000    6.256179 
14.000000    1.478992 
14.049999    -8.676797 
14.099999    4.020048 
14.149999    -0.590634 
14.200000    9.865728 
14.250000    -1.734917 
14.300000    -0.373952 
14.350000    -4.782640 
14.400000    -7.084347 
14.450000    1.399508 
14.500000    0.622657 
14.549999    -0.302482 
14.599999    -6.756639 
14.649999    1.630951 
14.699999    1.664132 
14.750000    -0.382116 
14.800000    -9.666877 
14.850000    -0.823243 
14.900000    -7.271904 
14.950000    2.886949 
15.000000    -3.952031 
15.050000    7.940730 
15.099999    -3.618012 
15.149999    5.104349 
15.199999    5.997671 
15.249999    -2.638522 
15.299999    0.051621 
15.350000    -3.978539 
15.400000    -2.666934 
15.450000    -4.850149 
15.500000    6.890455 
15.550000    3.038534 
15.600000    -3.180448 
15.650000    -0.184955 
15.699999    -0.650252 
15.750000    7.544398 
15.799999    10.988455 
15.850000    2.349703 
15.899999    -7.596745 
15.950000    -1.383887 
15.999999    -7.539511 
16.050000    6.869092 
16.099999    19.769794 
16.150000    1.229580 
16.200000    -1.999409 
16.249999    1.568862 
16.300000    -8.199265 
16.349999    0.059717 
16.400000    2.799048 
16.449999    -2.661253 
16.500000    -8.966003 
16.549999    -7.172498 
16.600000    -2.976699 
16.649999    -10.482071 
16.700000    9.499583 
16.750000    -11.828232 
16.799999    -6.968871 
16.850000    -6.218662 
16.899999    -2.036700 
16.950000    0.655190 
16.999999    12.585851 
17.050000    7.206299 
17.099999    17.383472 
17.150000    2.466869 
17.199999    6.060669 
17.250000    14.985382 
17.300000    3.218588 
17.349999    6.584944 
17.400000    6.283735 
17.449999    2.146262 
17.500000    0.234503 
17.549999    -0.645223 
17.600000    -13.812885 
17.649999    2.057216 
17.700000    -8.676693 
17.749999    -8.051126 
17.800000    -5.109256 
17.850000    2.286436 
17.899999    -16.796579 
17.950000    3.419303 
17.999999    -2.592332 
18.050000    -3.818833 
18.099999    -2.087874 
18.150000    4.511401 
18.199999    -1.413408 
18.250000    5.545901 
18.299999    10.818518 
18.350000    1.797480 
18.400000    6.420343 
18.449999    14.590779 
18.500000    4.935055 
18.549999    10.325083 
18.600000    10.806476 
18.649999    3.899850 
18.700000    -11.401106 
18.749999    -8.976857 
18.800000    -7.458619 
18.849999    -8.200234 
18.900000    -17.718122 
18.950000    -9.163941 
18.999999    7.892570 
19.050000    -2.745448 
19.099999    -4.159247 
19.150000    13.797866 
19.199999    15.860115 
19.250000    -2.147687 
19.299999    18.119917 
19.350000    13.441259 
19.399999    4.251363 
19.450000    -8.014682 
19.500000    2.020499 
19.549999    1.277928 
19.600000    -10.513453 
19.649999    -3.082298 
19.700000    -12.277462 
19.749999    -5.581946 
19.800000    -9.125346 
19.849999    -10.413275 
19.900000    -4.287570 
19.949999    -1.670196 


Reverse Correlation Function   