Time    Magnitude 

0.000000    -0.056738 
0.050000    0.045342 
0.100000    -0.021860 
0.150000    0.044181 
0.200000    -0.062084 
0.250000    0.078646 
0.300000    0.023781 
0.350000    0.029213 
0.400000    0.081834 
0.450000    0.191451 
0.500000    -0.210904 
0.550000    0.255180 
0.600000    -0.029031 
0.650000    0.236552 
0.700000    0.101308 
0.750000    0.025420 
0.800000    -0.355896 
0.850000    -0.030734 
0.900000    -0.329869 
0.950000    -0.103416 
1.000000    0.071219 
1.050000    0.023684 
1.100000    -0.030179 
1.150000    0.256293 
1.200000    -0.156021 
1.250000    0.007105 
1.300000    0.151360 
1.350000    -0.053136 
1.400000    0.105626 
1.450000    0.146401 
1.500000    -0.053971 
1.550000    -0.057147 
1.600000    0.049752 
1.650000    -0.027089 
1.700000    0.135267 
1.750000    -0.016316 
1.800000    0.107560 
1.850000    -0.092627 
1.900000    0.230896 
1.950000    0.092724 
2.000000    -0.003267 
2.050000    -0.005046 
2.100000    0.007820 
2.150000    0.141362 
2.200000    -0.023091 
2.250000    -0.224128 
2.300000    0.164783 
2.350000    -0.360783 
2.400000    -0.007027 
2.450000    0.149403 
2.500000    -0.273381 
2.550000    -0.144109 
2.600000    -0.468558 
2.650000    -0.397826 
2.700000    -0.149353 
2.750000    -0.430660 
2.800000    -0.317739 
2.850000    -0.086544 
2.900000    0.275602 
2.950000    0.836807 
3.000000    0.587392 
3.050000    1.016685 
3.100000    1.358866 
3.150000    1.112943 
3.200000    0.818075 
3.250000    0.207227 
3.300000    -0.172591 
3.350000    -0.442465 
3.400000    -1.021982 
3.450000    -1.068272 
3.500000    -1.309316 
3.550000    -0.959313 
3.600000    -0.470005 
3.650000    0.366167 
3.700000    0.273408 
3.750000    0.813047 
3.800000    0.635040 
3.850000    0.963943 
3.900000    0.905679 
3.950000    0.224131 
4.000000    0.450314 
4.050000    -0.168613 
4.100000    -0.451759 
4.150000    -0.667058 
4.200000    -0.830966 
4.250000    -0.747849 
4.300000    -0.269573 
4.350000    -0.238656 
4.400000    -0.154905 
4.450000    0.291641 
4.500000    0.557559 
4.550000    0.479799 
4.600000    0.530940 
4.650000    0.467154 
4.700000    0.007718 
4.750000    0.103152 
4.800000    -0.049111 
4.850000    -0.176049 
4.900000    -0.349953 
4.950000    0.011078 
5.000000    -0.091835 
5.050000    -0.195534 
5.100000    0.308806 
5.150000    0.202369 
5.200000    0.632045 
5.250000    0.228146 
5.300000    0.215196 
5.350000    -0.015429 
5.400000    0.238047 
5.450000    0.251750 
5.500000    -0.136812 
5.550000    -0.190408 
5.600000    -0.161776 
5.650000    -0.219709 
5.700000    -0.064987 
5.750000    0.180480 
5.800000    0.091515 
5.850000    0.235887 
5.900000    0.229643 
5.950000    0.079607 
6.000000    -0.341940 
6.050000    0.141519 
6.100000    0.415503 
6.150000    -0.092557 
6.200000    -0.071414 
6.250000    0.270905 
6.300000    -0.223242 
6.350000    0.118763 
6.400000    -0.217100 
6.450000    -0.069249 
6.500000    0.187493 
6.550000    0.067737 
6.600000    -0.027664 
6.650000    0.318170 
6.700000    -0.177824 
6.750000    0.064528 
6.800000    0.080142 
6.850000    0.118998 
6.900000    -0.020643 
6.950000    0.361675 
7.000000    0.126853 
7.050000    0.099584 
7.100000    -0.000886 
7.150000    -0.121373 
7.200000    0.155714 
7.250000    -0.220748 
7.300000    -0.055833 
7.350000    -0.116458 
7.400000    -0.016259 
7.450000    -0.242236 
7.500000    -0.073400 
7.550000    -0.042586 
7.600000    0.043053 
7.650000    -0.274539 
7.700000    0.116989 
7.750000    -0.107354 
7.800000    0.084583 
7.850000    0.386189 
7.900000    0.037493 
7.950000    -0.150148 
7.999999    0.011052 
8.049999    -0.060186 
8.100000    -0.153469 
8.150000    -0.202746 
8.200000    0.078853 
8.250000    0.099281 
8.300000    0.026792 
8.350000    0.217448 
8.400000    -0.160521 
8.450000    -0.121347 
8.500000    0.249341 
8.549999    0.312550 
8.599999    0.040957 
8.650000    0.418411 
8.700000    -0.074907 
8.750000    0.372342 
8.800000    0.280623 
8.850000    0.063531 
8.900000    0.111477 
8.950000    0.256283 
9.000000    0.016431 
9.050000    0.328573 
9.099999    0.227528 
9.149999    0.298929 
9.200000    -0.168067 
9.250000    -0.080510 
9.300000    -0.300736 
9.350000    0.114458 
9.400000    0.012916 
9.450000    -0.035063 
9.500000    -0.051313 
9.550000    0.098374 
9.600000    0.405596 
9.649999    -0.032125 
9.699999    0.064837 
9.750000    -0.051563 
9.800000    0.137680 
9.850000    -0.146205 
9.900000    0.048453 
9.950000    -0.075153 
10.000000    -0.051287 
10.050000    0.136416 
10.100000    0.263190 
10.150000    -0.080576 
10.199999    0.214574 
10.249999    -0.291544 
10.300000    0.118048 
10.350000    0.056931 
10.400000    0.299369 
10.450000    -0.057280 
10.500000    0.061541 
10.550000    0.023088 
10.600000    -0.139079 
10.650000    0.073506 
10.700000    -0.156588 
10.749999    0.347870 
10.799999    -0.304179 
10.849999    -0.013403 
10.900000    0.056378 
10.950000    0.253546 
11.000000    -0.020799 
11.050000    0.111867 
11.100000    0.231684 
11.150000    0.265078 
11.200000    0.242679 
11.250000    -0.067919 
11.299999    0.207728 
11.349999    0.150624 
11.399999    0.080387 
11.450000    0.027323 
11.500000    0.004445 
11.550000    0.044534 
11.600000    -0.276068 
11.650000    -0.415531 
11.700000    -0.233958 
11.750000    -0.237151 
11.800000    -0.048069 
11.849999    0.343581 
11.899999    -0.051325 
11.949999    0.278339 
12.000000    -0.104696 
12.050000    -0.104051 
12.100000    0.025694 
12.150000    0.146492 
12.200000    -0.023786 
12.250000    0.250337 
12.300000    -0.093869 
12.350000    0.055445 
12.399999    -0.160683 
12.449999    -0.036266 
12.499999    0.248856 
12.550000    -0.022033 
12.600000    -0.005555 
12.650000    0.032486 
12.700000    -0.150531 
12.750000    0.029310 
12.800000    0.110465 
12.850000    -0.000929 
12.900000    0.069003 
12.949999    0.101908 
12.999999    0.017941 
13.049999    0.292412 
13.100000    0.027441 
13.150000    0.380823 
13.200000    0.091392 
13.250000    0.080813 
13.300000    -0.011597 
13.350000    0.351250 
13.400000    0.320536 
13.450000    0.272071 
13.499999    -0.086918 
13.549999    -0.064389 
13.599999    0.212902 
13.650000    -0.019534 
13.700000    0.181721 
13.750000    0.184448 
13.800000    -0.077476 
13.850000    0.038718 
13.900000    0.144564 
13.950000    0.057483 
14.000000    -0.319767 
14.049999    0.173579 
14.099999    0.188208 
14.149999    0.164533 
14.200000    0.027707 
14.250000    0.268765 
14.300000    -0.113615 
14.350000    -0.253017 
14.400000    -0.078110 
14.450000    -0.006802 
14.500000    0.111133 
14.549999    0.053895 
14.599999    0.155975 
14.649999    0.075213 
14.699999    -0.106165 
14.750000    0.023084 
14.800000    0.037480 
14.850000    0.100121 
14.900000    -0.041847 
14.950000    0.199642 
15.000000    0.079330 
15.050000    0.059991 
15.099999    -0.137979 
15.149999    0.009355 
15.199999    0.072388 
15.249999    0.027764 
15.299999    0.121525 
15.350000    0.239778 
15.400000    0.052373 
15.450000    -0.169209 
15.500000    0.146564 
15.550000    -0.124235 
15.600000    0.087053 
15.650000    0.067321 
15.699999    0.113599 
15.750000    -0.055417 
15.799999    -0.132224 
15.850000    0.053541 
15.899999    -0.154725 
15.950000    0.218135 
15.999999    -0.087285 
16.050000    0.162708 
16.099999    0.054389 
16.150000    -0.230323 
16.200000    -0.011689 
16.249999    0.084797 
16.300000    0.239841 
16.349999    -0.007728 
16.400000    -0.031455 
16.449999    0.052073 
16.500000    -0.248502 
16.549999    0.181913 
16.600000    -0.141048 
16.649999    0.068888 
16.700000    -0.098998 
16.750000    -0.195062 
16.799999    0.166922 
16.850000    0.362729 
16.899999    0.078534 
16.950000    -0.131944 
16.999999    0.379484 
17.050000    0.141133 
17.099999    0.075116 
17.150000    0.141748 
17.199999    -0.128121 
17.250000    0.087303 
17.300000    -0.180095 
17.349999    0.267404 
17.400000    -0.267288 
17.449999    -0.140773 
17.500000    -0.004794 
17.549999    0.164005 
17.600000    -0.036577 
17.649999    -0.023262 
17.700000    0.138696 
17.749999    0.030878 
17.800000    -0.041345 
17.850000    0.218949 
17.899999    0.132427 
17.950000    -0.057095 
17.999999    0.027462 
18.050000    0.005307 
18.099999    0.225375 
18.150000    -0.128873 
18.199999    0.052052 
18.250000    -0.182745 
18.299999    0.170419 
18.350000    0.169275 
18.400000    0.437693 
18.449999    0.204796 
18.500000    0.024949 
18.549999    -0.132632 
18.600000    0.043397 
18.649999    -0.131489 
18.700000    -0.212001 
18.749999    0.019743 
18.800000    0.156306 
18.849999    0.149667 
18.900000    0.406075 
18.950000    -0.060986 
18.999999    0.193112 
19.050000    0.291324 
19.099999    -0.080180 
19.150000    0.370417 
19.199999    -0.054482 
19.250000    -0.201771 
19.299999    0.378004 
19.350000    0.001027 
19.399999    -0.035033 
19.450000    -0.018718 
19.500000    0.174255 
19.549999    0.079679 
19.600000    -0.203138 
19.649999    0.117496 
19.700000    0.019623 
19.749999    0.106329 
19.800000    -0.080784 
19.849999    0.084535 
19.900000    -0.145488 
19.949999    0.208138 


Reverse Correlation Function   