Time    Magnitude 

0.000000    0.142259 
0.050000    0.112552 
0.100000    0.065130 
0.150000    -0.047524 
0.200000    -0.071853 
0.250000    0.055016 
0.300000    0.086469 
0.350000    0.024345 
0.400000    -0.097687 
0.450000    -0.073515 
0.500000    -0.002915 
0.550000    0.097995 
0.600000    0.070878 
0.650000    -0.082255 
0.700000    0.072477 
0.750000    0.102014 
0.800000    0.092898 
0.850000    0.202279 
0.900000    0.122736 
0.950000    -0.051044 
1.000000    0.162745 
1.050000    -0.095403 
1.100000    0.308473 
1.150000    0.099503 
1.200000    0.000117 
1.250000    0.217950 
1.300000    0.094197 
1.350000    0.130308 
1.400000    -0.029413 
1.450000    0.058859 
1.500000    0.038054 
1.550000    -0.040732 
1.600000    0.131369 
1.650000    0.101481 
1.700000    0.032371 
1.750000    -0.087475 
1.800000    0.021171 
1.850000    -0.067525 
1.900000    0.012465 
1.950000    0.125438 
2.000000    -0.074123 
2.050000    0.094718 
2.100000    0.044540 
2.150000    0.042691 
2.200000    -0.063611 
2.250000    0.063277 
2.300000    0.013726 
2.350000    0.134444 
2.400000    -0.087372 
2.450000    0.154838 
2.500000    0.011862 
2.550000    0.124944 
2.600000    0.129466 
2.650000    0.200417 
2.700000    0.026037 
2.750000    0.071886 
2.800000    0.254426 
2.850000    0.034290 
2.900000    0.192627 
2.950000    0.197454 
3.000000    0.111589 
3.050000    -0.063599 
3.100000    0.074267 
3.150000    0.018144 
3.200000    -0.129591 
3.250000    -0.143274 
3.300000    0.063203 
3.350000    0.077783 
3.400000    -0.219408 
3.450000    -0.222143 
3.500000    -0.329097 
3.550000    -0.308479 
3.600000    -0.248521 
3.650000    -0.285248 
3.700000    -0.272597 
3.750000    -0.123412 
3.800000    -0.100526 
3.850000    -0.160375 
3.900000    -0.043728 
3.950000    0.028957 
4.000000    0.056741 
4.050000    0.175207 
4.100000    0.247130 
4.150000    0.401360 
4.200000    0.419256 
4.250000    0.585186 
4.300000    0.591376 
4.350000    0.556863 
4.400000    0.737237 
4.450000    0.739970 
4.500000    0.735549 
4.550000    0.630236 
4.600000    0.606068 
4.650000    0.409802 
4.700000    0.310732 
4.750000    0.167894 
4.800000    0.011843 
4.850000    -0.108828 
4.900000    -0.209862 
4.950000    -0.297281 
5.000000    -0.612468 
5.050000    -0.561533 
5.100000    -0.725404 
5.150000    -0.941520 
5.200000    -0.802535 
5.250000    -0.759265 
5.300000    -0.719131 
5.350000    -0.794508 
5.400000    -0.642132 
5.450000    -0.698145 
5.500000    -0.272359 
5.550000    -0.191557 
5.600000    -0.116645 
5.650000    -0.088462 
5.700000    0.219383 
5.750000    0.192804 
5.800000    0.476584 
5.850000    0.693553 
5.900000    0.644711 
5.950000    0.499280 
6.000000    0.600435 
6.050000    0.836498 
6.100000    0.757241 
6.150000    0.709864 
6.200000    0.549090 
6.250000    0.394760 
6.300000    0.293182 
6.350000    0.306041 
6.400000    0.361137 
6.450000    0.135764 
6.500000    0.106367 
6.550000    -0.038262 
6.600000    -0.114596 
6.650000    -0.173776 
6.700000    -0.469309 
6.750000    -0.546326 
6.800000    -0.627022 
6.850000    -0.377710 
6.900000    -0.459470 
6.950000    -0.572800 
7.000000    -0.601976 
7.050000    -0.593258 
7.100000    -0.357852 
7.150000    -0.342458 
7.200000    -0.043786 
7.250000    0.005814 
7.300000    0.066866 
7.350000    0.023423 
7.400000    0.221985 
7.450000    0.117830 
7.500000    0.352312 
7.550000    0.338506 
7.600000    0.437805 
7.650000    0.353175 
7.700000    0.406935 
7.750000    0.545864 
7.800000    0.431766 
7.850000    0.317875 
7.900000    0.156039 
7.950000    0.106039 
7.999999    0.029489 
8.049999    0.022114 
8.100000    -0.128426 
8.150000    -0.136744 
8.200000    -0.073585 
8.250000    -0.322046 
8.300000    -0.173431 
8.350000    -0.260253 
8.400000    -0.267445 
8.450000    -0.343541 
8.500000    -0.207031 
8.549999    -0.411357 
8.599999    -0.267253 
8.650000    -0.128162 
8.700000    -0.251375 
8.750000    -0.230258 
8.800000    -0.115131 
8.850000    -0.077844 
8.900000    0.003920 
8.950000    0.091530 
9.000000    0.235470 
9.050000    0.350407 
9.099999    0.205719 
9.149999    0.240349 
9.200000    -0.019798 
9.250000    0.331746 
9.300000    0.111361 
9.350000    0.181322 
9.400000    0.215702 
9.450000    0.291505 
9.500000    0.013837 
9.550000    0.132374 
9.600000    0.049880 
9.649999    -0.036414 
9.699999    -0.097320 
9.750000    -0.080601 
9.800000    -0.139203 
9.850000    -0.012125 
9.900000    -0.159767 
9.950000    -0.162894 
10.000000    -0.117305 
10.050000    -0.098508 
10.100000    -0.219429 
10.150000    0.032833 
10.199999    -0.080467 
10.249999    -0.097226 
10.300000    -0.094616 
10.350000    -0.149511 
10.400000    0.046779 
10.450000    0.165783 
10.500000    0.040972 
10.550000    0.030181 
10.600000    0.131486 
10.650000    0.160467 
10.700000    0.135847 
10.749999    0.256466 
10.799999    -0.069617 
10.849999    0.025594 
10.900000    -0.139960 
10.950000    -0.009077 
11.000000    0.094791 
11.050000    0.195343 
11.100000    0.017680 
11.150000    0.047237 
11.200000    -0.013901 
11.250000    -0.052624 
11.299999    0.028967 
11.349999    -0.079574 
11.399999    -0.124558 
11.450000    0.062935 
11.500000    -0.187828 
11.550000    0.020039 
11.600000    0.201747 
11.650000    0.176782 
11.700000    -0.201576 
11.750000    0.086137 
11.800000    -0.150676 
11.849999    -0.074800 
11.899999    0.080541 
11.949999    -0.121777 
12.000000    0.119810 
12.050000    -0.019449 
12.100000    -0.027469 
12.150000    0.106163 
12.200000    0.157158 
12.250000    0.031277 
12.300000    0.104326 
12.350000    0.037819 
12.399999    0.085650 
12.449999    0.253579 
12.499999    0.068154 
12.550000    -0.063941 
12.600000    0.028783 
12.650000    -0.061284 
12.700000    0.149876 
12.750000    -0.140853 
12.800000    0.018918 
12.850000    -0.057849 
12.900000    0.041691 
12.949999    -0.076463 
12.999999    0.106657 
13.049999    0.043277 
13.100000    -0.034918 
13.150000    -0.078003 
13.200000    0.101131 
13.250000    0.199361 
13.300000    0.008132 
13.350000    0.124449 
13.400000    -0.148003 
13.450000    -0.013220 
13.499999    0.001086 
13.549999    -0.053078 
13.599999    0.083603 
13.650000    -0.146546 
13.700000    -0.034680 
13.750000    0.030018 
13.800000    0.188839 
13.850000    0.004942 
13.900000    -0.159340 
13.950000    -0.006271 
14.000000    -0.103436 
14.049999    -0.096555 
14.099999    0.103817 
14.149999    -0.063345 
14.200000    -0.014716 
14.250000    0.150915 
14.300000    -0.019138 
14.350000    -0.059734 
14.400000    -0.060196 
14.450000    -0.039055 
14.500000    0.082236 
14.549999    0.198710 
14.599999    0.125976 
14.649999    -0.174567 
14.699999    -0.033526 
14.750000    0.135454 
14.800000    -0.017042 
14.850000    -0.001156 
14.900000    -0.046998 
14.950000    -0.143495 
15.000000    0.002712 
15.050000    0.059104 
15.099999    -0.031628 
15.149999    0.037157 
15.199999    -0.019411 
15.249999    -0.121977 
15.299999    -0.038582 
15.350000    -0.089433 
15.400000    -0.041757 
15.450000    0.026110 
15.500000    0.076758 
15.550000    -0.097048 
15.600000    -0.143336 
15.650000    0.031955 
15.699999    0.006555 
15.750000    0.040121 
15.799999    -0.127099 
15.850000    0.042518 
15.899999    -0.050387 
15.950000    -0.029670 
15.999999    -0.079228 
16.050000    -0.058631 
16.099999    0.044346 
16.150000    0.000429 
16.200000    -0.062505 
16.249999    -0.048891 
16.300000    -0.038737 
16.349999    0.014461 
16.400000    -0.091297 
16.449999    -0.157379 
16.500000    -0.038224 
16.549999    -0.009797 
16.600000    0.044195 
16.649999    0.117293 
16.700000    0.055771 
16.750000    -0.014993 
16.799999    0.011662 
16.850000    0.040138 
16.899999    -0.002824 
16.950000    0.118119 
16.999999    -0.096686 
17.050000    -0.015612 
17.099999    0.162136 
17.150000    0.005402 
17.199999    0.124367 
17.250000    -0.070333 
17.300000    -0.132030 
17.349999    0.030266 
17.400000    0.026823 
17.449999    -0.000070 
17.500000    -0.118365 
17.549999    0.007557 
17.600000    -0.186953 
17.649999    -0.147263 
17.700000    -0.175767 
17.749999    0.008256 
17.800000    0.020371 
17.850000    -0.077072 
17.899999    0.020349 
17.950000    0.017102 
17.999999    -0.104812 
18.050000    -0.132971 
18.099999    -0.112656 
18.150000    -0.118666 
18.199999    -0.127361 
18.250000    -0.019882 
18.299999    -0.042649 
18.350000    0.052049 
18.400000    -0.051019 
18.449999    0.038517 
18.500000    -0.071024 
18.549999    0.110404 
18.600000    0.137810 
18.649999    0.026188 
18.700000    -0.073492 
18.749999    0.017004 
18.800000    0.082262 
18.849999    0.067777 
18.900000    0.163794 
18.950000    -0.039991 
18.999999    -0.243821 
19.050000    0.012574 
19.099999    -0.087144 
19.150000    -0.130611 
19.199999    -0.069736 
19.250000    0.037039 
19.299999    -0.141780 
19.350000    0.033388 
19.399999    0.119458 
19.450000    -0.010983 
19.500000    0.002023 
19.549999    -0.138728 
19.600000    -0.049946 
19.649999    -0.045262 
19.700000    -0.024530 
19.749999    -0.043483 
19.800000    0.085096 
19.849999    -0.147496 
19.900000    0.074472 
19.949999    -0.057610 


Reverse Correlation Function   