Time    Magnitude 

0.000000    1.010848 
0.050000    -0.638966 
0.100000    0.632368 
0.150000    -1.332449 
0.200000    1.842232 
0.250000    1.624066 
0.300000    2.888245 
0.350000    1.833806 
0.400000    1.464451 
0.450000    1.535582 
0.500000    1.608876 
0.550000    1.821006 
0.600000    1.545408 
0.650000    -0.405286 
0.700000    0.050252 
0.750000    2.191540 
0.800000    -0.957962 
0.850000    -0.662960 
0.900000    -0.314022 
0.950000    -1.025755 
1.000000    -2.637068 
1.050000    -0.430260 
1.100000    0.350636 
1.150000    0.672583 
1.200000    0.876236 
1.250000    -0.576332 
1.300000    0.635456 
1.350000    -2.076391 
1.400000    1.670704 
1.450000    0.027873 
1.500000    -2.860062 
1.550000    -1.367283 
1.600000    -1.874083 
1.650000    2.351938 
1.700000    1.164481 
1.750000    4.176981 
1.800000    2.566284 
1.850000    2.601436 
1.900000    2.202008 
1.950000    -1.051974 
2.000000    -6.329270 
2.050000    -11.775928 
2.100000    -15.080235 
2.150000    -13.764284 
2.200000    -14.040195 
2.250000    -2.224805 
2.300000    10.194779 
2.350000    20.067276 
2.400000    27.870285 
2.450000    23.885382 
2.500000    15.131411 
2.550000    2.876509 
2.600000    -11.946712 
2.650000    -21.029760 
2.700000    -22.893148 
2.750000    -19.944328 
2.800000    -2.562396 
2.850000    7.144824 
2.900000    13.988070 
2.950000    13.039626 
3.000000    8.098264 
3.050000    0.046460 
3.100000    -3.371852 
3.150000    -8.240638 
3.200000    -7.263730 
3.250000    -1.342605 
3.300000    2.816256 
3.350000    6.289865 
3.400000    6.883229 
3.450000    3.897577 
3.500000    0.591295 
3.550000    -0.644186 
3.600000    -4.244349 
3.650000    -0.472915 
3.700000    -0.112523 
3.750000    2.839535 
3.800000    5.323506 
3.850000    5.263416 
3.900000    3.972220 
3.950000    2.123799 
4.000000    -0.301549 
4.050000    0.881350 
4.100000    -1.256968 
4.150000    0.303655 
4.200000    -1.505946 
4.250000    1.177819 
4.300000    1.247139 
4.350000    -1.957351 
4.400000    -0.412731 
4.450000    -0.214907 
4.500000    -0.564620 
4.550000    1.080499 
4.600000    1.134679 
4.650000    -0.863367 
4.700000    -1.732243 
4.750000    -0.307726 
4.800000    0.811416 
4.850000    -1.325999 
4.900000    0.494026 
4.950000    2.211720 
5.000000    1.994145 
5.050000    2.713832 
5.100000    2.084623 
5.150000    0.858761 
5.200000    0.427057 
5.250000    -0.914863 
5.300000    -2.568082 
5.350000    -1.813529 
5.400000    0.574671 
5.450000    3.220000 
5.500000    0.817694 
5.550000    2.692721 
5.600000    0.929789 
5.650000    -0.264381 
5.700000    -1.139581 
5.750000    -3.747874 
5.800000    -1.803115 
5.850000    -4.968584 
5.900000    -2.769513 
5.950000    -0.979575 
6.000000    0.077427 
6.050000    0.427245 
6.100000    0.319103 
6.150000    4.568944 
6.200000    1.684507 
6.250000    1.557701 
6.300000    -0.430259 
6.350000    1.704828 
6.400000    1.547573 
6.450000    -0.281708 
6.500000    1.475135 
6.550000    -0.832460 
6.600000    -1.275900 
6.650000    -1.127225 
6.700000    -1.717234 
6.750000    1.378322 
6.800000    0.456437 
6.850000    -0.690703 
6.900000    -0.712902 
6.950000    -2.181609 
7.000000    -2.403963 
7.050000    -0.400715 
7.100000    -1.125276 
7.150000    3.806085 
7.200000    -0.177042 
7.250000    -0.164107 
7.300000    2.145955 
7.350000    -2.188628 
7.400000    -1.347464 
7.450000    0.542024 
7.500000    -0.585651 
7.550000    -1.184875 
7.600000    -0.199047 
7.650000    2.426400 
7.700000    1.476387 
7.750000    0.754802 
7.800000    2.893698 
7.850000    -0.365968 
7.900000    -0.515122 
7.950000    -1.192661 
7.999999    -1.047497 
8.049999    -0.674362 
8.100000    -0.093467 
8.150000    1.657145 
8.200000    2.201760 
8.250000    2.172754 
8.300000    0.801516 
8.350000    -1.270033 
8.400000    0.601932 
8.450000    -0.516420 
8.500000    -2.140751 
8.549999    -1.147537 
8.599999    -0.233623 
8.650000    3.673035 
8.700000    0.820149 
8.750000    1.003932 
8.800000    1.667586 
8.850000    2.670797 
8.900000    -0.998530 
8.950000    1.279099 
9.000000    1.553319 
9.050000    -0.792194 
9.099999    1.363973 
9.149999    -0.668953 
9.200000    0.220769 
9.250000    -0.158532 
9.300000    -0.091112 
9.350000    -1.847817 
9.400000    1.591627 
9.450000    2.705103 
9.500000    1.130476 
9.550000    -0.141180 
9.600000    1.334213 
9.649999    1.100465 
9.699999    0.657977 
9.750000    -0.718616 
9.800000    -2.801480 
9.850000    0.709779 
9.900000    -0.145523 
9.950000    1.713822 
10.000000    -1.103331 
10.050000    3.176495 
10.100000    -1.591494 
10.150000    0.082903 
10.199999    0.772335 
10.249999    2.455971 
10.300000    1.915356 
10.350000    -0.853060 
10.400000    2.328756 
10.450000    -1.478262 
10.500000    1.053447 
10.550000    2.750297 
10.600000    -1.438621 
10.650000    3.534619 
10.700000    0.935080 
10.749999    -1.299736 
10.799999    0.166412 
10.849999    1.859899 
10.900000    -0.652699 
10.950000    1.451676 
11.000000    -0.230324 
11.050000    1.751942 
11.100000    1.157810 
11.150000    -1.121939 
11.200000    -0.842757 
11.250000    -1.579688 
11.299999    3.721664 
11.349999    -0.967901 
11.399999    0.414485 
11.450000    1.063826 
11.500000    -1.308621 
11.550000    -0.843758 
11.600000    2.089240 
11.650000    0.852367 
11.700000    0.551773 
11.750000    1.715727 
11.800000    0.441738 
11.849999    -2.322750 
11.899999    -1.394429 
11.949999    1.521848 
12.000000    -0.747355 
12.050000    1.729080 
12.100000    0.662378 
12.150000    0.080192 
12.200000    -0.235017 
12.250000    -0.689768 
12.300000    3.278710 
12.350000    -1.904001 
12.399999    -2.360596 
12.449999    2.745546 
12.499999    -1.637320 
12.550000    0.943429 
12.600000    0.442654 
12.650000    -2.052096 
12.700000    0.771101 
12.750000    1.843661 
12.800000    0.036604 
12.850000    -3.218662 
12.900000    1.217012 
12.949999    0.164558 
12.999999    -1.731217 
13.049999    0.130308 
13.100000    -0.831284 
13.150000    -0.277241 
13.200000    3.548844 
13.250000    0.512213 
13.300000    0.538343 
13.350000    2.172395 
13.400000    -0.017600 
13.450000    -2.266199 
13.499999    -1.959764 
13.549999    3.667172 
13.599999    -0.015698 
13.650000    3.313261 
13.700000    1.190831 
13.750000    -0.858504 
13.800000    1.229751 
13.850000    -0.571843 
13.900000    3.430276 
13.950000    0.816276 
14.000000    -1.911746 
14.049999    -1.384970 
14.099999    -1.088809 
14.149999    0.120842 
14.200000    2.293136 
14.250000    0.441873 
14.300000    1.120724 
14.350000    3.821978 
14.400000    3.943494 
14.450000    2.438570 
14.500000    -1.871798 
14.549999    3.179006 
14.599999    1.294214 
14.649999    -1.477814 
14.699999    -0.530855 
14.750000    0.273399 
14.800000    -0.997149 
14.850000    -0.988925 
14.900000    2.164380 
14.950000    -1.285538 
15.000000    -0.135759 
15.050000    0.271819 
15.099999    -1.637326 
15.149999    -0.801076 
15.199999    -2.103366 
15.249999    -3.174714 
15.299999    -0.083591 
15.350000    0.064392 
15.400000    2.848884 
15.450000    2.692370 
15.500000    0.503530 
15.550000    2.698560 
15.600000    -0.377904 
15.650000    -1.538314 
15.699999    -0.117763 
15.750000    0.462151 
15.799999    0.886564 
15.850000    2.439183 
15.899999    0.573885 
15.950000    -0.525629 
15.999999    0.305125 
16.050000    1.366884 
16.099999    -0.871150 
16.150000    0.072544 
16.200000    -0.924768 
16.249999    1.402529 
16.300000    0.894615 
16.349999    -2.707293 
16.400000    0.246601 
16.449999    2.545603 
16.500000    2.463998 
16.549999    0.514155 
16.600000    2.100424 
16.649999    0.499151 
16.700000    -0.140794 
16.750000    0.617905 
16.799999    -1.917707 
16.850000    1.025150 
16.899999    -1.576453 
16.950000    2.234689 
16.999999    0.127178 
17.050000    -2.631314 
17.099999    -0.896838 
17.150000    -5.020000 
17.199999    0.338592 
17.250000    -2.744818 
17.300000    -2.019761 
17.349999    1.082247 
17.400000    1.470362 
17.449999    3.419735 
17.500000    2.224931 
17.549999    -0.039438 
17.600000    1.278510 
17.649999    2.428365 
17.700000    -0.323356 
17.749999    -2.342346 
17.800000    -3.541757 
17.850000    -0.649574 
17.899999    -1.200059 
17.950000    -0.825646 
17.999999    1.583788 
18.050000    0.470285 
18.099999    2.116845 
18.150000    1.605442 
18.199999    1.573038 
18.250000    0.610690 
18.299999    0.369678 
18.350000    -2.508017 
18.400000    0.812581 
18.449999    -0.659963 
18.500000    -1.289358 
18.549999    0.249250 
18.600000    -4.207936 
18.649999    -1.336598 
18.700000    -0.918305 
18.749999    -1.296901 
18.800000    -0.564068 
18.849999    0.039129 
18.900000    2.396310 
18.950000    -0.497370 
18.999999    0.393159 
19.050000    -0.766717 
19.099999    1.153267 
19.150000    0.229401 
19.199999    2.324424 
19.250000    2.516439 
19.299999    2.752284 
19.350000    -2.308633 
19.399999    -1.354998 
19.450000    -3.267405 
19.500000    0.459984 
19.549999    -2.554778 
19.600000    1.768333 
19.649999    0.239996 
19.700000    0.630679 
19.749999    0.221358 
19.800000    3.271328 
19.849999    3.882921 
19.900000    1.317407 
19.949999    -0.154345 


Reverse Correlation Function   