Time    Magnitude 

0.000000    -0.112062 
0.050000    -0.173666 
0.100000    -0.105417 
0.150000    -0.127652 
0.200000    0.016207 
0.250000    -0.010559 
0.300000    0.037709 
0.350000    0.097819 
0.400000    -0.157763 
0.450000    0.133977 
0.500000    -0.152018 
0.550000    0.123115 
0.600000    -0.070914 
0.650000    -0.217054 
0.700000    0.257470 
0.750000    -0.237238 
0.800000    0.123792 
0.850000    -0.118076 
0.900000    -0.026913 
0.950000    -0.255262 
1.000000    0.080431 
1.050000    0.242590 
1.100000    0.264733 
1.150000    -0.025710 
1.200000    -0.123537 
1.250000    -0.050597 
1.300000    -0.026470 
1.350000    -0.020930 
1.400000    -0.032554 
1.450000    -0.205708 
1.500000    -0.066815 
1.550000    -0.135242 
1.600000    -0.182368 
1.650000    0.197884 
1.700000    0.067174 
1.750000    -0.020441 
1.800000    -0.016652 
1.850000    0.181645 
1.900000    -0.063633 
1.950000    -0.038033 
2.000000    0.082803 
2.050000    -0.223647 
2.100000    -0.387865 
2.150000    0.084808 
2.200000    0.057142 
2.250000    -0.056199 
2.300000    0.211752 
2.350000    0.037191 
2.400000    0.248598 
2.450000    0.115810 
2.500000    0.254061 
2.550000    -0.028297 
2.600000    -0.185380 
2.650000    -0.376063 
2.700000    -0.196561 
2.750000    -0.327015 
2.800000    -0.035155 
2.850000    0.087332 
2.900000    -0.134191 
2.950000    0.252933 
3.000000    0.108561 
3.050000    0.053341 
3.100000    0.074397 
3.150000    0.040976 
3.200000    -0.195434 
3.250000    -0.065705 
3.300000    -0.015426 
3.350000    0.229509 
3.400000    0.052916 
3.450000    0.017049 
3.500000    -0.254784 
3.550000    0.044663 
3.600000    -0.005743 
3.650000    -0.022507 
3.700000    0.050330 
3.750000    0.371159 
3.800000    0.138335 
3.850000    -0.088853 
3.900000    0.073603 
3.950000    0.025295 
4.000000    0.191579 
4.050000    -0.060002 
4.100000    -0.049053 
4.150000    0.008196 
4.200000    0.226353 
4.250000    0.028846 
4.300000    0.055507 
4.350000    0.187541 
4.400000    0.003314 
4.450000    0.226088 
4.500000    -0.109489 
4.550000    -0.028084 
4.600000    -0.145097 
4.650000    0.133767 
4.700000    0.023174 
4.750000    -0.082040 
4.800000    0.231155 
4.850000    0.088004 
4.900000    -0.024158 
4.950000    -0.148723 
5.000000    0.050268 
5.050000    -0.007154 
5.100000    -0.058567 
5.150000    0.093173 
5.200000    0.100404 
5.250000    -0.093299 
5.300000    -0.074356 
5.350000    0.094034 
5.400000    -0.072290 
5.450000    0.104962 
5.500000    0.031792 
5.550000    -0.066877 
5.600000    0.065084 
5.650000    0.220267 
5.700000    0.116043 
5.750000    -0.139905 
5.800000    0.111107 
5.850000    -0.048289 
5.900000    -0.052686 
5.950000    0.054476 
6.000000    -0.014270 
6.050000    0.141898 
6.100000    0.001408 
6.150000    0.012385 
6.200000    -0.129817 
6.250000    0.068897 
6.300000    -0.139647 
6.350000    0.092128 
6.400000    0.066693 
6.450000    0.058117 
6.500000    0.030889 
6.550000    0.117023 
6.600000    -0.113348 
6.650000    0.181197 
6.700000    0.080724 
6.750000    0.085682 
6.800000    -0.211596 
6.850000    0.089658 
6.900000    0.051756 
6.950000    0.121375 
7.000000    -0.063248 
7.050000    0.151607 
7.100000    -0.006795 
7.150000    0.027489 
7.200000    -0.162623 
7.250000    0.129294 
7.300000    0.125193 
7.350000    -0.140259 
7.400000    -0.091094 
7.450000    -0.216724 
7.500000    0.096199 
7.550000    -0.005596 
7.600000    0.097848 
7.650000    -0.054741 
7.700000    -0.080696 
7.750000    -0.016782 
7.800000    -0.126069 
7.850000    0.069436 
7.900000    -0.131524 
7.950000    -0.060737 
7.999999    0.041335 
8.049999    0.083676 
8.100000    0.193969 
8.150000    0.101396 
8.200000    -0.044302 
8.250000    -0.068806 
8.300000    -0.047108 
8.350000    -0.135207 
8.400000    0.183737 
8.450000    0.058794 
8.500000    -0.147411 
8.549999    -0.071774 
8.599999    0.099039 
8.650000    -0.192056 
8.700000    -0.194320 
8.750000    0.424700 
8.800000    -0.000673 
8.850000    0.047689 
8.900000    -0.118470 
8.950000    -0.071992 
9.000000    -0.238063 
9.050000    -0.039269 
9.099999    0.071832 
9.149999    -0.173019 
9.200000    0.046469 
9.250000    0.106330 
9.300000    0.129909 
9.350000    -0.101542 
9.400000    0.186176 
9.450000    0.109840 
9.500000    -0.063184 
9.550000    0.022669 
9.600000    0.068664 
9.649999    -0.043217 
9.699999    -0.243316 
9.750000    0.015883 
9.800000    -0.023243 
9.850000    -0.038184 
9.900000    0.011971 
9.950000    0.008342 
10.000000    -0.028563 
10.050000    -0.062029 
10.100000    0.023020 
10.150000    -0.052103 
10.199999    -0.005988 
10.249999    0.316613 
10.300000    -0.098395 
10.350000    0.046321 
10.400000    0.048104 
10.450000    -0.044515 
10.500000    0.125005 
10.550000    -0.033635 
10.600000    0.091460 
10.650000    -0.008564 
10.700000    0.213396 
10.749999    0.060852 
10.799999    -0.143948 
10.849999    0.073111 
10.900000    0.092638 
10.950000    -0.112211 
11.000000    -0.044254 
11.050000    0.014687 
11.100000    0.060217 
11.150000    0.181522 
11.200000    -0.051305 
11.250000    -0.164609 
11.299999    0.037196 
11.349999    0.092273 
11.399999    -0.160800 
11.450000    -0.020477 
11.500000    -0.232847 
11.550000    -0.208609 
11.600000    -0.061786 
11.650000    0.076032 
11.700000    0.019925 
11.750000    0.238728 
11.800000    0.106173 
11.849999    0.155460 
11.899999    -0.076118 
11.949999    0.195334 
12.000000    0.181797 
12.050000    -0.181498 
12.100000    0.291919 
12.150000    -0.109545 
12.200000    0.000728 
12.250000    0.102200 
12.300000    0.075800 
12.350000    -0.029731 
12.399999    0.076656 
12.449999    0.138568 
12.499999    -0.047280 
12.550000    0.023071 
12.600000    0.079373 
12.650000    0.279695 
12.700000    -0.017360 
12.750000    0.000427 
12.800000    0.070845 
12.850000    0.056341 
12.900000    0.105113 
12.949999    0.122788 
12.999999    0.009502 
13.049999    0.201359 
13.100000    0.067444 
13.150000    -0.085472 
13.200000    0.023938 
13.250000    -0.021591 
13.300000    -0.020703 
13.350000    0.019214 
13.400000    -0.075822 
13.450000    -0.125240 
13.499999    -0.101408 
13.549999    0.054618 
13.599999    -0.035501 
13.650000    0.287547 
13.700000    -0.183636 
13.750000    0.027167 
13.800000    0.025484 
13.850000    0.001677 
13.900000    -0.174794 
13.950000    0.053250 
14.000000    -0.028718 
14.049999    -0.039323 
14.099999    -0.066050 
14.149999    0.062373 
14.200000    -0.036535 
14.250000    0.034174 
14.300000    -0.063930 
14.350000    0.159888 
14.400000    -0.042752 
14.450000    0.192091 
14.500000    0.065449 
14.549999    -0.036938 
14.599999    -0.009297 
14.649999    -0.091178 
14.699999    -0.239578 
14.750000    0.243838 
14.800000    -0.008415 
14.850000    0.098678 
14.900000    -0.021939 
14.950000    0.186131 
15.000000    0.187299 
15.050000    0.003710 
15.099999    -0.054806 
15.149999    -0.084390 
15.199999    0.144397 
15.249999    0.046614 
15.299999    0.227913 
15.350000    0.208801 
15.400000    0.043828 
15.450000    0.017942 
15.500000    -0.025272 
15.550000    -0.205683 
15.600000    0.006015 
15.650000    0.077683 
15.699999    -0.111952 
15.750000    0.050587 
15.799999    0.017581 
15.850000    0.075637 
15.899999    -0.017358 
15.950000    -0.031592 
15.999999    0.088945 
16.050000    -0.121375 
16.099999    -0.020859 
16.150000    0.077547 
16.200000    0.084403 
16.249999    0.182222 
16.300000    0.083066 
16.349999    -0.123190 
16.400000    0.120189 
16.449999    -0.045081 
16.500000    -0.034158 
16.549999    -0.073695 
16.600000    -0.067654 
16.649999    0.293261 
16.700000    -0.060689 
16.750000    0.071623 
16.799999    -0.105859 
16.850000    -0.049675 
16.899999    0.144355 
16.950000    -0.052156 
16.999999    -0.125381 
17.050000    0.045776 
17.099999    -0.095233 
17.150000    0.032422 
17.199999    0.248180 
17.250000    0.000584 
17.300000    0.211011 
17.349999    -0.105498 
17.400000    0.022929 
17.449999    -0.238309 
17.500000    0.088554 
17.549999    -0.087174 
17.600000    0.015392 
17.649999    0.014058 
17.700000    0.013066 
17.749999    0.148627 
17.800000    -0.144124 
17.850000    -0.119526 
17.899999    -0.089694 
17.950000    -0.019124 
17.999999    -0.104115 
18.050000    -0.101564 
18.099999    -0.047770 
18.150000    -0.038551 
18.199999    0.130287 
18.250000    0.088601 
18.299999    -0.021400 
18.350000    0.138450 
18.400000    0.089914 
18.449999    -0.010075 
18.500000    0.187690 
18.549999    -0.085500 
18.600000    -0.024829 
18.649999    -0.067535 
18.700000    -0.024342 
18.749999    -0.146775 
18.800000    0.039075 
18.849999    -0.053224 
18.900000    0.103678 
18.950000    -0.178085 
18.999999    -0.144345 
19.050000    0.128956 
19.099999    -0.115656 
19.150000    -0.128424 
19.199999    0.124901 
19.250000    -0.076986 
19.299999    0.065833 
19.350000    0.056293 
19.399999    0.080991 
19.450000    -0.036822 
19.500000    -0.238002 
19.549999    -0.109346 
19.600000    0.015330 
19.649999    -0.097223 
19.700000    -0.093516 
19.749999    0.014770 
19.800000    0.079141 
19.849999    -0.144333 
19.900000    0.008887 
19.949999    -0.083770 


Reverse Correlation Function   