Time    Magnitude 

0.000000    25.750694 
0.050000    11.276016 
0.100000    46.967857 
0.150000    16.872147 
0.200000    -1.079212 
0.250000    10.634983 
0.300000    -12.631947 
0.350000    -3.417743 
0.400000    -7.437066 
0.450000    3.076002 
0.500000    14.120734 
0.550000    21.829456 
0.600000    -14.206459 
0.650000    -22.683207 
0.700000    -9.567914 
0.750000    12.140394 
0.800000    -4.206996 
0.850000    -13.191379 
0.900000    3.110439 
0.950000    -6.901013 
1.000000    -2.806448 
1.050000    -35.366501 
1.100000    10.379111 
1.150000    -18.908760 
1.200000    -0.411349 
1.250000    -13.636048 
1.300000    -2.832418 
1.350000    0.733156 
1.400000    8.993747 
1.450000    -4.282547 
1.500000    -23.790907 
1.550000    -13.863606 
1.600000    -2.890633 
1.650000    -2.333376 
1.700000    2.342843 
1.750000    -15.013219 
1.800000    -3.491755 
1.850000    -18.515877 
1.900000    -4.196835 
1.950000    13.167481 
2.000000    3.170052 
2.050000    -5.167406 
2.100000    13.468232 
2.150000    -7.750521 
2.200000    -0.523732 
2.250000    -17.162270 
2.300000    7.201865 
2.350000    -8.089037 
2.400000    26.777781 
2.450000    32.578941 
2.500000    20.790737 
2.550000    20.140287 
2.600000    25.819836 
2.650000    29.172531 
2.700000    30.622829 
2.750000    19.794285 
2.800000    24.554020 
2.850000    15.334990 
2.900000    26.633785 
2.950000    3.009598 
3.000000    28.352602 
3.050000    23.997677 
3.100000    31.187588 
3.150000    27.986115 
3.200000    52.944111 
3.250000    27.417433 
3.300000    9.921978 
3.350000    45.157387 
3.400000    24.628387 
3.450000    5.643352 
3.500000    -14.654674 
3.550000    -26.588230 
3.600000    -33.159935 
3.650000    -50.563007 
3.700000    -75.241867 
3.750000    -84.575798 
3.800000    -89.002037 
3.850000    -94.348320 
3.900000    -77.697144 
3.950000    -98.563194 
4.000000    -83.235100 
4.050000    -86.383522 
4.100000    -78.273521 
4.150000    -76.299026 
4.200000    -36.347904 
4.250000    -32.440800 
4.300000    -30.105652 
4.350000    44.697147 
4.400000    30.637550 
4.450000    75.177101 
4.500000    106.647522 
4.550000    106.090195 
4.600000    105.995346 
4.650000    141.317734 
4.700000    156.554260 
4.750000    131.838821 
4.800000    138.341492 
4.850000    109.966591 
4.900000    99.565796 
4.950000    112.033012 
5.000000    65.165665 
5.050000    69.248528 
5.100000    9.737963 
5.150000    23.126093 
5.200000    11.393194 
5.250000    -58.906113 
5.300000    -80.954987 
5.350000    -75.362099 
5.400000    -81.561691 
5.450000    -151.045486 
5.500000    -154.433456 
5.550000    -140.693085 
5.600000    -147.004379 
5.650000    -168.903488 
5.700000    -149.313004 
5.750000    -144.757614 
5.800000    -109.101479 
5.850000    -92.063156 
5.900000    -82.146812 
5.950000    -78.078926 
6.000000    -80.723106 
6.050000    -27.900526 
6.100000    3.355179 
6.150000    -0.333612 
6.200000    48.282173 
6.250000    58.438713 
6.300000    27.988152 
6.350000    48.580677 
6.400000    49.949280 
6.450000    81.248222 
6.500000    110.193451 
6.550000    94.168335 
6.600000    62.308891 
6.650000    66.462440 
6.700000    54.120739 
6.750000    42.303665 
6.800000    52.554081 
6.850000    36.425636 
6.900000    34.758610 
6.950000    -1.231555 
7.000000    -12.265354 
7.050000    -4.488512 
7.100000    -14.085762 
7.150000    -21.927509 
7.200000    -30.881643 
7.250000    -2.067297 
7.300000    -40.174137 
7.350000    -32.799271 
7.400000    -7.385473 
7.450000    -39.946213 
7.500000    -51.693760 
7.550000    -55.471924 
7.600000    -39.432716 
7.650000    -34.492268 
7.700000    19.190449 
7.750000    -10.978406 
7.800000    -5.243454 
7.850000    -14.709751 
7.900000    -8.700355 
7.950000    34.011723 
7.999999    21.926022 
8.049999    11.119390 
8.100000    6.030845 
8.150000    14.478847 
8.200000    -1.741186 
8.250000    34.276482 
8.300000    1.404962 
8.350000    3.002643 
8.400000    6.835582 
8.450000    6.970290 
8.500000    -12.119353 
8.549999    14.591648 
8.599999    5.991810 
8.650000    4.669551 
8.700000    8.310787 
8.750000    43.686794 
8.800000    33.184593 
8.850000    23.738796 
8.900000    18.740965 
8.950000    13.235124 
9.000000    -18.815836 
9.050000    11.024538 
9.099999    -27.461102 
9.149999    15.296402 
9.200000    10.773368 
9.250000    25.096369 
9.300000    1.952593 
9.350000    21.028648 
9.400000    -0.881291 
9.450000    38.802673 
9.500000    14.399741 
9.550000    24.113770 
9.600000    6.754417 
9.649999    12.902046 
9.699999    8.052045 
9.750000    -35.858345 
9.800000    14.032647 
9.850000    10.597226 
9.900000    -29.301197 
9.950000    -0.060356 
10.000000    -17.264072 
10.050000    -19.850256 
10.100000    -5.228278 
10.150000    -15.726464 
10.199999    -5.710589 
10.249999    1.371902 
10.300000    -18.296871 
10.350000    -0.548573 
10.400000    2.643092 
10.450000    -15.396846 
10.500000    12.469637 
10.550000    -6.949550 
10.600000    23.728540 
10.650000    8.070583 
10.700000    45.232830 
10.749999    -7.881859 
10.799999    24.224350 
10.849999    27.499338 
10.900000    4.608579 
10.950000    -3.751613 
11.000000    13.577456 
11.050000    32.376457 
11.100000    10.576531 
11.150000    -22.800392 
11.200000    -1.293997 
11.250000    13.496532 
11.299999    -20.810282 
11.349999    7.498434 
11.399999    -8.156509 
11.450000    -16.023972 
11.500000    -35.603069 
11.550000    6.669299 
11.600000    11.733039 
11.650000    25.466370 
11.700000    -6.376393 
11.750000    26.581446 
11.800000    8.634027 
11.849999    -11.314269 
11.899999    2.021295 
11.949999    10.741532 
12.000000    0.944443 
12.050000    19.128830 
12.100000    -9.231947 
12.150000    17.578627 
12.200000    -7.300931 
12.250000    28.169018 
12.300000    9.363020 
12.350000    23.118290 
12.399999    1.299046 
12.449999    12.431304 
12.499999    -1.820512 
12.550000    -18.034477 
12.600000    20.777185 
12.650000    -4.697656 
12.700000    3.563494 
12.750000    -40.702152 
12.800000    -2.345263 
12.850000    5.032120 
12.900000    9.462407 
12.949999    1.566730 
12.999999    -27.080013 
13.049999    14.058075 
13.100000    -4.496302 
13.150000    -19.262175 
13.200000    21.400633 
13.250000    -29.163565 
13.300000    27.269459 
13.350000    -4.007995 
13.400000    -15.566119 
13.450000    4.860946 
13.499999    21.095533 
13.549999    -3.522760 
13.599999    19.716795 
13.650000    1.098313 
13.700000    12.068031 
13.750000    -4.404325 
13.800000    0.068681 
13.850000    21.339493 
13.900000    8.891992 
13.950000    -24.754456 
14.000000    10.711102 
14.049999    18.202471 
14.099999    12.092857 
14.149999    32.776371 
14.200000    -15.960656 
14.250000    -6.315666 
14.300000    4.212293 
14.350000    19.261738 
14.400000    14.917493 
14.450000    19.479023 
14.500000    -0.472892 
14.549999    4.970316 
14.599999    -7.892628 
14.649999    3.281523 
14.699999    3.631161 
14.750000    8.276153 
14.800000    -17.107378 
14.850000    6.149260 
14.900000    -5.923688 
14.950000    -27.756672 
15.000000    -16.579639 
15.050000    -38.491405 
15.099999    -28.599804 
15.149999    2.627508 
15.199999    3.136352 
15.249999    -3.472710 
15.299999    19.704466 
15.350000    -10.576792 
15.400000    -18.048939 
15.450000    23.624315 
15.500000    20.087809 
15.550000    -1.401894 
15.600000    18.687105 
15.650000    22.724449 
15.699999    25.875130 
15.750000    -10.186273 
15.799999    28.083427 
15.850000    -9.981766 
15.899999    25.815136 
15.950000    14.541212 
15.999999    36.770302 
16.050000    6.785381 
16.099999    -6.831081 
16.150000    -8.857726 
16.200000    11.541039 
16.249999    2.478816 
16.300000    -18.765890 
16.349999    18.445395 
16.400000    -25.086462 
16.449999    -6.383535 
16.500000    13.362769 
16.549999    -4.489764 
16.600000    -3.550135 
16.649999    -11.461087 
16.700000    -18.555143 
16.750000    -38.553768 
16.799999    -13.723526 
16.850000    -2.101788 
16.899999    -20.965611 
16.950000    17.811251 
16.999999    -0.650993 
17.050000    5.065693 
17.099999    -29.191086 
17.150000    21.084848 
17.199999    -0.418634 
17.250000    4.286526 
17.300000    2.602488 
17.349999    12.982141 
17.400000    -3.485299 
17.449999    17.640665 
17.500000    -17.821024 
17.549999    5.339306 
17.600000    -5.035438 
17.649999    9.843051 
17.700000    15.727068 
17.749999    22.536070 
17.800000    19.017712 
17.850000    -4.348349 
17.899999    11.017683 
17.950000    -6.933606 
17.999999    28.837257 
18.050000    -23.233793 
18.099999    14.952633 
18.150000    4.826122 
18.199999    -5.142196 
18.250000    10.333542 
18.299999    -46.417110 
18.350000    -18.600010 
18.400000    -0.174397 
18.449999    -13.486574 
18.500000    -41.881302 
18.549999    -0.711741 
18.600000    3.791736 
18.649999    7.659541 
18.700000    -7.444874 
18.749999    1.012664 
18.800000    -12.469536 
18.849999    -4.398978 
18.900000    -14.694618 
18.950000    -26.641218 
18.999999    30.388321 
19.050000    17.691082 
19.099999    7.561439 
19.150000    -15.860159 
19.199999    -8.306963 
19.250000    11.210779 
19.299999    -9.418101 
19.350000    -11.274857 
19.399999    2.399302 
19.450000    -7.593009 
19.500000    11.553808 
19.549999    18.601625 
19.600000    -11.662450 
19.649999    -7.990693 
19.700000    0.482931 
19.749999    -8.968667 
19.800000    -11.359364 
19.849999    10.754136 
19.900000    10.800856 
19.949999    -10.651094 


Reverse Correlation Function   