Time    Magnitude 

0.000000    1.025523 
0.050000    -0.458911 
0.100000    0.922776 
0.150000    -0.641660 
0.200000    -0.897037 
0.250000    0.031003 
0.300000    -0.124662 
0.350000    0.402667 
0.400000    -1.521817 
0.450000    0.662394 
0.500000    -0.271953 
0.550000    -0.675125 
0.600000    0.859511 
0.650000    0.194261 
0.700000    -0.003400 
0.750000    1.035115 
0.800000    -0.085561 
0.850000    -0.455985 
0.900000    -0.805382 
0.950000    -0.307607 
1.000000    -0.364545 
1.050000    0.104955 
1.100000    -0.169366 
1.150000    -0.301431 
1.200000    0.061429 
1.250000    -0.020483 
1.300000    -0.750063 
1.350000    0.752510 
1.400000    0.561265 
1.450000    0.085672 
1.500000    0.670582 
1.550000    1.153398 
1.600000    -0.384712 
1.650000    -0.073772 
1.700000    -0.102044 
1.750000    0.479564 
1.800000    -0.513174 
1.850000    0.996400 
1.900000    0.789142 
1.950000    0.495340 
2.000000    0.323776 
2.050000    0.475690 
2.100000    -0.740068 
2.150000    0.443071 
2.200000    -0.317305 
2.250000    0.304969 
2.300000    -0.745796 
2.350000    0.237206 
2.400000    0.336046 
2.450000    0.354237 
2.500000    -0.557874 
2.550000    -1.889302 
2.600000    -3.076152 
2.650000    -3.043027 
2.700000    -2.455940 
2.750000    -1.544195 
2.800000    -1.459034 
2.850000    0.155012 
2.900000    2.290534 
2.950000    2.810778 
3.000000    5.547735 
3.050000    6.748780 
3.100000    7.050279 
3.150000    7.520178 
3.200000    4.250261 
3.250000    0.918759 
3.300000    -2.517563 
3.350000    -4.963355 
3.400000    -7.254881 
3.450000    -9.011350 
3.500000    -9.104559 
3.550000    -7.049186 
3.600000    -3.472484 
3.650000    -1.273160 
3.700000    2.508558 
3.750000    5.731850 
3.800000    6.929781 
3.850000    7.436145 
3.900000    6.152744 
3.950000    4.048189 
4.000000    2.536503 
4.050000    -0.301460 
4.100000    -4.237045 
4.150000    -4.443860 
4.200000    -4.888870 
4.250000    -3.894569 
4.300000    -2.950209 
4.350000    -1.063122 
4.400000    0.316130 
4.450000    1.808628 
4.500000    3.148352 
4.550000    3.016875 
4.600000    2.538207 
4.650000    2.291736 
4.700000    1.358918 
4.750000    0.211169 
4.800000    -0.959512 
4.850000    -0.935596 
4.900000    -1.853537 
4.950000    -1.517455 
5.000000    -1.276657 
5.050000    -0.144278 
5.100000    1.201522 
5.150000    1.412331 
5.200000    2.094579 
5.250000    1.803768 
5.300000    1.662380 
5.350000    0.274801 
5.400000    -0.534575 
5.450000    -0.071794 
5.500000    -0.532950 
5.550000    -0.153215 
5.600000    -1.230304 
5.650000    -0.697593 
5.700000    0.900642 
5.750000    0.632610 
5.800000    1.255742 
5.850000    1.522978 
5.900000    0.772329 
5.950000    0.498662 
6.000000    0.241458 
6.050000    0.025165 
6.100000    0.479573 
6.150000    -0.921210 
6.200000    -0.057273 
6.250000    0.999288 
6.300000    0.568967 
6.350000    -0.068330 
6.400000    0.040857 
6.450000    0.903870 
6.500000    -0.337763 
6.550000    -0.217714 
6.600000    0.907567 
6.650000    1.061374 
6.700000    0.532397 
6.750000    0.499975 
6.800000    -0.224325 
6.850000    0.890805 
6.900000    0.350386 
6.950000    -0.123634 
7.000000    -0.123741 
7.050000    -0.485519 
7.100000    0.852374 
7.150000    -0.320250 
7.200000    -0.127197 
7.250000    -0.574204 
7.300000    0.051254 
7.350000    -0.919643 
7.400000    -1.148793 
7.450000    -0.533023 
7.500000    1.156971 
7.550000    -0.564703 
7.600000    0.428503 
7.650000    0.945332 
7.700000    1.404338 
7.750000    0.447957 
7.800000    0.014009 
7.850000    0.243958 
7.900000    1.256224 
7.950000    -0.332558 
7.999999    0.135513 
8.049999    0.169308 
8.100000    0.767440 
8.150000    -0.120742 
8.200000    -0.789766 
8.250000    -0.823001 
8.300000    -0.960936 
8.350000    0.878928 
8.400000    0.990892 
8.450000    0.475599 
8.500000    0.761963 
8.549999    0.354431 
8.599999    -0.546307 
8.650000    -0.050964 
8.700000    0.285543 
8.750000    0.386587 
8.800000    -0.818348 
8.850000    -0.701751 
8.900000    0.904833 
8.950000    -0.256003 
9.000000    0.156594 
9.050000    0.358914 
9.099999    -0.039199 
9.149999    -0.334163 
9.200000    -1.110209 
9.250000    -0.796743 
9.300000    -0.453074 
9.350000    -0.787871 
9.400000    -0.680687 
9.450000    -0.196682 
9.500000    0.174889 
9.550000    0.000060 
9.600000    0.646810 
9.649999    0.127415 
9.699999    -0.105557 
9.750000    1.029678 
9.800000    0.213508 
9.850000    -0.360701 
9.900000    0.333637 
9.950000    0.095243 
10.000000    -0.024656 
10.050000    -0.779913 
10.100000    0.101361 
10.150000    0.422170 
10.199999    -0.078528 
10.249999    0.625515 
10.300000    0.808162 
10.350000    -0.009451 
10.400000    0.714116 
10.450000    0.085946 
10.500000    -0.720102 
10.550000    -0.717462 
10.600000    -0.029749 
10.650000    -0.217433 
10.700000    -0.737423 
10.749999    0.563329 
10.799999    0.097970 
10.849999    -0.060014 
10.900000    -0.641624 
10.950000    0.163652 
11.000000    0.453377 
11.050000    0.154043 
11.100000    0.898635 
11.150000    0.565865 
11.200000    -0.396928 
11.250000    0.339211 
11.299999    -0.020749 
11.349999    0.507056 
11.399999    0.487959 
11.450000    0.281890 
11.500000    0.017576 
11.550000    1.530916 
11.600000    1.223817 
11.650000    0.366683 
11.700000    -0.033509 
11.750000    0.093589 
11.800000    -0.036578 
11.849999    -0.015129 
11.899999    0.553535 
11.949999    -0.182239 
12.000000    -0.267351 
12.050000    -1.002016 
12.100000    0.363800 
12.150000    0.381869 
12.200000    0.640458 
12.250000    0.141947 
12.300000    0.365932 
12.350000    0.190554 
12.399999    -1.323671 
12.449999    -0.882655 
12.499999    1.582681 
12.550000    -0.175902 
12.600000    -0.905804 
12.650000    1.186785 
12.700000    0.815687 
12.750000    0.360314 
12.800000    0.961920 
12.850000    0.778814 
12.900000    0.211593 
12.949999    -0.166618 
12.999999    0.491062 
13.049999    -0.485235 
13.100000    0.098867 
13.150000    0.116491 
13.200000    -0.642227 
13.250000    -0.439000 
13.300000    1.160814 
13.350000    -0.934237 
13.400000    0.092378 
13.450000    -0.107482 
13.499999    0.257953 
13.549999    0.075337 
13.599999    0.671686 
13.650000    -0.972666 
13.700000    0.038408 
13.750000    -0.006174 
13.800000    0.478388 
13.850000    -0.913190 
13.900000    0.772808 
13.950000    0.575115 
14.000000    0.406651 
14.049999    0.089060 
14.099999    -0.359852 
14.149999    -0.932447 
14.200000    -0.618640 
14.250000    -0.583587 
14.300000    -0.196802 
14.350000    0.702158 
14.400000    0.585248 
14.450000    -0.608929 
14.500000    1.055934 
14.549999    0.224109 
14.599999    0.248312 
14.649999    -0.690633 
14.699999    -0.081954 
14.750000    -1.010606 
14.800000    -1.193502 
14.850000    0.031780 
14.900000    0.189210 
14.950000    -0.420212 
15.000000    -0.214918 
15.050000    -0.283951 
15.099999    0.733275 
15.149999    -0.215120 
15.199999    0.207708 
15.249999    -0.160987 
15.299999    0.423788 
15.350000    0.971067 
15.400000    0.899240 
15.450000    -0.758750 
15.500000    -0.093345 
15.550000    -0.172629 
15.600000    0.130196 
15.650000    0.932889 
15.699999    0.083718 
15.750000    0.132508 
15.799999    0.057911 
15.850000    -0.270816 
15.899999    0.663890 
15.950000    0.643460 
15.999999    0.359124 
16.050000    0.741715 
16.099999    -0.049370 
16.150000    0.543281 
16.200000    0.247854 
16.249999    0.195305 
16.300000    -0.584739 
16.349999    -0.022615 
16.400000    -0.797869 
16.449999    -0.434424 
16.500000    -0.344538 
16.549999    0.182619 
16.600000    -0.138543 
16.649999    0.349494 
16.700000    -0.038147 
16.750000    -0.316530 
16.799999    0.358248 
16.850000    0.623344 
16.899999    1.124029 
16.950000    0.037674 
16.999999    0.203803 
17.050000    -0.339505 
17.099999    0.462712 
17.150000    0.485296 
17.199999    -0.762679 
17.250000    -0.495196 
17.300000    -0.040124 
17.349999    0.611089 
17.400000    0.326413 
17.449999    -0.645692 
17.500000    0.314709 
17.549999    -0.130374 
17.600000    0.163191 
17.649999    -0.066328 
17.700000    0.181351 
17.749999    1.689928 
17.800000    0.377801 
17.850000    0.103079 
17.899999    0.071264 
17.950000    0.306333 
17.999999    0.387848 
18.050000    -0.584668 
18.099999    -0.156080 
18.150000    -0.018630 
18.199999    0.760248 
18.250000    -0.154675 
18.299999    0.033651 
18.350000    -0.728704 
18.400000    0.412996 
18.449999    -0.081200 
18.500000    0.481836 
18.549999    -0.248536 
18.600000    -0.102460 
18.649999    -0.087646 
18.700000    -1.566291 
18.749999    -0.685821 
18.800000    -1.050914 
18.849999    1.028168 
18.900000    0.714486 
18.950000    0.481425 
18.999999    0.790315 
19.050000    1.400580 
19.099999    0.554998 
19.150000    0.290429 
19.199999    0.990152 
19.250000    -0.115582 
19.299999    0.011203 
19.350000    0.937230 
19.399999    -1.042017 
19.450000    -0.873878 
19.500000    -0.514158 
19.549999    -0.049065 
19.600000    -0.706200 
19.649999    -0.061352 
19.700000    0.169212 
19.749999    0.201207 
19.800000    0.090028 
19.849999    0.899926 
19.900000    1.635422 
19.949999    0.102124 


Reverse Correlation Function   