Time    Magnitude 

0.000000    107.013771 
0.050000    47.939999 
0.100000    48.194305 
0.150000    43.359127 
0.200000    23.188074 
0.250000    26.776138 
0.300000    21.736441 
0.350000    31.722729 
0.400000    59.673599 
0.450000    36.160606 
0.500000    28.579323 
0.550000    70.468979 
0.600000    98.756744 
0.650000    30.940737 
0.700000    29.336845 
0.750000    -11.092342 
0.800000    33.639416 
0.850000    21.727463 
0.900000    -22.966097 
0.950000    -15.340157 
1.000000    10.229548 
1.050000    -7.432470 
1.100000    40.977089 
1.150000    18.112818 
1.200000    3.349787 
1.250000    -50.959736 
1.300000    -33.222099 
1.350000    -28.166073 
1.400000    -2.545139 
1.450000    -46.907337 
1.500000    -9.647814 
1.550000    -59.132679 
1.600000    -22.190912 
1.650000    -38.868904 
1.700000    -53.287464 
1.750000    -24.735813 
1.800000    -0.397821 
1.850000    56.322422 
1.900000    70.991310 
1.950000    114.305481 
2.000000    140.197479 
2.050000    121.668129 
2.100000    85.079155 
2.150000    -50.006908 
2.200000    -205.815704 
2.250000    -383.954803 
2.300000    -414.926025 
2.350000    -346.101715 
2.400000    -134.333008 
2.450000    190.865356 
2.500000    576.865906 
2.550000    839.402161 
2.600000    861.911865 
2.650000    627.184448 
2.700000    207.068100 
2.750000    -231.353394 
2.800000    -665.622803 
2.850000    -872.234253 
2.900000    -682.882202 
2.950000    -385.573090 
3.000000    -20.109369 
3.050000    278.804932 
3.100000    383.868774 
3.150000    318.565521 
3.200000    220.286835 
3.250000    -12.898663 
3.300000    -185.889008 
3.350000    -258.960052 
3.400000    -229.784683 
3.450000    -124.602470 
3.500000    -17.767681 
3.550000    34.200020 
3.600000    82.479980 
3.650000    84.311836 
3.700000    98.704636 
3.750000    21.365599 
3.800000    13.832624 
3.850000    15.695055 
3.900000    24.127272 
3.950000    56.123711 
4.000000    30.160027 
4.050000    29.059393 
4.100000    17.412180 
4.150000    6.456669 
4.200000    40.762058 
4.250000    39.981083 
4.300000    23.578449 
4.350000    -1.394293 
4.400000    -3.238596 
4.450000    59.810246 
4.500000    -1.289206 
4.550000    -32.051270 
4.600000    -28.968174 
4.650000    -23.025621 
4.700000    -3.740252 
4.750000    25.606722 
4.800000    86.029984 
4.850000    55.578983 
4.900000    29.414423 
4.950000    -41.915668 
5.000000    -16.363558 
5.050000    9.848185 
5.100000    -6.806732 
5.150000    21.321587 
5.200000    59.090347 
5.250000    39.200039 
5.300000    90.795517 
5.350000    16.661823 
5.400000    -14.206643 
5.450000    -49.537895 
5.500000    -47.206093 
5.550000    -14.223252 
5.600000    9.172221 
5.650000    58.001423 
5.700000    22.171400 
5.750000    -2.221642 
5.800000    18.848734 
5.850000    -0.327425 
5.900000    -50.027637 
5.950000    -29.430393 
6.000000    -70.848610 
6.050000    -23.184650 
6.100000    -25.278564 
6.150000    -2.734941 
6.200000    -1.635144 
6.250000    32.504021 
6.300000    10.714768 
6.350000    10.977822 
6.400000    46.336639 
6.450000    37.472519 
6.500000    -3.176801 
6.550000    4.067953 
6.600000    -17.593216 
6.650000    -9.763342 
6.700000    -1.031749 
6.750000    3.792046 
6.800000    -43.942459 
6.850000    -1.332197 
6.900000    29.145655 
6.950000    23.733515 
7.000000    59.256058 
7.050000    36.884541 
7.100000    47.537605 
7.150000    8.507701 
7.200000    -40.029037 
7.250000    -0.957426 
7.300000    10.131115 
7.350000    10.306458 
7.400000    68.808655 
7.450000    53.311234 
7.500000    21.667576 
7.550000    62.474304 
7.600000    4.338580 
7.650000    -37.802532 
7.700000    -45.623123 
7.750000    -38.077450 
7.800000    14.420670 
7.850000    14.557438 
7.900000    41.478119 
7.950000    15.921052 
7.999999    -5.919664 
8.049999    -46.126740 
8.100000    -24.101843 
8.150000    -37.494556 
8.200000    -35.380684 
8.250000    7.224376 
8.300000    93.828758 
8.350000    40.441353 
8.400000    65.864723 
8.450000    25.748522 
8.500000    42.810204 
8.549999    14.092549 
8.599999    -31.285769 
8.650000    -59.570503 
8.700000    -12.939419 
8.750000    -34.268406 
8.800000    25.350842 
8.850000    16.270084 
8.900000    55.867939 
8.950000    11.931885 
9.000000    21.434216 
9.050000    20.736101 
9.099999    5.264897 
9.149999    12.170033 
9.200000    3.909658 
9.250000    -38.280563 
9.300000    54.621231 
9.350000    -18.572943 
9.400000    6.246075 
9.450000    48.492451 
9.500000    -1.251576 
9.550000    -16.404503 
9.600000    23.056236 
9.649999    41.589947 
9.699999    59.923313 
9.750000    54.172119 
9.800000    52.195572 
9.850000    5.204904 
9.900000    28.440643 
9.950000    25.109777 
10.000000    24.890465 
10.050000    3.090861 
10.100000    -7.854126 
10.150000    -49.531631 
10.199999    54.008427 
10.249999    21.901016 
10.300000    12.836133 
10.350000    54.519661 
10.400000    -0.219112 
10.450000    -16.899448 
10.500000    3.891810 
10.550000    4.906365 
10.600000    -36.300579 
10.650000    6.892073 
10.700000    19.570658 
10.749999    -14.633991 
10.799999    -11.849686 
10.849999    -2.724082 
10.900000    3.339842 
10.950000    23.842209 
11.000000    0.720168 
11.050000    5.976872 
11.100000    -2.078303 
11.150000    -27.050158 
11.200000    -9.752934 
11.250000    -5.172257 
11.299999    10.013732 
11.349999    30.340441 
11.399999    28.076323 
11.450000    10.991567 
11.500000    -2.892615 
11.550000    -24.755480 
11.600000    -3.727465 
11.650000    31.373346 
11.700000    2.218595 
11.750000    -0.529462 
11.800000    21.039017 
11.849999    68.974373 
11.899999    70.364258 
11.949999    57.249161 
12.000000    -8.706491 
12.050000    18.355526 
12.100000    -3.281934 
12.150000    -20.592369 
12.200000    16.144148 
12.250000    -4.984313 
12.300000    40.286232 
12.350000    22.562082 
12.399999    -17.209757 
12.449999    -19.811615 
12.499999    -49.381313 
12.550000    -15.053640 
12.600000    -17.696283 
12.650000    1.370550 
12.700000    -1.076434 
12.750000    30.589336 
12.800000    29.735531 
12.850000    -0.400342 
12.900000    3.676240 
12.949999    -50.039085 
12.999999    -32.477482 
13.049999    -0.851246 
13.100000    -15.954096 
13.150000    -0.011693 
13.200000    -13.600868 
13.250000    22.626827 
13.300000    12.057194 
13.350000    57.521881 
13.400000    34.504238 
13.450000    0.910371 
13.499999    -41.372009 
13.549999    -37.951218 
13.599999    -32.700695 
13.650000    -30.381544 
13.700000    -13.270615 
13.750000    23.110460 
13.800000    34.984093 
13.850000    57.959217 
13.900000    25.141562 
13.950000    25.769217 
14.000000    14.187267 
14.049999    -19.385559 
14.099999    12.658350 
14.149999    25.709539 
14.200000    -12.985619 
14.250000    22.863813 
14.300000    -14.547164 
14.350000    -45.414791 
14.400000    1.362767 
14.450000    23.793310 
14.500000    14.807525 
14.549999    84.382301 
14.599999    21.301592 
14.649999    51.490780 
14.699999    20.519299 
14.750000    -49.119690 
14.800000    -37.876186 
14.850000    -29.180695 
14.900000    -13.215205 
14.950000    1.144200 
15.000000    34.737202 
15.050000    53.175171 
15.099999    71.853004 
15.149999    20.296957 
15.199999    36.585026 
15.249999    6.005297 
15.299999    -40.923786 
15.350000    -25.635967 
15.400000    8.736663 
15.450000    -1.274693 
15.500000    32.639931 
15.550000    17.508348 
15.600000    47.680901 
15.650000    25.367146 
15.699999    33.588215 
15.750000    26.794411 
15.799999    -11.555593 
15.850000    -4.091454 
15.899999    -10.828290 
15.950000    3.773359 
15.999999    26.105106 
16.050000    72.236038 
16.099999    58.796825 
16.150000    43.423126 
16.200000    49.745407 
16.249999    34.447277 
16.300000    47.929893 
16.349999    30.135504 
16.400000    37.081642 
16.449999    54.913982 
16.500000    15.751160 
16.549999    37.928070 
16.600000    10.729239 
16.649999    21.590700 
16.700000    65.714195 
16.750000    40.338768 
16.799999    -13.453784 
16.850000    40.354828 
16.899999    -2.492919 
16.950000    -21.213234 
16.999999    14.665705 
17.050000    -47.108711 
17.099999    -15.050525 
17.150000    36.521687 
17.199999    18.138189 
17.250000    32.626419 
17.300000    -37.669556 
17.349999    -58.797005 
17.400000    -67.719994 
17.449999    -31.317686 
17.500000    -30.915487 
17.549999    -2.853036 
17.600000    49.834461 
17.649999    12.347821 
17.700000    17.817947 
17.749999    -0.624892 
17.800000    19.741640 
17.850000    -23.104368 
17.899999    -2.345045 
17.950000    -70.293243 
17.999999    -70.744370 
18.050000    -32.505283 
18.099999    -26.876852 
18.150000    -20.367186 
18.199999    -10.526958 
18.250000    -27.101557 
18.299999    -26.679613 
18.350000    16.212093 
18.400000    22.763317 
18.449999    51.189861 
18.500000    39.048290 
18.549999    23.591320 
18.600000    12.989520 
18.649999    -4.351778 
18.700000    -6.423351 
18.749999    -1.515534 
18.800000    12.032421 
18.849999    -13.193306 
18.900000    -27.883896 
18.950000    2.505983 
18.999999    9.132870 
19.050000    7.652695 
19.099999    36.342010 
19.150000    -6.159534 
19.199999    2.366708 
19.250000    -54.333347 
19.299999    -25.463886 
19.350000    28.780123 
19.399999    -5.779803 
19.450000    37.946404 
19.500000    9.621869 
19.549999    2.922392 
19.600000    28.724625 
19.649999    -33.495529 
19.700000    -43.835697 
19.749999    -11.667462 
19.800000    -31.924995 
19.849999    -2.154451 
19.900000    -8.328660 
19.949999    26.916964 


Reverse Correlation Function   