Time    Magnitude 

0.000000    4.039568 
0.050000    0.552730 
0.100000    -3.353348 
0.150000    -1.573803 
0.200000    1.256780 
0.250000    4.131116 
0.300000    4.625511 
0.350000    0.151991 
0.400000    3.726705 
0.450000    2.612912 
0.500000    2.879012 
0.550000    1.952176 
0.600000    -0.263076 
0.650000    -0.063724 
0.700000    1.046194 
0.750000    -1.281358 
0.800000    -1.859979 
0.850000    -0.017938 
0.900000    2.751201 
0.950000    1.332975 
1.000000    -0.784234 
1.050000    -3.791707 
1.100000    1.305735 
1.150000    -0.812901 
1.200000    0.157190 
1.250000    -0.478524 
1.300000    1.123751 
1.350000    -0.965496 
1.400000    -0.792033 
1.450000    -2.356927 
1.500000    -1.452314 
1.550000    -1.159810 
1.600000    -3.551830 
1.650000    -4.118804 
1.700000    -2.630395 
1.750000    1.325354 
1.800000    2.874412 
1.850000    4.314480 
1.900000    1.845827 
1.950000    -3.742268 
2.000000    2.898699 
2.050000    -2.826487 
2.100000    -12.988805 
2.150000    -23.141775 
2.200000    -27.378660 
2.250000    -21.711073 
2.300000    -2.439798 
2.350000    9.457419 
2.400000    34.450977 
2.450000    46.413544 
2.500000    48.180866 
2.550000    33.884174 
2.600000    7.995051 
2.650000    -19.584139 
2.700000    -41.884121 
2.750000    -47.748608 
2.800000    -32.926907 
2.850000    -9.894233 
2.900000    16.082323 
2.950000    26.900974 
3.000000    30.410452 
3.050000    21.080662 
3.100000    -3.108145 
3.150000    -14.714017 
3.200000    -18.309242 
3.250000    -16.760855 
3.300000    -0.920175 
3.350000    6.170374 
3.400000    13.611409 
3.450000    17.415693 
3.500000    7.610526 
3.550000    1.594274 
3.600000    -6.780910 
3.650000    -10.946804 
3.700000    -5.204795 
3.750000    5.629818 
3.800000    13.840864 
3.850000    6.130080 
3.900000    10.498360 
3.950000    4.897267 
4.000000    -1.606770 
4.050000    -4.824607 
4.100000    -8.300820 
4.150000    -5.458982 
4.200000    -1.030925 
4.250000    5.299137 
4.300000    5.869468 
4.350000    3.896421 
4.400000    1.874857 
4.450000    -4.761897 
4.500000    -3.807083 
4.550000    -7.892845 
4.600000    -3.269010 
4.650000    1.935630 
4.700000    8.064593 
4.750000    2.961134 
4.800000    1.717877 
4.850000    -4.328873 
4.900000    1.990472 
4.950000    -1.132422 
5.000000    -2.400414 
5.050000    5.294142 
5.100000    5.464175 
5.150000    4.972697 
5.200000    1.462205 
5.250000    1.981081 
5.300000    -3.475265 
5.350000    -4.713235 
5.400000    -7.419307 
5.450000    -2.315631 
5.500000    1.846869 
5.550000    1.980363 
5.600000    7.390215 
5.650000    4.397938 
5.700000    2.666571 
5.750000    0.704716 
5.800000    -2.411940 
5.850000    -8.187338 
5.900000    -8.462204 
5.950000    -2.072219 
6.000000    -1.791680 
6.050000    2.000183 
6.100000    -1.031209 
6.150000    0.762029 
6.200000    1.930587 
6.250000    0.337350 
6.300000    3.137291 
6.350000    -0.078998 
6.400000    -1.030863 
6.450000    1.503701 
6.500000    -2.088219 
6.550000    2.707926 
6.600000    -4.487784 
6.650000    -0.482157 
6.700000    -8.005862 
6.750000    -1.308990 
6.800000    3.308953 
6.850000    3.004126 
6.900000    -0.596518 
6.950000    3.381413 
7.000000    -0.626356 
7.050000    -0.756858 
7.100000    -1.425053 
7.150000    -0.542498 
7.200000    2.781681 
7.250000    0.217751 
7.300000    1.088917 
7.350000    0.977164 
7.400000    8.136922 
7.450000    1.346784 
7.500000    -4.647121 
7.550000    -0.999828 
7.600000    -1.085596 
7.650000    3.626051 
7.700000    2.491441 
7.750000    4.400171 
7.800000    0.342549 
7.850000    -0.410138 
7.900000    -1.136558 
7.950000    2.430339 
7.999999    -1.300786 
8.049999    -0.767621 
8.100000    -4.712869 
8.150000    3.093499 
8.200000    3.395226 
8.250000    5.627791 
8.300000    5.005962 
8.350000    2.604053 
8.400000    -0.439145 
8.450000    -1.208028 
8.500000    -4.908056 
8.549999    -2.322585 
8.599999    -3.662196 
8.650000    2.114150 
8.700000    2.642604 
8.750000    2.014146 
8.800000    1.904960 
8.850000    0.524184 
8.900000    -0.018240 
8.950000    1.422889 
9.000000    2.956518 
9.050000    3.549921 
9.099999    -2.175458 
9.149999    2.904974 
9.200000    0.373719 
9.250000    -0.156227 
9.300000    -0.585456 
9.350000    5.064317 
9.400000    -3.698137 
9.450000    1.881207 
9.500000    3.578284 
9.550000    4.380905 
9.600000    3.071220 
9.649999    2.652817 
9.699999    2.518282 
9.750000    1.754199 
9.800000    -0.413952 
9.850000    -1.804241 
9.900000    2.385679 
9.950000    3.090180 
10.000000    1.313602 
10.050000    -1.227577 
10.100000    2.795070 
10.150000    -3.549911 
10.199999    2.700483 
10.249999    0.457860 
10.300000    -1.106398 
10.350000    2.058172 
10.400000    0.875363 
10.450000    -0.567044 
10.500000    1.475138 
10.550000    0.417224 
10.600000    -2.649717 
10.650000    0.137776 
10.700000    0.642490 
10.749999    0.662665 
10.799999    1.475650 
10.849999    0.261054 
10.900000    -1.219706 
10.950000    -2.678696 
11.000000    0.097408 
11.050000    -0.583907 
11.100000    1.515401 
11.150000    -0.853638 
11.200000    -0.426992 
11.250000    4.342714 
11.299999    3.180889 
11.349999    0.249459 
11.399999    2.044255 
11.450000    1.191355 
11.500000    2.892701 
11.550000    0.583911 
11.600000    2.235754 
11.650000    5.505800 
11.700000    2.885000 
11.750000    1.035394 
11.800000    -0.219005 
11.849999    -3.645396 
11.899999    2.757291 
11.949999    0.565604 
12.000000    0.748722 
12.050000    1.472281 
12.100000    1.659118 
12.150000    -0.044163 
12.200000    4.472697 
12.250000    1.118738 
12.300000    2.676278 
12.350000    -3.071938 
12.399999    0.428290 
12.449999    0.538736 
12.499999    -2.552920 
12.550000    -1.961364 
12.600000    0.826202 
12.650000    1.028753 
12.700000    3.736469 
12.750000    -1.392696 
12.800000    0.983212 
12.850000    -0.929995 
12.900000    -1.733786 
12.949999    -2.641088 
12.999999    -0.271312 
13.049999    -0.369526 
13.100000    0.454484 
13.150000    5.334713 
13.200000    4.048711 
13.250000    2.390990 
13.300000    1.230768 
13.350000    0.471359 
13.400000    -1.544594 
13.450000    -2.445069 
13.499999    -1.298819 
13.549999    -2.201679 
13.599999    -2.510065 
13.650000    1.800902 
13.700000    0.635155 
13.750000    -1.643715 
13.800000    -1.772974 
13.850000    1.618231 
13.900000    -2.879958 
13.950000    3.775449 
14.000000    -1.975377 
14.049999    0.532865 
14.099999    1.822789 
14.149999    -1.269428 
14.200000    -0.963769 
14.250000    1.301149 
14.300000    -0.316238 
14.350000    0.323743 
14.400000    4.509788 
14.450000    2.961532 
14.500000    4.076304 
14.549999    4.746083 
14.599999    -0.080735 
14.649999    -3.158752 
14.699999    -0.260289 
14.750000    -0.298227 
14.800000    -0.511561 
14.850000    0.779918 
14.900000    2.054492 
14.950000    1.506637 
15.000000    0.325693 
15.050000    1.968761 
15.099999    2.608296 
15.149999    -6.211233 
15.199999    -6.014828 
15.249999    -6.110877 
15.299999    -1.371512 
15.350000    -2.000056 
15.400000    2.414969 
15.450000    3.433939 
15.500000    4.687128 
15.550000    2.245665 
15.600000    0.673675 
15.650000    -0.802446 
15.699999    -0.727335 
15.750000    1.803022 
15.799999    1.031515 
15.850000    2.829243 
15.899999    3.604617 
15.950000    6.695322 
15.999999    1.709054 
16.050000    7.122272 
16.099999    1.110650 
16.150000    3.290807 
16.200000    4.426087 
16.249999    -0.583275 
16.300000    3.843679 
16.349999    2.755303 
16.400000    0.214604 
16.449999    4.982518 
16.500000    0.613049 
16.549999    2.530938 
16.600000    5.357324 
16.649999    -0.336746 
16.700000    -1.847863 
16.750000    -1.659150 
16.799999    -0.689606 
16.850000    -3.804479 
16.899999    -3.257002 
16.950000    -2.695820 
16.999999    0.750753 
17.050000    -0.558236 
17.099999    -2.377164 
17.150000    -1.764960 
17.199999    -3.566634 
17.250000    -5.293740 
17.300000    -3.032614 
17.349999    -3.561919 
17.400000    -4.336236 
17.449999    1.356883 
17.500000    2.953274 
17.549999    0.104189 
17.600000    5.476548 
17.649999    4.493580 
17.700000    -0.078052 
17.749999    -3.414296 
17.800000    -2.714321 
17.850000    -5.222869 
17.899999    -2.355990 
17.950000    -2.387046 
17.999999    -2.154467 
18.050000    2.183348 
18.099999    3.069883 
18.150000    -1.784948 
18.199999    -1.457554 
18.250000    0.047449 
18.299999    1.619357 
18.350000    4.139809 
18.400000    0.640171 
18.449999    3.166056 
18.500000    5.458586 
18.549999    0.500553 
18.600000    1.170360 
18.649999    3.901750 
18.700000    -0.116265 
18.749999    -1.927528 
18.800000    -2.887533 
18.849999    -1.976102 
18.900000    -0.023302 
18.950000    1.710840 
18.999999    0.310387 
19.050000    -1.036269 
19.099999    1.533527 
19.150000    -4.733493 
19.199999    1.308781 
19.250000    2.039942 
19.299999    -2.378564 
19.350000    -2.584292 
19.399999    -3.338639 
19.450000    -4.237034 
19.500000    2.347140 
19.549999    -3.615698 
19.600000    -0.806463 
19.649999    -0.064020 
19.700000    -0.777429 
19.749999    -0.920756 
19.800000    2.562130 
19.849999    8.103406 
19.900000    -0.517305 
19.949999    3.174376 


Reverse Correlation Function   