Time    Magnitude 

0.000000    3.461926 
0.050000    17.991415 
0.100000    19.997204 
0.150000    -16.241808 
0.200000    10.922527 
0.250000    28.419655 
0.300000    23.665333 
0.350000    31.815371 
0.400000    1.850116 
0.450000    -7.507493 
0.500000    4.657683 
0.550000    -10.003345 
0.600000    -28.394119 
0.650000    -16.496964 
0.700000    -8.551790 
0.750000    4.791456 
0.800000    -15.521890 
0.850000    -6.501093 
0.900000    33.396446 
0.950000    33.068211 
1.000000    18.778723 
1.050000    5.426332 
1.100000    5.819579 
1.150000    13.451737 
1.200000    -10.570760 
1.250000    -28.665329 
1.300000    0.310882 
1.350000    -36.140274 
1.400000    7.381392 
1.450000    -11.169939 
1.500000    -31.119268 
1.550000    -41.785015 
1.600000    -22.017353 
1.650000    -38.980797 
1.700000    -24.271753 
1.750000    15.954823 
1.800000    13.597543 
1.850000    27.200539 
1.900000    33.134388 
1.950000    10.415446 
2.000000    25.294819 
2.050000    13.617993 
2.100000    -12.651167 
2.150000    -4.978601 
2.200000    -3.220511 
2.250000    26.381001 
2.300000    54.587585 
2.350000    19.504578 
2.400000    34.315189 
2.450000    60.354713 
2.500000    47.976631 
2.550000    47.406971 
2.600000    47.628044 
2.650000    21.197660 
2.700000    10.240307 
2.750000    -6.155560 
2.800000    -58.169643 
2.850000    -82.755280 
2.900000    -161.806870 
2.950000    -132.337646 
3.000000    -146.606476 
3.050000    -83.870407 
3.100000    -42.099072 
3.150000    46.475063 
3.200000    98.041016 
3.250000    142.656738 
3.300000    230.766266 
3.350000    248.428238 
3.400000    281.881927 
3.450000    199.374344 
3.500000    135.437057 
3.550000    54.199650 
3.600000    -40.252125 
3.650000    -173.724289 
3.700000    -258.291565 
3.750000    -292.392822 
3.800000    -320.749481 
3.850000    -316.062317 
3.900000    -248.037003 
3.950000    -183.752762 
4.000000    -91.259232 
4.050000    -23.994162 
4.100000    94.985443 
4.150000    123.132294 
4.200000    189.651611 
4.250000    195.714798 
4.300000    199.977829 
4.350000    173.664200 
4.400000    120.193253 
4.450000    86.364014 
4.500000    28.761929 
4.550000    -49.285809 
4.600000    -55.148743 
4.650000    -108.792778 
4.700000    -106.221161 
4.750000    -101.887543 
4.800000    -66.414276 
4.850000    -47.871403 
4.900000    -23.946512 
4.950000    23.651363 
5.000000    23.916313 
5.050000    49.279011 
5.100000    34.711918 
5.150000    87.738304 
5.200000    56.053211 
5.250000    62.446033 
5.300000    29.523169 
5.350000    9.327957 
5.400000    16.988890 
5.450000    -17.392237 
5.500000    0.473531 
5.550000    -6.061377 
5.600000    -19.575235 
5.650000    -9.611853 
5.700000    -12.145823 
5.750000    23.272184 
5.800000    22.751596 
5.850000    35.843433 
5.900000    32.354702 
5.950000    32.886158 
6.000000    29.794456 
6.050000    15.057527 
6.100000    27.882334 
6.150000    -9.146379 
6.200000    -26.602266 
6.250000    1.251376 
6.300000    2.825650 
6.350000    -35.553566 
6.400000    -26.836012 
6.450000    -35.737236 
6.500000    -26.245459 
6.550000    -20.304171 
6.600000    10.434171 
6.650000    15.904492 
6.700000    15.961910 
6.750000    -13.537174 
6.800000    11.218537 
6.850000    -7.473577 
6.900000    16.174421 
6.950000    5.273234 
7.000000    10.634688 
7.050000    24.163631 
7.100000    10.749491 
7.150000    3.513168 
7.200000    6.181458 
7.250000    15.011717 
7.300000    -16.781157 
7.350000    10.099247 
7.400000    -5.442898 
7.450000    30.798187 
7.500000    12.177275 
7.550000    -13.335147 
7.600000    -16.663061 
7.650000    -35.018738 
7.700000    -46.569801 
7.750000    -21.561356 
7.800000    -6.244191 
7.850000    3.380677 
7.900000    11.454214 
7.950000    -19.587076 
7.999999    3.388861 
8.049999    12.752022 
8.100000    41.328075 
8.150000    26.511751 
8.200000    32.314861 
8.250000    15.841043 
8.300000    -9.261153 
8.350000    29.505554 
8.400000    14.908927 
8.450000    -24.674627 
8.500000    -24.895538 
8.549999    -26.484306 
8.599999    -33.984264 
8.650000    -25.413935 
8.700000    8.852054 
8.750000    -51.527912 
8.800000    -17.790947 
8.850000    -24.278984 
8.900000    -20.452448 
8.950000    -1.643270 
9.000000    1.508708 
9.050000    20.984388 
9.099999    15.684593 
9.149999    5.871285 
9.200000    -8.652309 
9.250000    12.531191 
9.300000    9.391592 
9.350000    18.888594 
9.400000    10.238733 
9.450000    -8.318764 
9.500000    -21.680035 
9.550000    -18.796005 
9.600000    -9.098599 
9.649999    -34.684734 
9.699999    -4.471311 
9.750000    22.920580 
9.800000    19.787436 
9.850000    16.378033 
9.900000    15.508999 
9.950000    19.395746 
10.000000    -6.940741 
10.050000    23.706465 
10.100000    16.103167 
10.150000    26.242373 
10.199999    -11.714603 
10.249999    17.399904 
10.300000    -7.280435 
10.350000    7.546636 
10.400000    -31.802174 
10.450000    -2.953327 
10.500000    31.404194 
10.550000    -5.689940 
10.600000    -15.331789 
10.650000    2.530722 
10.700000    8.229309 
10.749999    14.327887 
10.799999    6.893398 
10.849999    14.499710 
10.900000    -12.862975 
10.950000    -33.766998 
11.000000    -2.415696 
11.050000    -7.315098 
11.100000    -6.709479 
11.150000    -11.546962 
11.200000    -9.321424 
11.250000    0.190215 
11.299999    -9.413092 
11.349999    -21.446404 
11.399999    -5.058218 
11.450000    -19.080370 
11.500000    -3.434335 
11.550000    0.679473 
11.600000    0.532137 
11.650000    -8.454764 
11.700000    -13.039396 
11.750000    -7.857135 
11.800000    -7.106834 
11.849999    -27.391212 
11.899999    -18.746866 
11.949999    13.152043 
12.000000    -9.101784 
12.050000    12.840158 
12.100000    9.979644 
12.150000    -4.262371 
12.200000    0.609717 
12.250000    12.498428 
12.300000    36.074223 
12.350000    0.949724 
12.399999    3.606002 
12.449999    3.815874 
12.499999    9.624430 
12.550000    26.820997 
12.600000    -11.443671 
12.650000    -25.684750 
12.700000    -2.547151 
12.750000    -16.584633 
12.800000    -7.520415 
12.850000    -13.565775 
12.900000    -4.437942 
12.949999    31.186382 
12.999999    11.379307 
13.049999    -9.581070 
13.100000    16.370014 
13.150000    0.973925 
13.200000    -9.296399 
13.250000    -27.767866 
13.300000    -18.536600 
13.350000    7.876347 
13.400000    4.236571 
13.450000    32.136375 
13.499999    3.428734 
13.549999    30.008514 
13.599999    5.240641 
13.650000    14.561426 
13.700000    -6.686125 
13.750000    -32.537209 
13.800000    -10.662174 
13.850000    -9.552330 
13.900000    -14.751967 
13.950000    -20.776796 
14.000000    -5.391113 
14.049999    12.153411 
14.099999    3.894702 
14.149999    -9.161090 
14.200000    -0.632054 
14.250000    16.472296 
14.300000    13.662414 
14.350000    -5.399528 
14.400000    22.009516 
14.450000    -7.671251 
14.500000    -15.585052 
14.549999    -5.586845 
14.599999    -7.260110 
14.649999    -6.661771 
14.699999    -14.576362 
14.750000    -8.108506 
14.800000    -3.975738 
14.850000    -19.049757 
14.900000    6.682990 
14.950000    37.332481 
15.000000    25.503620 
15.050000    -2.747417 
15.099999    -30.409927 
15.149999    -18.547155 
15.199999    9.648995 
15.249999    24.302282 
15.299999    20.615261 
15.350000    44.785343 
15.400000    16.759119 
15.450000    24.049219 
15.500000    4.176227 
15.550000    22.708906 
15.600000    7.831974 
15.650000    -8.520019 
15.699999    -10.718613 
15.750000    1.710416 
15.799999    19.119221 
15.850000    0.944682 
15.899999    -25.183372 
15.950000    27.169025 
15.999999    21.522520 
16.050000    -6.648693 
16.099999    -11.530454 
16.150000    -27.104780 
16.200000    -0.717376 
16.249999    1.812750 
16.300000    24.058653 
16.349999    -3.929963 
16.400000    -20.559566 
16.449999    -21.384897 
16.500000    -28.141504 
16.549999    -3.934672 
16.600000    -33.738808 
16.649999    -24.592733 
16.700000    -6.149188 
16.750000    -15.298325 
16.799999    11.927175 
16.850000    -5.852120 
16.899999    -34.446865 
16.950000    -16.555401 
16.999999    2.598573 
17.050000    27.344357 
17.099999    42.339832 
17.150000    37.523655 
17.199999    0.094265 
17.250000    9.777390 
17.300000    6.553389 
17.349999    39.828289 
17.400000    27.578117 
17.449999    15.718513 
17.500000    4.057080 
17.549999    16.055058 
17.600000    -13.411784 
17.649999    -4.213966 
17.700000    -27.333134 
17.749999    -12.646361 
17.800000    -19.266567 
17.850000    -14.063392 
17.899999    -25.284897 
17.950000    -23.052504 
17.999999    -46.349094 
18.050000    -23.639801 
18.099999    -6.718418 
18.150000    -3.814731 
18.199999    -4.433202 
18.250000    15.886513 
18.299999    29.495472 
18.350000    3.767039 
18.400000    26.049702 
18.449999    15.050383 
18.500000    22.226257 
18.549999    29.949383 
18.600000    5.758079 
18.649999    11.711940 
18.700000    14.033588 
18.749999    12.063043 
18.800000    -31.493221 
18.849999    -38.869259 
18.900000    -36.459110 
18.950000    -36.041702 
18.999999    -42.508385 
19.050000    -55.545635 
19.099999    -21.640995 
19.150000    -45.625523 
19.199999    -30.159529 
19.250000    16.318451 
19.299999    33.215153 
19.350000    24.817526 
19.399999    23.823427 
19.450000    16.467621 
19.500000    19.233442 
19.549999    21.443363 
19.600000    -13.768506 
19.649999    -37.465183 
19.700000    -9.908952 
19.749999    3.236852 
19.800000    -8.539999 
19.849999    -43.791481 
19.900000    -31.673416 
19.949999    -8.252650 


Reverse Correlation Function   