Time    Magnitude 

0.000000    0.205412 
0.050000    1.118370 
0.100000    0.476349 
0.150000    0.079546 
0.200000    0.301148 
0.250000    0.482032 
0.300000    0.341100 
0.350000    -0.426355 
0.400000    -0.010510 
0.450000    -0.009612 
0.500000    -0.184416 
0.550000    -0.225903 
0.600000    0.293249 
0.650000    0.197003 
0.700000    -0.159238 
0.750000    0.235675 
0.800000    0.820851 
0.850000    -0.419451 
0.900000    -0.594698 
0.950000    -0.734472 
1.000000    -0.735466 
1.050000    -0.293012 
1.100000    0.307867 
1.150000    -0.502757 
1.200000    -0.348423 
1.250000    -0.854205 
1.300000    -0.290296 
1.350000    0.016144 
1.400000    -0.147374 
1.450000    -0.130943 
1.500000    1.041019 
1.550000    0.333567 
1.600000    -0.120786 
1.650000    0.889073 
1.700000    0.028372 
1.750000    0.335438 
1.800000    0.281073 
1.850000    -0.297766 
1.900000    0.431085 
1.950000    0.570176 
2.000000    0.567679 
2.050000    -1.012737 
2.100000    -0.016983 
2.150000    0.306062 
2.200000    0.505090 
2.250000    0.300137 
2.300000    0.051629 
2.350000    0.742039 
2.400000    0.065297 
2.450000    0.363016 
2.500000    -0.283178 
2.550000    0.123595 
2.600000    -0.699370 
2.650000    -0.155696 
2.700000    -0.830685 
2.750000    -0.330504 
2.800000    -0.304881 
2.850000    -0.585760 
2.900000    0.817494 
2.950000    0.102706 
3.000000    0.475989 
3.050000    1.069379 
3.100000    0.518919 
3.150000    0.333833 
3.200000    0.686038 
3.250000    0.934302 
3.300000    0.575482 
3.350000    -0.070985 
3.400000    0.203671 
3.450000    1.108328 
3.500000    0.778288 
3.550000    -0.058490 
3.600000    -0.240828 
3.650000    -1.070781 
3.700000    -0.771742 
3.750000    -1.475208 
3.800000    -1.399777 
3.850000    -2.225798 
3.900000    -1.205548 
3.950000    -1.711315 
4.000000    -1.439733 
4.050000    -1.102117 
4.100000    -1.307427 
4.150000    0.012256 
4.200000    -0.662338 
4.250000    -0.214387 
4.300000    0.910574 
4.350000    0.772584 
4.400000    1.699786 
4.450000    1.715072 
4.500000    1.686710 
4.550000    3.364132 
4.600000    3.911746 
4.650000    3.704657 
4.700000    3.348332 
4.750000    4.498081 
4.800000    3.472765 
4.850000    3.101289 
4.900000    3.367560 
4.950000    3.792537 
5.000000    2.252909 
5.050000    1.980429 
5.100000    1.414986 
5.150000    0.175385 
5.200000    0.478925 
5.250000    -0.820130 
5.300000    -0.902952 
5.350000    -2.497629 
5.400000    -3.149042 
5.450000    -3.233078 
5.500000    -3.606705 
5.550000    -4.503541 
5.600000    -4.525996 
5.650000    -4.506963 
5.700000    -4.674178 
5.750000    -4.421514 
5.800000    -4.185406 
5.850000    -3.769369 
5.900000    -3.059630 
5.950000    -2.574030 
6.000000    -2.218503 
6.050000    -1.372341 
6.100000    -0.740150 
6.150000    0.550442 
6.200000    1.308640 
6.250000    1.544171 
6.300000    2.351870 
6.350000    2.459694 
6.400000    3.459248 
6.450000    3.422888 
6.500000    4.081414 
6.550000    4.208785 
6.600000    4.274583 
6.650000    2.849744 
6.700000    4.214960 
6.750000    3.623587 
6.800000    2.928190 
6.850000    3.825480 
6.900000    1.772248 
6.950000    1.899335 
7.000000    1.853753 
7.050000    0.102597 
7.100000    -0.529026 
7.150000    -0.872038 
7.200000    -0.726647 
7.250000    -1.690174 
7.300000    -2.402097 
7.350000    -2.146754 
7.400000    -3.152158 
7.450000    -3.286144 
7.500000    -3.285140 
7.550000    -3.545203 
7.600000    -3.676264 
7.650000    -3.422201 
7.700000    -2.679455 
7.750000    -2.633758 
7.800000    -1.452134 
7.850000    -1.651539 
7.900000    -0.925772 
7.950000    0.314074 
7.999999    0.338792 
8.049999    -0.065270 
8.100000    1.135409 
8.150000    2.338769 
8.200000    1.233230 
8.250000    2.143714 
8.300000    2.210652 
8.350000    1.504410 
8.400000    2.157384 
8.450000    1.737538 
8.500000    1.848980 
8.549999    2.258705 
8.599999    1.356854 
8.650000    1.628189 
8.700000    1.826521 
8.750000    0.958250 
8.800000    0.216521 
8.850000    0.484984 
8.900000    -1.346108 
8.950000    -0.411405 
9.000000    -0.758533 
9.050000    -0.364390 
9.099999    -1.247536 
9.149999    -1.583615 
9.200000    -2.109571 
9.250000    -0.826087 
9.300000    -1.520711 
9.350000    -1.024153 
9.400000    -0.834533 
9.450000    -1.008634 
9.500000    -1.412683 
9.550000    -0.282476 
9.600000    -0.602564 
9.649999    0.526296 
9.699999    0.125449 
9.750000    0.391202 
9.800000    -0.159988 
9.850000    0.304601 
9.900000    0.607658 
9.950000    0.809261 
10.000000    0.131471 
10.050000    0.239546 
10.100000    1.388779 
10.150000    0.652442 
10.199999    0.739497 
10.249999    1.015131 
10.300000    0.420930 
10.350000    0.065660 
10.400000    -0.041032 
10.450000    -0.285612 
10.500000    0.506415 
10.550000    0.362936 
10.600000    -0.206156 
10.650000    -0.036233 
10.700000    -0.414029 
10.749999    0.028921 
10.799999    -0.902961 
10.849999    -0.961650 
10.900000    0.251599 
10.950000    -0.258481 
11.000000    0.442483 
11.050000    0.288554 
11.100000    -0.213359 
11.150000    0.123038 
11.200000    0.023385 
11.250000    -0.073594 
11.299999    -0.293930 
11.349999    -0.134654 
11.399999    -0.143504 
11.450000    -0.144219 
11.500000    -0.303487 
11.550000    -0.664962 
11.600000    0.429663 
11.650000    0.000677 
11.700000    -0.056562 
11.750000    0.272833 
11.800000    -0.510357 
11.849999    -0.592176 
11.899999    -0.188485 
11.949999    0.039207 
12.000000    -0.125425 
12.050000    0.744218 
12.100000    -0.332767 
12.150000    -0.149942 
12.200000    -0.049717 
12.250000    -0.108520 
12.300000    0.461857 
12.350000    -0.156511 
12.399999    -1.069060 
12.449999    -0.401281 
12.499999    0.107568 
12.550000    -0.663640 
12.600000    -0.112205 
12.650000    0.090687 
12.700000    -0.342439 
12.750000    -0.302627 
12.800000    -0.128597 
12.850000    -0.465451 
12.900000    -0.328065 
12.949999    0.474505 
12.999999    -0.128563 
13.049999    0.018646 
13.100000    0.319899 
13.150000    0.197258 
13.200000    -0.068883 
13.250000    -0.457233 
13.300000    -0.419068 
13.350000    0.052239 
13.400000    0.673563 
13.450000    -0.283086 
13.499999    0.078065 
13.549999    -0.422158 
13.599999    0.522070 
13.650000    0.002653 
13.700000    0.067993 
13.750000    0.098223 
13.800000    0.477308 
13.850000    0.162550 
13.900000    0.064798 
13.950000    -0.291572 
14.000000    0.133360 
14.049999    0.008588 
14.099999    0.504960 
14.149999    0.336427 
14.200000    -0.112832 
14.250000    0.457070 
14.300000    0.132733 
14.350000    0.240538 
14.400000    0.108117 
14.450000    0.205705 
14.500000    -0.592638 
14.549999    0.109896 
14.599999    -0.117409 
14.649999    0.282876 
14.699999    0.093709 
14.750000    -0.587701 
14.800000    0.406062 
14.850000    -0.440314 
14.900000    -0.277756 
14.950000    -0.700741 
15.000000    -0.574089 
15.050000    0.809638 
15.099999    -0.133455 
15.149999    0.347859 
15.199999    0.321082 
15.249999    -0.383052 
15.299999    0.446008 
15.350000    -0.027868 
15.400000    0.964941 
15.450000    0.041895 
15.500000    -0.694985 
15.550000    0.311420 
15.600000    -0.260268 
15.650000    -0.651464 
15.699999    0.066259 
15.750000    -0.396451 
15.799999    -0.434599 
15.850000    -0.266560 
15.899999    0.273261 
15.950000    -0.482699 
15.999999    -0.409325 
16.050000    0.101635 
16.099999    0.317562 
16.150000    0.648837 
16.200000    0.336447 
16.249999    0.499960 
16.300000    0.293685 
16.349999    -0.690764 
16.400000    -0.655103 
16.449999    -0.710131 
16.500000    -0.000332 
16.549999    -0.273431 
16.600000    -0.477381 
16.649999    -0.989229 
16.700000    -0.186232 
16.750000    -0.171210 
16.799999    -0.897312 
16.850000    -1.208683 
16.899999    -0.503111 
16.950000    0.325360 
16.999999    0.518568 
17.050000    -0.854058 
17.099999    0.189614 
17.150000    0.007311 
17.199999    -0.102162 
17.250000    -0.153613 
17.300000    -0.082269 
17.349999    -0.039862 
17.400000    -0.052768 
17.449999    0.142424 
17.500000    -0.342734 
17.549999    0.023318 
17.600000    0.638128 
17.649999    -0.135510 
17.700000    0.236838 
17.749999    -0.158449 
17.800000    0.176806 
17.850000    -0.230855 
17.899999    -0.224983 
17.950000    0.158704 
17.999999    -0.519497 
18.050000    0.620216 
18.099999    0.739228 
18.150000    -0.408786 
18.199999    -0.408563 
18.250000    0.090936 
18.299999    -0.000199 
18.350000    0.109343 
18.400000    -1.111366 
18.449999    -0.497742 
18.500000    -0.605425 
18.549999    -0.772854 
18.600000    -0.258577 
18.649999    -0.212318 
18.700000    -0.604637 
18.749999    0.140241 
18.800000    -0.514084 
18.849999    -0.554857 
18.900000    0.727308 
18.950000    1.165601 
18.999999    -0.238709 
19.050000    1.126901 
19.099999    0.279224 
19.150000    -0.096058 
19.199999    0.314297 
19.250000    0.331437 
19.299999    0.481464 
19.350000    0.212595 
19.399999    -1.127806 
19.450000    0.161876 
19.500000    -0.513484 
19.549999    -0.005208 
19.600000    -0.103240 
19.649999    0.162281 
19.700000    -0.007638 
19.749999    -0.013837 
19.800000    0.264270 
19.849999    -0.672928 
19.900000    -0.487416 
19.949999    -0.628465 


Reverse Correlation Function   