Time    Magnitude 

0.000000    1.279341 
0.050000    1.666708 
0.100000    0.523963 
0.150000    2.107991 
0.200000    3.337847 
0.250000    1.574311 
0.300000    4.268566 
0.350000    0.546062 
0.400000    0.911696 
0.450000    1.570444 
0.500000    -0.805325 
0.550000    -2.359699 
0.600000    -2.756644 
0.650000    -2.572921 
0.700000    0.380792 
0.750000    -1.734849 
0.800000    0.832067 
0.850000    -0.951504 
0.900000    3.044885 
0.950000    1.444610 
1.000000    -0.707143 
1.050000    0.429792 
1.100000    -0.782951 
1.150000    -2.210335 
1.200000    2.413642 
1.250000    1.615996 
1.300000    -1.004224 
1.350000    3.287402 
1.400000    3.902371 
1.450000    -0.157960 
1.500000    -0.753114 
1.550000    1.370717 
1.600000    -0.184270 
1.650000    -1.272759 
1.700000    -2.067264 
1.750000    -3.577559 
1.800000    -1.724214 
1.850000    -1.700469 
1.900000    -2.522880 
1.950000    -1.163105 
2.000000    -1.455165 
2.050000    -1.879429 
2.100000    0.495490 
2.150000    0.937757 
2.200000    2.019094 
2.250000    1.864040 
2.300000    6.153357 
2.350000    -0.229028 
2.400000    1.676363 
2.450000    2.428548 
2.500000    0.870648 
2.550000    2.504651 
2.600000    4.530154 
2.650000    1.814660 
2.700000    0.596217 
2.750000    1.753078 
2.800000    3.030902 
2.850000    -2.407495 
2.900000    -1.073375 
2.950000    -5.374832 
3.000000    -8.120498 
3.050000    -9.171613 
3.100000    -12.581240 
3.150000    -8.294062 
3.200000    -10.942776 
3.250000    -6.532047 
3.300000    -6.307530 
3.350000    -2.549338 
3.400000    -0.284840 
3.450000    6.731503 
3.500000    13.952766 
3.550000    17.085699 
3.600000    18.224148 
3.650000    22.954908 
3.700000    22.223312 
3.750000    22.786299 
3.800000    18.975527 
3.850000    18.525202 
3.900000    10.018398 
3.950000    5.913649 
4.000000    0.786087 
4.050000    -7.119262 
4.100000    -10.351560 
4.150000    -18.045017 
4.200000    -22.889122 
4.250000    -22.354019 
4.300000    -26.135618 
4.350000    -26.143364 
4.400000    -23.161295 
4.450000    -19.071533 
4.500000    -15.904971 
4.550000    -7.530216 
4.600000    -3.818781 
4.650000    3.675451 
4.700000    7.588965 
4.750000    13.922833 
4.800000    16.507982 
4.850000    17.817795 
4.900000    21.220753 
4.950000    19.744432 
5.000000    18.561401 
5.050000    15.327237 
5.100000    13.205840 
5.150000    8.103505 
5.200000    9.503641 
5.250000    -0.890286 
5.300000    -3.323143 
5.350000    -5.470912 
5.400000    -7.716571 
5.450000    -10.810926 
5.500000    -8.362001 
5.550000    -9.110265 
5.600000    -14.395945 
5.650000    -15.381079 
5.700000    -9.166843 
5.750000    -6.687434 
5.800000    -4.310637 
5.850000    0.233873 
5.900000    1.845779 
5.950000    4.499028 
6.000000    7.641573 
6.050000    10.084126 
6.100000    6.959884 
6.150000    9.297393 
6.200000    6.679724 
6.250000    6.825865 
6.300000    1.822873 
6.350000    2.963273 
6.400000    0.261272 
6.450000    -0.360818 
6.500000    -5.048528 
6.550000    -4.935450 
6.600000    -3.729049 
6.650000    -3.273027 
6.700000    -3.488329 
6.750000    -4.884194 
6.800000    -3.424601 
6.850000    -3.111951 
6.900000    -0.595682 
6.950000    -0.236416 
7.000000    -1.801856 
7.050000    -0.259317 
7.100000    1.692077 
7.150000    4.807717 
7.200000    1.930862 
7.250000    4.579777 
7.300000    6.032603 
7.350000    4.187582 
7.400000    3.723134 
7.450000    4.034146 
7.500000    2.785830 
7.550000    0.806194 
7.600000    -0.536154 
7.650000    -2.440173 
7.700000    0.011531 
7.750000    -2.050756 
7.800000    -3.346846 
7.850000    -2.741984 
7.900000    0.756148 
7.950000    0.262831 
7.999999    -0.705971 
8.049999    -2.414080 
8.100000    -1.722626 
8.150000    -1.361102 
8.200000    -0.240578 
8.250000    -0.717356 
8.300000    0.258201 
8.350000    -0.729794 
8.400000    0.129285 
8.450000    5.053139 
8.500000    2.339470 
8.549999    2.406991 
8.599999    1.675437 
8.650000    2.805142 
8.700000    2.602380 
8.750000    2.122062 
8.800000    2.741808 
8.850000    -0.771712 
8.900000    -0.957760 
8.950000    -1.449162 
9.000000    -0.523109 
9.050000    -2.806320 
9.099999    -1.772084 
9.149999    -1.166652 
9.200000    -1.812907 
9.250000    -1.385083 
9.300000    -0.406288 
9.350000    -0.074203 
9.400000    0.318967 
9.450000    3.324975 
9.500000    4.990533 
9.550000    3.021985 
9.600000    2.030419 
9.649999    0.453709 
9.699999    3.951771 
9.750000    0.397889 
9.800000    2.953092 
9.850000    1.588100 
9.900000    4.221460 
9.950000    2.154975 
10.000000    1.101933 
10.050000    0.475598 
10.100000    0.639670 
10.150000    1.216396 
10.199999    -3.930992 
10.249999    -1.192321 
10.300000    -0.133751 
10.350000    0.373875 
10.400000    -1.456915 
10.450000    -2.108996 
10.500000    0.899676 
10.550000    0.269219 
10.600000    -1.378862 
10.650000    3.900015 
10.700000    0.452977 
10.749999    1.675349 
10.799999    0.326791 
10.849999    2.139158 
10.900000    -0.081199 
10.950000    1.468827 
11.000000    0.012809 
11.050000    -1.372095 
11.100000    0.854395 
11.150000    0.659446 
11.200000    2.853777 
11.250000    1.944738 
11.299999    5.302085 
11.349999    -0.233715 
11.399999    0.740458 
11.450000    1.193512 
11.500000    -0.612966 
11.550000    -2.160536 
11.600000    -0.718120 
11.650000    0.269582 
11.700000    0.370005 
11.750000    -1.427333 
11.800000    1.806287 
11.849999    1.031819 
11.899999    1.395254 
11.949999    -1.086565 
12.000000    3.153261 
12.050000    1.849819 
12.100000    -2.444461 
12.150000    4.727323 
12.200000    -1.186718 
12.250000    -1.773543 
12.300000    -1.533947 
12.350000    1.333974 
12.399999    0.710345 
12.449999    0.455696 
12.499999    2.527870 
12.550000    0.873026 
12.600000    3.314380 
12.650000    3.395505 
12.700000    1.557247 
12.750000    1.567875 
12.800000    2.996210 
12.850000    -2.252903 
12.900000    2.740235 
12.949999    -1.545746 
12.999999    -2.322065 
13.049999    -0.343433 
13.100000    0.471654 
13.150000    1.535347 
13.200000    1.349627 
13.250000    -0.940259 
13.300000    0.562976 
13.350000    -0.883460 
13.400000    1.063719 
13.450000    0.538549 
13.499999    2.229329 
13.549999    0.800812 
13.599999    1.573321 
13.650000    2.140502 
13.700000    0.846813 
13.750000    -0.429833 
13.800000    2.143736 
13.850000    -0.058682 
13.900000    -0.303548 
13.950000    -1.943569 
14.000000    -0.572061 
14.049999    0.729151 
14.099999    -0.971569 
14.149999    -2.402404 
14.200000    -2.298287 
14.250000    0.265976 
14.300000    -1.347566 
14.350000    -2.887314 
14.400000    -1.998730 
14.450000    2.208559 
14.500000    -2.191510 
14.549999    1.109819 
14.599999    -0.708721 
14.649999    -2.035633 
14.699999    -1.699076 
14.750000    4.820662 
14.800000    1.739124 
14.850000    4.025902 
14.900000    -0.675974 
14.950000    0.833368 
15.000000    -1.310951 
15.050000    1.733824 
15.099999    -0.243701 
15.149999    -1.987840 
15.199999    -1.221037 
15.249999    0.187397 
15.299999    -0.702039 
15.350000    -4.160248 
15.400000    -1.436082 
15.450000    -1.219337 
15.500000    -1.193969 
15.550000    -0.733350 
15.600000    -1.543202 
15.650000    -0.185989 
15.699999    2.806660 
15.750000    -0.702557 
15.799999    1.052789 
15.850000    -0.653189 
15.899999    -0.158028 
15.950000    2.296021 
15.999999    0.093140 
16.050000    -0.126421 
16.099999    2.601758 
16.150000    0.602886 
16.200000    1.076067 
16.249999    3.249644 
16.300000    -0.408331 
16.349999    1.083155 
16.400000    0.384925 
16.449999    -2.526263 
16.500000    -1.754910 
16.549999    -3.915473 
16.600000    -2.840757 
16.649999    -0.326140 
16.700000    0.545207 
16.750000    2.950027 
16.799999    0.543807 
16.850000    -3.790971 
16.899999    -1.768139 
16.950000    -2.972520 
16.999999    -1.264750 
17.050000    -2.407013 
17.099999    -0.534318 
17.150000    0.906107 
17.199999    -0.360470 
17.250000    -0.984915 
17.300000    0.770982 
17.349999    2.029356 
17.400000    3.799671 
17.449999    0.512307 
17.500000    2.694255 
17.549999    0.223039 
17.600000    4.353210 
17.649999    -0.000052 
17.700000    -1.964781 
17.749999    4.440999 
17.800000    4.404318 
17.850000    4.768638 
17.899999    -0.087095 
17.950000    1.376720 
17.999999    2.608779 
18.050000    -3.321483 
18.099999    0.528798 
18.150000    -1.828784 
18.199999    -3.081141 
18.250000    -0.473184 
18.299999    -1.362822 
18.350000    0.232500 
18.400000    -1.934977 
18.449999    -1.301378 
18.500000    -0.526239 
18.549999    2.328233 
18.600000    -0.199492 
18.649999    1.572109 
18.700000    5.422020 
18.749999    2.598659 
18.800000    2.283018 
18.849999    1.922992 
18.900000    3.647260 
18.950000    2.746168 
18.999999    3.116094 
19.050000    3.333333 
19.099999    0.398689 
19.150000    1.631010 
19.199999    1.379762 
19.250000    2.661389 
19.299999    -2.109579 
19.350000    0.860255 
19.399999    -2.248462 
19.450000    -1.401025 
19.500000    -0.791712 
19.549999    -2.496333 
19.600000    -3.834500 
19.649999    -1.127845 
19.700000    2.178537 
19.749999    1.113913 
19.800000    -0.914963 
19.849999    4.791584 
19.900000    3.099937 
19.949999    -0.517649 


Reverse Correlation Function   