Time    Magnitude 

0.000000    29.025145 
0.050000    -9.960664 
0.100000    19.664461 
0.150000    0.325578 
0.200000    -4.816414 
0.250000    25.639696 
0.300000    8.086795 
0.350000    30.983652 
0.400000    14.478974 
0.450000    -12.924426 
0.500000    2.001923 
0.550000    -7.553751 
0.600000    24.644150 
0.650000    -2.244062 
0.700000    5.609734 
0.750000    7.765446 
0.800000    2.413296 
0.850000    0.033067 
0.900000    -10.316057 
0.950000    -17.696486 
1.000000    5.117066 
1.050000    11.845680 
1.100000    21.681141 
1.150000    0.263752 
1.200000    -10.138796 
1.250000    -10.731527 
1.300000    -5.439134 
1.350000    -36.409775 
1.400000    -3.371481 
1.450000    -32.334011 
1.500000    -13.999557 
1.550000    25.476753 
1.600000    69.180122 
1.650000    90.410545 
1.700000    142.211044 
1.750000    159.925293 
1.800000    145.809677 
1.850000    62.907028 
1.900000    -121.632301 
1.950000    -294.351501 
2.000000    -319.359131 
2.050000    -264.037445 
2.100000    -41.813660 
2.150000    207.298630 
2.200000    350.324066 
2.250000    270.530090 
2.300000    12.507790 
2.350000    -217.078827 
2.400000    -258.991730 
2.450000    -147.227661 
2.500000    62.980526 
2.550000    202.424637 
2.600000    153.694199 
2.650000    -40.894737 
2.700000    -206.424942 
2.750000    -191.313126 
2.800000    -35.092728 
2.850000    152.033875 
2.900000    162.591064 
2.950000    76.151604 
3.000000    -57.781372 
3.050000    -165.968872 
3.100000    -154.272247 
3.150000    -6.163029 
3.200000    54.258919 
3.250000    85.472908 
3.300000    7.454663 
3.350000    -79.304733 
3.400000    -91.904228 
3.450000    -43.474983 
3.500000    12.887328 
3.550000    57.079906 
3.600000    58.534081 
3.650000    17.556309 
3.700000    -49.997250 
3.750000    -11.481827 
3.800000    -7.120334 
3.850000    28.965103 
3.900000    65.240219 
3.950000    37.784195 
4.000000    9.730465 
4.050000    -18.750175 
4.100000    -7.108963 
4.150000    22.141602 
4.200000    -2.696304 
4.250000    2.465294 
4.300000    24.304720 
4.350000    -8.597713 
4.400000    4.552135 
4.450000    3.042621 
4.500000    -2.882303 
4.550000    -42.272930 
4.600000    -43.278561 
4.650000    -12.904223 
4.700000    -11.361807 
4.750000    10.695449 
4.800000    12.727233 
4.850000    60.527119 
4.900000    -24.572680 
4.950000    7.736973 
5.000000    -6.474508 
5.050000    -33.708614 
5.100000    4.999873 
5.150000    -21.380983 
5.200000    -4.958254 
5.250000    -1.480244 
5.300000    -19.325077 
5.350000    -12.263568 
5.400000    -31.712818 
5.450000    31.109804 
5.500000    7.800477 
5.550000    20.089952 
5.600000    3.655907 
5.650000    -31.254791 
5.700000    -3.268549 
5.750000    28.468138 
5.800000    8.442107 
5.850000    26.777195 
5.900000    7.783276 
5.950000    -2.816656 
6.000000    2.321879 
6.050000    9.745667 
6.100000    9.776100 
6.150000    22.550117 
6.200000    14.921862 
6.250000    11.089672 
6.300000    2.145760 
6.350000    20.909077 
6.400000    14.924299 
6.450000    36.519138 
6.500000    28.648949 
6.550000    21.088123 
6.600000    -13.657827 
6.650000    -20.020214 
6.700000    12.260080 
6.750000    -6.771852 
6.800000    -26.096390 
6.850000    18.037277 
6.900000    -32.238564 
6.950000    -0.313297 
7.000000    8.594771 
7.050000    37.496616 
7.100000    14.153993 
7.150000    18.909636 
7.200000    -0.726243 
7.250000    11.882804 
7.300000    19.112879 
7.350000    11.086303 
7.400000    32.122662 
7.450000    37.088921 
7.500000    18.639652 
7.550000    3.598575 
7.600000    16.752729 
7.650000    -33.647236 
7.700000    0.856855 
7.750000    -10.004826 
7.800000    -4.696652 
7.850000    7.763937 
7.900000    -7.441396 
7.950000    0.461961 
7.999999    18.596922 
8.049999    -10.817257 
8.100000    40.920876 
8.150000    15.661087 
8.200000    16.923332 
8.250000    -19.051205 
8.300000    -1.635863 
8.350000    -8.995733 
8.400000    5.875343 
8.450000    -8.258299 
8.500000    -2.717824 
8.549999    20.493134 
8.599999    28.396463 
8.650000    3.304867 
8.700000    -4.323135 
8.750000    -12.688804 
8.800000    25.022015 
8.850000    15.871080 
8.900000    -3.501553 
8.950000    13.775179 
9.000000    14.847879 
9.050000    -4.387937 
9.099999    4.726104 
9.149999    19.663111 
9.200000    -9.255164 
9.250000    7.814954 
9.300000    -27.983429 
9.350000    1.834960 
9.400000    2.327578 
9.450000    -8.429719 
9.500000    5.983183 
9.550000    -0.895851 
9.600000    28.410997 
9.649999    -44.569546 
9.699999    41.343838 
9.750000    10.435974 
9.800000    -14.788749 
9.850000    -5.009198 
9.900000    1.611004 
9.950000    -9.161391 
10.000000    -16.961115 
10.050000    3.721927 
10.100000    -18.488394 
10.150000    -15.387346 
10.199999    -3.862774 
10.249999    28.955996 
10.300000    39.919033 
10.350000    2.554509 
10.400000    32.642036 
10.450000    51.087238 
10.500000    63.273067 
10.550000    5.736363 
10.600000    22.614038 
10.650000    11.047325 
10.700000    11.695409 
10.749999    1.898580 
10.799999    16.977959 
10.849999    26.947649 
10.900000    8.075153 
10.950000    -7.965326 
11.000000    -12.614449 
11.050000    26.705359 
11.100000    -21.260803 
11.150000    -3.394793 
11.200000    4.528720 
11.250000    -4.128815 
11.299999    -36.388985 
11.349999    -1.663871 
11.399999    9.816586 
11.450000    3.766947 
11.500000    24.259096 
11.550000    1.798659 
11.600000    20.245146 
11.650000    20.428547 
11.700000    -46.054596 
11.750000    -63.134972 
11.800000    -48.857941 
11.849999    -11.788632 
11.899999    9.052842 
11.949999    -32.091827 
12.000000    -26.019159 
12.050000    -27.315310 
12.100000    -25.187044 
12.150000    -35.399113 
12.200000    -13.322248 
12.250000    1.470606 
12.300000    -25.490013 
12.350000    -23.904999 
12.399999    -1.307948 
12.449999    -39.445248 
12.499999    -13.470592 
12.550000    5.367403 
12.600000    23.572439 
12.650000    5.019951 
12.700000    -19.258265 
12.750000    -36.856125 
12.800000    2.243416 
12.850000    -0.311304 
12.900000    2.988183 
12.949999    14.325532 
12.999999    0.341241 
13.049999    5.337259 
13.100000    -33.359894 
13.150000    25.230843 
13.200000    -17.122574 
13.250000    22.240353 
13.300000    7.225827 
13.350000    41.507717 
13.400000    0.748267 
13.450000    1.183802 
13.499999    -17.533110 
13.549999    -2.897668 
13.599999    6.077890 
13.650000    -22.287617 
13.700000    -10.311989 
13.750000    18.127150 
13.800000    16.084467 
13.850000    11.880081 
13.900000    -17.148838 
13.950000    -15.686245 
14.000000    -7.216857 
14.049999    17.209318 
14.099999    42.956478 
14.149999    14.954740 
14.200000    2.391696 
14.250000    12.943268 
14.300000    -4.653331 
14.350000    -48.591560 
14.400000    -14.184036 
14.450000    -1.320848 
14.500000    18.833696 
14.549999    32.471981 
14.599999    -11.483535 
14.649999    -23.511631 
14.699999    0.802459 
14.750000    -11.780441 
14.800000    24.700867 
14.850000    24.074177 
14.900000    -2.551983 
14.950000    -4.062619 
15.000000    -5.588268 
15.050000    13.045288 
15.099999    27.951845 
15.149999    46.474743 
15.199999    33.080246 
15.249999    43.609543 
15.299999    -0.221260 
15.350000    23.840683 
15.400000    14.454511 
15.450000    47.215832 
15.500000    45.279148 
15.550000    28.314909 
15.600000    21.907797 
15.650000    -6.057422 
15.699999    -7.165550 
15.750000    -1.197763 
15.799999    26.169449 
15.850000    16.213799 
15.899999    42.757069 
15.950000    5.601512 
15.999999    2.623091 
16.050000    -11.094807 
16.099999    2.770276 
16.150000    -3.189718 
16.200000    22.414398 
16.249999    31.307404 
16.300000    -7.132852 
16.349999    10.758766 
16.400000    5.430522 
16.449999    34.831680 
16.500000    -23.572535 
16.549999    -12.532905 
16.600000    -17.308128 
16.649999    35.567406 
16.700000    15.930123 
16.750000    11.750472 
16.799999    17.148384 
16.850000    13.044809 
16.899999    4.129656 
16.950000    -14.679332 
16.999999    12.346874 
17.050000    -32.755253 
17.099999    -19.815756 
17.150000    -6.843128 
17.199999    -19.404558 
17.250000    -1.349382 
17.300000    -1.489405 
17.349999    -16.007536 
17.400000    27.212387 
17.449999    32.924656 
17.500000    8.641357 
17.549999    14.932952 
17.600000    0.404647 
17.649999    0.659423 
17.700000    20.581934 
17.749999    26.395515 
17.800000    -0.453953 
17.850000    -1.019622 
17.899999    -28.049925 
17.950000    -32.866539 
17.999999    18.145462 
18.050000    -13.980666 
18.099999    18.720909 
18.150000    5.018057 
18.199999    34.687355 
18.250000    -29.324215 
18.299999    -9.983809 
18.350000    -3.779430 
18.400000    -7.767765 
18.449999    14.246848 
18.500000    18.192732 
18.549999    25.503344 
18.600000    25.734728 
18.649999    5.089699 
18.700000    20.611134 
18.749999    35.937767 
18.800000    -18.546894 
18.849999    -0.972237 
18.900000    6.598594 
18.950000    -9.169295 
18.999999    -14.752779 
19.050000    3.151392 
19.099999    2.943007 
19.150000    2.194721 
19.199999    31.938940 
19.250000    16.015356 
19.299999    8.995028 
19.350000    -17.058573 
19.399999    -19.660477 
19.450000    27.307562 
19.500000    27.145641 
19.549999    14.643189 
19.600000    5.472747 
19.649999    10.469978 
19.700000    8.736285 
19.749999    12.207360 
19.800000    -11.073011 
19.849999    -34.801495 
19.900000    13.213759 
19.949999    -17.370182 


Reverse Correlation Function   