Time    Magnitude 

0.000000    -0.500502 
0.050000    8.348239 
0.100000    -4.523534 
0.150000    13.520329 
0.200000    10.555931 
0.250000    2.804054 
0.300000    12.852859 
0.350000    10.071864 
0.400000    -7.337631 
0.450000    -0.661790 
0.500000    7.411212 
0.550000    1.216330 
0.600000    2.601588 
0.650000    -6.827969 
0.700000    -3.730748 
0.750000    13.931391 
0.800000    -9.606926 
0.850000    -4.771455 
0.900000    -6.709044 
0.950000    -7.585838 
1.000000    -11.459457 
1.050000    -10.109763 
1.100000    -15.282653 
1.150000    -3.550236 
1.200000    -18.174902 
1.250000    -14.888519 
1.300000    -7.781536 
1.350000    -0.403220 
1.400000    9.135501 
1.450000    19.016130 
1.500000    21.413845 
1.550000    27.023945 
1.600000    39.893661 
1.650000    44.219017 
1.700000    0.514924 
1.750000    -33.172112 
1.800000    -77.908112 
1.850000    -80.400459 
1.900000    -3.626556 
1.950000    62.384296 
2.000000    78.893326 
2.050000    29.604589 
2.100000    -18.279064 
2.150000    -19.043056 
2.200000    24.322802 
2.250000    54.795761 
2.300000    38.686279 
2.350000    -10.195191 
2.400000    -36.337265 
2.450000    -37.230553 
2.500000    -23.738750 
2.550000    14.340941 
2.600000    2.870166 
2.650000    -6.929510 
2.700000    0.491628 
2.750000    -23.430912 
2.800000    -3.967325 
2.850000    -6.757257 
2.900000    0.949630 
2.950000    43.025612 
3.000000    -4.113158 
3.050000    -25.818918 
3.100000    -25.806944 
3.150000    -9.958326 
3.200000    6.335264 
3.250000    20.552202 
3.300000    4.278703 
3.350000    10.019097 
3.400000    -14.636169 
3.450000    -5.669477 
3.500000    -0.397800 
3.550000    16.154699 
3.600000    -4.470248 
3.650000    -3.840956 
3.700000    -12.313872 
3.750000    9.887667 
3.800000    7.066295 
3.850000    -9.876245 
3.900000    -7.975338 
3.950000    -10.279283 
4.000000    -8.253762 
4.050000    15.608759 
4.100000    1.916688 
4.150000    4.405559 
4.200000    10.406863 
4.250000    -5.818098 
4.300000    -10.367632 
4.350000    12.045305 
4.400000    11.587474 
4.450000    -3.444601 
4.500000    -2.904004 
4.550000    4.085520 
4.600000    0.438022 
4.650000    9.980407 
4.700000    -0.763399 
4.750000    5.200392 
4.800000    3.713353 
4.850000    -18.746225 
4.900000    1.478506 
4.950000    -16.563189 
5.000000    -2.767998 
5.050000    -5.728677 
5.100000    1.201194 
5.150000    9.658243 
5.200000    6.134149 
5.250000    17.630814 
5.300000    17.692427 
5.350000    1.826394 
5.400000    -4.837573 
5.450000    -2.823644 
5.500000    -6.093962 
5.550000    6.780206 
5.600000    -7.209793 
5.650000    6.785718 
5.700000    -1.035755 
5.750000    -4.110664 
5.800000    6.757935 
5.850000    -1.418757 
5.900000    -1.750032 
5.950000    5.102595 
6.000000    -13.234851 
6.050000    -2.567181 
6.100000    5.003808 
6.150000    10.307081 
6.200000    -5.408396 
6.250000    -1.550569 
6.300000    0.516926 
6.350000    5.507326 
6.400000    -3.504485 
6.450000    4.463154 
6.500000    5.240722 
6.550000    1.067419 
6.600000    -0.372312 
6.650000    -1.947596 
6.700000    0.658145 
6.750000    4.750154 
6.800000    12.286170 
6.850000    1.374881 
6.900000    10.760868 
6.950000    -8.330926 
7.000000    -9.553209 
7.050000    -4.776088 
7.100000    13.759857 
7.150000    15.955380 
7.200000    -2.651518 
7.250000    4.368787 
7.300000    -11.965723 
7.350000    -11.731167 
7.400000    15.982515 
7.450000    13.830500 
7.500000    9.858174 
7.550000    0.794513 
7.600000    -11.275782 
7.650000    -11.712336 
7.700000    2.889266 
7.750000    8.336273 
7.800000    10.195623 
7.850000    5.197280 
7.900000    14.475711 
7.950000    5.284752 
7.999999    -6.587754 
8.049999    -4.745764 
8.100000    11.525842 
8.150000    0.663943 
8.200000    -8.766538 
8.250000    14.519939 
8.300000    13.462446 
8.350000    2.961013 
8.400000    14.420241 
8.450000    -6.236002 
8.500000    -0.263622 
8.549999    7.174788 
8.599999    -0.586812 
8.650000    9.744444 
8.700000    12.339860 
8.750000    5.948461 
8.800000    15.368510 
8.850000    -7.421507 
8.900000    -1.034188 
8.950000    -2.573539 
9.000000    14.911545 
9.050000    -0.878406 
9.099999    -5.630735 
9.149999    4.313994 
9.200000    3.042418 
9.250000    -9.780116 
9.300000    0.689604 
9.350000    2.540140 
9.400000    -4.067686 
9.450000    -7.514547 
9.500000    4.233478 
9.550000    19.737837 
9.600000    18.786505 
9.649999    -3.662974 
9.699999    -3.068960 
9.750000    -12.794437 
9.800000    -2.375580 
9.850000    -9.587118 
9.900000    5.293219 
9.950000    -2.776186 
10.000000    2.756749 
10.050000    -0.459733 
10.100000    7.618538 
10.150000    14.733689 
10.199999    -8.360709 
10.249999    0.381968 
10.300000    -9.782074 
10.350000    -10.345408 
10.400000    26.863806 
10.450000    2.317017 
10.500000    -15.734084 
10.550000    -18.378447 
10.600000    -1.999417 
10.650000    -6.690002 
10.700000    0.287154 
10.749999    -17.162418 
10.799999    -4.105866 
10.849999    -0.095749 
10.900000    -2.169658 
10.950000    0.866551 
11.000000    1.591709 
11.050000    4.150485 
11.100000    -1.885417 
11.150000    0.124933 
11.200000    -7.357116 
11.250000    17.046709 
11.299999    11.757001 
11.349999    -5.136273 
11.399999    12.275632 
11.450000    16.731522 
11.500000    7.789613 
11.550000    2.783566 
11.600000    -14.751603 
11.650000    5.133377 
11.700000    8.331877 
11.750000    -12.135992 
11.800000    6.493653 
11.849999    1.821950 
11.899999    2.237398 
11.949999    -0.120871 
12.000000    -1.402902 
12.050000    1.439496 
12.100000    -5.203667 
12.150000    -5.456700 
12.200000    8.040713 
12.250000    -2.024698 
12.300000    16.265690 
12.350000    -0.662728 
12.399999    9.793370 
12.449999    -3.087879 
12.499999    -4.452241 
12.550000    -7.433754 
12.600000    3.113102 
12.650000    7.960704 
12.700000    -4.634254 
12.750000    1.253879 
12.800000    2.629658 
12.850000    5.498507 
12.900000    -13.419430 
12.949999    10.131268 
12.999999    -13.482404 
13.049999    -5.169678 
13.100000    1.233146 
13.150000    -0.223839 
13.200000    -1.279794 
13.250000    9.906288 
13.300000    -1.434332 
13.350000    9.990413 
13.400000    3.186706 
13.450000    10.009131 
13.499999    -6.832756 
13.549999    4.002049 
13.599999    -2.686268 
13.650000    -10.628999 
13.700000    17.563837 
13.750000    -5.254414 
13.800000    -11.824823 
13.850000    -0.713273 
13.900000    -3.457880 
13.950000    -3.733784 
14.000000    6.581299 
14.049999    12.466342 
14.099999    8.413119 
14.149999    -1.174650 
14.200000    18.640114 
14.250000    11.694463 
14.300000    3.448421 
14.350000    14.662188 
14.400000    0.938886 
14.450000    8.274217 
14.500000    2.908695 
14.549999    -2.097109 
14.599999    14.403726 
14.649999    13.045747 
14.699999    3.744822 
14.750000    2.490979 
14.800000    -7.365309 
14.850000    -0.974520 
14.900000    -5.886353 
14.950000    -5.151440 
15.000000    -9.629964 
15.050000    7.423501 
15.099999    3.083434 
15.149999    7.047027 
15.199999    -7.418316 
15.249999    -14.524497 
15.299999    -4.411861 
15.350000    6.642881 
15.400000    10.667800 
15.450000    -7.184138 
15.500000    -0.730147 
15.550000    6.375997 
15.600000    5.129682 
15.650000    -14.151345 
15.699999    5.073668 
15.750000    -5.732288 
15.799999    5.799136 
15.850000    0.635693 
15.899999    -1.555389 
15.950000    6.522123 
15.999999    -30.961580 
16.050000    -10.648372 
16.099999    -15.567986 
16.150000    -12.966994 
16.200000    16.942535 
16.249999    -3.641184 
16.300000    -4.764561 
16.349999    -8.406769 
16.400000    -11.672967 
16.449999    -2.288474 
16.500000    -4.013787 
16.549999    25.033911 
16.600000    2.267582 
16.649999    11.027658 
16.700000    -8.099637 
16.750000    7.967998 
16.799999    -8.714404 
16.850000    -7.864428 
16.899999    2.277313 
16.950000    -7.740121 
16.999999    9.695361 
17.050000    5.137826 
17.099999    -5.860020 
17.150000    9.270116 
17.199999    -0.236339 
17.250000    16.535458 
17.300000    -0.818056 
17.349999    -7.630354 
17.400000    -2.158984 
17.449999    -0.638362 
17.500000    10.345827 
17.549999    24.295546 
17.600000    -13.190975 
17.649999    0.814174 
17.700000    9.797399 
17.749999    -9.617790 
17.800000    21.747633 
17.850000    -11.154145 
17.899999    1.168976 
17.950000    1.415971 
17.999999    10.342431 
18.050000    -0.251863 
18.099999    -23.045727 
18.150000    6.685825 
18.199999    -6.727434 
18.250000    3.717136 
18.299999    8.234169 
18.350000    0.543806 
18.400000    -3.380640 
18.449999    -2.066056 
18.500000    -4.535404 
18.549999    -6.526976 
18.600000    -5.294872 
18.649999    -6.458330 
18.700000    -1.668404 
18.749999    -1.379936 
18.800000    -10.896877 
18.849999    5.919760 
18.900000    4.587537 
18.950000    11.485086 
18.999999    2.497390 
19.050000    -0.712456 
19.099999    6.803204 
19.150000    -11.944848 
19.199999    7.786587 
19.250000    16.551918 
19.299999    0.597142 
19.350000    14.829844 
19.399999    4.795424 
19.450000    -8.130825 
19.500000    -3.967029 
19.549999    2.188517 
19.600000    -5.062666 
19.649999    15.349154 
19.700000    7.828773 
19.749999    -18.538124 
19.800000    7.755326 
19.849999    1.089776 
19.900000    -15.368488 
19.949999    5.681511 


Reverse Correlation Function   