Time    Magnitude 

0.000000    -0.153922 
0.050000    0.071266 
0.100000    -0.168055 
0.150000    0.620672 
0.200000    0.365005 
0.250000    0.030074 
0.300000    0.431170 
0.350000    0.325545 
0.400000    0.007501 
0.450000    -0.215887 
0.500000    -0.073204 
0.550000    -0.249195 
0.600000    -0.070346 
0.650000    -0.197153 
0.700000    -0.018339 
0.750000    -0.419611 
0.800000    -0.381295 
0.850000    -0.285535 
0.900000    0.375524 
0.950000    -0.177818 
1.000000    -0.563320 
1.050000    -0.088825 
1.100000    0.212346 
1.150000    0.174155 
1.200000    0.233990 
1.250000    0.527470 
1.300000    0.186785 
1.350000    -0.025668 
1.400000    0.016143 
1.450000    0.496228 
1.500000    -0.003508 
1.550000    -0.040925 
1.600000    -0.531528 
1.650000    -0.420046 
1.700000    -0.013078 
1.750000    -0.008639 
1.800000    0.045955 
1.850000    0.699638 
1.900000    -0.523942 
1.950000    -0.318707 
2.000000    0.507449 
2.050000    -0.496066 
2.100000    0.186312 
2.150000    -0.314680 
2.200000    -0.632744 
2.250000    -0.091384 
2.300000    -0.311271 
2.350000    -0.076406 
2.400000    -0.177552 
2.450000    -0.121249 
2.500000    -0.170878 
2.550000    0.076599 
2.600000    -0.597717 
2.650000    0.349110 
2.700000    0.367842 
2.750000    0.038504 
2.800000    -0.473932 
2.850000    0.180807 
2.900000    0.245648 
2.950000    0.243691 
3.000000    0.057952 
3.050000    -0.385806 
3.100000    0.148094 
3.150000    0.606626 
3.200000    -0.182383 
3.250000    0.557929 
3.300000    0.158093 
3.350000    0.576321 
3.400000    -0.299800 
3.450000    0.290700 
3.500000    0.665451 
3.550000    0.397192 
3.600000    0.364195 
3.650000    0.676572 
3.700000    0.616074 
3.750000    1.233672 
3.800000    1.344239 
3.850000    1.342765 
3.900000    1.183846 
3.950000    1.761157 
4.000000    1.804592 
4.050000    1.542123 
4.100000    2.025319 
4.150000    1.904339 
4.200000    1.440973 
4.250000    1.498616 
4.300000    1.114849 
4.350000    1.320442 
4.400000    0.777418 
4.450000    1.371721 
4.500000    0.011235 
4.550000    -0.172176 
4.600000    -0.777761 
4.650000    -1.554071 
4.700000    -1.185031 
4.750000    -1.814720 
4.800000    -2.166639 
4.850000    -2.667484 
4.900000    -3.748214 
4.950000    -4.039907 
5.000000    -3.851022 
5.050000    -4.489530 
5.100000    -4.307678 
5.150000    -4.739199 
5.200000    -4.174286 
5.250000    -4.670636 
5.300000    -3.387721 
5.350000    -3.457453 
5.400000    -3.012434 
5.450000    -3.172019 
5.500000    -2.872035 
5.550000    -2.585364 
5.600000    -1.884989 
5.650000    -1.830889 
5.700000    -1.142817 
5.750000    -0.525427 
5.800000    -0.598062 
5.850000    -0.388862 
5.900000    0.535948 
5.950000    0.680849 
6.000000    1.210405 
6.050000    0.370269 
6.100000    1.874959 
6.150000    1.405406 
6.200000    2.165588 
6.250000    2.331808 
6.300000    1.992195 
6.350000    2.756320 
6.400000    2.660482 
6.450000    3.312122 
6.500000    2.421729 
6.550000    3.280327 
6.600000    2.643426 
6.650000    3.115270 
6.700000    2.705209 
6.750000    2.940602 
6.800000    2.835032 
6.850000    2.588714 
6.900000    2.836603 
6.950000    2.436696 
7.000000    2.617958 
7.050000    2.347289 
7.100000    2.472735 
7.150000    1.553268 
7.200000    1.996188 
7.250000    1.682870 
7.300000    1.419420 
7.350000    1.442503 
7.400000    1.498396 
7.450000    1.887318 
7.500000    1.124534 
7.550000    0.836709 
7.600000    0.656571 
7.650000    0.948268 
7.700000    0.234673 
7.750000    -0.274584 
7.800000    0.365269 
7.850000    -0.482344 
7.900000    0.175629 
7.950000    0.272658 
7.999999    0.404929 
8.049999    -0.081396 
8.100000    -0.290263 
8.150000    -1.236859 
8.200000    0.139933 
8.250000    0.049344 
8.300000    -0.319357 
8.350000    -0.447388 
8.400000    -1.671865 
8.450000    -1.061936 
8.500000    -0.185409 
8.549999    -0.772060 
8.599999    -0.172907 
8.650000    -1.433401 
8.700000    -0.925460 
8.750000    -1.027606 
8.800000    -1.559910 
8.850000    -1.313358 
8.900000    -1.487723 
8.950000    -1.203270 
9.000000    -1.773256 
9.050000    -1.877640 
9.099999    -1.319257 
9.149999    -1.454739 
9.200000    -1.684904 
9.250000    -1.075710 
9.300000    -0.840952 
9.350000    -1.072720 
9.400000    -1.356055 
9.450000    -0.885526 
9.500000    -0.317382 
9.550000    -0.981374 
9.600000    -0.484112 
9.649999    -0.505174 
9.699999    -0.882145 
9.750000    -0.756022 
9.800000    -0.620629 
9.850000    -0.471074 
9.900000    0.062586 
9.950000    -0.108941 
10.000000    0.158582 
10.050000    -0.543060 
10.100000    -0.410628 
10.150000    -0.453628 
10.199999    0.230830 
10.249999    0.106568 
10.300000    0.873052 
10.350000    0.105111 
10.400000    -0.501123 
10.450000    0.310004 
10.500000    0.513578 
10.550000    0.597815 
10.600000    0.707061 
10.650000    0.713295 
10.700000    -0.306130 
10.749999    -0.099340 
10.799999    0.748742 
10.849999    0.389185 
10.900000    0.419730 
10.950000    0.327526 
11.000000    0.378866 
11.050000    0.445991 
11.100000    1.007942 
11.150000    0.379563 
11.200000    1.556194 
11.250000    0.281409 
11.299999    1.182633 
11.349999    0.230560 
11.399999    0.119346 
11.450000    0.582279 
11.500000    0.211160 
11.550000    0.391585 
11.600000    0.086194 
11.650000    -0.363311 
11.700000    -0.740445 
11.750000    -0.298677 
11.800000    0.401924 
11.849999    0.071140 
11.899999    0.342710 
11.949999    0.629336 
12.000000    0.332320 
12.050000    0.336188 
12.100000    -0.387862 
12.150000    0.020708 
12.200000    -0.097919 
12.250000    0.071169 
12.300000    0.067598 
12.350000    -0.280376 
12.399999    0.134986 
12.449999    -0.063750 
12.499999    0.155512 
12.550000    -0.145329 
12.600000    0.332157 
12.650000    0.609637 
12.700000    0.457780 
12.750000    0.458226 
12.800000    0.861515 
12.850000    -0.013718 
12.900000    0.372661 
12.949999    0.734188 
12.999999    0.033779 
13.049999    0.239841 
13.100000    0.390463 
13.150000    0.490054 
13.200000    0.018050 
13.250000    -0.029191 
13.300000    0.356607 
13.350000    0.949144 
13.400000    0.141586 
13.450000    0.529611 
13.499999    0.300606 
13.549999    0.174333 
13.599999    0.278659 
13.650000    0.065337 
13.700000    0.116441 
13.750000    0.529901 
13.800000    0.428948 
13.850000    0.418115 
13.900000    0.409730 
13.950000    0.922843 
14.000000    0.230135 
14.049999    0.375681 
14.099999    0.598153 
14.149999    0.202340 
14.200000    0.398484 
14.250000    0.324163 
14.300000    0.135376 
14.350000    0.136344 
14.400000    0.507330 
14.450000    0.704504 
14.500000    0.470010 
14.549999    0.124106 
14.599999    0.063619 
14.649999    -0.311432 
14.699999    -0.152868 
14.750000    -0.000614 
14.800000    0.441124 
14.850000    0.602335 
14.900000    0.092746 
14.950000    0.419650 
15.000000    0.200745 
15.050000    -0.058288 
15.099999    -0.286190 
15.149999    -0.723104 
15.199999    -0.918459 
15.249999    -0.511580 
15.299999    -0.860314 
15.350000    0.023689 
15.400000    0.154340 
15.450000    -0.457698 
15.500000    0.241596 
15.550000    -0.096825 
15.600000    -0.021647 
15.650000    0.077056 
15.699999    -0.221638 
15.750000    0.287331 
15.799999    -0.106061 
15.850000    -0.295944 
15.899999    -0.077503 
15.950000    0.733753 
15.999999    0.321355 
16.050000    0.518160 
16.099999    0.731913 
16.150000    0.481397 
16.200000    0.536520 
16.249999    -0.517646 
16.300000    0.657733 
16.349999    0.783909 
16.400000    -0.180011 
16.449999    0.580441 
16.500000    -0.217695 
16.549999    0.019217 
16.600000    0.809644 
16.649999    0.198206 
16.700000    0.391825 
16.750000    0.356174 
16.799999    0.679203 
16.850000    0.233630 
16.899999    0.081877 
16.950000    0.032053 
16.999999    0.140260 
17.050000    0.712190 
17.099999    -0.071722 
17.150000    0.118144 
17.199999    -0.031260 
17.250000    0.043755 
17.300000    -0.204905 
17.349999    -0.172230 
17.400000    0.175495 
17.449999    -0.310457 
17.500000    -0.315632 
17.549999    -0.005773 
17.600000    -0.644492 
17.649999    -0.570462 
17.700000    0.305475 
17.749999    -0.891398 
17.800000    -1.253267 
17.850000    -0.989191 
17.899999    -0.328629 
17.950000    -0.069034 
17.999999    -0.407435 
18.050000    -0.390979 
18.099999    -0.008844 
18.150000    -0.468061 
18.199999    -0.646362 
18.250000    -0.644632 
18.299999    -0.682485 
18.350000    -0.725895 
18.400000    -0.040722 
18.449999    -0.594044 
18.500000    -0.130273 
18.549999    -0.343137 
18.600000    -0.156780 
18.649999    -0.298348 
18.700000    -0.054504 
18.749999    -0.380295 
18.800000    -0.225959 
18.849999    -0.462541 
18.900000    0.811770 
18.950000    -0.195699 
18.999999    -0.131302 
19.050000    -0.276596 
19.099999    0.355497 
19.150000    0.006145 
19.199999    0.548996 
19.250000    -0.206866 
19.299999    0.553537 
19.350000    0.192090 
19.399999    0.702132 
19.450000    0.157343 
19.500000    0.439937 
19.549999    0.200002 
19.600000    0.286946 
19.649999    -0.297552 
19.700000    0.250416 
19.749999    0.268999 
19.800000    0.510448 
19.849999    1.056758 
19.900000    -0.546212 
19.949999    0.163218 


Reverse Correlation Function   