Time    Magnitude 

0.000000    2.591326 
0.050000    0.355211 
0.100000    4.408308 
0.150000    0.820754 
0.200000    15.482717 
0.250000    14.824421 
0.300000    1.425159 
0.350000    5.273187 
0.400000    2.612227 
0.450000    -4.093735 
0.500000    -10.770514 
0.550000    -3.625458 
0.600000    -5.897363 
0.650000    5.057098 
0.700000    -0.553928 
0.750000    -2.954413 
0.800000    -4.123058 
0.850000    -6.575640 
0.900000    -7.751630 
0.950000    9.012174 
1.000000    -0.078496 
1.050000    0.092541 
1.100000    1.478642 
1.150000    7.743417 
1.200000    -1.006816 
1.250000    -5.889794 
1.300000    -5.028740 
1.350000    1.658666 
1.400000    12.066939 
1.450000    5.009224 
1.500000    -4.495082 
1.550000    3.391733 
1.600000    -0.668540 
1.650000    -13.315683 
1.700000    -3.420201 
1.750000    -11.291642 
1.800000    -12.153772 
1.850000    0.021341 
1.900000    -4.191961 
1.950000    -4.669973 
2.000000    -7.601129 
2.050000    2.569989 
2.100000    -4.133092 
2.150000    4.059145 
2.200000    1.810866 
2.250000    8.916340 
2.300000    5.611926 
2.350000    0.894246 
2.400000    4.389821 
2.450000    13.405586 
2.500000    14.525940 
2.550000    17.020823 
2.600000    13.443705 
2.650000    10.389341 
2.700000    12.695787 
2.750000    12.742794 
2.800000    1.302621 
2.850000    2.536272 
2.900000    -16.108252 
2.950000    -9.557937 
3.000000    -21.595982 
3.050000    -26.485601 
3.100000    -30.562298 
3.150000    -39.998646 
3.200000    -30.596571 
3.250000    -18.450842 
3.300000    -22.504110 
3.350000    -2.405353 
3.400000    8.587387 
3.450000    23.950495 
3.500000    37.187218 
3.550000    63.788372 
3.600000    71.679375 
3.650000    79.336296 
3.700000    65.959305 
3.750000    61.940506 
3.800000    67.767174 
3.850000    44.942062 
3.900000    31.635801 
3.950000    18.446096 
4.000000    -8.423402 
4.050000    -30.926353 
4.100000    -47.099438 
4.150000    -60.017483 
4.200000    -69.783890 
4.250000    -78.157585 
4.300000    -82.483963 
4.350000    -75.875565 
4.400000    -71.469093 
4.450000    -63.145847 
4.500000    -34.466335 
4.550000    -24.218157 
4.600000    -3.680493 
4.650000    11.594572 
4.700000    26.920897 
4.750000    43.026402 
4.800000    54.685188 
4.850000    62.612247 
4.900000    57.903046 
4.950000    51.969696 
5.000000    50.196892 
5.050000    47.688927 
5.100000    30.618364 
5.150000    21.602339 
5.200000    13.013199 
5.250000    -1.059216 
5.300000    -9.850805 
5.350000    -19.732420 
5.400000    -22.660578 
5.450000    -27.118105 
5.500000    -20.039246 
5.550000    -28.249542 
5.600000    -26.331686 
5.650000    -20.847528 
5.700000    -23.629910 
5.750000    -11.237532 
5.800000    -1.740277 
5.850000    12.793853 
5.900000    11.159968 
5.950000    13.876939 
6.000000    22.241560 
6.050000    24.676897 
6.100000    21.699991 
6.150000    17.406652 
6.200000    4.883908 
6.250000    13.394178 
6.300000    0.142385 
6.350000    -10.758601 
6.400000    0.260742 
6.450000    -20.525423 
6.500000    -2.213078 
6.550000    -13.277906 
6.600000    -13.413191 
6.650000    -4.086843 
6.700000    -3.488156 
6.750000    -8.057871 
6.800000    -5.013628 
6.850000    -7.231477 
6.900000    1.122278 
6.950000    -1.839129 
7.000000    1.278048 
7.050000    8.449726 
7.100000    0.806849 
7.150000    13.233636 
7.200000    12.681396 
7.250000    3.806634 
7.300000    12.025354 
7.350000    4.020690 
7.400000    15.362710 
7.450000    10.291808 
7.500000    -0.703103 
7.550000    5.745981 
7.600000    9.308979 
7.650000    -3.277916 
7.700000    5.977712 
7.750000    1.576904 
7.800000    2.794787 
7.850000    0.903026 
7.900000    -5.488281 
7.950000    -5.219125 
7.999999    1.164435 
8.049999    -11.060326 
8.100000    -11.896121 
8.150000    0.166749 
8.200000    -7.661533 
8.250000    0.391476 
8.300000    -4.572841 
8.350000    4.966161 
8.400000    4.271549 
8.450000    9.587653 
8.500000    10.908670 
8.549999    5.881691 
8.599999    3.821219 
8.650000    5.546946 
8.700000    9.281719 
8.750000    0.709523 
8.800000    0.505290 
8.850000    0.216859 
8.900000    9.357879 
8.950000    6.127354 
9.000000    -2.177762 
9.050000    -3.737162 
9.099999    -5.529301 
9.149999    -9.041756 
9.200000    -6.448116 
9.250000    -12.509716 
9.300000    -6.636762 
9.350000    -4.983028 
9.400000    7.689284 
9.450000    -0.819994 
9.500000    2.146873 
9.550000    10.717217 
9.600000    -1.340757 
9.649999    -4.531014 
9.699999    13.243143 
9.750000    3.303126 
9.800000    4.805940 
9.850000    11.015451 
9.900000    -4.078673 
9.950000    13.513661 
10.000000    2.532791 
10.050000    7.781207 
10.100000    -4.001415 
10.150000    -5.650320 
10.199999    -0.755125 
10.249999    -3.163387 
10.300000    -2.026697 
10.350000    -2.325610 
10.400000    -3.658115 
10.450000    1.210702 
10.500000    -1.578758 
10.550000    4.642318 
10.600000    -0.757926 
10.650000    1.313943 
10.700000    0.025585 
10.749999    -5.730836 
10.799999    8.433729 
10.849999    -4.523739 
10.900000    3.888308 
10.950000    0.891251 
11.000000    1.650010 
11.050000    0.969869 
11.100000    -3.541475 
11.150000    0.822344 
11.200000    2.801157 
11.250000    1.673319 
11.299999    10.913565 
11.349999    3.888565 
11.399999    4.235953 
11.450000    -0.686465 
11.500000    -12.392204 
11.550000    -1.915923 
11.600000    0.263328 
11.650000    7.538727 
11.700000    -2.087470 
11.750000    1.723528 
11.800000    5.017062 
11.849999    -9.414377 
11.899999    1.166166 
11.949999    3.627036 
12.000000    -2.091095 
12.050000    5.330636 
12.100000    3.778503 
12.150000    -3.952214 
12.200000    0.638922 
12.250000    -0.368026 
12.300000    -3.547448 
12.350000    -2.571278 
12.399999    2.707225 
12.449999    -1.497863 
12.499999    1.493990 
12.550000    8.738128 
12.600000    8.543112 
12.650000    6.672289 
12.700000    -1.810068 
12.750000    1.101581 
12.800000    1.461388 
12.850000    -2.208202 
12.900000    -7.456291 
12.949999    1.303264 
12.999999    0.815426 
13.049999    7.404405 
13.100000    3.319559 
13.150000    -7.083318 
13.200000    4.651685 
13.250000    -0.719431 
13.300000    2.346735 
13.350000    0.038413 
13.400000    7.055054 
13.450000    7.388547 
13.499999    -3.034379 
13.549999    9.348363 
13.599999    2.348182 
13.650000    -5.014586 
13.700000    4.916343 
13.750000    15.801162 
13.800000    -8.736175 
13.850000    3.362880 
13.900000    -2.487476 
13.950000    3.104060 
14.000000    3.216436 
14.049999    2.867630 
14.099999    -1.897883 
14.149999    -7.863291 
14.200000    -8.300319 
14.250000    -5.942175 
14.300000    -5.512306 
14.350000    0.215370 
14.400000    0.227177 
14.450000    -6.504066 
14.500000    2.202998 
14.549999    -3.696660 
14.599999    3.137624 
14.649999    -4.658095 
14.699999    2.922282 
14.750000    5.862757 
14.800000    1.777695 
14.850000    3.866348 
14.900000    1.948320 
14.950000    0.715095 
15.000000    0.702222 
15.050000    4.232733 
15.099999    -2.930625 
15.149999    -0.192760 
15.199999    -5.481890 
15.249999    -2.617264 
15.299999    -4.268297 
15.350000    -12.188184 
15.400000    -9.199992 
15.450000    -2.486319 
15.500000    -8.791711 
15.550000    -7.964597 
15.600000    -0.096660 
15.650000    4.999642 
15.699999    -6.549871 
15.750000    -4.762414 
15.799999    -0.780788 
15.850000    5.402627 
15.899999    -3.735151 
15.950000    3.527890 
15.999999    3.482224 
16.050000    -0.254385 
16.099999    5.925824 
16.150000    1.728644 
16.200000    0.078783 
16.249999    -3.779788 
16.300000    7.266488 
16.349999    0.172743 
16.400000    -7.124813 
16.449999    -0.134796 
16.500000    -0.859599 
16.549999    -10.063184 
16.600000    6.398214 
16.649999    1.142195 
16.700000    -0.786806 
16.750000    4.007122 
16.799999    -0.852656 
16.850000    1.002171 
16.899999    -11.867514 
16.950000    -10.910885 
16.999999    -0.652110 
17.050000    -0.950467 
17.099999    -2.379585 
17.150000    -10.795716 
17.199999    -8.080711 
17.250000    7.072482 
17.300000    7.643768 
17.349999    -2.694942 
17.400000    9.987253 
17.449999    7.565605 
17.500000    4.024658 
17.549999    11.958848 
17.600000    9.893307 
17.649999    4.583302 
17.700000    8.651095 
17.749999    12.302620 
17.800000    -1.447643 
17.850000    13.780088 
17.899999    15.812919 
17.950000    10.903352 
17.999999    -0.990794 
18.050000    -3.801349 
18.099999    -7.810272 
18.150000    -7.449666 
18.199999    -10.642327 
18.250000    1.632014 
18.299999    -8.819162 
18.350000    -1.853626 
18.400000    -14.859021 
18.449999    3.944397 
18.500000    1.507249 
18.549999    -0.331245 
18.600000    4.778218 
18.649999    15.657305 
18.700000    2.865771 
18.749999    14.374612 
18.800000    -1.215929 
18.849999    5.566359 
18.900000    6.531402 
18.950000    10.872742 
18.999999    17.537453 
19.050000    5.644094 
19.099999    1.641749 
19.150000    -0.399735 
19.199999    -0.370036 
19.250000    2.760633 
19.299999    -12.004030 
19.350000    -9.134581 
19.399999    -8.807377 
19.450000    -1.598326 
19.500000    -4.182987 
19.549999    -17.507883 
19.600000    -1.457305 
19.649999    10.370507 
19.700000    9.594511 
19.749999    3.727821 
19.800000    10.506189 
19.849999    5.249156 
19.900000    0.047845 
19.949999    6.181313 


Reverse Correlation Function   