Time    Magnitude 

0.000000    -4.155994 
0.050000    -8.686483 
0.100000    -2.469481 
0.150000    3.356611 
0.200000    0.367864 
0.250000    -2.142949 
0.300000    3.908039 
0.350000    -4.896368 
0.400000    1.706596 
0.450000    1.991655 
0.500000    -1.867242 
0.550000    -4.088468 
0.600000    10.041178 
0.650000    4.104671 
0.700000    7.340030 
0.750000    9.871229 
0.800000    4.178472 
0.850000    6.734695 
0.900000    8.107143 
0.950000    1.356466 
1.000000    -2.562543 
1.050000    3.478043 
1.100000    -0.250984 
1.150000    2.602432 
1.200000    6.192511 
1.250000    10.498426 
1.300000    -3.578479 
1.350000    0.108426 
1.400000    2.266463 
1.450000    -2.415779 
1.500000    0.247573 
1.550000    1.979217 
1.600000    2.514435 
1.650000    6.600730 
1.700000    5.749610 
1.750000    -0.328471 
1.800000    10.028733 
1.850000    9.267112 
1.900000    5.793888 
1.950000    4.626831 
2.000000    -2.415480 
2.050000    -10.921682 
2.100000    -15.058131 
2.150000    -16.397238 
2.200000    8.613310 
2.250000    8.368825 
2.300000    -0.752734 
2.350000    -9.368578 
2.400000    -22.250328 
2.450000    -24.361176 
2.500000    -21.650709 
2.550000    1.535858 
2.600000    17.909782 
2.650000    15.954519 
2.700000    -2.046796 
2.750000    -11.585653 
2.800000    -18.232410 
2.850000    -12.470111 
2.900000    -0.906972 
2.950000    11.666447 
3.000000    8.126602 
3.050000    2.001560 
3.100000    -12.757957 
3.150000    -11.106632 
3.200000    -11.445940 
3.250000    6.340136 
3.300000    -1.702942 
3.350000    1.432588 
3.400000    -2.262287 
3.450000    -4.533057 
3.500000    -8.298374 
3.550000    -2.067068 
3.600000    9.950651 
3.650000    3.533787 
3.700000    6.146777 
3.750000    0.876141 
3.800000    -10.264125 
3.850000    0.876848 
3.900000    2.743080 
3.950000    0.376431 
4.000000    -1.677757 
4.050000    -0.794910 
4.100000    0.179662 
4.150000    1.385738 
4.200000    3.015100 
4.250000    0.725748 
4.300000    0.929640 
4.350000    6.807458 
4.400000    3.233668 
4.450000    2.580956 
4.500000    5.115726 
4.550000    -2.958085 
4.600000    0.618054 
4.650000    5.933229 
4.700000    -4.722870 
4.750000    -5.953637 
4.800000    2.687283 
4.850000    -0.931631 
4.900000    -2.766189 
4.950000    3.530948 
5.000000    1.947786 
5.050000    -7.313566 
5.100000    5.708163 
5.150000    -6.816405 
5.200000    3.216041 
5.250000    7.497648 
5.300000    -1.850931 
5.350000    7.781645 
5.400000    -5.104949 
5.450000    0.030608 
5.500000    -2.245698 
5.550000    3.207610 
5.600000    -3.980889 
5.650000    -5.526538 
5.700000    -8.321891 
5.750000    -5.562634 
5.800000    -0.361039 
5.850000    -2.349214 
5.900000    -9.402575 
5.950000    9.254802 
6.000000    3.016845 
6.050000    -2.556974 
6.100000    -0.162634 
6.150000    3.016925 
6.200000    3.101368 
6.250000    5.857597 
6.300000    3.104452 
6.350000    0.719968 
6.400000    6.164225 
6.450000    0.140210 
6.500000    -3.767390 
6.550000    4.880128 
6.600000    -3.818664 
6.650000    1.504938 
6.700000    -6.280226 
6.750000    8.594625 
6.800000    -0.733112 
6.850000    0.886014 
6.900000    3.776531 
6.950000    1.321486 
7.000000    1.247108 
7.050000    -7.794712 
7.100000    -0.788663 
7.150000    4.690454 
7.200000    -4.186719 
7.250000    7.933949 
7.300000    4.638833 
7.350000    0.123595 
7.400000    -7.879928 
7.450000    -0.906937 
7.500000    3.016025 
7.550000    8.054846 
7.600000    -3.105953 
7.650000    1.518338 
7.700000    3.429348 
7.750000    -6.416484 
7.800000    -8.041115 
7.850000    -1.327574 
7.900000    6.620888 
7.950000    8.298204 
7.999999    -2.421865 
8.049999    6.925049 
8.100000    -9.216533 
8.150000    2.455180 
8.200000    -2.096946 
8.250000    10.622378 
8.300000    -0.299083 
8.350000    -0.847072 
8.400000    4.070269 
8.450000    -3.194486 
8.500000    3.810691 
8.549999    5.653653 
8.599999    -4.769792 
8.650000    -0.784435 
8.700000    -8.869201 
8.750000    -5.743938 
8.800000    0.464996 
8.850000    -2.043524 
8.900000    -0.436154 
8.950000    -1.647614 
9.000000    -7.712322 
9.050000    1.622342 
9.099999    -0.639642 
9.149999    1.802632 
9.200000    4.927031 
9.250000    -0.989062 
9.300000    2.442358 
9.350000    5.994264 
9.400000    -3.686061 
9.450000    2.134519 
9.500000    -9.035770 
9.550000    -2.393002 
9.600000    -3.415215 
9.649999    4.566038 
9.699999    1.005568 
9.750000    5.072320 
9.800000    9.355892 
9.850000    -4.544297 
9.900000    6.444038 
9.950000    -7.820035 
10.000000    2.947025 
10.050000    -7.854250 
10.100000    0.787952 
10.150000    4.062638 
10.199999    -3.943674 
10.249999    4.458929 
10.300000    -4.898794 
10.350000    10.979853 
10.400000    6.753786 
10.450000    -6.440051 
10.500000    -1.573181 
10.550000    1.883152 
10.600000    -2.653176 
10.650000    0.682173 
10.700000    0.453780 
10.749999    4.142273 
10.799999    10.431031 
10.849999    1.451769 
10.900000    0.115602 
10.950000    4.782427 
11.000000    5.349084 
11.050000    1.736527 
11.100000    -1.583333 
11.150000    -5.285594 
11.200000    -0.579864 
11.250000    -4.696403 
11.299999    -0.408382 
11.349999    -1.207745 
11.399999    2.317265 
11.450000    -5.933098 
11.500000    2.315298 
11.550000    -0.546822 
11.600000    0.720809 
11.650000    -5.592845 
11.700000    -2.702785 
11.750000    -9.220734 
11.800000    -3.280214 
11.849999    0.158216 
11.899999    -1.257890 
11.949999    -1.152082 
12.000000    -0.510535 
12.050000    -9.712571 
12.100000    6.443515 
12.150000    -0.543057 
12.200000    -1.361241 
12.250000    -1.998724 
12.300000    -0.558531 
12.350000    3.360367 
12.399999    1.870464 
12.449999    -3.710615 
12.499999    -10.475476 
12.550000    3.447220 
12.600000    0.956571 
12.650000    -0.615631 
12.700000    -2.234400 
12.750000    -2.274949 
12.800000    -3.478729 
12.850000    -6.228280 
12.900000    -4.511744 
12.949999    -1.280837 
12.999999    -0.518203 
13.049999    -7.182142 
13.100000    -0.623462 
13.150000    -4.840491 
13.200000    1.085811 
13.250000    6.985369 
13.300000    8.091454 
13.350000    -6.047164 
13.400000    2.305585 
13.450000    0.807656 
13.499999    -4.462664 
13.549999    -1.428522 
13.599999    -5.917134 
13.650000    -3.730279 
13.700000    6.905349 
13.750000    -1.069656 
13.800000    -2.657110 
13.850000    -2.796612 
13.900000    -0.840751 
13.950000    -0.655956 
14.000000    10.044701 
14.049999    0.745693 
14.099999    -7.917192 
14.149999    6.669074 
14.200000    0.539125 
14.250000    6.622279 
14.300000    -7.737425 
14.350000    -2.744823 
14.400000    -1.039155 
14.450000    1.739745 
14.500000    3.030050 
14.549999    1.928714 
14.599999    4.773670 
14.649999    1.002542 
14.699999    -9.923093 
14.750000    -1.332676 
14.800000    3.167177 
14.850000    3.959632 
14.900000    -6.086840 
14.950000    -0.981508 
15.000000    0.062122 
15.050000    3.018893 
15.099999    -5.354739 
15.149999    0.238927 
15.199999    1.171099 
15.249999    -3.913032 
15.299999    1.102673 
15.350000    -7.680808 
15.400000    -2.164227 
15.450000    6.907094 
15.500000    7.261377 
15.550000    -1.568162 
15.600000    1.902166 
15.650000    -2.238707 
15.699999    6.665825 
15.750000    -3.496763 
15.799999    1.975288 
15.850000    -1.635882 
15.899999    5.971016 
15.950000    -1.842057 
15.999999    -1.053155 
16.050000    2.090400 
16.099999    -3.270913 
16.150000    4.573926 
16.200000    1.193960 
16.249999    -5.926821 
16.300000    1.894066 
16.349999    4.572784 
16.400000    -12.616193 
16.449999    -6.290780 
16.500000    -3.306376 
16.549999    -4.560557 
16.600000    3.867630 
16.649999    1.900315 
16.700000    14.380665 
16.750000    -2.254402 
16.799999    -0.271529 
16.850000    7.126486 
16.899999    3.910907 
16.950000    0.126324 
16.999999    0.361483 
17.050000    1.397527 
17.099999    -0.590473 
17.150000    -5.573819 
17.199999    -1.026554 
17.250000    -0.765093 
17.300000    0.364977 
17.349999    -4.300872 
17.400000    0.352805 
17.449999    -8.226325 
17.500000    8.318782 
17.549999    -5.140665 
17.600000    2.108868 
17.649999    -0.006798 
17.700000    -1.576456 
17.749999    -6.552511 
17.800000    3.721799 
17.850000    -3.049364 
17.899999    0.983165 
17.950000    -4.086719 
17.999999    1.164555 
18.050000    1.175357 
18.099999    6.960001 
18.150000    3.056103 
18.199999    0.375533 
18.250000    3.798492 
18.299999    -1.723977 
18.350000    -5.203825 
18.400000    2.905007 
18.449999    -0.547230 
18.500000    -1.983119 
18.549999    1.213961 
18.600000    -0.070420 
18.649999    5.186962 
18.700000    6.896510 
18.749999    5.675188 
18.800000    13.434968 
18.849999    2.114184 
18.900000    5.895874 
18.950000    -4.007600 
18.999999    -1.342412 
19.050000    3.976658 
19.099999    -7.868112 
19.150000    -3.698830 
19.199999    -3.538345 
19.250000    1.504236 
19.299999    3.499602 
19.350000    -0.693713 
19.399999    -3.853312 
19.450000    1.319875 
19.500000    -4.127158 
19.549999    -0.200698 
19.600000    -0.605861 
19.649999    7.427695 
19.700000    -6.855638 
19.749999    0.236517 
19.800000    -0.145121 
19.849999    -0.190766 
19.900000    -8.702803 
19.949999    5.914732 


Reverse Correlation Function   