Time    Magnitude 

0.000000    0.482317 
0.050000    0.121193 
0.100000    1.622655 
0.150000    3.523308 
0.200000    -2.311932 
0.250000    1.324157 
0.300000    0.546778 
0.350000    0.610968 
0.400000    0.204770 
0.450000    -0.117258 
0.500000    -0.774667 
0.550000    4.266096 
0.600000    2.694811 
0.650000    -1.318186 
0.700000    -0.390758 
0.750000    0.137013 
0.800000    1.997302 
0.850000    0.943591 
0.900000    3.879680 
0.950000    -2.134310 
1.000000    0.007149 
1.050000    0.649189 
1.100000    0.121843 
1.150000    1.497339 
1.200000    -0.471127 
1.250000    -1.330859 
1.300000    1.915268 
1.350000    1.795754 
1.400000    1.541506 
1.450000    -1.438351 
1.500000    -0.653752 
1.550000    -2.880258 
1.600000    -3.575257 
1.650000    -0.834188 
1.700000    0.311501 
1.750000    -0.464698 
1.800000    -4.009943 
1.850000    1.027695 
1.900000    0.257835 
1.950000    1.582035 
2.000000    -0.696090 
2.050000    -1.287561 
2.100000    -1.943547 
2.150000    -8.473722 
2.200000    -9.240549 
2.250000    -5.416669 
2.300000    -4.185387 
2.350000    6.585637 
2.400000    18.761101 
2.450000    20.473377 
2.500000    10.057795 
2.550000    -7.160378 
2.600000    -19.712830 
2.650000    -24.550007 
2.700000    -19.778051 
2.750000    4.293916 
2.800000    20.261299 
2.850000    27.858974 
2.900000    13.341301 
2.950000    -6.179064 
3.000000    -18.556894 
3.050000    -20.593548 
3.100000    -10.230859 
3.150000    6.706506 
3.200000    17.893091 
3.250000    14.588842 
3.300000    1.591998 
3.350000    -9.251973 
3.400000    -15.664673 
3.450000    -12.062581 
3.500000    -3.291673 
3.550000    10.547735 
3.600000    12.623161 
3.650000    10.788540 
3.700000    1.650822 
3.750000    -7.873776 
3.800000    -10.043168 
3.850000    -6.518397 
3.900000    0.826354 
3.950000    3.585115 
4.000000    7.731812 
4.050000    4.739903 
4.100000    0.190474 
4.150000    -6.291529 
4.200000    -6.707766 
4.250000    -2.735007 
4.300000    2.629758 
4.350000    4.471320 
4.400000    7.462909 
4.450000    2.144270 
4.500000    -1.383267 
4.550000    1.045225 
4.600000    -1.249926 
4.650000    -0.147502 
4.700000    1.779791 
4.750000    0.791734 
4.800000    -1.532714 
4.850000    -0.240121 
4.900000    -1.324399 
4.950000    -2.181620 
5.000000    -1.070659 
5.050000    2.749156 
5.100000    0.383896 
5.150000    -2.201054 
5.200000    2.091782 
5.250000    0.457622 
5.300000    -0.859033 
5.350000    -2.955483 
5.400000    -3.300744 
5.450000    -0.919212 
5.500000    1.691662 
5.550000    -0.230523 
5.600000    1.416955 
5.650000    2.098052 
5.700000    1.074188 
5.750000    0.343858 
5.800000    -3.176168 
5.850000    -1.983328 
5.900000    -1.076365 
5.950000    -1.596756 
6.000000    -2.129181 
6.050000    -1.342878 
6.100000    -2.901969 
6.150000    4.478259 
6.200000    -1.149392 
6.250000    0.367477 
6.300000    1.692885 
6.350000    1.731833 
6.400000    2.364679 
6.450000    -0.621445 
6.500000    -2.008034 
6.550000    0.639404 
6.600000    0.061135 
6.650000    1.514591 
6.700000    1.737250 
6.750000    4.304241 
6.800000    0.764809 
6.850000    0.837291 
6.900000    0.985638 
6.950000    -0.239319 
7.000000    2.789184 
7.050000    1.851324 
7.100000    0.852553 
7.150000    5.498835 
7.200000    2.093194 
7.250000    2.719033 
7.300000    2.543867 
7.350000    1.035081 
7.400000    -0.039856 
7.450000    0.627303 
7.500000    0.449313 
7.550000    0.534098 
7.600000    -1.536085 
7.650000    0.276158 
7.700000    2.534712 
7.750000    1.034506 
7.800000    -0.907730 
7.850000    -0.972354 
7.900000    -0.402703 
7.950000    -1.644912 
7.999999    2.365241 
8.049999    0.383424 
8.100000    -1.200053 
8.150000    2.707632 
8.200000    -0.086926 
8.250000    -0.802469 
8.300000    0.034677 
8.350000    0.023043 
8.400000    1.599218 
8.450000    0.495020 
8.500000    2.354162 
8.549999    -1.222394 
8.599999    -0.447886 
8.650000    -1.745485 
8.700000    -2.463838 
8.750000    0.881348 
8.800000    -1.692163 
8.850000    3.535502 
8.900000    2.036559 
8.950000    1.199121 
9.000000    -2.436503 
9.050000    0.702978 
9.099999    0.700396 
9.149999    1.873471 
9.200000    -0.352433 
9.250000    0.985354 
9.300000    1.800879 
9.350000    -0.565905 
9.400000    -0.587607 
9.450000    0.271656 
9.500000    0.115213 
9.550000    2.295412 
9.600000    0.614698 
9.649999    1.968950 
9.699999    0.421547 
9.750000    -0.586971 
9.800000    0.944280 
9.850000    2.643367 
9.900000    1.321304 
9.950000    -0.237046 
10.000000    2.642477 
10.050000    0.874038 
10.100000    -0.655364 
10.150000    -1.626590 
10.199999    0.361219 
10.249999    1.000149 
10.300000    -0.231813 
10.350000    -4.913213 
10.400000    -0.037792 
10.450000    -1.437445 
10.500000    -3.158835 
10.550000    -1.276048 
10.600000    0.614069 
10.650000    0.478671 
10.700000    -0.024368 
10.749999    1.108771 
10.799999    0.758455 
10.849999    -0.388361 
10.900000    -1.087070 
10.950000    3.730832 
11.000000    2.223463 
11.050000    3.269899 
11.100000    -1.246349 
11.150000    3.586868 
11.200000    0.682006 
11.250000    0.170041 
11.299999    -1.010467 
11.349999    0.599825 
11.399999    0.451400 
11.450000    -2.467642 
11.500000    4.295153 
11.550000    -2.494179 
11.600000    -0.777752 
11.650000    0.220776 
11.700000    0.912328 
11.750000    -0.081091 
11.800000    -0.571899 
11.849999    0.748673 
11.899999    -0.179718 
11.949999    0.657617 
12.000000    -3.451583 
12.050000    -2.692901 
12.100000    1.561447 
12.150000    2.354563 
12.200000    0.906339 
12.250000    -1.624846 
12.300000    -1.467157 
12.350000    2.795639 
12.399999    -1.505095 
12.449999    -0.427859 
12.499999    -0.276519 
12.550000    -0.233738 
12.600000    0.424325 
12.650000    -1.952082 
12.700000    -1.786556 
12.750000    -0.895222 
12.800000    -4.048191 
12.850000    1.232441 
12.900000    0.702565 
12.949999    0.894112 
12.999999    0.482310 
13.049999    -0.724506 
13.100000    -2.177276 
13.150000    -0.400051 
13.200000    -1.825735 
13.250000    -1.753767 
13.300000    -0.237381 
13.350000    -0.953815 
13.400000    -0.495746 
13.450000    -2.249400 
13.499999    0.630432 
13.549999    0.485056 
13.599999    -2.656112 
13.650000    -1.385849 
13.700000    -0.295778 
13.750000    0.238060 
13.800000    4.254317 
13.850000    0.452606 
13.900000    -1.471987 
13.950000    -0.288482 
14.000000    -0.481512 
14.049999    0.460827 
14.099999    -0.691207 
14.149999    -0.702979 
14.200000    -1.016329 
14.250000    2.809349 
14.300000    0.651323 
14.350000    0.074602 
14.400000    0.173533 
14.450000    -0.998876 
14.500000    0.436073 
14.549999    0.125625 
14.599999    -1.482504 
14.649999    -1.949488 
14.699999    0.605159 
14.750000    1.765568 
14.800000    1.539519 
14.850000    -3.049606 
14.900000    -0.247440 
14.950000    -1.048866 
15.000000    0.337726 
15.050000    -1.208899 
15.099999    -0.038241 
15.149999    -0.490788 
15.199999    0.325418 
15.249999    0.541715 
15.299999    -0.134142 
15.350000    -0.716177 
15.400000    -0.518823 
15.450000    2.711762 
15.500000    1.961142 
15.550000    4.183442 
15.600000    0.377554 
15.650000    -0.475885 
15.699999    0.737444 
15.750000    0.628353 
15.799999    4.252187 
15.850000    0.448187 
15.899999    2.477330 
15.950000    1.911969 
15.999999    3.738557 
16.050000    1.084548 
16.099999    -0.848769 
16.150000    2.089983 
16.200000    2.702796 
16.249999    -0.648396 
16.300000    1.472301 
16.349999    -0.152692 
16.400000    0.565240 
16.449999    2.560655 
16.500000    -1.138090 
16.549999    0.663458 
16.600000    0.433539 
16.649999    0.512600 
16.700000    -1.251270 
16.750000    -1.663350 
16.799999    -1.664421 
16.850000    2.882425 
16.899999    3.181965 
16.950000    -1.054406 
16.999999    2.306089 
17.050000    2.085263 
17.099999    0.612096 
17.150000    -0.122112 
17.199999    -0.670329 
17.250000    -0.225724 
17.300000    1.488943 
17.349999    0.714840 
17.400000    3.869419 
17.449999    1.536301 
17.500000    -0.494391 
17.549999    3.304713 
17.600000    -4.570254 
17.649999    0.799704 
17.700000    3.279670 
17.749999    -2.507493 
17.800000    -1.728375 
17.850000    1.942468 
17.899999    0.110744 
17.950000    0.207618 
17.999999    -0.520417 
18.050000    1.470099 
18.099999    1.435187 
18.150000    1.278796 
18.199999    -0.018949 
18.250000    2.810569 
18.299999    1.090570 
18.350000    2.548622 
18.400000    -0.925407 
18.449999    -0.105593 
18.500000    1.026420 
18.549999    1.725835 
18.600000    -2.823910 
18.649999    0.189943 
18.700000    0.677505 
18.749999    1.292070 
18.800000    -1.135916 
18.849999    4.972333 
18.900000    -0.126914 
18.950000    -3.444969 
18.999999    -0.722191 
19.050000    1.826799 
19.099999    -1.676400 
19.150000    5.864080 
19.199999    0.396037 
19.250000    2.702493 
19.299999    3.608314 
19.350000    -3.803993 
19.399999    -0.022268 
19.450000    0.087083 
19.500000    -2.358613 
19.549999    1.530044 
19.600000    0.349955 
19.649999    -0.169305 
19.700000    3.933785 
19.749999    -0.200998 
19.800000    0.971797 
19.849999    -0.175873 
19.900000    0.606826 
19.949999    1.899235 


Reverse Correlation Function   