Time    Magnitude 

0.000000    -1.536837 
0.050000    4.088142 
0.100000    -6.641800 
0.150000    -5.671518 
0.200000    -11.899451 
0.250000    -1.666851 
0.300000    -8.067167 
0.350000    -6.728333 
0.400000    -0.400087 
0.450000    5.559491 
0.500000    9.781763 
0.550000    5.274613 
0.600000    12.193823 
0.650000    -6.504234 
0.700000    -1.553527 
0.750000    -2.963115 
0.800000    7.126556 
0.850000    -3.374573 
0.900000    -14.928111 
0.950000    -4.409038 
1.000000    1.123397 
1.050000    9.139474 
1.100000    9.636029 
1.150000    5.011203 
1.200000    -3.724164 
1.250000    5.029960 
1.300000    11.869269 
1.350000    3.111422 
1.400000    3.367331 
1.450000    3.258657 
1.500000    3.142135 
1.550000    -0.413985 
1.600000    4.802541 
1.650000    8.555104 
1.700000    9.382345 
1.750000    -9.768054 
1.800000    10.203671 
1.850000    11.189336 
1.900000    -0.174886 
1.950000    -4.680018 
2.000000    1.562842 
2.050000    3.363590 
2.100000    3.690434 
2.150000    -2.756002 
2.200000    6.121048 
2.250000    -0.317473 
2.300000    2.900604 
2.350000    7.558139 
2.400000    8.392654 
2.450000    -0.461590 
2.500000    -19.497591 
2.550000    -16.885597 
2.600000    -30.849525 
2.650000    -37.904175 
2.700000    -33.413502 
2.750000    -24.181541 
2.800000    -15.584255 
2.850000    13.847431 
2.900000    31.139683 
2.950000    55.544708 
3.000000    70.572334 
3.050000    69.782990 
3.100000    58.549683 
3.150000    41.079433 
3.200000    5.037924 
3.250000    -40.965107 
3.300000    -74.242783 
3.350000    -99.497253 
3.400000    -99.930504 
3.450000    -93.086578 
3.500000    -64.729218 
3.550000    -12.474416 
3.600000    28.325478 
3.650000    61.230907 
3.700000    81.420067 
3.750000    86.971886 
3.800000    85.692055 
3.850000    72.989273 
3.900000    37.530869 
3.950000    -1.670284 
4.000000    -37.950222 
4.050000    -71.076180 
4.100000    -78.788673 
4.150000    -68.563339 
4.200000    -46.696575 
4.250000    -26.036222 
4.300000    0.264665 
4.350000    19.329409 
4.400000    36.765778 
4.450000    42.168941 
4.500000    45.277050 
4.550000    36.699650 
4.600000    22.454346 
4.650000    6.683203 
4.700000    -13.926868 
4.750000    -16.823153 
4.800000    -20.925049 
4.850000    -18.208687 
4.900000    -17.944189 
4.950000    -13.101096 
5.000000    -7.418098 
5.050000    0.058299 
5.100000    9.721870 
5.150000    13.808363 
5.200000    7.743851 
5.250000    13.156735 
5.300000    7.014191 
5.350000    10.670614 
5.400000    2.597766 
5.450000    -1.382866 
5.500000    -4.885489 
5.550000    3.479303 
5.600000    -8.884426 
5.650000    6.265109 
5.700000    -2.022485 
5.750000    6.211686 
5.800000    -3.955308 
5.850000    -8.940372 
5.900000    0.975551 
5.950000    -2.539553 
6.000000    1.434794 
6.050000    -4.193785 
6.100000    5.330740 
6.150000    3.706897 
6.200000    10.185308 
6.250000    13.324053 
6.300000    20.804310 
6.350000    -2.136060 
6.400000    0.789735 
6.450000    3.429682 
6.500000    -5.609249 
6.550000    -12.727066 
6.600000    -13.374866 
6.650000    -4.233401 
6.700000    -5.267849 
6.750000    -7.089637 
6.800000    2.958405 
6.850000    6.123590 
6.900000    4.274022 
6.950000    14.833729 
7.000000    16.639420 
7.050000    6.743496 
7.100000    -1.808606 
7.150000    1.638483 
7.200000    -1.598519 
7.250000    -10.700914 
7.300000    -3.546890 
7.350000    -13.438956 
7.400000    1.834108 
7.450000    -2.437555 
7.500000    -0.947424 
7.550000    -1.521928 
7.600000    14.804805 
7.650000    14.737981 
7.700000    8.999268 
7.750000    2.958136 
7.800000    9.002190 
7.850000    5.217586 
7.900000    3.812496 
7.950000    -3.053208 
7.999999    -4.652290 
8.049999    -3.472617 
8.100000    0.649384 
8.150000    0.202812 
8.200000    1.443901 
8.250000    0.022903 
8.300000    -3.356528 
8.350000    8.656177 
8.400000    3.828840 
8.450000    10.415162 
8.500000    -4.519219 
8.549999    -2.827285 
8.599999    4.720467 
8.650000    -3.899642 
8.700000    -0.457448 
8.750000    -8.193880 
8.800000    -6.914422 
8.850000    -13.509848 
8.900000    5.709269 
8.950000    -0.986569 
9.000000    6.423221 
9.050000    5.697916 
9.099999    -8.934649 
9.149999    0.572783 
9.200000    -6.779072 
9.250000    -10.601937 
9.300000    -1.308590 
9.350000    -3.746878 
9.400000    -8.497004 
9.450000    8.758511 
9.500000    7.914657 
9.550000    9.870248 
9.600000    11.025159 
9.649999    3.329081 
9.699999    9.612454 
9.750000    12.048357 
9.800000    -8.452555 
9.850000    -5.503779 
9.900000    -4.109587 
9.950000    -10.411889 
10.000000    -7.699432 
10.050000    -4.918730 
10.100000    3.124219 
10.150000    4.576637 
10.199999    2.180619 
10.249999    7.074022 
10.300000    7.960046 
10.350000    6.397841 
10.400000    -3.184849 
10.450000    3.913089 
10.500000    7.428077 
10.550000    5.526245 
10.600000    -9.240461 
10.650000    -4.223808 
10.700000    0.345618 
10.749999    4.679049 
10.799999    -3.087884 
10.849999    0.884703 
10.900000    -10.038584 
10.950000    8.104900 
11.000000    3.139729 
11.050000    -0.742259 
11.100000    5.646908 
11.150000    6.823197 
11.200000    7.646837 
11.250000    4.091655 
11.299999    -4.059126 
11.349999    -3.160321 
11.399999    -9.241700 
11.450000    -8.621893 
11.500000    4.628122 
11.550000    2.444183 
11.600000    1.800722 
11.650000    5.084130 
11.700000    5.571039 
11.750000    9.709724 
11.800000    -2.272601 
11.849999    -5.027549 
11.899999    -2.158628 
11.949999    0.694525 
12.000000    4.710593 
12.050000    6.135897 
12.100000    -0.497900 
12.150000    1.144938 
12.200000    4.003257 
12.250000    10.842848 
12.300000    1.484186 
12.350000    1.991003 
12.399999    -9.143934 
12.449999    2.339988 
12.499999    0.062522 
12.550000    2.352754 
12.600000    -0.589946 
12.650000    6.516784 
12.700000    1.746428 
12.750000    -3.478403 
12.800000    7.149817 
12.850000    4.202767 
12.900000    5.434972 
12.949999    7.758547 
12.999999    6.046546 
13.049999    2.111757 
13.100000    6.435462 
13.150000    2.173938 
13.200000    9.506340 
13.250000    0.062343 
13.300000    1.809856 
13.350000    -2.871689 
13.400000    5.783615 
13.450000    1.297386 
13.499999    8.123755 
13.549999    -3.058882 
13.599999    8.175136 
13.650000    -7.116310 
13.700000    7.364193 
13.750000    -1.302087 
13.800000    8.796361 
13.850000    4.085434 
13.900000    4.061965 
13.950000    4.182238 
14.000000    -8.842426 
14.049999    -10.586220 
14.099999    -4.796299 
14.149999    -3.006057 
14.200000    -1.581795 
14.250000    0.206251 
14.300000    -5.613347 
14.350000    8.486464 
14.400000    -3.970754 
14.450000    4.482514 
14.500000    1.804593 
14.549999    8.941328 
14.599999    6.037532 
14.649999    0.097011 
14.699999    -1.788674 
14.750000    -7.991438 
14.800000    -6.599430 
14.850000    -7.154066 
14.900000    -12.044233 
14.950000    -5.249869 
15.000000    3.585600 
15.050000    10.919901 
15.099999    4.882255 
15.149999    3.646813 
15.199999    0.714430 
15.249999    5.709059 
15.299999    -0.271984 
15.350000    7.090979 
15.400000    -0.239595 
15.450000    -5.954385 
15.500000    -3.622193 
15.550000    -1.550962 
15.600000    1.079636 
15.650000    0.827220 
15.699999    5.277982 
15.750000    -2.114425 
15.799999    6.840592 
15.850000    2.320226 
15.899999    1.046653 
15.950000    -5.157677 
15.999999    -0.309418 
16.050000    -7.126664 
16.099999    5.867756 
16.150000    6.516918 
16.200000    4.065295 
16.249999    1.409294 
16.300000    -5.948272 
16.349999    -6.600071 
16.400000    2.722297 
16.449999    -8.291060 
16.500000    4.061140 
16.549999    4.199324 
16.600000    5.633979 
16.649999    10.236222 
16.700000    5.522625 
16.750000    -0.429000 
16.799999    -1.169907 
16.850000    -9.470946 
16.899999    -0.982853 
16.950000    9.709804 
16.999999    7.809694 
17.050000    0.930885 
17.099999    -1.917765 
17.150000    1.981162 
17.199999    1.778537 
17.250000    2.454688 
17.300000    -1.492212 
17.349999    0.391717 
17.400000    -0.287696 
17.449999    6.828356 
17.500000    3.015826 
17.549999    0.053881 
17.600000    7.929565 
17.649999    6.974211 
17.700000    -0.698657 
17.749999    6.053438 
17.800000    8.729748 
17.850000    7.089384 
17.899999    0.088485 
17.950000    4.004208 
17.999999    10.433431 
18.050000    -2.396449 
18.099999    5.723376 
18.150000    7.346460 
18.199999    7.415860 
18.250000    2.085189 
18.299999    6.854403 
18.350000    -2.301042 
18.400000    -4.001257 
18.449999    -6.511199 
18.500000    -8.822374 
18.549999    -5.617906 
18.600000    -15.012014 
18.649999    7.507483 
18.700000    -8.292070 
18.749999    0.185896 
18.800000    0.210960 
18.849999    7.500453 
18.900000    7.539608 
18.950000    0.512475 
18.999999    9.360716 
19.050000    8.161424 
19.099999    -0.793233 
19.150000    2.712833 
19.199999    -4.388855 
19.250000    -13.025029 
19.299999    -7.199753 
19.350000    -20.325342 
19.399999    -2.894758 
19.450000    -15.134941 
19.500000    -3.342150 
19.549999    -1.184343 
19.600000    0.937942 
19.649999    14.513710 
19.700000    2.328357 
19.749999    7.796634 
19.800000    5.934722 
19.849999    8.693678 
19.900000    12.983236 
19.949999    8.279549 


Reverse Correlation Function   