Time    Magnitude 

0.000000    1.387209 
0.050000    -0.194221 
0.100000    0.053704 
0.150000    -0.548993 
0.200000    -0.716176 
0.250000    -1.872057 
0.300000    -1.605793 
0.350000    -0.719815 
0.400000    0.738082 
0.450000    0.921795 
0.500000    0.791792 
0.550000    -0.600415 
0.600000    0.976056 
0.650000    0.426414 
0.700000    0.911523 
0.750000    1.091815 
0.800000    -0.651907 
0.850000    -0.573708 
0.900000    -0.755753 
0.950000    -0.858346 
1.000000    -1.922566 
1.050000    0.146480 
1.100000    -0.441299 
1.150000    0.809633 
1.200000    0.489369 
1.250000    1.045044 
1.300000    0.876621 
1.350000    0.653343 
1.400000    1.154606 
1.450000    0.618709 
1.500000    0.769834 
1.550000    0.178782 
1.600000    0.411736 
1.650000    -0.329866 
1.700000    0.336776 
1.750000    -0.293821 
1.800000    0.698676 
1.850000    1.145038 
1.900000    0.986816 
1.950000    1.532429 
2.000000    -0.480589 
2.050000    -0.066123 
2.100000    -0.408818 
2.150000    0.144963 
2.200000    0.051431 
2.250000    -0.178464 
2.300000    0.494378 
2.350000    0.577055 
2.400000    0.340731 
2.450000    -0.514100 
2.500000    -1.558735 
2.550000    -1.481581 
2.600000    -2.303318 
2.650000    -2.545928 
2.700000    -3.097255 
2.750000    -2.209599 
2.800000    -1.411002 
2.850000    0.230966 
2.900000    0.781564 
2.950000    3.467148 
3.000000    5.310563 
3.050000    7.085737 
3.100000    6.998902 
3.150000    5.018931 
3.200000    2.614784 
3.250000    -1.793966 
3.300000    -5.591907 
3.350000    -9.422071 
3.400000    -10.454144 
3.450000    -10.439284 
3.500000    -9.269035 
3.550000    -4.472379 
3.600000    -0.446455 
3.650000    4.031041 
3.700000    8.134697 
3.750000    9.072839 
3.800000    10.536333 
3.850000    9.647529 
3.900000    6.473588 
3.950000    2.986394 
4.000000    -1.758233 
4.050000    -6.394383 
4.100000    -8.867303 
4.150000    -9.289977 
4.200000    -7.456630 
4.250000    -5.350992 
4.300000    -2.161145 
4.350000    -0.029742 
4.400000    3.382512 
4.450000    6.295810 
4.500000    5.694431 
4.550000    6.680809 
4.600000    3.537503 
4.650000    2.808199 
4.700000    0.631185 
4.750000    -0.518453 
4.800000    -2.778749 
4.850000    -4.107480 
4.900000    -3.503107 
4.950000    -3.235231 
5.000000    -2.165947 
5.050000    -0.032298 
5.100000    1.134899 
5.150000    1.802879 
5.200000    2.723183 
5.250000    2.867941 
5.300000    2.806151 
5.350000    1.412195 
5.400000    1.879846 
5.450000    1.422702 
5.500000    0.393336 
5.550000    -0.398700 
5.600000    -1.243366 
5.650000    -1.049653 
5.700000    -0.670558 
5.750000    -1.073926 
5.800000    0.726695 
5.850000    -0.721187 
5.900000    -0.095293 
5.950000    0.239969 
6.000000    0.083533 
6.050000    -0.202234 
6.100000    0.766889 
6.150000    -0.104878 
6.200000    0.764295 
6.250000    1.808683 
6.300000    1.661197 
6.350000    1.257512 
6.400000    1.220907 
6.450000    0.394043 
6.500000    0.092443 
6.550000    0.302644 
6.600000    -0.064523 
6.650000    -0.541514 
6.700000    -0.429500 
6.750000    -0.537861 
6.800000    -1.168080 
6.850000    -1.055404 
6.900000    -0.043250 
6.950000    1.645835 
7.000000    1.365871 
7.050000    1.520125 
7.100000    1.341755 
7.150000    0.476272 
7.200000    0.729295 
7.250000    -0.276304 
7.300000    -0.483329 
7.350000    -0.182063 
7.400000    -0.108739 
7.450000    -0.722957 
7.500000    0.036469 
7.550000    0.045114 
7.600000    0.631943 
7.650000    1.069960 
7.700000    1.133028 
7.750000    0.910784 
7.800000    1.694241 
7.850000    0.818110 
7.900000    -0.000169 
7.950000    0.493225 
7.999999    -0.047236 
8.049999    0.487390 
8.100000    -0.646369 
8.150000    -0.776539 
8.200000    -0.850602 
8.250000    -0.139530 
8.300000    -0.266642 
8.350000    0.626824 
8.400000    -0.255531 
8.450000    0.775696 
8.500000    0.147592 
8.549999    0.721769 
8.599999    0.330992 
8.650000    -0.326062 
8.700000    -0.296781 
8.750000    0.416548 
8.800000    -0.014711 
8.850000    -0.336965 
8.900000    -0.352370 
8.950000    0.209361 
9.000000    0.290783 
9.050000    0.630309 
9.099999    0.415330 
9.149999    -1.021911 
9.200000    -0.643944 
9.250000    -0.926392 
9.300000    -1.599476 
9.350000    0.276860 
9.400000    -0.915396 
9.450000    -0.152252 
9.500000    0.411714 
9.550000    -1.097430 
9.600000    0.431251 
9.649999    0.701214 
9.699999    0.607555 
9.750000    -0.418505 
9.800000    0.317541 
9.850000    -0.186954 
9.900000    -0.701837 
9.950000    -0.472228 
10.000000    -0.940570 
10.050000    -0.773266 
10.100000    -1.038446 
10.150000    -0.441760 
10.199999    -0.759294 
10.249999    0.175168 
10.300000    0.494834 
10.350000    0.964738 
10.400000    0.738561 
10.450000    0.608791 
10.500000    -0.386534 
10.550000    0.195191 
10.600000    -0.903243 
10.650000    -0.598124 
10.700000    -0.019625 
10.749999    0.144189 
10.799999    -0.153740 
10.849999    0.040548 
10.900000    1.039340 
10.950000    -0.195156 
11.000000    0.095095 
11.050000    0.505443 
11.100000    0.881685 
11.150000    0.675886 
11.200000    0.143555 
11.250000    0.434973 
11.299999    -0.176075 
11.349999    -0.566182 
11.399999    -0.008320 
11.450000    -0.127457 
11.500000    -0.117910 
11.550000    -0.058065 
11.600000    -0.193489 
11.650000    0.619025 
11.700000    0.483668 
11.750000    -0.718262 
11.800000    -0.010163 
11.849999    0.496489 
11.899999    0.617398 
11.949999    0.358256 
12.000000    0.162367 
12.050000    -0.496478 
12.100000    -0.195269 
12.150000    -0.237551 
12.200000    0.922482 
12.250000    0.415642 
12.300000    0.609526 
12.350000    0.414676 
12.399999    -0.727876 
12.449999    0.693268 
12.499999    0.438395 
12.550000    0.792871 
12.600000    0.490750 
12.650000    0.171461 
12.700000    0.000674 
12.750000    -0.701374 
12.800000    0.812787 
12.850000    0.724272 
12.900000    0.147576 
12.949999    0.156811 
12.999999    0.934823 
13.049999    0.112974 
13.100000    1.249736 
13.150000    0.383021 
13.200000    0.517587 
13.250000    -0.482846 
13.300000    0.455742 
13.350000    0.073397 
13.400000    0.079861 
13.450000    -0.674214 
13.499999    0.423062 
13.549999    0.627947 
13.599999    0.021695 
13.650000    -1.021412 
13.700000    -0.727517 
13.750000    0.297990 
13.800000    0.725632 
13.850000    0.421669 
13.900000    0.656122 
13.950000    -0.141583 
14.000000    0.422620 
14.049999    -0.581670 
14.099999    -0.947924 
14.149999    -0.589832 
14.200000    1.018385 
14.250000    0.702432 
14.300000    0.056098 
14.350000    0.490822 
14.400000    -1.144830 
14.450000    -0.329642 
14.500000    0.345729 
14.549999    -0.198981 
14.599999    0.337801 
14.649999    -0.481852 
14.699999    0.982648 
14.750000    -0.949641 
14.800000    -1.096117 
14.850000    -1.717835 
14.900000    -1.483034 
14.950000    -0.445630 
15.000000    0.596569 
15.050000    -0.226451 
15.099999    0.434470 
15.149999    -0.112972 
15.199999    0.264404 
15.249999    0.310281 
15.299999    0.459038 
15.350000    -0.136114 
15.400000    -0.103033 
15.450000    -0.157001 
15.500000    -1.149905 
15.550000    0.105283 
15.600000    0.404297 
15.650000    0.735570 
15.699999    0.364843 
15.750000    0.227307 
15.799999    -0.107116 
15.850000    0.671732 
15.899999    0.444253 
15.950000    0.035676 
15.999999    -0.077618 
16.050000    -0.091082 
16.099999    0.792268 
16.150000    -1.113081 
16.200000    0.482968 
16.249999    0.265573 
16.300000    0.479433 
16.349999    0.071459 
16.400000    0.139658 
16.449999    -0.420557 
16.500000    -0.273374 
16.549999    0.333281 
16.600000    0.279772 
16.649999    0.246431 
16.700000    -0.347298 
16.750000    -0.052337 
16.799999    0.346938 
16.850000    -0.633531 
16.899999    -0.519845 
16.950000    0.570105 
16.999999    0.451861 
17.050000    0.557313 
17.099999    -0.529389 
17.150000    0.945583 
17.199999    -0.211762 
17.250000    -0.408989 
17.300000    -0.186009 
17.349999    0.936847 
17.400000    -0.116699 
17.449999    -0.092584 
17.500000    -1.017091 
17.549999    -0.265623 
17.600000    -0.056121 
17.649999    -0.516524 
17.700000    0.314370 
17.749999    0.225744 
17.800000    0.482590 
17.850000    -0.431843 
17.899999    -0.470091 
17.950000    0.054933 
17.999999    0.018181 
18.050000    1.589967 
18.099999    0.390840 
18.150000    -0.309973 
18.199999    -0.235243 
18.250000    0.568962 
18.299999    0.392876 
18.350000    -0.026887 
18.400000    0.332956 
18.449999    -0.220571 
18.500000    -0.476735 
18.549999    -0.572720 
18.600000    -0.749809 
18.649999    -0.744196 
18.700000    -1.896013 
18.749999    0.006204 
18.800000    0.437346 
18.849999    0.544389 
18.900000    -0.304254 
18.950000    1.369460 
18.999999    0.562539 
19.050000    0.358310 
19.099999    0.520872 
19.150000    0.391935 
19.199999    0.136754 
19.250000    -0.294605 
19.299999    -0.810093 
19.350000    0.017524 
19.399999    -0.773977 
19.450000    -0.562469 
19.500000    -1.103216 
19.549999    -1.090336 
19.600000    1.140238 
19.649999    0.670812 
19.700000    0.641802 
19.749999    0.250022 
19.800000    1.117887 
19.849999    0.389194 
19.900000    1.281546 
19.949999    -0.294033 


Reverse Correlation Function   