Time    Magnitude 

0.000000    12.954836 
0.050000    11.978985 
0.100000    3.534227 
0.150000    9.397332 
0.200000    -29.646421 
0.250000    10.542242 
0.300000    -4.678047 
0.350000    2.763216 
0.400000    -6.585505 
0.450000    -1.802097 
0.500000    0.346546 
0.550000    5.019732 
0.600000    1.247487 
0.650000    -9.265772 
0.700000    2.912112 
0.750000    -3.630343 
0.800000    11.343495 
0.850000    32.836063 
0.900000    -13.334877 
0.950000    -14.765992 
1.000000    -13.078528 
1.050000    -12.167212 
1.100000    29.924368 
1.150000    17.520781 
1.200000    19.113640 
1.250000    1.238330 
1.300000    -1.338940 
1.350000    13.772399 
1.400000    17.452446 
1.450000    7.245638 
1.500000    23.450937 
1.550000    1.609599 
1.600000    5.684843 
1.650000    -3.247804 
1.700000    -2.554058 
1.750000    10.489967 
1.800000    3.270856 
1.850000    -13.182106 
1.900000    2.493312 
1.950000    6.074121 
2.000000    1.687056 
2.050000    -4.550319 
2.100000    -7.659396 
2.150000    4.710455 
2.200000    -16.639475 
2.250000    2.764753 
2.300000    -6.212479 
2.350000    -11.419341 
2.400000    -9.717699 
2.450000    -17.806561 
2.500000    3.236032 
2.550000    -10.171792 
2.600000    15.805916 
2.650000    -9.370925 
2.700000    3.008878 
2.750000    -23.948248 
2.800000    12.152025 
2.850000    5.795865 
2.900000    2.899847 
2.950000    19.959848 
3.000000    26.405882 
3.050000    13.406334 
3.100000    23.940899 
3.150000    42.789700 
3.200000    39.903629 
3.250000    58.049133 
3.300000    60.899078 
3.350000    71.906342 
3.400000    68.930168 
3.450000    57.589317 
3.500000    62.138275 
3.550000    60.538467 
3.600000    76.130867 
3.650000    72.247078 
3.700000    51.351849 
3.750000    32.289467 
3.800000    67.665741 
3.850000    23.923822 
3.900000    31.882195 
3.950000    12.334274 
4.000000    -3.605529 
4.050000    -19.112457 
4.100000    -40.500740 
4.150000    -61.950336 
4.200000    -79.104515 
4.250000    -108.586922 
4.300000    -114.475143 
4.350000    -139.722290 
4.400000    -164.915405 
4.450000    -144.261887 
4.500000    -160.910599 
4.550000    -162.932541 
4.600000    -155.123016 
4.650000    -144.634247 
4.700000    -135.612869 
4.750000    -120.415230 
4.800000    -121.459122 
4.850000    -94.337936 
4.900000    -84.116272 
4.950000    -54.836178 
5.000000    -42.401096 
5.050000    -19.962395 
5.100000    -6.048996 
5.150000    1.798115 
5.200000    22.276184 
5.250000    29.805048 
5.300000    40.624107 
5.350000    44.296898 
5.400000    65.104301 
5.450000    64.390923 
5.500000    81.511414 
5.550000    71.955482 
5.600000    89.253815 
5.650000    93.144478 
5.700000    103.388954 
5.750000    115.947235 
5.800000    97.552963 
5.850000    103.306877 
5.900000    93.363579 
5.950000    87.567902 
6.000000    101.245628 
6.050000    110.086815 
6.100000    103.131920 
6.150000    115.158043 
6.200000    88.292206 
6.250000    83.037621 
6.300000    70.206772 
6.350000    54.320038 
6.400000    53.472599 
6.450000    71.078049 
6.500000    49.046867 
6.550000    29.191889 
6.600000    49.603333 
6.650000    25.680719 
6.700000    2.951414 
6.750000    11.352448 
6.800000    6.072773 
6.850000    7.838574 
6.900000    -4.871781 
6.950000    -26.432449 
7.000000    -16.815907 
7.050000    -21.996809 
7.100000    -39.264023 
7.150000    -58.508118 
7.200000    -47.706093 
7.250000    -70.585472 
7.300000    -53.845814 
7.350000    -54.923897 
7.400000    -83.451210 
7.450000    -69.972878 
7.500000    -56.515869 
7.550000    -57.608402 
7.600000    -61.947937 
7.650000    -50.884289 
7.700000    -75.870049 
7.750000    -49.546768 
7.800000    -68.859367 
7.850000    -36.472206 
7.900000    -56.440929 
7.950000    -47.111988 
7.999999    -41.455147 
8.049999    -38.414104 
8.100000    -21.472771 
8.150000    -37.232609 
8.200000    -35.623283 
8.250000    -20.436878 
8.300000    -32.717083 
8.350000    11.422681 
8.400000    -21.710066 
8.450000    0.272640 
8.500000    7.743970 
8.549999    10.202685 
8.599999    29.194857 
8.650000    34.438957 
8.700000    24.178740 
8.750000    24.874895 
8.800000    45.596474 
8.850000    28.130020 
8.900000    36.986546 
8.950000    31.863527 
9.000000    14.127886 
9.050000    26.819633 
9.099999    16.246513 
9.149999    7.271962 
9.200000    20.280937 
9.250000    25.713284 
9.300000    21.405043 
9.350000    -0.496896 
9.400000    9.266263 
9.450000    15.157414 
9.500000    -4.509159 
9.550000    -1.175535 
9.600000    23.503016 
9.649999    23.032368 
9.699999    31.922108 
9.750000    4.893914 
9.800000    -11.093059 
9.850000    6.186272 
9.900000    20.905792 
9.950000    22.085073 
10.000000    9.358380 
10.050000    6.095140 
10.100000    -2.047764 
10.150000    -8.841380 
10.199999    12.475333 
10.249999    34.393761 
10.300000    9.145584 
10.350000    1.953000 
10.400000    -6.451690 
10.450000    23.765804 
10.500000    -5.645391 
10.550000    22.675993 
10.600000    -4.579096 
10.650000    -8.378313 
10.700000    -8.203588 
10.749999    11.072235 
10.799999    0.883373 
10.849999    -22.786097 
10.900000    -15.902397 
10.950000    -13.775105 
11.000000    -19.767481 
11.050000    -0.808978 
11.100000    -16.791605 
11.150000    -10.213817 
11.200000    -5.234677 
11.250000    -12.019057 
11.299999    -6.344137 
11.349999    -0.275968 
11.399999    6.464377 
11.450000    9.343041 
11.500000    -9.944808 
11.550000    28.108625 
11.600000    -11.640160 
11.650000    21.843611 
11.700000    1.398888 
11.750000    10.161200 
11.800000    -0.066551 
11.849999    9.410912 
11.899999    2.798220 
11.949999    -0.030234 
12.000000    32.043736 
12.050000    -2.960236 
12.100000    18.841887 
12.150000    14.542427 
12.200000    15.849401 
12.250000    -1.305666 
12.300000    4.768047 
12.350000    -6.287384 
12.399999    19.355721 
12.449999    -2.159735 
12.499999    -0.539357 
12.550000    12.560122 
12.600000    -4.028771 
12.650000    19.269554 
12.700000    -5.374378 
12.750000    17.438829 
12.800000    3.878552 
12.850000    -9.572113 
12.900000    1.183923 
12.949999    -12.114931 
12.999999    -3.806302 
13.049999    21.395575 
13.100000    -4.308484 
13.150000    10.352724 
13.200000    8.510520 
13.250000    13.160836 
13.300000    11.665668 
13.350000    6.115777 
13.400000    -14.925601 
13.450000    15.873067 
13.499999    19.738932 
13.549999    5.956022 
13.599999    33.135693 
13.650000    5.947042 
13.700000    10.749836 
13.750000    10.143430 
13.800000    8.418481 
13.850000    -5.201817 
13.900000    6.200037 
13.950000    9.313825 
14.000000    8.312285 
14.049999    9.161165 
14.099999    -2.070673 
14.149999    2.985557 
14.200000    15.739647 
14.250000    -4.609969 
14.300000    -9.894234 
14.350000    -24.649025 
14.400000    -7.859101 
14.450000    -22.926151 
14.500000    -8.490958 
14.549999    -21.561459 
14.599999    -13.587426 
14.649999    -4.953332 
14.699999    -7.461690 
14.750000    -11.455659 
14.800000    17.069855 
14.850000    12.399050 
14.900000    4.262383 
14.950000    -2.819176 
15.000000    9.573542 
15.050000    -19.556175 
15.099999    -3.501866 
15.149999    17.225063 
15.199999    9.382516 
15.249999    24.071869 
15.299999    15.748914 
15.350000    1.773358 
15.400000    24.636204 
15.450000    7.625064 
15.500000    -0.768347 
15.550000    -9.112078 
15.600000    -3.038592 
15.650000    6.467399 
15.699999    -27.930445 
15.750000    2.839912 
15.799999    5.215092 
15.850000    -1.859711 
15.899999    -8.883669 
15.950000    5.047151 
15.999999    24.928600 
16.050000    9.906656 
16.099999    5.987151 
16.150000    1.208216 
16.200000    18.312195 
16.249999    24.544033 
16.300000    16.097952 
16.349999    20.856260 
16.400000    25.623240 
16.449999    20.135021 
16.500000    -7.613800 
16.549999    0.492372 
16.600000    -4.543812 
16.649999    7.020507 
16.700000    -9.076280 
16.750000    13.090796 
16.799999    -11.594070 
16.850000    -15.063576 
16.899999    15.053782 
16.950000    1.905805 
16.999999    -19.385599 
17.050000    -12.533124 
17.099999    -19.807482 
17.150000    -26.338326 
17.199999    -8.614075 
17.250000    -15.907872 
17.300000    -23.291615 
17.349999    2.951631 
17.400000    -17.577263 
17.449999    -16.516151 
17.500000    5.484008 
17.549999    -8.827614 
17.600000    -21.625826 
17.649999    -5.637345 
17.700000    -20.236761 
17.749999    -22.382605 
17.800000    -23.988014 
17.850000    -16.404921 
17.899999    -25.339518 
17.950000    5.913110 
17.999999    -2.324869 
18.050000    -11.198578 
18.099999    -2.065934 
18.150000    3.456129 
18.199999    -8.788685 
18.250000    -3.859882 
18.299999    -20.576645 
18.350000    -4.941512 
18.400000    -0.766406 
18.449999    11.970334 
18.500000    -11.984488 
18.549999    16.011559 
18.600000    -19.248634 
18.649999    2.002134 
18.700000    0.374300 
18.749999    -3.058741 
18.800000    16.133945 
18.849999    20.509571 
18.900000    7.682507 
18.950000    13.882126 
18.999999    8.881370 
19.050000    13.151766 
19.099999    9.941939 
19.150000    10.358028 
19.199999    5.483850 
19.250000    26.212629 
19.299999    5.925971 
19.350000    10.179473 
19.399999    22.287645 
19.450000    18.326345 
19.500000    -12.813669 
19.549999    -18.014544 
19.600000    8.275074 
19.649999    -13.060506 
19.700000    -10.410805 
19.749999    -16.271967 
19.800000    9.054556 
19.849999    1.459573 
19.900000    -4.964221 
19.949999    -1.577574 


Reverse Correlation Function   