Time    Magnitude 

0.000000    -1.139802 
0.050000    14.302638 
0.100000    28.154999 
0.150000    20.964916 
0.200000    17.031242 
0.250000    0.467095 
0.300000    6.901115 
0.350000    -0.917348 
0.400000    -16.142698 
0.450000    11.516429 
0.500000    3.066341 
0.550000    10.696483 
0.600000    1.034026 
0.650000    23.354650 
0.700000    41.725777 
0.750000    15.461154 
0.800000    7.304349 
0.850000    -10.651899 
0.900000    -7.339548 
0.950000    -4.739654 
1.000000    8.857409 
1.050000    6.946760 
1.100000    -7.866063 
1.150000    -11.724607 
1.200000    -4.610852 
1.250000    -0.355811 
1.300000    15.914815 
1.350000    9.226363 
1.400000    8.799824 
1.450000    21.423513 
1.500000    1.279892 
1.550000    -4.672843 
1.600000    5.636222 
1.650000    6.739452 
1.700000    -9.513545 
1.750000    -1.613036 
1.800000    -26.365587 
1.850000    -12.216461 
1.900000    1.250138 
1.950000    30.421497 
2.000000    18.832375 
2.050000    26.972746 
2.100000    33.223415 
2.150000    26.008017 
2.200000    23.117956 
2.250000    8.461067 
2.300000    -31.309303 
2.350000    -54.805233 
2.400000    -113.953918 
2.450000    -85.170830 
2.500000    -46.565418 
2.550000    -22.609308 
2.600000    46.390781 
2.650000    100.028099 
2.700000    145.817291 
2.750000    130.326614 
2.800000    68.446625 
2.850000    -27.184620 
2.900000    -105.492317 
2.950000    -162.547180 
3.000000    -178.799911 
3.050000    -110.069550 
3.100000    -34.633095 
3.150000    51.465221 
3.200000    105.222206 
3.250000    153.250504 
3.300000    132.872849 
3.350000    78.209236 
3.400000    37.653725 
3.450000    -45.678028 
3.500000    -88.135872 
3.550000    -110.670464 
3.600000    -95.134521 
3.650000    -59.318848 
3.700000    0.559154 
3.750000    31.392380 
3.800000    70.149681 
3.850000    95.555908 
3.900000    76.205986 
3.950000    45.510674 
4.000000    15.511943 
4.050000    -32.171368 
4.100000    -51.692013 
4.150000    -56.943409 
4.200000    -41.774124 
4.250000    -31.836901 
4.300000    3.078667 
4.350000    38.251507 
4.400000    29.212311 
4.450000    43.404202 
4.500000    19.449959 
4.550000    6.167012 
4.600000    -17.675791 
4.650000    -11.690911 
4.700000    -14.422665 
4.750000    -20.800266 
4.800000    -12.824894 
4.850000    -10.913953 
4.900000    -4.865738 
4.950000    19.628710 
5.000000    32.486557 
5.050000    -15.040061 
5.100000    1.164528 
5.150000    -4.512818 
5.200000    17.574421 
5.250000    10.086664 
5.300000    22.816357 
5.350000    19.956799 
5.400000    -6.967037 
5.450000    -12.356605 
5.500000    11.731766 
5.550000    -11.620548 
5.600000    1.163839 
5.650000    4.522831 
5.700000    -3.329194 
5.750000    -31.529140 
5.800000    9.436172 
5.850000    22.485821 
5.900000    24.205444 
5.950000    5.669204 
6.000000    -6.814356 
6.050000    -33.496002 
6.100000    -5.934914 
6.150000    -23.039467 
6.200000    -32.333191 
6.250000    -12.767824 
6.300000    4.738027 
6.350000    2.199230 
6.400000    16.662912 
6.450000    7.926963 
6.500000    21.044228 
6.550000    -15.582431 
6.600000    4.275030 
6.650000    -13.898594 
6.700000    -3.100474 
6.750000    5.922635 
6.800000    -5.688858 
6.850000    2.602135 
6.900000    2.990222 
6.950000    -6.668736 
7.000000    -1.928386 
7.050000    29.468388 
7.100000    -3.213573 
7.150000    2.768094 
7.200000    2.299566 
7.250000    -13.638083 
7.300000    -0.299000 
7.350000    1.929645 
7.400000    -13.328975 
7.450000    12.425779 
7.500000    11.617080 
7.550000    5.245545 
7.600000    18.048603 
7.650000    2.952157 
7.700000    14.269618 
7.750000    -2.845111 
7.800000    6.936839 
7.850000    -8.964496 
7.900000    -10.722487 
7.950000    16.796530 
7.999999    6.893869 
8.049999    21.579887 
8.100000    -0.367443 
8.150000    13.891861 
8.200000    -1.724190 
8.250000    1.614547 
8.300000    2.295750 
8.350000    1.728997 
8.400000    8.280451 
8.450000    9.276435 
8.500000    -24.087940 
8.549999    -4.984742 
8.599999    13.691022 
8.650000    12.418459 
8.700000    -11.445001 
8.750000    -2.173964 
8.800000    -16.361946 
8.850000    -0.652295 
8.900000    2.221028 
8.950000    -10.030106 
9.000000    -13.883544 
9.050000    13.534593 
9.099999    -10.266932 
9.149999    24.231932 
9.200000    13.966844 
9.250000    10.200596 
9.300000    -8.386168 
9.350000    0.307087 
9.400000    5.840384 
9.450000    5.940711 
9.500000    0.215106 
9.550000    12.602950 
9.600000    6.739473 
9.649999    19.617804 
9.699999    16.795610 
9.750000    -7.726402 
9.800000    12.100694 
9.850000    33.114105 
9.900000    13.446827 
9.950000    -3.556849 
10.000000    0.941719 
10.050000    3.494607 
10.100000    -15.460955 
10.150000    12.573029 
10.199999    19.930283 
10.249999    22.218975 
10.300000    12.614017 
10.350000    14.547104 
10.400000    30.759296 
10.450000    34.651840 
10.500000    19.021200 
10.550000    4.477743 
10.600000    -26.823971 
10.650000    12.021064 
10.700000    -2.191380 
10.749999    18.301308 
10.799999    -17.336773 
10.849999    4.978433 
10.900000    12.894003 
10.950000    -0.858659 
11.000000    -3.238990 
11.050000    11.233785 
11.100000    -6.638274 
11.150000    -19.784590 
11.200000    -5.648091 
11.250000    -17.302551 
11.299999    -26.269348 
11.349999    -3.048957 
11.399999    -2.021680 
11.450000    14.060130 
11.500000    6.099815 
11.550000    18.184805 
11.600000    -0.986116 
11.650000    -4.014273 
11.700000    -4.249007 
11.750000    -8.541964 
11.800000    -5.656611 
11.849999    3.961018 
11.899999    -11.972424 
11.949999    18.407906 
12.000000    0.101776 
12.050000    23.274902 
12.100000    1.447179 
12.150000    -8.876735 
12.200000    1.371995 
12.250000    14.011700 
12.300000    14.556207 
12.350000    -9.307886 
12.399999    -5.450171 
12.449999    -3.103005 
12.499999    -27.477261 
12.550000    -8.024597 
12.600000    -5.665791 
12.650000    -5.014033 
12.700000    -1.426060 
12.750000    27.870255 
12.800000    -5.847563 
12.850000    10.700458 
12.900000    2.561610 
12.949999    7.681472 
12.999999    -10.398805 
13.049999    9.198376 
13.100000    -14.608676 
13.150000    -1.393649 
13.200000    -6.699983 
13.250000    -0.800735 
13.300000    6.577349 
13.350000    6.206760 
13.400000    5.087628 
13.450000    1.126490 
13.499999    7.938282 
13.549999    -6.312360 
13.599999    -18.631109 
13.650000    7.022169 
13.700000    -3.450497 
13.750000    -9.346126 
13.800000    -6.915143 
13.850000    15.156909 
13.900000    9.156508 
13.950000    8.965487 
14.000000    5.076773 
14.049999    31.780758 
14.099999    -11.705477 
14.149999    13.768644 
14.200000    -14.781064 
14.250000    3.409940 
14.300000    9.640381 
14.350000    -12.658150 
14.400000    2.052945 
14.450000    9.286492 
14.500000    18.488791 
14.549999    24.864489 
14.599999    30.980461 
14.649999    7.690905 
14.699999    25.850504 
14.750000    19.213722 
14.800000    22.616890 
14.850000    -20.345684 
14.900000    -10.228875 
14.950000    -30.231192 
15.000000    -38.546875 
15.050000    -10.275429 
15.099999    -8.824082 
15.149999    7.121204 
15.199999    19.765427 
15.249999    2.983028 
15.299999    -7.367271 
15.350000    -2.819153 
15.400000    10.925323 
15.450000    2.014470 
15.500000    -10.892358 
15.550000    -19.045052 
15.600000    -10.776752 
15.650000    18.243097 
15.699999    7.177796 
15.750000    6.968742 
15.799999    16.481743 
15.850000    22.992002 
15.899999    -6.985130 
15.950000    4.276496 
15.999999    6.791091 
16.050000    -3.431206 
16.099999    -20.700573 
16.150000    -3.477411 
16.200000    11.957622 
16.249999    1.401675 
16.300000    -4.208342 
16.349999    11.420324 
16.400000    17.426310 
16.449999    18.428207 
16.500000    2.138230 
16.549999    8.638338 
16.600000    9.041437 
16.649999    -2.313908 
16.700000    -18.139223 
16.750000    0.347807 
16.799999    8.383616 
16.850000    1.639677 
16.899999    15.355800 
16.950000    -1.069935 
16.999999    5.056629 
17.050000    16.795017 
17.099999    -7.304298 
17.150000    5.438801 
17.199999    11.330891 
17.250000    8.764115 
17.300000    -4.029206 
17.349999    22.934025 
17.400000    3.328311 
17.449999    -9.864876 
17.500000    -4.990763 
17.549999    -19.481310 
17.600000    -2.752769 
17.649999    3.386317 
17.700000    8.032651 
17.749999    6.760149 
17.800000    13.043200 
17.850000    13.134366 
17.899999    1.879174 
17.950000    12.294537 
17.999999    4.238179 
18.050000    -8.376327 
18.099999    25.658161 
18.150000    -1.455357 
18.199999    -27.476419 
18.250000    0.540998 
18.299999    7.951709 
18.350000    -3.582197 
18.400000    11.203115 
18.449999    1.617210 
18.500000    0.445406 
18.549999    -1.150962 
18.600000    1.989833 
18.649999    -2.317623 
18.700000    7.445869 
18.749999    1.003924 
18.800000    2.238957 
18.849999    -7.498386 
18.900000    15.671150 
18.950000    8.580017 
18.999999    15.637942 
19.050000    6.211033 
19.099999    -11.021357 
19.150000    4.660975 
19.199999    10.784439 
19.250000    22.096489 
19.299999    -2.401246 
19.350000    -16.022371 
19.399999    -0.467313 
19.450000    -3.184037 
19.500000    9.043379 
19.549999    11.347830 
19.600000    -0.259072 
19.649999    23.103800 
19.700000    -17.511133 
19.749999    -10.393182 
19.800000    -6.895904 
19.849999    -5.918998 
19.900000    -10.754906 
19.949999    -29.847313 


Reverse Correlation Function   