Time    Magnitude 

0.000000    0.026354 
0.050000    -0.069053 
0.100000    0.106613 
0.150000    0.011490 
0.200000    0.082083 
0.250000    0.050688 
0.300000    -0.041096 
0.350000    0.057256 
0.400000    0.111384 
0.450000    -0.003168 
0.500000    0.030147 
0.550000    0.050263 
0.600000    0.095368 
0.650000    0.118842 
0.700000    -0.070325 
0.750000    0.137998 
0.800000    0.035228 
0.850000    0.003726 
0.900000    0.161115 
0.950000    -0.020458 
1.000000    0.101602 
1.050000    0.098632 
1.100000    0.022639 
1.150000    0.028604 
1.200000    0.087061 
1.250000    0.066807 
1.300000    -0.032668 
1.350000    0.057750 
1.400000    -0.063566 
1.450000    0.094613 
1.500000    0.243951 
1.550000    -0.022981 
1.600000    0.038209 
1.650000    0.079096 
1.700000    0.032305 
1.750000    0.019602 
1.800000    -0.143281 
1.850000    -0.117780 
1.900000    -0.147240 
1.950000    0.103155 
2.000000    -0.172337 
2.050000    0.065483 
2.100000    0.124376 
2.150000    0.051721 
2.200000    0.067044 
2.250000    0.129274 
2.300000    -0.109703 
2.350000    -0.239863 
2.400000    -0.172269 
2.450000    -0.206660 
2.500000    -0.304288 
2.550000    -0.419892 
2.600000    -0.078863 
2.650000    0.019334 
2.700000    0.236474 
2.750000    0.386286 
2.800000    0.919878 
2.850000    0.702854 
2.900000    0.464290 
2.950000    0.274128 
3.000000    -0.183993 
3.050000    -0.855281 
3.100000    -1.055080 
3.150000    -1.096406 
3.200000    -0.755030 
3.250000    -0.337448 
3.300000    0.361116 
3.350000    0.680641 
3.400000    0.878896 
3.450000    0.984588 
3.500000    0.623698 
3.550000    0.228490 
3.600000    -0.166446 
3.650000    -0.564618 
3.700000    -0.925252 
3.750000    -0.666154 
3.800000    -0.464069 
3.850000    -0.000583 
3.900000    0.307108 
3.950000    0.476030 
4.000000    0.544731 
4.050000    0.538288 
4.100000    0.320415 
4.150000    0.031654 
4.200000    -0.326448 
4.250000    -0.549143 
4.300000    -0.274665 
4.350000    -0.138817 
4.400000    -0.000755 
4.450000    0.039061 
4.500000    0.292880 
4.550000    0.197749 
4.600000    0.228350 
4.650000    0.213218 
4.700000    -0.071560 
4.750000    0.081708 
4.800000    0.006951 
4.850000    -0.108921 
4.900000    -0.077225 
4.950000    -0.042175 
5.000000    0.089748 
5.050000    0.340994 
5.100000    0.169400 
5.150000    0.013922 
5.200000    -0.078535 
5.250000    -0.202633 
5.300000    -0.098871 
5.350000    -0.043869 
5.400000    0.087983 
5.450000    -0.024348 
5.500000    -0.166893 
5.550000    0.104659 
5.600000    0.018723 
5.650000    0.102464 
5.700000    0.032249 
5.750000    0.142274 
5.800000    0.037881 
5.850000    0.005964 
5.900000    0.107928 
5.950000    0.071978 
6.000000    0.137006 
6.050000    0.062783 
6.100000    0.154158 
6.150000    0.110574 
6.200000    -0.058596 
6.250000    0.004279 
6.300000    0.131801 
6.350000    -0.142007 
6.400000    -0.113477 
6.450000    -0.009669 
6.500000    -0.133388 
6.550000    -0.064699 
6.600000    0.034086 
6.650000    0.075235 
6.700000    0.093899 
6.750000    -0.065725 
6.800000    0.168050 
6.850000    0.227059 
6.900000    0.091956 
6.950000    -0.091795 
7.000000    -0.021672 
7.050000    0.016364 
7.100000    -0.211391 
7.150000    -0.151721 
7.200000    -0.119661 
7.250000    -0.105851 
7.300000    0.181693 
7.350000    0.004239 
7.400000    0.124290 
7.450000    0.071114 
7.500000    0.076571 
7.550000    -0.049309 
7.600000    -0.036250 
7.650000    0.030003 
7.700000    -0.076827 
7.750000    -0.115258 
7.800000    0.025196 
7.850000    0.091898 
7.900000    0.033619 
7.950000    -0.013400 
7.999999    -0.055890 
8.049999    -0.134474 
8.100000    0.093955 
8.150000    0.078432 
8.200000    -0.001010 
8.250000    -0.108819 
8.300000    -0.057946 
8.350000    -0.021554 
8.400000    -0.103248 
8.450000    0.049405 
8.500000    0.067963 
8.549999    -0.052097 
8.599999    -0.196964 
8.650000    -0.131443 
8.700000    0.008646 
8.750000    0.139892 
8.800000    -0.003604 
8.850000    -0.012626 
8.900000    -0.053854 
8.950000    0.051617 
9.000000    -0.009458 
9.050000    -0.234336 
9.099999    -0.083390 
9.149999    -0.041557 
9.200000    0.046833 
9.250000    0.081550 
9.300000    0.103598 
9.350000    -0.110564 
9.400000    0.125731 
9.450000    -0.159295 
9.500000    0.118197 
9.550000    -0.048431 
9.600000    -0.088634 
9.649999    -0.104620 
9.699999    0.216412 
9.750000    0.106049 
9.800000    0.101928 
9.850000    -0.065483 
9.900000    0.235581 
9.950000    0.271762 
10.000000    0.103217 
10.050000    0.172794 
10.100000    -0.042278 
10.150000    -0.019547 
10.199999    -0.064465 
10.249999    0.127069 
10.300000    -0.015334 
10.350000    0.068751 
10.400000    0.148096 
10.450000    0.202870 
10.500000    0.117695 
10.550000    0.194262 
10.600000    0.196066 
10.650000    0.083936 
10.700000    -0.024872 
10.749999    0.057918 
10.799999    0.085900 
10.849999    0.007326 
10.900000    -0.023724 
10.950000    -0.109780 
11.000000    0.098957 
11.050000    0.111301 
11.100000    -0.043449 
11.150000    0.014878 
11.200000    0.018354 
11.250000    -0.125401 
11.299999    0.056017 
11.349999    -0.071383 
11.399999    0.023363 
11.450000    0.142320 
11.500000    -0.017609 
11.550000    -0.140968 
11.600000    -0.078280 
11.650000    -0.028503 
11.700000    -0.093345 
11.750000    0.058460 
11.800000    -0.024795 
11.849999    -0.079704 
11.899999    0.053845 
11.949999    0.068954 
12.000000    -0.082071 
12.050000    -0.000070 
12.100000    -0.008033 
12.150000    -0.018390 
12.200000    -0.040874 
12.250000    -0.037040 
12.300000    0.068158 
12.350000    0.071711 
12.399999    0.158694 
12.449999    -0.107215 
12.499999    0.067656 
12.550000    -0.015736 
12.600000    -0.040398 
12.650000    -0.074981 
12.700000    0.181659 
12.750000    -0.036224 
12.800000    0.096956 
12.850000    0.066218 
12.900000    0.017312 
12.949999    0.038427 
12.999999    -0.179051 
13.049999    0.105371 
13.100000    0.149560 
13.150000    -0.007436 
13.200000    -0.009334 
13.250000    0.004671 
13.300000    -0.084376 
13.350000    0.036332 
13.400000    0.018179 
13.450000    0.001183 
13.499999    -0.101656 
13.549999    0.055188 
13.599999    -0.118467 
13.650000    0.005027 
13.700000    0.104614 
13.750000    0.040009 
13.800000    0.006659 
13.850000    0.056732 
13.900000    0.003064 
13.950000    -0.094355 
14.000000    -0.145023 
14.049999    -0.078043 
14.099999    0.134642 
14.149999    -0.006058 
14.200000    0.005331 
14.250000    0.012221 
14.300000    0.049781 
14.350000    -0.106724 
14.400000    -0.088386 
14.450000    -0.080014 
14.500000    -0.009745 
14.549999    -0.058956 
14.599999    -0.197482 
14.649999    0.040637 
14.699999    0.110326 
14.750000    0.209329 
14.800000    0.076384 
14.850000    0.011706 
14.900000    0.057473 
14.950000    0.091238 
15.000000    0.098683 
15.050000    -0.137234 
15.099999    0.037509 
15.149999    0.038152 
15.199999    0.065473 
15.249999    0.044634 
15.299999    0.067916 
15.350000    -0.030761 
15.400000    0.110643 
15.450000    -0.048215 
15.500000    -0.013080 
15.550000    0.059670 
15.600000    -0.131300 
15.650000    -0.027686 
15.699999    0.057622 
15.750000    0.095515 
15.799999    -0.186468 
15.850000    0.019235 
15.899999    0.066323 
15.950000    -0.052814 
15.999999    0.010957 
16.050000    -0.082173 
16.099999    -0.053201 
16.150000    -0.130371 
16.200000    -0.100613 
16.249999    -0.108137 
16.300000    -0.019911 
16.349999    0.121165 
16.400000    0.207676 
16.449999    0.160790 
16.500000    0.024215 
16.549999    0.157516 
16.600000    0.230342 
16.649999    0.040670 
16.700000    0.062330 
16.750000    0.071669 
16.799999    0.017385 
16.850000    -0.033816 
16.899999    -0.034973 
16.950000    0.073774 
16.999999    0.213164 
17.050000    -0.072924 
17.099999    -0.005080 
17.150000    0.059308 
17.199999    0.110312 
17.250000    0.005333 
17.300000    -0.000735 
17.349999    0.003337 
17.400000    -0.051382 
17.449999    0.049214 
17.500000    -0.053610 
17.549999    -0.021887 
17.600000    -0.067454 
17.649999    0.083094 
17.700000    0.032809 
17.749999    0.053817 
17.800000    -0.080905 
17.850000    0.106333 
17.899999    0.084906 
17.950000    0.273269 
17.999999    0.027332 
18.050000    -0.118010 
18.099999    0.016991 
18.150000    -0.063617 
18.199999    -0.041185 
18.250000    -0.034909 
18.299999    -0.229277 
18.350000    -0.168435 
18.400000    -0.142110 
18.449999    -0.017613 
18.500000    0.081468 
18.549999    0.023483 
18.600000    -0.086757 
18.649999    -0.031176 
18.700000    0.011157 
18.749999    0.097528 
18.800000    0.016281 
18.849999    0.094410 
18.900000    -0.029149 
18.950000    -0.126289 
18.999999    0.061061 
19.050000    -0.022893 
19.099999    -0.063687 
19.150000    -0.159232 
19.199999    -0.081812 
19.250000    0.031651 
19.299999    0.264932 
19.350000    0.034244 
19.399999    -0.015762 
19.450000    -0.032882 
19.500000    -0.075931 
19.549999    -0.024045 
19.600000    0.068472 
19.649999    0.040859 
19.700000    0.011088 
19.749999    -0.066576 
19.800000    0.079817 
19.849999    0.084568 
19.900000    0.001807 
19.949999    -0.068383 


Reverse Correlation Function   