Time    Magnitude 

0.000000    0.885073 
0.050000    -0.776827 
0.100000    -0.403292 
0.150000    -0.265170 
0.200000    -0.346814 
0.250000    0.366452 
0.300000    -0.087998 
0.350000    0.215227 
0.400000    -0.331307 
0.450000    -0.126408 
0.500000    -0.348353 
0.550000    -0.336368 
0.600000    -0.552869 
0.650000    0.361276 
0.700000    -0.281026 
0.750000    0.170982 
0.800000    0.451627 
0.850000    0.328158 
0.900000    -0.083002 
0.950000    0.120045 
1.000000    0.241869 
1.050000    2.086803 
1.100000    1.735992 
1.150000    0.221880 
1.200000    0.021816 
1.250000    0.073266 
1.300000    -0.627474 
1.350000    -0.299957 
1.400000    -0.657144 
1.450000    0.385108 
1.500000    0.387333 
1.550000    0.001356 
1.600000    -0.460641 
1.650000    0.551668 
1.700000    0.187369 
1.750000    -0.428745 
1.800000    -0.007874 
1.850000    -0.070882 
1.900000    -0.031693 
1.950000    0.498536 
2.000000    -0.588825 
2.050000    0.190262 
2.100000    -0.233061 
2.150000    0.200950 
2.200000    -1.013631 
2.250000    -0.332857 
2.300000    0.704843 
2.350000    -0.233664 
2.400000    0.271533 
2.450000    0.346962 
2.500000    0.786609 
2.550000    -0.373184 
2.600000    -0.251311 
2.650000    0.312331 
2.700000    -0.192367 
2.750000    -0.154021 
2.800000    -0.402527 
2.850000    -0.576698 
2.900000    -0.803530 
2.950000    -0.424037 
3.000000    -0.922666 
3.050000    -1.399111 
3.100000    -0.812801 
3.150000    -0.486137 
3.200000    0.310027 
3.250000    1.863383 
3.300000    1.357639 
3.350000    2.061732 
3.400000    2.666270 
3.450000    4.186994 
3.500000    3.221902 
3.550000    3.540200 
3.600000    2.390203 
3.650000    1.354065 
3.700000    0.215272 
3.750000    -1.627553 
3.800000    -3.732319 
3.850000    -4.143410 
3.900000    -5.221510 
3.950000    -5.606834 
4.000000    -5.027454 
4.050000    -5.533102 
4.100000    -3.722029 
4.150000    -2.417883 
4.200000    -1.018121 
4.250000    1.296712 
4.300000    3.153529 
4.350000    4.283691 
4.400000    4.814565 
4.450000    5.494379 
4.500000    5.614075 
4.550000    4.539729 
4.600000    3.881818 
4.650000    3.420158 
4.700000    1.243649 
4.750000    0.123021 
4.800000    -0.768856 
4.850000    -2.047986 
4.900000    -3.344139 
4.950000    -4.871299 
5.000000    -4.062035 
5.050000    -5.133218 
5.100000    -4.034271 
5.150000    -2.479511 
5.200000    -1.880538 
5.250000    -0.922678 
5.300000    1.556271 
5.350000    2.227202 
5.400000    2.662561 
5.450000    4.067950 
5.500000    4.708188 
5.550000    3.633445 
5.600000    4.228767 
5.650000    3.171708 
5.700000    1.445264 
5.750000    0.190684 
5.800000    -0.188093 
5.850000    -1.202237 
5.900000    -1.506180 
5.950000    -2.807488 
6.000000    -2.113289 
6.050000    -2.830562 
6.100000    -3.085288 
6.150000    -2.290118 
6.200000    -1.329523 
6.250000    -0.298376 
6.300000    0.700481 
6.350000    1.539370 
6.400000    1.847056 
6.450000    2.104984 
6.500000    2.632775 
6.550000    2.745396 
6.600000    2.661302 
6.650000    1.694059 
6.700000    0.599939 
6.750000    0.035530 
6.800000    -1.020652 
6.850000    -0.909508 
6.900000    -1.112566 
6.950000    -1.880387 
7.000000    -1.156698 
7.050000    -1.193695 
7.100000    -1.328295 
7.150000    -2.308778 
7.200000    -0.545263 
7.250000    0.073601 
7.300000    1.838261 
7.350000    1.183388 
7.400000    2.030772 
7.450000    2.109221 
7.500000    1.669538 
7.550000    1.665540 
7.600000    1.109917 
7.650000    0.413310 
7.700000    0.000003 
7.750000    -0.109718 
7.800000    -0.933668 
7.850000    -1.763461 
7.900000    -0.621836 
7.950000    -0.991190 
7.999999    -0.869987 
8.049999    -0.755791 
8.100000    -0.291187 
8.150000    0.621535 
8.200000    0.423116 
8.250000    1.366452 
8.300000    1.013862 
8.350000    1.971139 
8.400000    0.602403 
8.450000    0.577612 
8.500000    0.990858 
8.549999    0.951848 
8.599999    -0.171430 
8.650000    0.084285 
8.700000    -1.357848 
8.750000    -0.704644 
8.800000    -0.840207 
8.850000    -1.128186 
8.900000    -1.362089 
8.950000    -0.524472 
9.000000    -0.664999 
9.050000    0.192105 
9.099999    0.078670 
9.149999    -0.377814 
9.200000    1.023054 
9.250000    0.855035 
9.300000    1.501378 
9.350000    1.077362 
9.400000    0.542841 
9.450000    -0.232725 
9.500000    0.085681 
9.550000    0.592619 
9.600000    0.613545 
9.649999    -0.272954 
9.699999    -0.713581 
9.750000    -0.035324 
9.800000    -1.016392 
9.850000    -0.635854 
9.900000    -0.234153 
9.950000    -0.236068 
10.000000    -0.703005 
10.050000    0.610056 
10.100000    0.682481 
10.150000    0.989134 
10.199999    0.392793 
10.249999    0.805074 
10.300000    0.691496 
10.350000    -1.259331 
10.400000    -0.266667 
10.450000    -0.509324 
10.500000    -0.011625 
10.550000    0.567679 
10.600000    -0.166941 
10.650000    -0.121286 
10.700000    -0.219022 
10.749999    -0.566581 
10.799999    0.170321 
10.849999    -0.260397 
10.900000    -0.367365 
10.950000    -1.063631 
11.000000    -0.358544 
11.050000    0.085941 
11.100000    0.215549 
11.150000    0.796299 
11.200000    0.430708 
11.250000    1.044385 
11.299999    -0.225053 
11.349999    0.929566 
11.399999    0.075518 
11.450000    -0.240800 
11.500000    -0.080533 
11.550000    -0.434765 
11.600000    -0.148289 
11.650000    0.402123 
11.700000    0.192622 
11.750000    -0.275970 
11.800000    0.224906 
11.849999    -0.746894 
11.899999    -0.120983 
11.949999    -0.672704 
12.000000    0.271685 
12.050000    0.252396 
12.100000    0.316276 
12.150000    0.428784 
12.200000    0.936233 
12.250000    -0.526961 
12.300000    0.543936 
12.350000    0.097844 
12.399999    -0.171621 
12.449999    -0.742713 
12.499999    -0.218494 
12.550000    -0.036656 
12.600000    -0.138912 
12.650000    0.314451 
12.700000    0.362162 
12.750000    0.174536 
12.800000    -0.753403 
12.850000    -0.165614 
12.900000    -0.110907 
12.949999    -0.867684 
12.999999    0.294394 
13.049999    0.460733 
13.100000    1.145943 
13.150000    0.742574 
13.200000    1.076799 
13.250000    0.978519 
13.300000    0.150560 
13.350000    -0.624557 
13.400000    0.870151 
13.450000    0.163800 
13.499999    -0.790813 
13.549999    -0.258736 
13.599999    -0.050766 
13.650000    0.137089 
13.700000    0.561477 
13.750000    0.210241 
13.800000    0.326430 
13.850000    -0.582940 
13.900000    -0.466142 
13.950000    -1.057986 
14.000000    -0.178872 
14.049999    -0.106731 
14.099999    0.009758 
14.149999    0.463951 
14.200000    -0.524592 
14.250000    1.007835 
14.300000    0.039587 
14.350000    0.308863 
14.400000    0.848676 
14.450000    -0.093183 
14.500000    0.375503 
14.549999    0.581756 
14.599999    0.410385 
14.649999    0.078889 
14.699999    -0.370485 
14.750000    0.037596 
14.800000    -0.336333 
14.850000    -0.501265 
14.900000    -1.118831 
14.950000    -0.834915 
15.000000    -0.134409 
15.050000    -0.629531 
15.099999    -0.740865 
15.149999    0.358249 
15.199999    0.099821 
15.249999    0.194589 
15.299999    0.157926 
15.350000    0.168951 
15.400000    -0.422540 
15.450000    -0.139402 
15.500000    0.840956 
15.550000    0.025614 
15.600000    0.260441 
15.650000    0.323202 
15.699999    -0.026861 
15.750000    0.260282 
15.799999    -0.443356 
15.850000    -0.094171 
15.899999    -0.164958 
15.950000    0.184452 
15.999999    -0.543097 
16.050000    -0.668878 
16.099999    -0.359995 
16.150000    0.059811 
16.200000    0.101749 
16.249999    0.168725 
16.300000    -0.500199 
16.349999    -0.268097 
16.400000    0.091998 
16.449999    0.177462 
16.500000    -0.331711 
16.549999    -0.744142 
16.600000    0.014985 
16.649999    0.122696 
16.700000    -0.326906 
16.750000    0.101670 
16.799999    0.123116 
16.850000    -0.311104 
16.899999    -0.414365 
16.950000    0.098620 
16.999999    0.284797 
17.050000    -0.145838 
17.099999    -0.519311 
17.150000    0.479536 
17.199999    0.359116 
17.250000    0.633194 
17.300000    1.097445 
17.349999    -0.078393 
17.400000    0.808005 
17.449999    1.109896 
17.500000    0.315224 
17.549999    0.629273 
17.600000    0.266951 
17.649999    0.188252 
17.700000    0.531134 
17.749999    0.214232 
17.800000    -0.196884 
17.850000    0.158249 
17.899999    -0.498333 
17.950000    0.039769 
17.999999    -0.087424 
18.050000    -0.205975 
18.099999    0.055336 
18.150000    -0.639948 
18.199999    -0.000545 
18.250000    0.124190 
18.299999    0.321101 
18.350000    0.058599 
18.400000    -0.023636 
18.449999    0.740432 
18.500000    0.744525 
18.549999    0.032931 
18.600000    0.283820 
18.649999    0.097393 
18.700000    0.056984 
18.749999    0.174070 
18.800000    0.463868 
18.849999    -0.085560 
18.900000    0.017317 
18.950000    -1.372669 
18.999999    -1.206582 
19.050000    -0.737127 
19.099999    -1.047869 
19.150000    -0.611159 
19.199999    -0.101008 
19.250000    -0.478929 
19.299999    0.143027 
19.350000    -0.284330 
19.399999    0.613400 
19.450000    0.685483 
19.500000    0.959785 
19.549999    1.144184 
19.600000    1.381362 
19.649999    0.421402 
19.700000    0.946800 
19.749999    -0.305772 
19.800000    0.073216 
19.849999    0.375558 
19.900000    -0.291319 
19.949999    -0.825290 


Reverse Correlation Function   