Time    Magnitude 

0.000000    16.219648 
0.050000    16.298721 
0.100000    4.847230 
0.150000    12.915036 
0.200000    -7.353842 
0.250000    1.255002 
0.300000    -2.201797 
0.350000    1.033857 
0.400000    -8.526904 
0.450000    -0.657378 
0.500000    -3.891888 
0.550000    -10.254994 
0.600000    7.444909 
0.650000    4.924829 
0.700000    12.637927 
0.750000    4.908811 
0.800000    -5.380649 
0.850000    -2.863490 
0.900000    0.451055 
0.950000    9.086795 
1.000000    -7.006733 
1.050000    1.788366 
1.100000    6.339127 
1.150000    -2.040222 
1.200000    -1.351258 
1.250000    -1.112497 
1.300000    -9.666706 
1.350000    2.497587 
1.400000    0.793191 
1.450000    -8.233414 
1.500000    4.516081 
1.550000    -2.868390 
1.600000    -6.865569 
1.650000    -15.231986 
1.700000    2.944353 
1.750000    0.108048 
1.800000    12.399623 
1.850000    3.177923 
1.900000    18.657759 
1.950000    12.189903 
2.000000    11.194820 
2.050000    16.959448 
2.100000    -3.378299 
2.150000    -10.892846 
2.200000    -12.785280 
2.250000    -27.753893 
2.300000    -22.660717 
2.350000    -26.364609 
2.400000    -15.239218 
2.450000    13.967357 
2.500000    36.249992 
2.550000    43.178192 
2.600000    51.153717 
2.650000    36.810040 
2.700000    22.608080 
2.750000    -17.503199 
2.800000    -45.621960 
2.850000    -64.303825 
2.900000    -55.593716 
2.950000    -35.012238 
3.000000    -16.650660 
3.050000    16.639721 
3.100000    47.953453 
3.150000    43.357262 
3.200000    41.931103 
3.250000    32.208252 
3.300000    11.449982 
3.350000    -25.690008 
3.400000    -38.504707 
3.450000    -41.529301 
3.500000    -34.547298 
3.550000    -3.003203 
3.600000    11.597037 
3.650000    9.257349 
3.700000    28.706324 
3.750000    33.054764 
3.800000    24.166861 
3.850000    -12.388447 
3.900000    -9.063929 
3.950000    -32.917358 
4.000000    -6.722255 
4.050000    -4.503209 
4.100000    6.175535 
4.150000    6.414106 
4.200000    3.552612 
4.250000    8.223239 
4.300000    0.943416 
4.350000    6.656392 
4.400000    9.756989 
4.450000    3.651407 
4.500000    -10.888264 
4.550000    -10.399974 
4.600000    6.374214 
4.650000    1.998153 
4.700000    -9.113094 
4.750000    3.046609 
4.800000    0.651481 
4.850000    1.325371 
4.900000    3.750557 
4.950000    -13.892494 
5.000000    -4.488266 
5.050000    -2.034713 
5.100000    -1.252982 
5.150000    -3.552475 
5.200000    -0.212221 
5.250000    -6.167109 
5.300000    -3.247010 
5.350000    -18.066071 
5.400000    -6.789021 
5.450000    -2.343425 
5.500000    13.358231 
5.550000    -0.653309 
5.600000    -0.980967 
5.650000    14.917573 
5.700000    11.036907 
5.750000    4.695940 
5.800000    6.141260 
5.850000    0.343121 
5.900000    5.401873 
5.950000    6.419912 
6.000000    -3.141972 
6.050000    -8.492550 
6.100000    -2.335591 
6.150000    0.527521 
6.200000    -1.357090 
6.250000    -1.113066 
6.300000    -1.406124 
6.350000    4.993898 
6.400000    9.489617 
6.450000    2.091403 
6.500000    3.413076 
6.550000    -1.573368 
6.600000    -3.257627 
6.650000    1.956717 
6.700000    11.320753 
6.750000    -4.115833 
6.800000    6.242490 
6.850000    5.151529 
6.900000    0.332069 
6.950000    7.700244 
7.000000    3.918928 
7.050000    12.081880 
7.100000    8.118431 
7.150000    4.069123 
7.200000    -6.496750 
7.250000    0.665608 
7.300000    -6.545696 
7.350000    13.508472 
7.400000    7.222706 
7.450000    14.187459 
7.500000    16.324600 
7.550000    8.864698 
7.600000    13.757410 
7.650000    -11.949787 
7.700000    9.042264 
7.750000    8.097654 
7.800000    2.329055 
7.850000    0.613969 
7.900000    -7.625098 
7.950000    3.970174 
7.999999    0.235983 
8.049999    -2.450003 
8.100000    6.213056 
8.150000    -5.163176 
8.200000    -1.477531 
8.250000    6.051598 
8.300000    4.218771 
8.350000    -3.115145 
8.400000    8.876382 
8.450000    0.153659 
8.500000    4.339752 
8.549999    -0.398125 
8.599999    -12.120384 
8.650000    -4.491558 
8.700000    -5.055914 
8.750000    2.767778 
8.800000    -7.089595 
8.850000    3.522652 
8.900000    3.503122 
8.950000    3.761389 
9.000000    -7.212245 
9.050000    -4.006343 
9.099999    3.966727 
9.149999    9.772346 
9.200000    0.222825 
9.250000    -4.302073 
9.300000    -16.431660 
9.350000    3.264612 
9.400000    -2.620880 
9.450000    3.790287 
9.500000    15.692734 
9.550000    13.205011 
9.600000    5.473850 
9.649999    14.048119 
9.699999    12.923831 
9.750000    24.209990 
9.800000    -0.965081 
9.850000    3.694932 
9.900000    0.359296 
9.950000    2.804761 
10.000000    -3.713289 
10.050000    0.972966 
10.100000    2.202561 
10.150000    5.209575 
10.199999    11.262285 
10.249999    -7.179098 
10.300000    -12.029041 
10.350000    1.796328 
10.400000    1.939104 
10.450000    0.633446 
10.500000    3.576601 
10.550000    -2.098095 
10.600000    2.255839 
10.650000    1.779924 
10.700000    -6.036419 
10.749999    0.751009 
10.799999    8.277228 
10.849999    7.829124 
10.900000    6.886357 
10.950000    8.658078 
11.000000    -3.074575 
11.050000    8.248945 
11.100000    -6.106781 
11.150000    -3.156098 
11.200000    -1.403938 
11.250000    -10.374962 
11.299999    -12.013284 
11.349999    4.546422 
11.399999    7.782355 
11.450000    -6.287101 
11.500000    -9.404809 
11.550000    -0.171506 
11.600000    -4.613158 
11.650000    -0.790023 
11.700000    -2.616346 
11.750000    5.037563 
11.800000    -7.103245 
11.849999    3.548278 
11.899999    9.893694 
11.949999    1.765772 
12.000000    -8.631071 
12.050000    4.070352 
12.100000    -2.726138 
12.150000    8.299946 
12.200000    1.641417 
12.250000    2.077681 
12.300000    -5.218754 
12.350000    4.423120 
12.399999    4.305097 
12.449999    -5.927256 
12.499999    11.485089 
12.550000    3.294045 
12.600000    -2.708372 
12.650000    4.946013 
12.700000    3.898110 
12.750000    -1.174858 
12.800000    -3.006915 
12.850000    0.439412 
12.900000    -1.977224 
12.949999    -7.794392 
12.999999    19.258450 
13.049999    -4.364741 
13.100000    2.032111 
13.150000    -2.193480 
13.200000    5.733564 
13.250000    -3.336421 
13.300000    -2.002300 
13.350000    -2.855626 
13.400000    -1.102750 
13.450000    3.914705 
13.499999    -1.337121 
13.549999    -10.774023 
13.599999    -5.828434 
13.650000    -12.112257 
13.700000    8.403175 
13.750000    0.444943 
13.800000    4.600855 
13.850000    2.227054 
13.900000    3.410360 
13.950000    0.631156 
14.000000    6.871321 
14.049999    3.071650 
14.099999    -6.807651 
14.149999    5.623996 
14.200000    2.089195 
14.250000    5.846823 
14.300000    -2.457582 
14.350000    4.787998 
14.400000    14.469789 
14.450000    -0.709431 
14.500000    -1.651762 
14.549999    19.212524 
14.599999    8.337749 
14.649999    8.083956 
14.699999    -0.380401 
14.750000    -13.973336 
14.800000    -2.598830 
14.850000    4.702893 
14.900000    1.317316 
14.950000    -0.915937 
15.000000    3.101127 
15.050000    -2.921890 
15.099999    7.917224 
15.149999    10.207723 
15.199999    2.936441 
15.249999    7.926486 
15.299999    -6.751852 
15.350000    2.921464 
15.400000    -1.663241 
15.450000    -9.903564 
15.500000    -7.427667 
15.550000    -4.446541 
15.600000    -2.441978 
15.650000    1.417523 
15.699999    10.380055 
15.750000    1.446172 
15.799999    1.477386 
15.850000    -0.560953 
15.899999    -0.777500 
15.950000    1.045247 
15.999999    -11.009212 
16.050000    -6.888539 
16.099999    -6.810648 
16.150000    5.402499 
16.200000    5.251409 
16.249999    13.722507 
16.300000    7.883802 
16.349999    5.119139 
16.400000    1.967674 
16.449999    10.973342 
16.500000    -8.929555 
16.549999    -1.898488 
16.600000    -3.432630 
16.649999    9.308737 
16.700000    9.386835 
16.750000    -10.921945 
16.799999    -13.600038 
16.850000    4.738470 
16.899999    -1.427499 
16.950000    -1.912832 
16.999999    8.250444 
17.050000    -1.504396 
17.099999    -17.524790 
17.150000    -7.616531 
17.199999    10.124518 
17.250000    0.496509 
17.300000    10.999286 
17.349999    4.050437 
17.400000    -0.486524 
17.449999    -8.768918 
17.500000    4.812633 
17.549999    -0.768423 
17.600000    -1.422879 
17.649999    6.293315 
17.700000    -6.185472 
17.749999    9.005990 
17.800000    -8.710670 
17.850000    4.735559 
17.899999    -9.537248 
17.950000    -4.200523 
17.999999    -11.190861 
18.050000    -11.021484 
18.099999    0.093310 
18.150000    -8.339361 
18.199999    -5.337869 
18.250000    -0.588299 
18.299999    12.003270 
18.350000    -3.817647 
18.400000    8.849526 
18.449999    -4.831103 
18.500000    4.445231 
18.549999    6.095700 
18.600000    2.526364 
18.649999    -0.983313 
18.700000    8.866714 
18.749999    11.331098 
18.800000    5.383097 
18.849999    -10.188750 
18.900000    2.701035 
18.950000    19.329645 
18.999999    2.358291 
19.050000    2.078421 
19.099999    -0.321703 
19.150000    -6.997182 
19.199999    0.082511 
19.250000    -9.940008 
19.299999    -3.615065 
19.350000    5.059412 
19.399999    6.801657 
19.450000    -3.025336 
19.500000    2.841001 
19.549999    -1.031241 
19.600000    3.674383 
19.649999    -3.152170 
19.700000    -7.153662 
19.749999    8.062961 
19.800000    -5.080014 
19.849999    10.104178 
19.900000    9.144116 
19.949999    8.799022 


Reverse Correlation Function   