Time    Magnitude 

0.000000    3.839722 
0.050000    2.160414 
0.100000    -1.173437 
0.150000    -2.415419 
0.200000    2.438013 
0.250000    -0.493392 
0.300000    -6.738848 
0.350000    0.026770 
0.400000    6.051211 
0.450000    -2.909630 
0.500000    5.260491 
0.550000    2.565394 
0.600000    5.127547 
0.650000    9.225550 
0.700000    1.399373 
0.750000    1.981852 
0.800000    2.614475 
0.850000    0.662386 
0.900000    0.134134 
0.950000    -2.107125 
1.000000    -2.659108 
1.050000    0.442675 
1.100000    4.821529 
1.150000    5.415967 
1.200000    3.712407 
1.250000    -1.507798 
1.300000    -1.126249 
1.350000    1.902463 
1.400000    0.325389 
1.450000    0.387592 
1.500000    -6.341574 
1.550000    6.461497 
1.600000    -1.331697 
1.650000    -1.915157 
1.700000    0.412479 
1.750000    3.564736 
1.800000    -2.014334 
1.850000    2.426517 
1.900000    4.899978 
1.950000    1.690769 
2.000000    -0.976702 
2.050000    10.869173 
2.100000    -8.661462 
2.150000    -2.822694 
2.200000    -10.981337 
2.250000    -17.041451 
2.300000    -17.049383 
2.350000    -14.369609 
2.400000    -2.474811 
2.450000    10.341855 
2.500000    27.911018 
2.550000    29.841728 
2.600000    33.054016 
2.650000    21.753605 
2.700000    5.218931 
2.750000    -12.377701 
2.800000    -36.659630 
2.850000    -51.157173 
2.900000    -41.436966 
2.950000    -25.581120 
3.000000    -5.536262 
3.050000    19.618876 
3.100000    40.705837 
3.150000    40.656677 
3.200000    36.200310 
3.250000    15.956322 
3.300000    -3.137733 
3.350000    -24.283352 
3.400000    -37.950260 
3.450000    -35.108814 
3.500000    -15.368977 
3.550000    0.487303 
3.600000    20.501333 
3.650000    29.160089 
3.700000    29.860352 
3.750000    20.165075 
3.800000    11.261710 
3.850000    -3.100637 
3.900000    -17.605740 
3.950000    -22.645555 
4.000000    -20.120419 
4.050000    -8.029922 
4.100000    4.307393 
4.150000    6.625936 
4.200000    13.199235 
4.250000    10.799560 
4.300000    6.723413 
4.350000    -1.492470 
4.400000    -7.931194 
4.450000    -8.856877 
4.500000    -1.926735 
4.550000    0.422971 
4.600000    2.635486 
4.650000    3.879526 
4.700000    1.710262 
4.750000    2.671489 
4.800000    0.713093 
4.850000    -7.525550 
4.900000    -6.282890 
4.950000    -4.677858 
5.000000    -1.095852 
5.050000    0.368756 
5.100000    7.557599 
5.150000    7.067700 
5.200000    3.565011 
5.250000    7.277149 
5.300000    -2.024548 
5.350000    -3.341874 
5.400000    -3.774405 
5.450000    -2.038349 
5.500000    -2.108497 
5.550000    4.027344 
5.600000    5.207351 
5.650000    1.959260 
5.700000    14.062009 
5.750000    4.510314 
5.800000    8.224163 
5.850000    2.413241 
5.900000    -1.408607 
5.950000    -1.472837 
6.000000    0.531386 
6.050000    -1.391296 
6.100000    0.220546 
6.150000    -4.006699 
6.200000    -4.265796 
6.250000    3.360277 
6.300000    2.312051 
6.350000    5.773555 
6.400000    1.241369 
6.450000    3.864111 
6.500000    -4.858261 
6.550000    -5.128333 
6.600000    0.248573 
6.650000    -0.930200 
6.700000    0.634416 
6.750000    -3.206482 
6.800000    1.477923 
6.850000    5.081801 
6.900000    1.376275 
6.950000    -0.650240 
7.000000    7.913179 
7.050000    3.744157 
7.100000    -3.876883 
7.150000    -3.693191 
7.200000    0.448000 
7.250000    3.845264 
7.300000    -5.581084 
7.350000    0.117304 
7.400000    1.444464 
7.450000    6.716561 
7.500000    6.313179 
7.550000    3.805637 
7.600000    -0.557962 
7.650000    3.178366 
7.700000    -0.184636 
7.750000    -2.481455 
7.800000    -0.674184 
7.850000    1.532110 
7.900000    7.627509 
7.950000    -0.830518 
7.999999    7.246190 
8.049999    -2.102027 
8.100000    1.351603 
8.150000    -0.148409 
8.200000    1.262130 
8.250000    -0.927196 
8.300000    -0.147986 
8.350000    1.882784 
8.400000    1.555796 
8.450000    1.556713 
8.500000    2.310423 
8.549999    -0.348232 
8.599999    4.552266 
8.650000    -6.218012 
8.700000    0.438686 
8.750000    -2.896345 
8.800000    -2.748894 
8.850000    -2.428955 
8.900000    4.278096 
8.950000    10.752048 
9.000000    -1.412461 
9.050000    -2.263111 
9.099999    9.356544 
9.149999    2.359508 
9.200000    3.368868 
9.250000    -0.978081 
9.300000    -6.347864 
9.350000    1.425238 
9.400000    -6.257135 
9.450000    -2.990726 
9.500000    -0.475497 
9.550000    5.062409 
9.600000    0.683016 
9.649999    1.305796 
9.699999    5.947447 
9.750000    3.795471 
9.800000    -4.925942 
9.850000    4.206794 
9.900000    2.873128 
9.950000    3.071648 
10.000000    2.213984 
10.050000    -0.451686 
10.100000    -1.108234 
10.150000    1.745772 
10.199999    4.729639 
10.249999    10.171830 
10.300000    -6.313879 
10.350000    1.405390 
10.400000    -0.288066 
10.450000    -0.390427 
10.500000    -1.088150 
10.550000    0.625157 
10.600000    6.140193 
10.650000    4.114556 
10.700000    -1.200336 
10.749999    2.686258 
10.799999    2.357797 
10.849999    -5.302568 
10.900000    -0.284048 
10.950000    -4.903876 
11.000000    -1.576704 
11.050000    -2.146937 
11.100000    -1.167763 
11.150000    -4.457740 
11.200000    1.780134 
11.250000    4.048313 
11.299999    -2.480273 
11.349999    0.399985 
11.399999    0.525728 
11.450000    -6.159858 
11.500000    2.924341 
11.550000    -1.707379 
11.600000    3.474921 
11.650000    -2.890727 
11.700000    -3.063224 
11.750000    -1.342351 
11.800000    8.260355 
11.849999    10.214978 
11.899999    2.336854 
11.949999    -5.643910 
12.000000    -1.479443 
12.050000    3.275858 
12.100000    -3.442625 
12.150000    2.197666 
12.200000    -0.701318 
12.250000    -2.244175 
12.300000    1.237789 
12.350000    4.470385 
12.399999    -1.709496 
12.449999    -2.358041 
12.499999    0.492966 
12.550000    6.054104 
12.600000    2.928844 
12.650000    -2.089399 
12.700000    1.006699 
12.750000    -1.433684 
12.800000    1.697922 
12.850000    -5.379033 
12.900000    0.316979 
12.949999    -0.301623 
12.999999    0.323382 
13.049999    2.547359 
13.100000    -7.536246 
13.150000    -3.166648 
13.200000    5.039510 
13.250000    5.637158 
13.300000    -2.580366 
13.350000    1.876820 
13.400000    5.153393 
13.450000    -0.469487 
13.499999    -6.594582 
13.549999    0.847323 
13.599999    -2.369324 
13.650000    -2.142926 
13.700000    0.465875 
13.750000    0.847780 
13.800000    -3.464121 
13.850000    6.330389 
13.900000    5.253654 
13.950000    2.838793 
14.000000    -0.963375 
14.049999    4.851546 
14.099999    -2.369875 
14.149999    -3.919702 
14.200000    -1.025000 
14.250000    1.268279 
14.300000    -6.205521 
14.350000    1.628361 
14.400000    6.892245 
14.450000    8.069427 
14.500000    4.122600 
14.549999    1.392439 
14.599999    -0.663514 
14.649999    -2.266535 
14.699999    -2.948577 
14.750000    -5.503047 
14.800000    -1.281387 
14.850000    -4.162755 
14.900000    -3.156751 
14.950000    4.383248 
15.000000    1.416044 
15.050000    -3.982233 
15.099999    -1.605230 
15.149999    0.243401 
15.199999    4.793597 
15.249999    4.112648 
15.299999    1.676639 
15.350000    -6.563319 
15.400000    -0.407346 
15.450000    -3.641813 
15.500000    -0.257102 
15.550000    0.137801 
15.600000    -2.660939 
15.650000    0.048101 
15.699999    4.750260 
15.750000    1.297715 
15.799999    1.951246 
15.850000    -6.314869 
15.899999    -0.008467 
15.950000    -4.903098 
15.999999    -6.077528 
16.050000    -1.885207 
16.099999    -0.131395 
16.150000    2.473909 
16.200000    3.033172 
16.249999    5.364697 
16.300000    4.515724 
16.349999    3.508147 
16.400000    1.025564 
16.449999    7.788959 
16.500000    2.680937 
16.549999    -1.898710 
16.600000    -0.045584 
16.649999    9.813769 
16.700000    2.554666 
16.750000    9.521502 
16.799999    4.186612 
16.850000    5.517013 
16.899999    -0.983010 
16.950000    5.902402 
16.999999    -6.913154 
17.050000    4.221172 
17.099999    0.974674 
17.150000    1.522396 
17.199999    0.372928 
17.250000    -0.288119 
17.300000    -3.970980 
17.349999    -0.361066 
17.400000    -3.275938 
17.449999    4.257998 
17.500000    -0.977299 
17.549999    0.860297 
17.600000    -4.350859 
17.649999    2.625876 
17.700000    2.689386 
17.749999    4.607214 
17.800000    0.129103 
17.850000    1.540061 
17.899999    -3.020428 
17.950000    -5.513507 
17.999999    -8.091690 
18.050000    0.129886 
18.099999    -3.455534 
18.150000    1.291128 
18.199999    -2.479609 
18.250000    -7.215299 
18.299999    3.190326 
18.350000    -0.356250 
18.400000    -3.553815 
18.449999    0.724198 
18.500000    3.095595 
18.549999    -2.493778 
18.600000    -5.322691 
18.649999    -8.554918 
18.700000    0.390722 
18.749999    2.117817 
18.800000    2.054101 
18.849999    5.230263 
18.900000    -1.567720 
18.950000    0.778676 
18.999999    -0.005432 
19.050000    -0.480530 
19.099999    -0.837863 
19.150000    -5.041845 
19.199999    -4.632461 
19.250000    3.661801 
19.299999    1.029263 
19.350000    3.762444 
19.399999    4.730204 
19.450000    0.231281 
19.500000    5.079641 
19.549999    -1.900307 
19.600000    2.497648 
19.649999    1.600956 
19.700000    -3.209416 
19.749999    1.938266 
19.800000    2.801255 
19.849999    -0.714619 
19.900000    4.194328 
19.949999    3.821393 


Reverse Correlation Function   