Time    Magnitude 

0.000000    0.196683 
0.050000    -0.151601 
0.100000    -0.194280 
0.150000    -0.203691 
0.200000    -0.103321 
0.250000    -0.210511 
0.300000    0.040379 
0.350000    0.062980 
0.400000    0.100893 
0.450000    0.075471 
0.500000    0.012615 
0.550000    -0.163860 
0.600000    -0.017290 
0.650000    0.012490 
0.700000    0.226921 
0.750000    -0.133259 
0.800000    0.121664 
0.850000    0.089504 
0.900000    0.254956 
0.950000    -0.032860 
1.000000    0.150907 
1.050000    0.168120 
1.100000    0.243337 
1.150000    -0.005960 
1.200000    -0.155543 
1.250000    0.012378 
1.300000    0.082811 
1.350000    -0.094240 
1.400000    -0.112099 
1.450000    -0.014403 
1.500000    0.053625 
1.550000    0.120254 
1.600000    -0.185211 
1.650000    -0.031347 
1.700000    -0.014850 
1.750000    0.244799 
1.800000    0.121086 
1.850000    0.198706 
1.900000    0.157710 
1.950000    -0.009786 
2.000000    0.155407 
2.050000    0.023396 
2.100000    0.055849 
2.150000    0.035057 
2.200000    -0.144207 
2.250000    0.201181 
2.300000    0.019556 
2.350000    -0.129891 
2.400000    0.021502 
2.450000    -0.017050 
2.500000    0.171294 
2.550000    -0.036429 
2.600000    -0.001481 
2.650000    -0.280379 
2.700000    0.108194 
2.750000    0.033432 
2.800000    0.088150 
2.850000    -0.270895 
2.900000    -0.011342 
2.950000    -0.143858 
3.000000    -0.260103 
3.050000    -0.170691 
3.100000    0.018585 
3.150000    -0.031478 
3.200000    -0.094741 
3.250000    0.307993 
3.300000    0.336023 
3.350000    0.751831 
3.400000    1.091347 
3.450000    1.020932 
3.500000    1.301995 
3.550000    1.449143 
3.600000    0.868282 
3.650000    0.764676 
3.700000    0.337190 
3.750000    -0.314579 
3.800000    -0.592138 
3.850000    -1.263277 
3.900000    -1.163794 
3.950000    -1.789400 
4.000000    -1.978001 
4.050000    -1.692269 
4.100000    -1.411904 
4.150000    -0.965547 
4.200000    -0.270578 
4.250000    0.305959 
4.300000    0.865246 
4.350000    1.209355 
4.400000    1.411529 
4.450000    1.822677 
4.500000    1.665494 
4.550000    1.692600 
4.600000    1.539374 
4.650000    0.976751 
4.700000    0.652350 
4.750000    -0.097256 
4.800000    -0.397519 
4.850000    -0.648121 
4.900000    -0.898992 
4.950000    -1.365901 
5.000000    -1.262070 
5.050000    -1.520278 
5.100000    -1.438989 
5.150000    -1.103768 
5.200000    -1.006941 
5.250000    -0.518460 
5.300000    0.051984 
5.350000    0.725463 
5.400000    0.784603 
5.450000    1.209955 
5.500000    1.199118 
5.550000    1.433726 
5.600000    1.295297 
5.650000    1.251089 
5.700000    0.626763 
5.750000    0.268375 
5.800000    -0.182481 
5.850000    -0.478652 
5.900000    -0.404493 
5.950000    -0.747755 
6.000000    -0.791008 
6.050000    -0.883240 
6.100000    -0.787943 
6.150000    -0.743484 
6.200000    -0.527331 
6.250000    -0.256800 
6.300000    0.165165 
6.350000    0.177921 
6.400000    0.544934 
6.450000    1.174575 
6.500000    1.035200 
6.550000    1.270903 
6.600000    0.844415 
6.650000    0.742364 
6.700000    0.297405 
6.750000    0.104501 
6.800000    0.111500 
6.850000    -0.290368 
6.900000    -0.527619 
6.950000    -0.686608 
7.000000    -0.578016 
7.050000    -0.719898 
7.100000    -0.626175 
7.150000    -0.588877 
7.200000    -0.263928 
7.250000    -0.281474 
7.300000    0.007453 
7.350000    0.525795 
7.400000    0.639043 
7.450000    0.597890 
7.500000    0.967782 
7.550000    0.832813 
7.600000    0.190134 
7.650000    0.448166 
7.700000    0.345241 
7.750000    0.008809 
7.800000    -0.522604 
7.850000    -0.407625 
7.900000    -0.446347 
7.950000    -0.125709 
7.999999    -0.405321 
8.049999    -0.297889 
8.100000    -0.135895 
8.150000    -0.202127 
8.200000    0.008481 
8.250000    0.358408 
8.300000    0.358328 
8.350000    0.685605 
8.400000    0.283850 
8.450000    0.544263 
8.500000    0.158681 
8.549999    0.241723 
8.599999    0.047077 
8.650000    -0.179658 
8.700000    -0.180295 
8.750000    -0.441007 
8.800000    -0.288606 
8.850000    -0.368793 
8.900000    -0.681153 
8.950000    -0.357592 
9.000000    -0.148075 
9.050000    -0.002941 
9.099999    -0.238084 
9.149999    0.160965 
9.200000    0.355463 
9.250000    0.121585 
9.300000    0.612225 
9.350000    0.329200 
9.400000    0.223659 
9.450000    0.209939 
9.500000    0.311521 
9.550000    -0.045434 
9.600000    -0.069292 
9.649999    0.092947 
9.699999    -0.378122 
9.750000    -0.265103 
9.800000    -0.127875 
9.850000    -0.416018 
9.900000    -0.479664 
9.950000    -0.296220 
10.000000    -0.084630 
10.050000    0.046080 
10.100000    -0.052836 
10.150000    0.298787 
10.199999    0.391352 
10.249999    0.412593 
10.300000    0.358949 
10.350000    0.217707 
10.400000    0.108859 
10.450000    -0.032718 
10.500000    -0.004743 
10.550000    -0.102110 
10.600000    -0.043698 
10.650000    -0.109197 
10.700000    -0.273681 
10.749999    -0.098336 
10.799999    -0.239576 
10.849999    -0.231304 
10.900000    -0.077299 
10.950000    0.055037 
11.000000    0.182902 
11.050000    0.218146 
11.100000    0.164698 
11.150000    0.165351 
11.200000    0.029297 
11.250000    0.235692 
11.299999    0.390637 
11.349999    0.292847 
11.399999    0.168481 
11.450000    0.170289 
11.500000    -0.158091 
11.550000    -0.035994 
11.600000    0.022849 
11.650000    0.121135 
11.700000    -0.103216 
11.750000    -0.056411 
11.800000    -0.171344 
11.849999    -0.096022 
11.899999    0.050680 
11.949999    0.033010 
12.000000    -0.014849 
12.050000    0.039401 
12.100000    0.049081 
12.150000    0.058646 
12.200000    -0.116026 
12.250000    0.222225 
12.300000    0.005956 
12.350000    0.022776 
12.399999    0.084895 
12.449999    -0.456082 
12.499999    0.037300 
12.550000    -0.168534 
12.600000    -0.017734 
12.650000    -0.158489 
12.700000    -0.002103 
12.750000    -0.016556 
12.800000    -0.118868 
12.850000    0.158071 
12.900000    -0.273418 
12.949999    -0.003553 
12.999999    -0.216767 
13.049999    0.020517 
13.100000    -0.024689 
13.150000    0.140941 
13.200000    0.311895 
13.250000    0.361251 
13.300000    0.185042 
13.350000    0.148040 
13.400000    -0.188640 
13.450000    0.028388 
13.499999    0.202094 
13.549999    -0.111539 
13.599999    0.026968 
13.650000    0.306009 
13.700000    0.197630 
13.750000    0.103901 
13.800000    0.056733 
13.850000    -0.219054 
13.900000    -0.110362 
13.950000    -0.350182 
14.000000    0.006551 
14.049999    -0.173673 
14.099999    0.023670 
14.149999    0.043342 
14.200000    0.312880 
14.250000    -0.000750 
14.300000    0.049072 
14.350000    0.105562 
14.400000    0.147553 
14.450000    -0.072701 
14.500000    -0.145006 
14.549999    -0.129866 
14.599999    0.033115 
14.649999    -0.090272 
14.699999    0.078923 
14.750000    -0.226638 
14.800000    0.015830 
14.850000    0.111142 
14.900000    -0.262648 
14.950000    -0.098192 
15.000000    -0.210876 
15.050000    -0.113869 
15.099999    -0.235481 
15.149999    0.018552 
15.199999    -0.073037 
15.249999    0.138664 
15.299999    0.086636 
15.350000    0.097978 
15.400000    -0.030944 
15.450000    0.101095 
15.500000    -0.033345 
15.550000    0.057732 
15.600000    0.136828 
15.650000    0.236181 
15.699999    0.038409 
15.750000    -0.143840 
15.799999    -0.032736 
15.850000    -0.265226 
15.899999    -0.033713 
15.950000    0.142038 
15.999999    -0.078726 
16.050000    -0.028585 
16.099999    -0.027602 
16.150000    -0.269878 
16.200000    0.036017 
16.249999    0.115550 
16.300000    0.189153 
16.349999    0.044541 
16.400000    -0.081026 
16.449999    -0.083465 
16.500000    0.218716 
16.549999    -0.104201 
16.600000    0.017275 
16.649999    0.244890 
16.700000    -0.160919 
16.750000    0.012932 
16.799999    0.095157 
16.850000    0.005715 
16.899999    -0.132916 
16.950000    -0.180126 
16.999999    -0.064170 
17.050000    -0.203352 
17.099999    -0.267731 
17.150000    -0.099222 
17.199999    -0.017676 
17.250000    0.121151 
17.300000    -0.158076 
17.349999    0.117213 
17.400000    0.356898 
17.449999    0.060075 
17.500000    0.121088 
17.549999    0.027439 
17.600000    -0.002839 
17.649999    0.201102 
17.700000    0.049847 
17.749999    0.168154 
17.800000    -0.012294 
17.850000    -0.195022 
17.899999    -0.141041 
17.950000    -0.289376 
17.999999    0.089595 
18.050000    -0.283997 
18.099999    -0.224884 
18.150000    -0.125473 
18.199999    -0.113695 
18.250000    0.021649 
18.299999    -0.082882 
18.350000    0.112884 
18.400000    0.282479 
18.449999    0.436611 
18.500000    -0.177817 
18.549999    0.205869 
18.600000    0.177025 
18.649999    0.189641 
18.700000    0.088033 
18.749999    -0.003855 
18.800000    0.148151 
18.849999    0.046161 
18.900000    -0.072217 
18.950000    -0.142135 
18.999999    -0.141145 
19.050000    -0.264534 
19.099999    -0.138757 
19.150000    -0.116932 
19.199999    -0.518063 
19.250000    0.115117 
19.299999    0.023775 
19.350000    -0.143362 
19.399999    -0.162392 
19.450000    0.291527 
19.500000    0.390118 
19.549999    0.176775 
19.600000    0.239051 
19.649999    0.042284 
19.700000    0.178078 
19.749999    0.032614 
19.800000    -0.098720 
19.849999    -0.056203 
19.900000    0.032358 
19.949999    -0.045830 


Reverse Correlation Function   