Time    Magnitude 

0.000000    1.120477 
0.050000    4.837612 
0.100000    -6.101854 
0.150000    -0.040138 
0.200000    -1.364809 
0.250000    -0.872277 
0.300000    1.337415 
0.350000    1.164866 
0.400000    0.981420 
0.450000    -3.324916 
0.500000    -1.939468 
0.550000    -3.221447 
0.600000    -4.237207 
0.650000    -0.414398 
0.700000    2.954776 
0.750000    -0.805923 
0.800000    2.096958 
0.850000    2.794239 
0.900000    0.418129 
0.950000    -2.388828 
1.000000    0.951775 
1.050000    1.812989 
1.100000    -4.044931 
1.150000    6.398648 
1.200000    -1.167330 
1.250000    -2.150558 
1.300000    -0.840383 
1.350000    -8.364089 
1.400000    -4.741382 
1.450000    -0.279282 
1.500000    0.379525 
1.550000    4.257536 
1.600000    -1.375584 
1.650000    10.612761 
1.700000    19.722788 
1.750000    22.513889 
1.800000    23.736216 
1.850000    13.118414 
1.900000    -9.997640 
1.950000    -24.181767 
2.000000    -44.223816 
2.050000    -32.533562 
2.100000    -11.937789 
2.150000    17.125029 
2.200000    35.096779 
2.250000    33.230740 
2.300000    -4.527735 
2.350000    -35.143391 
2.400000    -58.546082 
2.450000    -47.662121 
2.500000    -7.583279 
2.550000    35.817616 
2.600000    53.279221 
2.650000    28.749002 
2.700000    -8.772518 
2.750000    -47.877758 
2.800000    -55.563225 
2.850000    -34.032619 
2.900000    8.141832 
2.950000    40.708916 
3.000000    48.638084 
3.050000    18.757809 
3.100000    -17.181562 
3.150000    -44.214260 
3.200000    -36.397243 
3.250000    -15.616981 
3.300000    14.330107 
3.350000    35.070068 
3.400000    26.314001 
3.450000    0.198500 
3.500000    -20.633595 
3.550000    -28.553040 
3.600000    -18.153139 
3.650000    2.137957 
3.700000    23.503084 
3.750000    19.353207 
3.800000    12.548149 
3.850000    -11.585233 
3.900000    -17.597281 
3.950000    -21.860052 
4.000000    -8.310683 
4.050000    11.308678 
4.100000    19.285282 
4.150000    13.945562 
4.200000    1.136278 
4.250000    -3.089283 
4.300000    -6.140460 
4.350000    -8.968759 
4.400000    2.358121 
4.450000    11.895280 
4.500000    -1.451021 
4.550000    -1.115752 
4.600000    -6.324815 
4.650000    -9.528016 
4.700000    -6.701722 
4.750000    -3.609375 
4.800000    -4.133581 
4.850000    1.867557 
4.900000    3.668232 
4.950000    -3.039278 
5.000000    -6.039049 
5.050000    -9.106943 
5.100000    -3.419554 
5.150000    -8.398747 
5.200000    -6.283965 
5.250000    -3.073361 
5.300000    0.614409 
5.350000    2.148658 
5.400000    1.944905 
5.450000    -2.401305 
5.500000    2.640733 
5.550000    -3.719957 
5.600000    1.727858 
5.650000    -1.664750 
5.700000    -3.910578 
5.750000    -0.064134 
5.800000    -0.618649 
5.850000    -4.468583 
5.900000    -2.809772 
5.950000    0.184454 
6.000000    1.540972 
6.050000    -5.884308 
6.100000    -3.781951 
6.150000    2.291952 
6.200000    -5.623249 
6.250000    -3.996217 
6.300000    6.472416 
6.350000    -0.146430 
6.400000    0.877249 
6.450000    -0.408897 
6.500000    1.085683 
6.550000    0.931324 
6.600000    2.442126 
6.650000    3.221675 
6.700000    -0.266249 
6.750000    2.836571 
6.800000    3.093569 
6.850000    -4.682666 
6.900000    4.378394 
6.950000    2.144187 
7.000000    6.475118 
7.050000    8.785174 
7.100000    -2.227386 
7.150000    4.077080 
7.200000    1.188051 
7.250000    -0.063934 
7.300000    -4.248305 
7.350000    1.014930 
7.400000    0.381901 
7.450000    5.003420 
7.500000    -0.326791 
7.550000    3.867170 
7.600000    -3.670318 
7.650000    -1.610543 
7.700000    -1.092412 
7.750000    1.715909 
7.800000    -0.818363 
7.850000    5.371436 
7.900000    2.700681 
7.950000    5.409360 
7.999999    3.877433 
8.049999    -0.554585 
8.100000    -0.418549 
8.150000    1.392647 
8.200000    -3.967535 
8.250000    4.686587 
8.300000    -1.143667 
8.350000    1.583205 
8.400000    3.210308 
8.450000    -1.420550 
8.500000    0.555451 
8.549999    1.540926 
8.599999    2.336371 
8.650000    -1.480640 
8.700000    -2.970081 
8.750000    0.052203 
8.800000    -4.777592 
8.850000    -0.872893 
8.900000    -3.147097 
8.950000    5.265863 
9.000000    0.990004 
9.050000    -0.903417 
9.099999    -0.362650 
9.149999    -1.603911 
9.200000    -2.009731 
9.250000    3.588403 
9.300000    3.404885 
9.350000    7.675375 
9.400000    3.587034 
9.450000    -7.963988 
9.500000    5.845055 
9.550000    3.982548 
9.600000    3.900306 
9.649999    5.585244 
9.699999    -1.125633 
9.750000    4.336878 
9.800000    3.231823 
9.850000    -2.140857 
9.900000    -8.193886 
9.950000    -1.244924 
10.000000    0.733986 
10.050000    3.663275 
10.100000    1.684314 
10.150000    -10.094586 
10.199999    -0.850934 
10.249999    2.657722 
10.300000    -2.349927 
10.350000    -7.140645 
10.400000    -1.181898 
10.450000    -5.518689 
10.500000    8.490486 
10.550000    1.943258 
10.600000    -0.929619 
10.650000    -0.232467 
10.700000    3.321095 
10.749999    1.191842 
10.799999    1.540382 
10.849999    4.954840 
10.900000    0.224561 
10.950000    -0.285702 
11.000000    -1.499250 
11.050000    3.366087 
11.100000    7.240291 
11.150000    6.133163 
11.200000    -1.210650 
11.250000    5.726775 
11.299999    5.417900 
11.349999    -1.943659 
11.399999    -7.801820 
11.450000    0.728213 
11.500000    3.619145 
11.550000    -8.705641 
11.600000    -4.294140 
11.650000    5.080070 
11.700000    -1.609846 
11.750000    4.102659 
11.800000    -0.119315 
11.849999    3.492578 
11.899999    9.943635 
11.949999    -2.333631 
12.000000    2.195217 
12.050000    -2.777359 
12.100000    -4.364522 
12.150000    -0.230239 
12.200000    -4.758072 
12.250000    -0.378788 
12.300000    -6.181987 
12.350000    4.113377 
12.399999    2.872060 
12.449999    -1.978809 
12.499999    0.349055 
12.550000    2.177104 
12.600000    4.266351 
12.650000    0.928321 
12.700000    -8.072686 
12.750000    -4.828457 
12.800000    -6.315850 
12.850000    -2.286337 
12.900000    1.224624 
12.949999    -0.418580 
12.999999    7.056644 
13.049999    0.427259 
13.100000    -3.842698 
13.150000    1.233633 
13.200000    0.433717 
13.250000    -3.108507 
13.300000    -3.756610 
13.350000    -6.804831 
13.400000    -3.625084 
13.450000    -2.639466 
13.499999    6.912489 
13.549999    -3.245620 
13.599999    -0.316010 
13.650000    4.989844 
13.700000    -3.380757 
13.750000    6.977786 
13.800000    -1.206920 
13.850000    -1.546759 
13.900000    -3.452248 
13.950000    -5.788940 
14.000000    -4.578874 
14.049999    -4.896871 
14.099999    5.124755 
14.149999    4.717346 
14.200000    -0.371010 
14.250000    -4.109275 
14.300000    -5.747226 
14.350000    4.025936 
14.400000    1.183433 
14.450000    3.269667 
14.500000    0.830728 
14.549999    0.996886 
14.599999    6.353955 
14.649999    -0.188983 
14.699999    -1.170753 
14.750000    0.359241 
14.800000    -6.310922 
14.850000    1.666283 
14.900000    3.970811 
14.950000    1.518649 
15.000000    -4.267298 
15.050000    1.770357 
15.099999    2.430967 
15.149999    4.768126 
15.199999    4.440552 
15.249999    3.321720 
15.299999    2.404428 
15.350000    -1.667006 
15.400000    -4.071468 
15.450000    -1.497258 
15.500000    6.604374 
15.550000    8.657135 
15.600000    9.931026 
15.650000    0.782737 
15.699999    3.549587 
15.750000    9.874648 
15.799999    3.348055 
15.850000    -3.991470 
15.899999    2.684641 
15.950000    -0.394603 
15.999999    -0.259418 
16.050000    2.563212 
16.099999    -0.111910 
16.150000    2.597384 
16.200000    -1.932526 
16.249999    4.686909 
16.300000    5.164242 
16.349999    1.363647 
16.400000    5.621619 
16.449999    4.328215 
16.500000    2.093711 
16.549999    0.039743 
16.600000    -0.854300 
16.649999    2.894963 
16.700000    5.033172 
16.750000    4.400587 
16.799999    3.382105 
16.850000    1.583473 
16.899999    6.337698 
16.950000    -0.184100 
16.999999    -1.618042 
17.050000    5.376820 
17.099999    7.154768 
17.150000    0.479991 
17.199999    2.876281 
17.250000    -1.312033 
17.300000    10.286074 
17.349999    -1.140957 
17.400000    4.724574 
17.449999    4.518104 
17.500000    1.608850 
17.549999    0.298097 
17.600000    0.027403 
17.649999    5.679060 
17.700000    2.702425 
17.749999    3.726172 
17.800000    2.802262 
17.850000    7.280059 
17.899999    0.821027 
17.950000    -3.497975 
17.999999    -6.597548 
18.050000    -6.147120 
18.099999    4.221308 
18.150000    4.742985 
18.199999    0.305166 
18.250000    3.773187 
18.299999    2.310795 
18.350000    -3.443739 
18.400000    3.532207 
18.449999    7.189668 
18.500000    1.684898 
18.549999    -1.939178 
18.600000    0.156659 
18.649999    2.366557 
18.700000    -3.364966 
18.749999    -3.538843 
18.800000    -0.031293 
18.849999    0.854069 
18.900000    0.553873 
18.950000    3.204441 
18.999999    0.258732 
19.050000    6.884144 
19.099999    1.530079 
19.150000    1.203557 
19.199999    -1.436036 
19.250000    5.439953 
19.299999    -1.176563 
19.350000    10.924636 
19.399999    -0.453637 
19.450000    -0.959040 
19.500000    3.523315 
19.549999    6.855731 
19.600000    6.365785 
19.649999    0.403055 
19.700000    -8.292556 
19.749999    -4.126281 
19.800000    1.868125 
19.849999    -3.122946 
19.900000    -1.250132 
19.949999    -1.936404 


Reverse Correlation Function   