Time    Magnitude 

0.000000    1.043743 
0.050000    -0.411108 
0.100000    -2.735550 
0.150000    -1.933926 
0.200000    0.809599 
0.250000    0.025313 
0.300000    -1.269852 
0.350000    0.368109 
0.400000    0.493729 
0.450000    1.757528 
0.500000    -0.135832 
0.550000    -1.286844 
0.600000    -0.034291 
0.650000    0.747454 
0.700000    0.379449 
0.750000    -0.809241 
0.800000    0.654319 
0.850000    1.288685 
0.900000    1.591832 
0.950000    -0.330023 
1.000000    1.759250 
1.050000    0.754156 
1.100000    3.046100 
1.150000    -0.159022 
1.200000    0.026168 
1.250000    -2.720603 
1.300000    -0.221182 
1.350000    0.719380 
1.400000    -1.281404 
1.450000    1.051265 
1.500000    0.448233 
1.550000    2.716820 
1.600000    1.038768 
1.650000    -3.083173 
1.700000    -0.713688 
1.750000    1.464524 
1.800000    -0.313478 
1.850000    0.345491 
1.900000    -0.050206 
1.950000    1.904118 
2.000000    1.412766 
2.050000    1.312607 
2.100000    1.318945 
2.150000    -0.474058 
2.200000    -2.014643 
2.250000    0.138745 
2.300000    -1.799569 
2.350000    1.539912 
2.400000    1.127569 
2.450000    1.357735 
2.500000    1.446655 
2.550000    0.034764 
2.600000    -1.375561 
2.650000    0.094025 
2.700000    -0.385091 
2.750000    1.920547 
2.800000    1.724439 
2.850000    -3.129321 
2.900000    -2.625950 
2.950000    -2.767624 
3.000000    -4.975740 
3.050000    -3.708212 
3.100000    -1.895001 
3.150000    -0.989929 
3.200000    -1.984920 
3.250000    1.587118 
3.300000    5.085246 
3.350000    8.300472 
3.400000    12.757010 
3.450000    11.279397 
3.500000    13.515627 
3.550000    14.333295 
3.600000    11.496534 
3.650000    6.181541 
3.700000    -0.719270 
3.750000    -4.642406 
3.800000    -10.895501 
3.850000    -14.777762 
3.900000    -17.964527 
3.950000    -17.813574 
4.000000    -18.676191 
4.050000    -16.225683 
4.100000    -11.574228 
4.150000    -8.084740 
4.200000    -1.216937 
4.250000    6.351326 
4.300000    9.305490 
4.350000    13.177003 
4.400000    14.518032 
4.450000    17.127884 
4.500000    16.101959 
4.550000    14.627439 
4.600000    12.642094 
4.650000    8.934832 
4.700000    4.745663 
4.750000    1.340483 
4.800000    -2.555040 
4.850000    -5.490586 
4.900000    -12.052060 
4.950000    -13.630208 
5.000000    -14.577699 
5.050000    -12.436626 
5.100000    -11.963658 
5.150000    -8.159061 
5.200000    -5.736142 
5.250000    -1.906503 
5.300000    0.080625 
5.350000    5.688331 
5.400000    9.740365 
5.450000    10.616089 
5.500000    10.920626 
5.550000    11.096544 
5.600000    7.772188 
5.650000    5.428607 
5.700000    2.888436 
5.750000    0.247944 
5.800000    -1.948394 
5.850000    -2.297400 
5.900000    -4.753743 
5.950000    -6.848084 
6.000000    -5.944923 
6.050000    -7.935684 
6.100000    -6.268357 
6.150000    -7.540125 
6.200000    -0.810247 
6.250000    -1.084504 
6.300000    3.614143 
6.350000    4.264730 
6.400000    3.922257 
6.450000    7.032220 
6.500000    6.636751 
6.550000    6.168602 
6.600000    4.953589 
6.650000    2.837793 
6.700000    2.987037 
6.750000    -0.591730 
6.800000    -1.617666 
6.850000    0.913586 
6.900000    -1.122341 
6.950000    -3.971175 
7.000000    -2.931513 
7.050000    -4.312390 
7.100000    -4.343896 
7.150000    -0.431952 
7.200000    0.376087 
7.250000    2.590786 
7.300000    2.366777 
7.350000    6.026572 
7.400000    1.087470 
7.450000    3.304042 
7.500000    2.060947 
7.550000    2.862412 
7.600000    0.650960 
7.650000    -0.520836 
7.700000    -0.631845 
7.750000    -2.105919 
7.800000    -2.869412 
7.850000    -2.906273 
7.900000    -4.401360 
7.950000    -2.765469 
7.999999    -0.478725 
8.049999    -1.370046 
8.100000    -1.988680 
8.150000    1.988998 
8.200000    2.458203 
8.250000    4.039208 
8.300000    2.521831 
8.350000    1.259884 
8.400000    5.223207 
8.450000    2.739943 
8.500000    3.133743 
8.549999    2.475036 
8.599999    -0.744194 
8.650000    -1.325598 
8.700000    -0.269365 
8.750000    -1.387735 
8.800000    -1.231902 
8.850000    -1.274329 
8.900000    -1.880068 
8.950000    -1.354858 
9.000000    -3.805189 
9.050000    0.032846 
9.099999    1.629825 
9.149999    3.531782 
9.200000    3.177808 
9.250000    3.254484 
9.300000    1.112330 
9.350000    2.700913 
9.400000    1.181811 
9.450000    3.666916 
9.500000    3.362870 
9.550000    0.717372 
9.600000    1.611747 
9.649999    -0.279666 
9.699999    -2.829526 
9.750000    -1.543612 
9.800000    -1.332433 
9.850000    -2.368596 
9.900000    -3.640436 
9.950000    -0.955393 
10.000000    0.746334 
10.050000    1.461498 
10.100000    0.108432 
10.150000    3.465365 
10.199999    3.139374 
10.249999    0.058359 
10.300000    1.905561 
10.350000    2.245253 
10.400000    -0.118526 
10.450000    1.591363 
10.500000    -0.846838 
10.550000    0.317392 
10.600000    -0.646894 
10.650000    -2.339293 
10.700000    0.465909 
10.749999    -1.401783 
10.799999    -1.865165 
10.849999    -2.040347 
10.900000    -1.577895 
10.950000    -0.503779 
11.000000    -0.263864 
11.050000    -0.367490 
11.100000    1.430801 
11.150000    0.165313 
11.200000    0.003635 
11.250000    2.602597 
11.299999    -0.547578 
11.349999    0.053451 
11.399999    0.162836 
11.450000    0.777412 
11.500000    0.695256 
11.550000    1.155647 
11.600000    0.109838 
11.650000    1.147146 
11.700000    0.288001 
11.750000    3.195110 
11.800000    3.264933 
11.849999    -1.006017 
11.899999    -0.464722 
11.949999    -0.994673 
12.000000    -1.938042 
12.050000    0.729575 
12.100000    0.993517 
12.150000    2.193221 
12.200000    2.433245 
12.250000    0.289272 
12.300000    0.046396 
12.350000    0.465267 
12.399999    -1.040611 
12.449999    -1.100236 
12.499999    -2.793545 
12.550000    -0.525461 
12.600000    1.990845 
12.650000    1.822102 
12.700000    0.968122 
12.750000    -0.298892 
12.800000    -1.740849 
12.850000    -0.142403 
12.900000    -2.631675 
12.949999    -1.901012 
12.999999    -1.335806 
13.049999    0.801059 
13.100000    0.518904 
13.150000    0.301550 
13.200000    1.918652 
13.250000    1.620507 
13.300000    0.674855 
13.350000    2.370993 
13.400000    -1.304188 
13.450000    1.337298 
13.499999    -1.348141 
13.549999    2.093947 
13.599999    -0.201735 
13.650000    0.001691 
13.700000    0.575653 
13.750000    -0.017891 
13.800000    -0.013426 
13.850000    -2.239365 
13.900000    -2.025573 
13.950000    -2.783134 
14.000000    1.248988 
14.049999    2.354115 
14.099999    1.322238 
14.149999    -0.932549 
14.200000    0.389393 
14.250000    1.547585 
14.300000    1.544740 
14.350000    -0.469585 
14.400000    -0.183169 
14.450000    1.726247 
14.500000    1.679033 
14.549999    -0.987784 
14.599999    1.456551 
14.649999    0.778588 
14.699999    -1.016818 
14.750000    -0.639135 
14.800000    -1.907053 
14.850000    -4.036221 
14.900000    -2.278143 
14.950000    -1.677012 
15.000000    -0.800279 
15.050000    -2.624787 
15.099999    -0.649206 
15.149999    -0.875628 
15.199999    0.795732 
15.249999    0.895132 
15.299999    -0.172842 
15.350000    -0.541930 
15.400000    -1.576530 
15.450000    -1.506670 
15.500000    0.185302 
15.550000    2.323755 
15.600000    1.359323 
15.650000    -0.010339 
15.699999    0.015824 
15.750000    0.773175 
15.799999    -0.847091 
15.850000    -2.554494 
15.899999    -2.214035 
15.950000    0.579671 
15.999999    1.121911 
16.050000    -0.780757 
16.099999    1.039452 
16.150000    -1.031052 
16.200000    -0.449429 
16.249999    -0.306771 
16.300000    -1.970212 
16.349999    -0.056990 
16.400000    1.680135 
16.449999    0.846853 
16.500000    1.015965 
16.549999    2.497277 
16.600000    -1.391733 
16.649999    1.440507 
16.700000    0.972618 
16.750000    -1.451224 
16.799999    0.688755 
16.850000    1.950079 
16.899999    -0.886671 
16.950000    0.496031 
16.999999    0.565985 
17.050000    -1.503742 
17.099999    2.402665 
17.150000    2.075581 
17.199999    -2.094872 
17.250000    2.176185 
17.300000    0.054289 
17.349999    4.201108 
17.400000    2.754165 
17.449999    1.145091 
17.500000    1.605676 
17.549999    0.026097 
17.600000    0.975035 
17.649999    -0.727112 
17.700000    2.238284 
17.749999    -1.581967 
17.800000    0.979275 
17.850000    -0.374178 
17.899999    -0.904998 
17.950000    -1.912733 
17.999999    -1.330230 
18.050000    -2.350824 
18.099999    -0.489264 
18.150000    0.744691 
18.199999    0.466534 
18.250000    -0.997670 
18.299999    -1.881277 
18.350000    -0.466940 
18.400000    2.194329 
18.449999    0.949422 
18.500000    0.140549 
18.549999    1.641819 
18.600000    2.198255 
18.649999    2.917374 
18.700000    0.144457 
18.749999    0.818579 
18.800000    -0.477116 
18.849999    -2.511039 
18.900000    -2.176326 
18.950000    -1.840014 
18.999999    -0.149097 
19.050000    -2.752977 
19.099999    -2.428529 
19.150000    -2.516508 
19.199999    -5.694906 
19.250000    -1.417911 
19.299999    -1.788473 
19.350000    1.953807 
19.399999    2.377107 
19.450000    0.801854 
19.500000    2.636972 
19.549999    2.912117 
19.600000    3.607584 
19.649999    2.347735 
19.700000    0.049332 
19.749999    2.443865 
19.800000    -0.043297 
19.849999    -0.333978 
19.900000    -0.257599 
19.949999    -2.339189 


Reverse Correlation Function   