0.000000 35.961159
0.050000 0.835185
0.100000 11.982420
0.150000 -24.109476
0.200000 9.151436
0.250000 -18.003880
0.300000 12.299165
0.350000 11.688031
0.400000 -1.104775
0.450000 -16.991348
0.500000 1.648836
0.550000 20.126940
0.600000 16.645647
0.650000 -7.474827
0.700000 1.047494
0.750000 -2.468807
0.800000 -3.190424
0.850000 -0.225986
0.900000 -2.118697
0.950000 -6.447509
1.000000 -8.644555
1.050000 15.583404
1.100000 -1.168781
1.150000 -5.096901
1.200000 -11.213643
1.250000 8.895617
1.300000 6.148564
1.350000 -2.468061
1.400000 -7.167392
1.450000 5.858576
1.500000 14.254948
1.550000 -29.322956
1.600000 -26.341347
1.650000 -11.028826
1.700000 3.906083
1.750000 10.007601
1.800000 7.696868
1.850000 23.804617
1.900000 26.107710
1.950000 54.194687
2.000000 32.014668
2.050000 16.023726
2.100000 -7.853650
2.150000 -55.411724
2.200000 -90.730621
2.250000 -94.653610
2.300000 -96.140701
2.350000 -65.371986
2.400000 34.259510
2.450000 105.247231
2.500000 157.042130
2.550000 175.761703
2.600000 117.534401
2.650000 20.632275
2.700000 -93.181572
2.750000 -153.838608
2.800000 -148.306229
2.850000 -124.187004
2.900000 -60.816795
2.950000 41.569050
3.000000 84.848198
3.050000 95.903473
3.100000 82.065575
3.150000 47.243134
3.200000 -14.427554
3.250000 -41.655586
3.300000 -57.393063
3.350000 -66.756798
3.400000 -18.764843
3.450000 -1.433392
3.500000 2.140176
3.550000 16.672129
3.600000 21.759523
3.650000 9.137266
3.700000 5.799148
3.750000 -4.363892
3.800000 18.875814
3.850000 -7.441579
3.900000 -9.660398
3.950000 -16.052904
4.000000 -14.187386
4.050000 -10.931909
4.100000 14.249228
4.150000 13.738298
4.200000 12.775013
4.250000 2.309856
4.300000 -7.665704
4.350000 -8.749475
4.400000 9.313938
4.450000 -14.567202
4.500000 -4.405866
4.550000 -48.976498
4.600000 -11.473741
4.650000 -14.674784
4.700000 -4.298754
4.750000 7.067451
4.800000 5.435884
4.850000 26.888466
4.900000 14.631845
4.950000 2.173164
5.000000 2.762519
5.050000 21.615269
5.100000 5.857439
5.150000 7.014144
5.200000 12.416924
5.250000 10.611747
5.300000 21.353359
5.350000 5.510992
5.400000 -9.261082
5.450000 -2.496705
5.500000 8.073468
5.550000 1.369978
5.600000 7.302979
5.650000 16.798866
5.700000 22.740299
5.750000 -4.721289
5.800000 17.871082
5.850000 11.636537
5.900000 12.905698
5.950000 -18.040907
6.000000 -15.342666
6.050000 -6.907126
6.100000 -14.651115
6.150000 6.341084
6.200000 -20.614899
6.250000 0.486457
6.300000 9.300189
6.350000 3.875740
6.400000 9.406048
6.450000 -19.956268
6.500000 4.167954
6.550000 -9.694546
6.600000 5.041132
6.650000 -19.582220
6.700000 -1.928971
6.750000 -7.456360
6.800000 9.107776
6.850000 -15.070601
6.900000 3.273452
6.950000 -20.765495
7.000000 15.391353
7.050000 7.546113
7.100000 -8.928456
7.150000 5.478192
7.200000 13.819850
7.250000 -9.927687
7.300000 22.311975
7.350000 13.645746
7.400000 8.020728
7.450000 0.618598
7.500000 6.824018
7.550000 -0.293911
7.600000 -18.699774
7.650000 -6.846845
7.700000 -20.404245
7.750000 9.531149
7.800000 16.812067
7.850000 4.793435
7.900000 -3.629632
7.950000 15.099389
7.999999 -8.765447
8.049999 -15.704631
8.100000 -22.913097
8.150000 -2.077043
8.200000 2.518231
8.250000 10.714179
8.300000 14.547309
8.350000 24.421122
8.400000 19.229193
8.450000 3.355468
8.500000 -22.781378
8.549999 3.666178
8.599999 -26.509287
8.650000 -7.102582
8.700000 -11.453057
8.750000 2.869714
8.800000 5.514074
8.850000 8.331088
8.900000 -0.145554
8.950000 21.387558
9.000000 30.401100
9.050000 2.367473
9.099999 -21.928007
9.149999 -0.297902
9.200000 3.684470
9.250000 -22.100990
9.300000 16.160305
9.350000 21.050411
9.400000 -0.394170
9.450000 10.717222
9.500000 -2.011396
9.550000 9.800550
9.600000 11.278041
9.649999 29.167929
9.699999 22.474100
9.750000 -8.121118
9.800000 10.373569
9.850000 1.302019
9.900000 5.660971
9.950000 18.250261
10.000000 11.002225
10.050000 -9.156012
10.100000 22.099674
10.150000 0.985114
10.199999 4.431780
10.249999 -3.202621
10.300000 0.848641
10.350000 15.408485
10.400000 -19.584517
10.450000 -8.625666
10.500000 -10.078835
10.550000 11.611499
10.600000 -0.759486
10.650000 9.024150
10.700000 4.192952
10.749999 4.129215
10.799999 5.251305
10.849999 12.829553
10.900000 6.638794
10.950000 -8.829587
11.000000 5.149368
11.050000 -16.114506
11.100000 -17.047869
11.150000 14.769080
11.200000 3.964403
11.250000 -0.742228
11.299999 7.734902
11.349999 -5.351789
11.399999 2.713884
11.450000 -8.556040
11.500000 -25.402285
11.550000 22.424316
11.600000 16.197886
11.650000 -8.274151
11.700000 10.673779
11.750000 -9.614192
11.800000 7.467380
11.849999 15.778248
11.899999 14.807223
11.949999 16.575380
12.000000 -15.176538
12.050000 1.846391
12.100000 -3.231329
12.150000 -2.103221
12.200000 23.038082
12.250000 16.203671
12.300000 2.092199
12.350000 2.251273
12.399999 0.778158
12.449999 0.510993
12.499999 -4.986154
12.550000 -12.583948
12.600000 15.750010
12.650000 5.972796
12.700000 10.964673
12.750000 -2.730771
12.800000 -6.101752
12.850000 18.217165
12.900000 -4.362892
12.949999 -8.439314
12.999999 -4.121720
13.049999 -2.476048
13.100000 10.353781
13.150000 6.477058
13.200000 -2.964310
13.250000 18.673481
13.300000 40.300716
13.350000 7.427178
13.400000 -10.457901
13.450000 -28.427881
13.499999 7.910230
13.549999 -6.504973
13.599999 -8.807611
13.650000 -2.073940
13.700000 -4.412358
13.750000 -0.471492
13.800000 13.287780
13.850000 1.489753
13.900000 17.320826
13.950000 10.354011
14.000000 -5.663099
14.049999 -4.295641
14.099999 7.492879
14.149999 14.123143
14.200000 -6.817076
14.250000 -11.874665
14.300000 -7.166312
14.350000 -6.695605
14.400000 -5.340001
14.450000 7.467987
14.500000 13.212237
14.549999 10.004045
14.599999 3.054631
14.649999 -16.596235
14.699999 -7.906334
14.750000 -3.583741
14.800000 4.371706
14.850000 -12.048304
14.900000 8.753826
14.950000 -22.164473
15.000000 9.798259
15.050000 0.304180
15.099999 -3.389339
15.149999 5.047010
15.199999 10.027894
15.249999 -10.883611
15.299999 -26.323467
15.350000 -0.550634
15.400000 8.590527
15.450000 18.771484
15.500000 3.456502
15.550000 17.365454
15.600000 8.178932
15.650000 10.128338
15.699999 8.159442
15.750000 9.346366
15.799999 6.077130
15.850000 10.564521
15.899999 -1.816856
15.950000 -7.961003
15.999999 6.821805
16.050000 16.189466
16.099999 6.322435
16.150000 2.787152
16.200000 6.611553
16.249999 -12.972602
16.300000 -16.278973
16.349999 13.853634
16.400000 -4.653348
16.449999 -0.952608
16.500000 -0.556617
16.549999 -6.873984
16.600000 1.966881
16.649999 -0.790492
16.700000 -4.409088
16.750000 12.541104
16.799999 -14.575233
16.850000 -4.056430
16.899999 -5.119886
16.950000 4.218821
16.999999 19.261799
17.050000 2.930863
17.099999 -16.482712
17.150000 8.503062
17.199999 -7.502916
17.250000 -3.135584
17.300000 -2.108170
17.349999 4.957578
17.400000 -22.418341
17.449999 -3.033341
17.500000 1.720235
17.549999 -10.965670
17.600000 5.373340
17.649999 -2.512211
17.700000 -5.968309
17.749999 21.296339
17.800000 -3.711478
17.850000 -8.174475
17.899999 -5.478478
17.950000 20.030575
17.999999 -16.751865
18.050000 14.711530
18.099999 5.438083
18.150000 15.449670
18.199999 -14.484307
18.250000 18.860359
18.299999 3.358502
18.350000 -11.553574
18.400000 19.748363
18.449999 8.580670
18.500000 -2.191420
18.549999 -4.342969
18.600000 10.864028
18.649999 8.795462
18.700000 24.914644
18.749999 -8.343923
18.800000 -12.758863
18.849999 7.486780
18.900000 0.330975
18.950000 4.979426
18.999999 17.257948
19.050000 5.480700
19.099999 2.495727
19.150000 -32.646130
19.199999 -3.697608
19.250000 2.112290
19.299999 8.104641
19.350000 -4.533848
19.399999 14.985244
19.450000 -4.956703
19.500000 10.649958
19.549999 -14.619769
19.600000 -23.857241
19.649999 -4.641236
19.700000 -7.771414
19.749999 11.406790
19.800000 2.124944
19.849999 10.925710
19.900000 5.894334
19.949999 13.687938
