0.000000 -1.089676
0.050000 2.188591
0.100000 1.220206
0.150000 -2.370711
0.200000 0.763239
0.250000 0.395517
0.300000 1.361136
0.350000 0.125786
0.400000 0.692993
0.450000 0.223603
0.500000 0.412552
0.550000 -1.490171
0.600000 0.796956
0.650000 0.612940
0.700000 -0.235461
0.750000 1.104710
0.800000 -0.171195
0.850000 -0.468666
0.900000 -0.321886
0.950000 1.109940
1.000000 2.455364
1.050000 -0.113697
1.100000 -0.324200
1.150000 1.355729
1.200000 -0.671081
1.250000 -1.226325
1.300000 1.152454
1.350000 0.087948
1.400000 -1.903589
1.450000 -0.401578
1.500000 -0.485869
1.550000 1.537895
1.600000 0.706990
1.650000 -0.405311
1.700000 1.392148
1.750000 1.728372
1.800000 -0.886439
1.850000 1.482985
1.900000 -0.615257
1.950000 2.191582
2.000000 -1.895296
2.050000 -0.343164
2.100000 0.090386
2.150000 1.070098
2.200000 0.735934
2.250000 1.922339
2.300000 1.532939
2.350000 0.421138
2.400000 -0.918912
2.450000 0.120468
2.500000 -0.057632
2.550000 -0.136930
2.600000 -1.110604
2.650000 0.207172
2.700000 -2.156977
2.750000 1.731031
2.800000 -0.882405
2.850000 -0.480944
2.900000 0.109088
2.950000 0.554591
3.000000 1.231695
3.050000 2.098015
3.100000 -0.698495
3.150000 -0.659257
3.200000 2.790884
3.250000 -0.084283
3.300000 1.370308
3.350000 2.463503
3.400000 1.597805
3.450000 0.841531
3.500000 0.676726
3.550000 -0.210488
3.600000 1.524908
3.650000 1.658144
3.700000 0.367782
3.750000 0.005825
3.800000 -2.153746
3.850000 -0.449707
3.900000 -2.283008
3.950000 -1.071185
4.000000 -4.927260
4.050000 -3.672434
4.100000 -2.711663
4.150000 -5.846101
4.200000 -5.556094
4.250000 -5.205652
4.300000 -4.088881
4.350000 -2.235681
4.400000 -5.913918
4.450000 -4.684740
4.500000 -1.687238
4.550000 -2.749906
4.600000 -2.215202
4.650000 -1.295078
4.700000 1.553663
4.750000 -0.990533
4.800000 0.827698
4.850000 1.548770
4.900000 1.858810
4.950000 2.243055
5.000000 3.366837
5.050000 2.847434
5.100000 3.199538
5.150000 5.254346
5.200000 4.035969
5.250000 5.915783
5.300000 3.847489
5.350000 6.287836
5.400000 7.843579
5.450000 4.030367
5.500000 6.177241
5.550000 5.107432
5.600000 6.893963
5.650000 6.601506
5.700000 5.303829
5.750000 4.703952
5.800000 4.132966
5.850000 5.097661
5.900000 3.934533
5.950000 1.624537
6.000000 2.652050
6.050000 2.800519
6.100000 1.459751
6.150000 -0.979900
6.200000 0.529531
6.250000 0.715832
6.300000 -1.146918
6.350000 -2.867758
6.400000 -4.044693
6.450000 -3.016246
6.500000 -3.743868
6.550000 -4.982621
6.600000 -4.939951
6.650000 -5.512423
6.700000 -5.029901
6.750000 -5.772721
6.800000 -7.891167
6.850000 -6.931939
6.900000 -4.489650
6.950000 -8.009037
7.000000 -4.959120
7.050000 -7.789066
7.100000 -6.362359
7.150000 -4.467418
7.200000 -3.474399
7.250000 -5.178072
7.300000 -3.387089
7.350000 -1.658096
7.400000 -2.655967
7.450000 -3.036809
7.500000 -1.492767
7.550000 -1.864264
7.600000 0.402157
7.650000 0.217953
7.700000 0.180337
7.750000 1.430532
7.800000 0.375083
7.850000 1.426224
7.900000 2.599265
7.950000 2.523739
7.999999 4.143519
8.049999 5.333017
8.100000 4.992245
8.150000 3.302545
8.200000 4.942787
8.250000 4.952196
8.300000 6.940582
8.350000 5.064638
8.400000 5.898703
8.450000 7.197348
8.500000 6.408718
8.549999 6.113630
8.599999 3.661974
8.650000 5.792105
8.700000 4.490225
8.750000 4.545735
8.800000 5.835381
8.850000 1.036276
8.900000 1.997178
8.950000 3.733983
9.000000 1.208393
9.050000 0.700054
9.099999 2.278877
9.149999 -0.447517
9.200000 0.879602
9.250000 -1.522254
9.300000 -0.819452
9.350000 -0.068725
9.400000 -2.034459
9.450000 -3.220904
9.500000 -3.871417
9.550000 -5.145401
9.600000 -3.198158
9.649999 -4.646778
9.699999 -5.327804
9.750000 -5.588953
9.800000 -4.938359
9.850000 -4.103206
9.900000 -3.800446
9.950000 -2.806131
10.000000 -3.794415
10.050000 -1.469319
10.100000 -2.782295
10.150000 -2.228374
10.199999 -2.659459
10.249999 0.951441
10.300000 -0.510476
10.350000 -0.605404
10.400000 -3.034866
10.450000 0.173129
10.500000 -0.277929
10.550000 1.257171
10.600000 0.697737
10.650000 -0.453425
10.700000 2.775129
10.749999 1.516294
10.799999 2.012027
10.849999 1.438933
10.900000 5.399944
10.950000 3.361592
11.000000 2.698222
11.050000 3.275638
11.100000 1.798591
11.150000 4.004827
11.200000 2.609595
11.250000 3.854389
11.299999 -0.091407
11.349999 3.280118
11.399999 2.019805
11.450000 3.586949
11.500000 3.283683
11.550000 1.213381
11.600000 1.379280
11.650000 2.838843
11.700000 -0.628367
11.750000 -0.721444
11.800000 -0.150795
11.849999 0.211342
11.899999 3.714871
11.949999 -0.968971
12.000000 1.562268
12.050000 -1.156507
12.100000 -2.038556
12.150000 0.640209
12.200000 0.389756
12.250000 0.433168
12.300000 -0.063730
12.350000 -1.837887
12.399999 -2.015926
12.449999 -1.822992
12.499999 -1.111941
12.550000 -2.566145
12.600000 0.541625
12.650000 -2.000091
12.700000 -1.545032
12.750000 -1.571501
12.800000 -1.433034
12.850000 -0.106114
12.900000 -0.263006
12.949999 -1.671115
12.999999 -1.226069
13.049999 3.300752
13.100000 0.344160
13.150000 -0.298507
13.200000 0.143799
13.250000 -0.418751
13.300000 2.071250
13.350000 0.307568
13.400000 -0.350877
13.450000 -0.261719
13.499999 0.081212
13.549999 0.926700
13.599999 -0.066932
13.650000 0.931678
13.700000 -0.789647
13.750000 -0.852258
13.800000 2.350790
13.850000 -0.648413
13.900000 0.649824
13.950000 1.813260
14.000000 -0.130947
14.049999 1.427883
14.099999 1.691488
14.149999 0.365900
14.200000 0.896198
14.250000 0.957748
14.300000 0.808014
14.350000 -0.613974
14.400000 1.296981
14.450000 -1.474893
14.500000 -1.106245
14.549999 0.693110
14.599999 1.238490
14.649999 1.344096
14.699999 1.224689
14.750000 -0.344979
14.800000 -0.353809
14.850000 1.661199
14.900000 -0.586543
14.950000 -0.543253
15.000000 0.858002
15.050000 1.248726
15.099999 -0.280701
15.149999 0.425282
15.199999 -0.108519
15.249999 -0.892599
15.299999 -3.431629
15.350000 2.173769
15.400000 0.865714
15.450000 -2.604271
15.500000 -0.788268
15.550000 0.236872
15.600000 -0.629778
15.650000 -0.962568
15.699999 0.533383
15.750000 1.256377
15.799999 0.432318
15.850000 -1.593219
15.899999 0.774060
15.950000 0.676127
15.999999 0.755579
16.050000 0.637777
16.099999 -1.983198
16.150000 0.584941
16.200000 -0.246651
16.249999 1.453604
16.300000 -0.746049
16.349999 1.333576
16.400000 1.109749
16.449999 0.680698
16.500000 -0.158069
16.549999 1.713169
16.600000 -1.527622
16.649999 -0.373143
16.700000 0.170136
16.750000 -0.829317
16.799999 2.040654
16.850000 0.479165
16.899999 1.662233
16.950000 -0.547794
16.999999 -0.247292
17.050000 -1.206819
17.099999 -1.523998
17.150000 1.453417
17.199999 -0.739088
17.250000 -0.647030
17.300000 1.085891
17.349999 -0.677618
17.400000 0.327860
17.449999 1.408559
17.500000 0.196009
17.549999 -0.349765
17.600000 -1.642298
17.649999 0.250288
17.700000 -1.506231
17.749999 0.457101
17.800000 1.046360
17.850000 3.146161
17.899999 1.277366
17.950000 0.462200
17.999999 0.453820
18.050000 0.558757
18.099999 0.167605
18.150000 2.550697
18.199999 0.731029
18.250000 0.960583
18.299999 0.569809
18.350000 0.797515
18.400000 0.382674
18.449999 0.364035
18.500000 0.663633
18.549999 1.628951
18.600000 2.011608
18.649999 -0.079572
18.700000 1.795273
18.749999 1.005891
18.800000 -0.821712
18.849999 2.139918
18.900000 -0.929028
18.950000 1.103963
18.999999 0.963358
19.050000 -0.943605
19.099999 1.852686
19.150000 -1.926418
19.199999 -0.542563
19.250000 1.548325
19.299999 -0.823208
19.350000 0.235001
19.399999 1.288039
19.450000 -2.350384
19.500000 0.832449
19.549999 -0.535446
19.600000 -1.870194
19.649999 -1.816581
19.700000 0.091804
19.749999 -1.154914
19.800000 -0.379400
19.849999 -0.988630
19.900000 -0.832093
19.949999 -0.199283
