0.000000 38.570599
0.050000 20.325012
0.100000 34.467190
0.150000 3.821939
0.200000 -24.843542
0.250000 5.620145
0.300000 -12.623035
0.350000 -19.549435
0.400000 -18.176489
0.450000 2.602150
0.500000 3.128897
0.550000 11.497125
0.600000 20.736589
0.650000 31.893484
0.700000 15.378983
0.750000 11.749673
0.800000 0.607864
0.850000 -13.036305
0.900000 -12.990604
0.950000 -15.642247
1.000000 -24.406023
1.050000 -29.433290
1.100000 13.527816
1.150000 -1.297289
1.200000 4.857792
1.250000 30.322359
1.300000 13.445436
1.350000 21.618528
1.400000 -1.693426
1.450000 2.162480
1.500000 10.984103
1.550000 -17.053986
1.600000 -17.811846
1.650000 19.956213
1.700000 -3.452645
1.750000 -15.474463
1.800000 6.839948
1.850000 16.680237
1.900000 54.910740
1.950000 63.673355
2.000000 63.217213
2.050000 50.733784
2.100000 14.562116
2.150000 -26.649288
2.200000 -64.266991
2.250000 -85.049843
2.300000 -104.777435
2.350000 -89.093567
2.400000 -95.955200
2.450000 1.427152
2.500000 79.259209
2.550000 160.248978
2.600000 191.761795
2.650000 209.545670
2.700000 120.343727
2.750000 33.299740
2.800000 -101.393196
2.850000 -202.189728
2.900000 -248.584747
2.950000 -273.773682
3.000000 -177.328934
3.050000 -73.845543
3.100000 39.406155
3.150000 121.730499
3.200000 193.524445
3.250000 216.925674
3.300000 198.975098
3.350000 112.045532
3.400000 7.399401
3.450000 -85.929420
3.500000 -159.526199
3.550000 -189.109650
3.600000 -128.302124
3.650000 -95.717957
3.700000 -9.449166
3.750000 56.186363
3.800000 133.966446
3.850000 151.789200
3.900000 137.380005
3.950000 71.483139
4.000000 8.083587
4.050000 -49.669296
4.100000 -81.244720
4.150000 -99.169136
4.200000 -55.732712
4.250000 -54.294376
4.300000 -18.328577
4.350000 71.678772
4.400000 66.201439
4.450000 82.533279
4.500000 56.610149
4.550000 52.205597
4.600000 17.193033
4.650000 -19.433218
4.700000 -51.292747
4.750000 -22.909966
4.800000 -34.788078
4.850000 -31.115007
4.900000 -28.996853
4.950000 25.021322
5.000000 15.861626
5.050000 53.346924
5.100000 32.962708
5.150000 12.447466
5.200000 8.168349
5.250000 1.562903
5.300000 -11.645623
5.350000 -36.284683
5.400000 -17.574455
5.450000 -12.289639
5.500000 -18.540421
5.550000 -11.655825
5.600000 6.476572
5.650000 11.306335
5.700000 4.376218
5.750000 41.578373
5.800000 49.873886
5.850000 40.146816
5.900000 6.065489
5.950000 -33.688999
6.000000 -33.646961
6.050000 -41.796886
6.100000 -45.724915
6.150000 -33.132141
6.200000 3.705868
6.250000 7.051058
6.300000 -18.530136
6.350000 -21.408947
6.400000 29.592701
6.450000 29.431543
6.500000 35.641895
6.550000 21.214937
6.600000 -21.858042
6.650000 -3.392025
6.700000 -20.984444
6.750000 -43.030807
6.800000 -1.099373
6.850000 -0.952419
6.900000 -4.763120
6.950000 22.333063
7.000000 24.203733
7.050000 37.403263
7.100000 27.795843
7.150000 34.411339
7.200000 4.879896
7.250000 -4.901285
7.300000 -0.943456
7.350000 -14.947459
7.400000 -4.084083
7.450000 6.620990
7.500000 2.752725
7.550000 -8.088528
7.600000 16.784372
7.650000 0.500179
7.700000 9.455925
7.750000 -12.207574
7.800000 -3.526415
7.850000 7.887986
7.900000 29.294008
7.950000 20.180273
7.999999 13.082403
8.049999 -0.199040
8.100000 18.073145
8.150000 10.474836
8.200000 -14.378638
8.250000 -18.198030
8.300000 -11.427050
8.350000 14.431432
8.400000 17.910519
8.450000 20.954411
8.500000 26.833963
8.549999 3.517095
8.599999 -7.169580
8.650000 12.090137
8.700000 -13.248084
8.750000 -6.589297
8.800000 5.375257
8.850000 -37.585041
8.900000 -21.041218
8.950000 -47.028961
9.000000 20.394356
9.050000 0.251988
9.099999 -23.882715
9.149999 30.456951
9.200000 12.038222
9.250000 -5.268693
9.300000 -3.152974
9.350000 -14.140607
9.400000 -36.556881
9.450000 -32.535389
9.500000 -9.422974
9.550000 -19.502096
9.600000 10.618389
9.649999 -2.040862
9.699999 38.419170
9.750000 15.644288
9.800000 5.064964
9.850000 10.669291
9.900000 2.453964
9.950000 -28.148415
10.000000 -14.368995
10.050000 1.050328
10.100000 -3.810138
10.150000 -2.735447
10.199999 -2.917766
10.249999 10.262986
10.300000 10.541904
10.350000 9.787544
10.400000 26.319035
10.450000 48.424191
10.500000 7.773093
10.550000 45.961750
10.600000 -18.230516
10.650000 -38.555927
10.700000 15.217396
10.749999 -18.211916
10.799999 -15.514547
10.849999 -16.128222
10.900000 -4.537387
10.950000 1.352022
11.000000 17.961218
11.050000 3.182350
11.100000 11.847344
11.150000 -1.315050
11.200000 5.229566
11.250000 -17.663839
11.299999 9.584044
11.349999 -12.096414
11.399999 16.421701
11.450000 -2.293845
11.500000 -0.537962
11.550000 22.419506
11.600000 -6.177603
11.650000 -12.611609
11.700000 9.685918
11.750000 1.754647
11.800000 18.866018
11.849999 15.096193
11.899999 -6.218224
11.949999 7.490428
12.000000 40.526802
12.050000 12.184470
12.100000 32.672100
12.150000 7.933252
12.200000 10.143690
12.250000 -5.197371
12.300000 11.584336
12.350000 -2.840873
12.399999 13.988070
12.449999 -9.551918
12.499999 -9.687530
12.550000 -4.309407
12.600000 49.811314
12.650000 -12.555460
12.700000 18.219973
12.750000 -10.759230
12.800000 -14.649687
12.850000 -11.733026
12.900000 15.392396
12.949999 8.200760
12.999999 0.713404
13.049999 21.349657
13.100000 25.081207
13.150000 -5.392101
13.200000 9.866218
13.250000 24.571451
13.300000 1.086560
13.350000 7.938380
13.400000 30.846737
13.450000 27.407766
13.499999 12.920681
13.549999 -10.689757
13.599999 -4.892673
13.650000 -22.547632
13.700000 -8.685852
13.750000 -9.636564
13.800000 2.652292
13.850000 1.714199
13.900000 -5.360339
13.950000 8.110843
14.000000 17.923677
14.049999 -6.556126
14.099999 17.103518
14.149999 -1.983961
14.200000 13.739100
14.250000 -13.730426
14.300000 -28.053333
14.350000 -17.662474
14.400000 -14.905503
14.450000 -2.178536
14.500000 27.378569
14.549999 32.150925
14.599999 6.486342
14.649999 27.006123
14.699999 -6.088276
14.750000 4.050728
14.800000 13.338370
14.850000 -5.992472
14.900000 -21.539679
14.950000 -24.536476
15.000000 21.656906
15.050000 16.966339
15.099999 23.794107
15.149999 0.300738
15.199999 33.389309
15.249999 15.219889
15.299999 7.205394
15.350000 7.719393
15.400000 6.929404
15.450000 -4.618546
15.500000 -26.899170
15.550000 -21.946087
15.600000 16.432066
15.650000 7.169990
15.699999 17.051481
15.750000 17.832417
15.799999 14.967121
15.850000 -1.975451
15.899999 10.394557
15.950000 11.694646
15.999999 -11.705878
16.050000 0.732105
16.099999 -20.998268
16.150000 11.872737
16.200000 -1.255298
16.249999 -3.282041
16.300000 23.387489
16.349999 10.219733
16.400000 11.309823
16.449999 8.811722
16.500000 7.473666
16.549999 11.692104
16.600000 -3.129861
16.649999 -14.434311
16.700000 -19.790392
16.750000 -12.237664
16.799999 1.657140
16.850000 7.446111
16.899999 -3.969280
16.950000 -17.124901
16.999999 7.812719
17.050000 4.018503
17.099999 2.457151
17.150000 -0.011484
17.199999 -1.209116
17.250000 1.215456
17.300000 -11.676595
17.349999 -20.152435
17.400000 -7.941065
17.449999 0.772003
17.500000 -28.949480
17.549999 -14.464003
17.600000 1.742361
17.649999 4.113045
17.700000 18.217134
17.749999 1.824065
17.800000 -18.933962
17.850000 -9.197650
17.899999 10.924623
17.950000 13.032015
17.999999 -30.629274
18.050000 -1.651852
18.099999 -21.480001
18.150000 -15.285724
18.199999 30.637831
18.250000 15.994733
18.299999 0.295835
18.350000 27.156635
18.400000 10.180984
18.449999 5.611740
18.500000 31.027185
18.549999 9.984315
18.600000 18.798698
18.649999 -1.430196
18.700000 -12.144444
18.749999 -0.435272
18.800000 -9.942364
18.849999 -16.685575
18.900000 16.836559
18.950000 0.873324
18.999999 -1.814067
19.050000 8.165647
19.099999 -3.398736
19.150000 27.338350
19.199999 9.646795
19.250000 -16.926558
19.299999 -3.571515
19.350000 64.085686
19.399999 3.701990
19.450000 33.421219
19.500000 17.113770
19.549999 -19.605812
19.600000 -3.758704
19.649999 6.882681
19.700000 -4.883772
19.749999 -0.176742
19.800000 8.533351
19.849999 9.604350
19.900000 -20.015802
19.949999 -5.423128
