0.000000 0.048862
0.050000 -0.203210
0.100000 -0.046552
0.150000 -0.050656
0.200000 0.197932
0.250000 -0.194171
0.300000 0.112737
0.350000 0.148622
0.400000 -0.044441
0.450000 -0.002491
0.500000 0.038973
0.550000 -0.031529
0.600000 -0.072432
0.650000 -0.032144
0.700000 0.026114
0.750000 0.004068
0.800000 -0.102224
0.850000 -0.056853
0.900000 -0.042568
0.950000 -0.048240
1.000000 -0.051985
1.050000 0.001905
1.100000 -0.020959
1.150000 -0.009981
1.200000 -0.005275
1.250000 0.003363
1.300000 0.088322
1.350000 -0.068901
1.400000 -0.015642
1.450000 0.048782
1.500000 0.089648
1.550000 0.157245
1.600000 0.004322
1.650000 -0.081954
1.700000 0.063014
1.750000 0.132775
1.800000 0.140778
1.850000 0.127419
1.900000 -0.016280
1.950000 0.226668
2.000000 0.041161
2.050000 0.074193
2.100000 -0.114296
2.150000 -0.269047
2.200000 -0.397306
2.250000 -0.413429
2.300000 -0.266839
2.350000 -0.061336
2.400000 0.477892
2.450000 0.687259
2.500000 0.404892
2.550000 0.017335
2.600000 -0.799224
2.650000 -1.158110
2.700000 -1.083491
2.750000 -0.039436
2.800000 0.585968
2.850000 1.165363
2.900000 0.797992
2.950000 -0.007762
3.000000 -0.808708
3.050000 -0.942509
3.100000 -0.599890
3.150000 0.285939
3.200000 1.019011
3.250000 0.921468
3.300000 0.514929
3.350000 -0.369659
3.400000 -0.928749
3.450000 -0.829967
3.500000 -0.396273
3.550000 0.386011
3.600000 0.671750
3.650000 0.660957
3.700000 0.301939
3.750000 -0.206719
3.800000 -0.611910
3.850000 -0.459771
3.900000 -0.154258
3.950000 0.357843
4.000000 0.526212
4.050000 0.375445
4.100000 -0.038790
4.150000 -0.310546
4.200000 -0.469242
4.250000 -0.272994
4.300000 0.294330
4.350000 0.238855
4.400000 0.211200
4.450000 0.246970
4.500000 0.092870
4.550000 0.104736
4.600000 0.043088
4.650000 0.118562
4.700000 -0.068595
4.750000 0.079107
4.800000 0.152819
4.850000 -0.063664
4.900000 -0.208260
4.950000 -0.139948
5.000000 0.003011
5.050000 0.057815
5.100000 0.163007
5.150000 0.174044
5.200000 -0.107811
5.250000 0.004907
5.300000 -0.045804
5.350000 0.049460
5.400000 -0.075272
5.450000 -0.025126
5.500000 -0.126310
5.550000 -0.183267
5.600000 -0.005960
5.650000 -0.263290
5.700000 0.225218
5.750000 -0.068997
5.800000 -0.009609
5.850000 0.094926
5.900000 -0.070992
5.950000 -0.137861
6.000000 -0.202319
6.050000 0.062161
6.100000 0.067735
6.150000 0.195560
6.200000 -0.108917
6.250000 0.032593
6.300000 -0.070476
6.350000 0.190778
6.400000 -0.033106
6.450000 -0.015130
6.500000 -0.192597
6.550000 -0.002792
6.600000 -0.038996
6.650000 0.095869
6.700000 0.029132
6.750000 0.173763
6.800000 -0.037239
6.850000 -0.033077
6.900000 -0.066176
6.950000 0.174398
7.000000 -0.036313
7.050000 0.192125
7.100000 -0.050692
7.150000 -0.137109
7.200000 0.160648
7.250000 0.070659
7.300000 -0.135058
7.350000 -0.126245
7.400000 -0.113649
7.450000 0.084070
7.500000 -0.041079
7.550000 0.154809
7.600000 -0.136333
7.650000 0.016336
7.700000 0.219881
7.750000 0.370122
7.800000 -0.100757
7.850000 0.013492
7.900000 0.161827
7.950000 -0.146574
7.999999 -0.051208
8.049999 -0.058407
8.100000 0.086028
8.150000 -0.129528
8.200000 -0.039430
8.250000 0.130079
8.300000 0.002616
8.350000 0.017763
8.400000 0.090527
8.450000 0.274642
8.500000 0.056535
8.549999 0.015229
8.599999 -0.062708
8.650000 -0.132777
8.700000 -0.182524
8.750000 -0.013191
8.800000 -0.286479
8.850000 0.131643
8.900000 -0.139159
8.950000 -0.345296
9.000000 -0.151758
9.050000 -0.048545
9.099999 0.175910
9.149999 0.144111
9.200000 0.351159
9.250000 -0.249615
9.300000 -0.035587
9.350000 0.056877
9.400000 -0.043358
9.450000 -0.074322
9.500000 0.106748
9.550000 0.043856
9.600000 -0.089407
9.649999 -0.055587
9.699999 0.069349
9.750000 0.270692
9.800000 0.136962
9.850000 0.049134
9.900000 0.112883
9.950000 0.065589
10.000000 -0.164293
10.050000 -0.308229
10.100000 -0.057197
10.150000 0.023929
10.199999 0.328923
10.249999 0.214780
10.300000 0.151553
10.350000 0.039184
10.400000 0.006084
10.450000 0.089683
10.500000 -0.016925
10.550000 -0.079554
10.600000 0.209243
10.650000 0.095116
10.700000 -0.070748
10.749999 0.013196
10.799999 -0.227794
10.849999 0.073475
10.900000 -0.027666
10.950000 0.045419
11.000000 -0.051825
11.050000 0.043321
11.100000 0.075457
11.150000 -0.125272
11.200000 -0.024979
11.250000 0.186640
11.299999 -0.036571
11.349999 0.144597
11.399999 0.034707
11.450000 -0.144668
11.500000 -0.161005
11.550000 0.327438
11.600000 -0.113339
11.650000 0.087722
11.700000 -0.049352
11.750000 0.122564
11.800000 -0.046736
11.849999 -0.127247
11.899999 0.193493
11.949999 0.075794
12.000000 0.076413
12.050000 -0.232564
12.100000 -0.027218
12.150000 0.007947
12.200000 0.100227
12.250000 -0.014456
12.300000 -0.119542
12.350000 -0.078784
12.399999 0.097829
12.449999 -0.146689
12.499999 -0.122385
12.550000 0.033936
12.600000 -0.031868
12.650000 0.042875
12.700000 0.088032
12.750000 -0.175734
12.800000 -0.143549
12.850000 -0.327754
12.900000 0.092448
12.949999 0.260405
12.999999 0.081587
13.049999 -0.027803
13.100000 -0.243991
13.150000 -0.167958
13.200000 -0.097420
13.250000 0.117238
13.300000 -0.052073
13.350000 -0.047717
13.400000 0.087633
13.450000 0.209032
13.499999 0.166918
13.549999 -0.015129
13.599999 -0.110711
13.650000 -0.172946
13.700000 -0.100330
13.750000 -0.043456
13.800000 0.106725
13.850000 -0.107037
13.900000 -0.063494
13.950000 -0.051560
14.000000 0.133203
14.049999 0.005729
14.099999 0.053988
14.149999 -0.058360
14.200000 -0.027613
14.250000 0.270958
14.300000 0.043712
14.350000 -0.046939
14.400000 0.047953
14.450000 0.125027
14.500000 -0.084763
14.549999 -0.008139
14.599999 -0.030670
14.649999 -0.090599
14.699999 -0.134933
14.750000 -0.012951
14.800000 0.129140
14.850000 -0.007358
14.900000 -0.105363
14.950000 -0.267905
15.000000 0.004670
15.050000 0.044443
15.099999 0.207941
15.149999 -0.069406
15.199999 0.066648
15.249999 -0.038815
15.299999 -0.037212
15.350000 0.216715
15.400000 0.150578
15.450000 0.105287
15.500000 -0.019577
15.550000 -0.075840
15.600000 0.058039
15.650000 0.090790
15.699999 0.150267
15.750000 0.151150
15.799999 0.198226
15.850000 0.246763
15.899999 0.199630
15.950000 -0.109066
15.999999 0.106269
16.050000 0.006848
16.099999 0.187123
16.150000 0.224089
16.200000 0.218581
16.249999 0.090777
16.300000 0.026227
16.349999 0.162983
16.400000 -0.076725
16.449999 0.038733
16.500000 0.113077
16.549999 -0.099099
16.600000 -0.032904
16.649999 -0.014286
16.700000 0.148899
16.750000 -0.062492
16.799999 -0.060841
16.850000 -0.065243
16.899999 -0.141177
16.950000 -0.030834
16.999999 0.137189
17.050000 0.028774
17.099999 0.059628
17.150000 -0.016382
17.199999 -0.072444
17.250000 0.055279
17.300000 -0.132199
17.349999 -0.003875
17.400000 -0.092994
17.449999 0.254110
17.500000 -0.055758
17.549999 0.019739
17.600000 -0.029465
17.649999 0.191740
17.700000 -0.081819
17.749999 0.012394
17.800000 0.072340
17.850000 -0.014315
17.899999 0.130834
17.950000 0.193364
17.999999 0.013579
18.050000 0.227259
18.099999 0.125219
18.150000 -0.039555
18.199999 0.063880
18.250000 0.195582
18.299999 -0.047038
18.350000 0.200689
18.400000 0.073427
18.449999 0.083381
18.500000 0.131237
18.549999 0.277045
18.600000 0.176123
18.649999 -0.042398
18.700000 0.393642
18.749999 -0.034142
18.800000 0.130875
18.849999 -0.083450
18.900000 0.111923
18.950000 -0.050262
18.999999 0.051569
19.050000 0.228301
19.099999 0.102546
19.150000 0.135420
19.199999 -0.016705
19.250000 0.030560
19.299999 -0.017866
19.350000 -0.001515
19.399999 -0.038050
19.450000 -0.231170
19.500000 0.010485
19.549999 0.055557
19.600000 0.065851
19.649999 -0.259500
19.700000 0.381765
19.749999 0.102877
19.800000 -0.024116
19.849999 0.311682
19.900000 -0.173023
19.949999 0.045427
