0.000000 0.293294
0.050000 10.529496
0.100000 0.119473
0.150000 -3.087579
0.200000 7.590483
0.250000 -4.803083
0.300000 0.139222
0.350000 -5.746125
0.400000 2.620419
0.450000 -10.478943
0.500000 -6.673981
0.550000 7.051276
0.600000 -5.557538
0.650000 -3.365500
0.700000 3.487212
0.750000 6.450098
0.800000 4.653724
0.850000 8.804353
0.900000 6.199430
0.950000 5.980551
1.000000 -1.605835
1.050000 1.286028
1.100000 0.855285
1.150000 -1.406812
1.200000 1.574506
1.250000 -7.663711
1.300000 6.494102
1.350000 7.384645
1.400000 -1.142725
1.450000 -2.367052
1.500000 -3.971187
1.550000 0.050613
1.600000 -7.593949
1.650000 1.412375
1.700000 -0.432391
1.750000 0.719020
1.800000 4.828021
1.850000 -0.884529
1.900000 5.555700
1.950000 2.109600
2.000000 -0.472792
2.050000 2.665809
2.100000 6.848365
2.150000 5.123998
2.200000 -0.163174
2.250000 5.570102
2.300000 -8.751185
2.350000 -9.431745
2.400000 -1.336541
2.450000 -7.892725
2.500000 4.890893
2.550000 6.970376
2.600000 0.969587
2.650000 4.537395
2.700000 -0.829994
2.750000 -10.084999
2.800000 -5.480410
2.850000 -15.792823
2.900000 -11.200214
2.950000 -0.891819
3.000000 -4.581687
3.050000 3.706517
3.100000 8.511024
3.150000 18.210960
3.200000 23.484011
3.250000 30.950096
3.300000 24.851303
3.350000 26.921631
3.400000 14.336569
3.450000 -3.498308
3.500000 -13.887172
3.550000 -22.493349
3.600000 -32.167793
3.650000 -41.579926
3.700000 -37.455917
3.750000 -44.564777
3.800000 -17.128067
3.850000 -8.746379
3.900000 -0.583579
3.950000 19.461090
4.000000 29.198326
4.050000 30.730011
4.100000 35.565659
4.150000 33.845215
4.200000 22.705318
4.250000 23.053181
4.300000 5.334249
4.350000 -6.093435
4.400000 -9.755826
4.450000 -15.751091
4.500000 -26.148975
4.550000 -23.495872
4.600000 -14.358541
4.650000 -25.829510
4.700000 -3.883287
4.750000 -4.312152
4.800000 5.987704
4.850000 2.574701
4.900000 10.321177
4.950000 7.780223
5.000000 15.348211
5.050000 13.367346
5.100000 10.542489
5.150000 12.243619
5.200000 1.076861
5.250000 -1.115603
5.300000 -1.862245
5.350000 -8.665496
5.400000 -8.253353
5.450000 -10.641973
5.500000 -1.887450
5.550000 -3.860812
5.600000 -2.454499
5.650000 -1.139025
5.700000 7.749275
5.750000 7.740055
5.800000 3.578784
5.850000 9.026728
5.900000 0.665693
5.950000 12.753922
6.000000 -0.880340
6.050000 1.865188
6.100000 0.555394
6.150000 -2.957841
6.200000 -4.346620
6.250000 -13.327078
6.300000 -4.098592
6.350000 -4.274910
6.400000 0.529803
6.450000 -5.359306
6.500000 3.542936
6.550000 2.674171
6.600000 2.609860
6.650000 3.613637
6.700000 -0.904426
6.750000 5.394132
6.800000 -1.888206
6.850000 6.017496
6.900000 -2.328387
6.950000 6.027098
7.000000 -1.640555
7.050000 -8.342233
7.100000 4.116757
7.150000 2.579259
7.200000 -4.199807
7.250000 -6.116119
7.300000 -3.169245
7.350000 -1.536713
7.400000 6.137464
7.450000 1.139079
7.500000 -8.543411
7.550000 -7.523528
7.600000 0.231586
7.650000 0.762172
7.700000 5.264452
7.750000 -3.331344
7.800000 0.602482
7.850000 -3.840693
7.900000 7.145109
7.950000 3.943709
8.000000 3.241096
8.050000 0.191276
8.100000 11.757608
8.150000 2.380172
8.200000 2.386158
8.250000 2.288220
8.300000 1.736400
8.350000 -11.542356
8.400000 0.542904
8.450000 -2.468328
8.500000 -4.989840
8.550000 2.750976
8.600000 -4.939453
8.650000 -5.990295
8.700000 2.138380
8.750000 5.295634
8.800000 -2.400438
8.850000 -3.286669
8.900000 1.838568
8.950000 12.468084
9.000000 5.850378
9.050000 -4.094452
9.100000 6.889820
9.150000 -2.502808
9.200000 7.752149
9.250000 3.834741
9.300000 3.520370
9.350000 5.866632
9.400000 -3.623087
9.450000 -6.570077
9.500000 -3.585282
9.550000 -2.700559
9.600000 0.954719
9.650000 -0.271918
9.700000 -3.365376
9.750000 11.606060
9.800000 7.240677
9.850000 7.161040
9.900000 4.988565
9.950000 -5.265947
10.000000 -3.326743
10.050000 -7.734357
10.100000 -8.031650
10.150000 2.572816
10.200000 0.879345
10.250000 2.316026
10.300000 -5.491314
10.350000 -5.845731
10.400000 7.549942
10.450000 9.600752
10.500000 -4.104284
10.550000 1.923888
10.600000 7.639518
10.650000 -0.541354
10.700000 0.864013
10.750000 3.517731
10.800000 -5.979631
10.850000 -6.256927
10.900000 1.503944
10.950000 -3.829881
11.000000 -3.972508
11.050000 0.964984
11.100000 1.779257
11.150000 -1.876731
11.200000 -3.130913
11.250000 3.212931
11.300000 -2.271467
11.350000 -1.950280
11.400000 -1.614396
11.450000 -2.607273
11.500000 -4.789757
11.550000 0.401672
11.600000 0.198596
11.650000 -12.068594
11.700000 -2.991717
11.750000 -5.656930
11.800000 3.989032
11.850000 5.735877
11.900000 1.947291
11.950000 5.252471
12.000000 -4.340760
12.050000 2.087801
12.100000 9.928535
12.150000 -1.863516
12.200000 -2.775213
12.250000 0.016171
12.300000 3.057877
12.350000 0.035703
12.400000 0.239314
12.450000 -0.218375
12.500000 0.784260
12.550000 -5.864667
12.600000 -5.105674
12.650000 -5.412714
12.700000 -2.499655
12.750000 -0.944003
12.800000 -5.504696
12.850000 -2.761020
12.900000 1.081330
12.950000 3.198706
13.000000 0.141154
13.050000 -1.407930
13.100000 3.214828
13.150000 6.188855
13.200000 -5.139832
13.250000 0.762979
13.300000 3.963927
13.350000 1.149352
13.400000 3.256872
13.450000 3.319101
13.500000 2.737797
13.550000 -1.978664
13.600000 2.978740
13.650000 -0.124078
13.700000 3.047706
13.750000 3.963609
13.800000 -2.656445
13.850000 3.784605
13.900000 0.864592
13.950000 -0.506681
14.000000 -3.760857
14.050000 1.880134
14.100000 9.614808
14.150000 4.207634
14.200000 1.775744
14.250000 -1.177728
14.300000 1.867814
14.350000 -3.218253
14.400000 -3.550667
14.450000 -4.940109
14.500000 -4.356887
14.550000 -2.980613
14.600000 -5.735727
14.650000 -0.452754
14.700000 -2.891927
14.750000 -8.809806
14.800000 4.128385
14.850000 -3.792672
14.900000 -2.753211
14.950000 -4.376722
15.000000 -3.990272
15.050000 1.432572
15.100000 -1.546539
15.150000 -1.582578
15.200000 5.018695
15.250000 0.051367
15.300000 8.989637
15.350000 1.319401
15.400000 1.430359
15.450000 -3.432073
15.500000 3.546663
15.550000 2.844567
15.600000 -3.789341
15.650000 2.675301
15.700000 0.755429
15.750000 1.156060
15.800000 6.521012
15.850000 10.123723
15.900000 -0.200681
15.950000 2.737429
16.000000 5.067410
16.050000 1.857674
16.100000 -4.065580
16.150000 -10.926739
16.200000 9.539656
16.250000 2.757829
16.300000 -4.485906
16.350000 1.033060
16.400000 -4.117051
16.450000 -1.432588
16.500000 2.737154
16.550000 0.127956
16.600000 -1.844251
16.650000 5.460322
16.700000 -6.457330
16.750000 -1.489800
16.800000 2.975164
16.850000 -1.425436
16.900000 -1.774697
16.950000 4.346668
17.000000 4.779966
17.050000 -0.136779
17.100000 3.915766
17.150000 8.292767
17.200000 -5.561741
17.250000 3.494473
17.300000 1.521984
17.350000 8.444747
17.400000 -1.846760
17.450000 -4.995420
17.500000 -3.419185
17.550000 2.928999
17.600000 -3.308406
17.650000 3.861887
17.700000 -5.556312
17.750000 3.368289
17.800000 -3.771114
17.850000 1.330188
17.900000 -0.083757
17.950000 -0.360248
18.000000 0.287985
18.050000 -1.345531
18.100000 -5.253502
18.150000 4.596907
18.200000 5.993003
18.250000 1.582133
18.300000 1.526004
18.350000 0.566696
18.400000 3.211066
18.450000 1.814772
18.500000 0.248001
18.550000 0.989194
18.600000 -3.921756
18.650000 -2.524057
18.700000 0.330912
18.750000 -8.083768
18.800000 -6.055410
18.850000 -3.275310
18.900000 -9.902637
18.950000 -0.099359
19.000000 -6.158374
19.050000 1.989452
19.100000 0.725516
19.150000 0.181044
19.200000 -2.582499
19.250000 4.924636
19.300000 11.715247
19.350000 10.292313
19.400000 -2.658507
19.450000 -8.539249
19.500000 0.619740
19.550000 5.440643
19.600000 0.338801
19.650000 -4.270634
19.700000 -3.003317
19.750000 -1.591165
19.799999 -6.750142
19.849999 5.783147
19.899999 1.485965
19.949999 5.009908
