0.000000 4.528505
0.050000 12.263056
0.100000 -15.323235
0.150000 17.645502
0.200000 -3.614993
0.250000 23.391563
0.300000 12.206399
0.350000 12.418952
0.400000 -17.168226
0.450000 -9.077431
0.500000 7.055794
0.550000 -9.116585
0.600000 6.028657
0.650000 -10.508600
0.700000 2.403420
0.750000 -5.927404
0.800000 22.108149
0.850000 9.989488
0.900000 23.825022
0.950000 3.912954
1.000000 18.859295
1.050000 5.480374
1.100000 8.370501
1.150000 0.387385
1.200000 -9.265256
1.250000 -0.347217
1.300000 0.942731
1.350000 -2.896772
1.400000 3.493360
1.450000 -9.273057
1.500000 -0.324859
1.550000 -8.915313
1.600000 -4.468067
1.650000 4.699762
1.700000 3.565109
1.750000 -9.165837
1.800000 -8.931355
1.850000 4.492939
1.900000 20.517723
1.950000 2.785444
2.000000 -5.227949
2.050000 -8.499529
2.100000 -2.335775
2.150000 -0.966374
2.200000 18.297787
2.250000 -1.873819
2.300000 6.960987
2.350000 7.425290
2.400000 0.885166
2.450000 11.884005
2.500000 15.460437
2.550000 1.770126
2.600000 20.530426
2.650000 10.359656
2.700000 16.933592
2.750000 -13.184267
2.800000 -15.891818
2.850000 -50.775063
2.900000 -49.040394
2.950000 -73.562729
3.000000 -44.696285
3.050000 -23.967106
3.100000 -4.150870
3.150000 22.859718
3.200000 44.650517
3.250000 82.406685
3.300000 104.171593
3.350000 110.480026
3.400000 103.106644
3.450000 66.726883
3.500000 33.395370
3.550000 -31.276899
3.600000 -83.952370
3.650000 -127.832840
3.700000 -139.554108
3.750000 -146.601440
3.800000 -130.200287
3.850000 -99.514381
3.900000 -54.472095
3.950000 -14.117777
4.000000 32.943504
4.050000 97.611397
4.100000 109.424690
4.150000 115.743011
4.200000 109.720421
4.250000 107.691559
4.300000 79.399101
4.350000 42.184963
4.400000 0.280678
4.450000 -36.858971
4.500000 -51.473801
4.550000 -64.670525
4.600000 -75.141327
4.650000 -69.149094
4.700000 -71.878181
4.750000 -35.893513
4.800000 -16.264189
4.850000 16.092375
4.900000 46.131020
4.950000 44.270741
5.000000 41.330452
5.050000 64.436890
5.100000 55.460789
5.150000 49.674286
5.200000 39.222218
5.250000 22.615074
5.300000 -3.815307
5.350000 -6.707751
5.400000 -33.728992
5.450000 -35.943108
5.500000 -30.050037
5.550000 -19.822914
5.600000 -7.826068
5.650000 -19.978897
5.700000 0.226695
5.750000 21.073046
5.800000 26.519176
5.850000 15.454550
5.900000 47.572178
5.950000 23.033798
6.000000 21.390699
6.050000 8.328122
6.100000 22.929888
6.150000 16.607746
6.200000 -9.929811
6.250000 -15.339842
6.300000 -13.834608
6.350000 -12.463092
6.400000 -9.045649
6.450000 5.295192
6.500000 7.731982
6.550000 -0.258092
6.600000 -0.215188
6.650000 8.360312
6.700000 8.357857
6.750000 16.245632
6.800000 0.709080
6.850000 -5.279472
6.900000 6.656610
6.950000 5.139217
7.000000 -10.102075
7.050000 -1.538691
7.100000 14.703596
7.150000 -6.223428
7.200000 15.946790
7.250000 -9.374266
7.300000 -5.234546
7.350000 0.648080
7.400000 -1.412919
7.450000 -3.923158
7.500000 -23.019632
7.550000 -4.459917
7.600000 -12.704396
7.650000 14.432211
7.700000 -19.461185
7.750000 1.381298
7.800000 17.118620
7.850000 10.478111
7.900000 4.676626
7.950000 2.595750
8.000000 15.683947
8.050000 10.937481
8.100000 5.879870
8.150000 8.262471
8.200000 -2.925934
8.250000 -12.250906
8.300000 -12.714272
8.350000 8.767773
8.400000 6.629513
8.450000 -25.385862
8.500000 -5.273152
8.550000 -1.876438
8.600000 -9.206071
8.650000 -28.461197
8.700000 7.461800
8.750000 -6.018031
8.800000 18.230814
8.850000 -7.476470
8.900000 6.805583
8.950000 12.901525
9.000000 11.278411
9.050000 2.683354
9.100000 6.956971
9.150000 10.495391
9.200000 -1.670203
9.250000 3.763556
9.300000 -6.477290
9.350000 -6.604148
9.400000 -1.932775
9.450000 -14.741514
9.500000 -15.261593
9.550000 -6.532246
9.600000 -31.749289
9.650000 9.238625
9.700000 6.382514
9.750000 -13.926557
9.800000 -0.114788
9.850000 23.242306
9.900000 16.127733
9.950000 15.679714
10.000000 14.337008
10.050000 -15.463305
10.100000 10.539824
10.150000 18.689013
10.200000 13.099195
10.250000 7.667950
10.300000 -27.871149
10.350000 -19.066010
10.400000 5.890543
10.450000 -14.239980
10.500000 2.829848
10.550000 8.785765
10.600000 25.752289
10.650000 16.247198
10.700000 3.001120
10.750000 1.571864
10.800000 5.862077
10.850000 -5.929010
10.900000 -15.325061
10.950000 -6.606349
11.000000 15.496758
11.050000 23.747368
11.100000 -3.081493
11.150000 -16.724659
11.200000 3.754054
11.250000 -19.565706
11.300000 -10.510604
11.350000 -8.010804
11.400000 11.563939
11.450000 -21.350979
11.500000 -4.013076
11.550000 9.983358
11.600000 6.501194
11.650000 9.281148
11.700000 0.847337
11.750000 10.455155
11.800000 -2.782746
11.850000 -24.280088
11.900000 11.134654
11.950000 12.069859
12.000000 15.771692
12.050000 -8.085693
12.100000 2.794884
12.150000 -3.866516
12.200000 3.656926
12.250000 0.183917
12.300000 -2.409212
12.350000 7.621136
12.400000 2.456214
12.450000 -17.855280
12.500000 4.349946
12.550000 5.085712
12.600000 -20.642887
12.650000 -5.414439
12.700000 -9.428957
12.750000 -0.701658
12.800000 6.146369
12.850000 -2.860003
12.900000 4.533393
12.950000 -2.553344
13.000000 -4.774489
13.050000 5.401315
13.100000 18.793802
13.150000 -0.225564
13.200000 9.159091
13.250000 0.703369
13.300000 6.277689
13.350000 8.064850
13.400000 1.343020
13.450000 10.915424
13.500000 13.395433
13.550000 -4.935076
13.600000 -16.680733
13.650000 -3.676175
13.700000 -22.713976
13.750000 -4.354252
13.800000 11.335702
13.850000 11.792801
13.900000 12.128253
13.950000 8.207601
14.000000 6.603611
14.050000 7.876752
14.100000 1.569044
14.150000 -3.720300
14.200000 10.669252
14.250000 38.500488
14.300000 -4.249438
14.350000 9.463342
14.400000 -0.838595
14.450000 -5.752478
14.500000 -14.040425
14.550000 9.463831
14.600000 9.562281
14.650000 -2.013394
14.700000 6.102630
14.750000 3.439439
14.800000 12.784232
14.850000 -4.174683
14.900000 -14.104453
14.950000 4.791070
15.000000 3.466564
15.050000 -2.121696
15.100000 -7.294316
15.150000 13.608093
15.200000 -19.341387
15.250000 5.849376
15.300000 -7.877989
15.350000 4.891428
15.400000 27.847145
15.450000 27.126560
15.500000 3.855669
15.550000 -4.764696
15.600000 -7.447896
15.650000 12.707677
15.700000 6.160230
15.750000 -13.433853
15.800000 -9.426326
15.850000 4.829060
15.900000 0.719778
15.950000 -2.039681
16.000000 1.788100
16.050000 -6.491856
16.100000 -13.674229
16.150000 19.326290
16.200000 -15.710510
16.250000 -2.012478
16.300000 -15.224853
16.350000 6.900856
16.400000 -21.041294
16.450000 -4.544898
16.500000 -6.544007
16.550000 5.870492
16.600000 -2.161806
16.650000 -25.100439
16.700000 -3.750628
16.750000 -15.753510
16.800000 -9.770734
16.850000 -7.116264
16.900000 -17.775768
16.950000 9.877941
17.000000 9.589289
17.050000 11.498047
17.100000 -3.137627
17.150000 0.318859
17.200000 -9.238012
17.250000 11.422420
17.300000 0.782220
17.350000 -23.375362
17.400000 2.061449
17.450000 7.396371
17.500000 1.533162
17.550000 -16.137974
17.600000 -5.715602
17.650000 0.513176
17.700000 -3.893916
17.750000 -5.656392
17.800000 -4.593404
17.850000 -2.338691
17.900000 -6.941396
17.950000 -5.457977
18.000000 0.095404
18.050000 -4.603876
18.100000 -22.405470
18.150000 -9.705509
18.200000 -0.392314
18.250000 0.980904
18.300000 -11.541782
18.350000 0.844628
18.400000 11.132551
18.450000 2.984672
18.500000 15.871848
18.550000 12.246307
18.600000 22.304035
18.650000 -1.222695
18.700000 4.155559
18.750000 -15.538744
18.800000 -10.026234
18.850000 -14.170279
18.900000 -8.731605
18.950000 -6.538862
19.000000 -22.344126
19.050000 -2.247654
19.100000 21.293642
19.150000 13.836590
19.200000 11.835484
19.250000 19.426592
19.300000 41.024548
19.350000 10.924239
19.400000 41.732357
19.450000 5.500452
19.500000 -6.824945
19.550000 -8.300316
19.600000 -11.127881
19.650000 -15.488138
19.700000 -14.805849
19.750000 -18.834192
19.799999 -13.910667
19.849999 -21.653191
19.899999 -9.387071
19.949999 -0.646541
