0.000000 1.573129
0.050000 -0.232236
0.100000 1.031698
0.150000 0.357471
0.200000 1.402020
0.250000 0.188166
0.300000 2.261786
0.350000 -1.825143
0.400000 -0.777125
0.450000 -0.312991
0.500000 0.545288
0.550000 -0.296917
0.600000 -2.192183
0.650000 -1.143878
0.700000 -2.317380
0.750000 -1.453684
0.800000 -0.982619
0.850000 -1.391953
0.900000 -1.769510
0.950000 0.183643
1.000000 1.426565
1.050000 -1.450656
1.100000 -1.467462
1.150000 0.088336
1.200000 0.496508
1.250000 1.140942
1.300000 2.094421
1.350000 0.026417
1.400000 0.948190
1.450000 1.833869
1.500000 1.919604
1.550000 -1.769582
1.600000 1.486478
1.650000 -0.178541
1.700000 -0.702704
1.750000 0.423876
1.800000 2.341737
1.850000 2.275242
1.900000 -0.300862
1.950000 -1.083137
2.000000 -0.901369
2.050000 -0.629991
2.100000 0.072485
2.150000 -1.693035
2.200000 1.809056
2.250000 -0.581912
2.300000 0.314098
2.350000 -2.434319
2.400000 0.174090
2.450000 -1.564037
2.500000 -0.694649
2.550000 0.894718
2.600000 0.319672
2.650000 0.489697
2.700000 1.091812
2.750000 -1.988441
2.800000 -0.527012
2.850000 2.470167
2.900000 -1.036794
2.950000 0.856512
3.000000 1.104309
3.050000 -1.256911
3.100000 -1.297284
3.150000 0.758984
3.200000 3.728065
3.250000 1.623806
3.300000 2.217188
3.350000 2.676727
3.400000 4.205787
3.450000 1.678001
3.500000 -0.816204
3.550000 -0.164355
3.600000 -1.526299
3.650000 -3.666018
3.700000 -2.205213
3.750000 -5.358193
3.800000 -8.317183
3.850000 -6.502590
3.900000 -5.422460
3.950000 -5.030364
4.000000 -8.267529
4.050000 -3.190668
4.100000 -7.347902
4.150000 -3.671411
4.200000 -1.222841
4.250000 1.397942
4.300000 0.773493
4.350000 2.604743
4.400000 4.001691
4.450000 9.518584
4.500000 11.245793
4.550000 8.213277
4.600000 13.481277
4.650000 11.992496
4.700000 16.262793
4.750000 10.424204
4.800000 13.160372
4.850000 11.764607
4.900000 12.273881
4.950000 12.380443
5.000000 10.081420
5.050000 10.333309
5.100000 3.822812
5.150000 1.959948
5.200000 0.991993
5.250000 -0.379470
5.300000 -4.420991
5.350000 -9.569958
5.400000 -8.311889
5.450000 -13.542674
5.500000 -14.801113
5.550000 -13.217819
5.600000 -18.813168
5.650000 -17.933460
5.700000 -15.994267
5.750000 -14.064310
5.800000 -17.969275
5.850000 -12.945842
5.900000 -12.709639
5.950000 -9.146189
6.000000 -6.157993
6.050000 -3.969350
6.100000 -3.118700
6.150000 -0.741132
6.200000 0.941639
6.250000 8.585499
6.300000 7.560272
6.350000 8.489251
6.400000 12.772076
6.450000 14.516331
6.500000 15.911579
6.550000 14.779122
6.600000 15.120804
6.650000 15.925924
6.700000 14.099764
6.750000 12.116098
6.800000 11.343931
6.850000 11.174543
6.900000 10.712981
6.950000 7.003749
7.000000 3.422870
7.050000 3.958631
7.100000 -0.349512
7.150000 -0.369539
7.200000 -4.471200
7.250000 -3.914247
7.300000 -5.955853
7.350000 -8.369351
7.400000 -8.507176
7.450000 -9.886569
7.500000 -11.846559
7.550000 -9.320578
7.600000 -12.003989
7.650000 -9.174116
7.700000 -7.674478
7.750000 -8.661730
7.800000 -4.456326
7.850000 -3.274047
7.900000 -1.884082
7.950000 -1.125648
7.999999 -0.827836
8.049999 0.474526
8.100000 3.709884
8.150000 1.600258
8.200000 3.007354
8.250000 6.879032
8.300000 6.986680
8.350000 4.264459
8.400000 5.238232
8.450000 6.962540
8.500000 6.035904
8.549999 8.092825
8.599999 6.570482
8.650000 3.668848
8.700000 2.441612
8.750000 2.830751
8.800000 1.876357
8.850000 0.342708
8.900000 -1.803921
8.950000 0.042990
9.000000 -3.044424
9.050000 -1.835660
9.099999 -2.073619
9.149999 -2.240347
9.200000 -3.157422
9.250000 -6.562587
9.300000 -3.374108
9.350000 -0.351437
9.400000 -2.428527
9.450000 -2.280656
9.500000 -3.311248
9.550000 -3.257379
9.600000 -3.113651
9.649999 -4.834904
9.699999 2.374684
9.750000 -0.427107
9.800000 0.083506
9.850000 1.406681
9.900000 1.494765
9.950000 2.098187
10.000000 0.936950
10.050000 -0.425130
10.100000 2.803930
10.150000 3.242689
10.199999 2.723722
10.249999 -0.906868
10.300000 4.116168
10.350000 2.629889
10.400000 2.650432
10.450000 3.199206
10.500000 1.608128
10.550000 4.272235
10.600000 -0.688482
10.650000 0.351272
10.700000 0.269804
10.749999 -1.666129
10.799999 -1.076648
10.849999 -0.267414
10.900000 -1.519509
10.950000 2.047659
11.000000 1.064381
11.050000 1.421598
11.100000 0.659504
11.150000 -0.088801
11.200000 1.618090
11.250000 1.984429
11.299999 0.152766
11.349999 -2.131457
11.399999 1.633493
11.450000 -1.613785
11.500000 0.243499
11.550000 -1.288956
11.600000 0.630113
11.650000 2.224782
11.700000 -0.738163
11.750000 1.469175
11.800000 1.373813
11.849999 2.837667
11.899999 2.132425
11.949999 2.727550
12.000000 1.049291
12.050000 1.482744
12.100000 3.270380
12.150000 -1.426948
12.200000 0.414248
12.250000 1.068786
12.300000 -0.692541
12.350000 -1.419813
12.399999 -4.921670
12.449999 0.099545
12.499999 0.238013
12.550000 -2.035714
12.600000 -4.129288
12.650000 0.432063
12.700000 -4.109375
12.750000 -1.091317
12.800000 -0.367425
12.850000 0.523999
12.900000 -0.592452
12.949999 -1.206190
12.999999 0.536743
13.049999 -2.188919
13.100000 -0.655635
13.150000 -1.281520
13.200000 0.322107
13.250000 -0.380695
13.300000 -1.010966
13.350000 0.718904
13.400000 -1.517549
13.450000 -2.753121
13.499999 -0.481184
13.549999 1.124925
13.599999 -0.087371
13.650000 -2.459832
13.700000 2.003417
13.750000 0.208030
13.800000 -0.043810
13.850000 -3.106888
13.900000 -0.320711
13.950000 -1.950021
14.000000 -0.284784
14.049999 1.209598
14.099999 0.159965
14.149999 0.974414
14.200000 -0.658299
14.250000 -1.593267
14.300000 0.512318
14.350000 0.892272
14.400000 0.497585
14.450000 0.170394
14.500000 1.303853
14.549999 1.021915
14.599999 -1.510111
14.649999 -1.785279
14.699999 3.670950
14.750000 0.840654
14.800000 -1.685235
14.850000 0.843317
14.900000 -0.000765
14.950000 0.159992
15.000000 0.438258
15.050000 -2.867988
15.099999 -0.274736
15.149999 -0.931264
15.199999 0.879977
15.249999 0.864618
15.299999 0.121285
15.350000 0.126424
15.400000 -0.709546
15.450000 -0.978450
15.500000 -1.098477
15.550000 -1.887469
15.600000 0.522948
15.650000 1.672064
15.699999 1.563807
15.750000 0.130328
15.799999 -2.096525
15.850000 -0.320179
15.899999 -2.212651
15.950000 0.426789
15.999999 1.787196
16.050000 -0.169130
16.099999 2.753872
16.150000 3.445523
16.200000 2.052975
16.249999 -0.662698
16.300000 0.745055
16.349999 -0.074637
16.400000 3.788016
16.449999 -2.316227
16.500000 0.610248
16.549999 -0.183531
16.600000 -0.774990
16.649999 1.697761
16.700000 -2.366015
16.750000 -2.184145
16.799999 -0.505907
16.850000 -2.113769
16.899999 -0.612573
16.950000 -3.430865
16.999999 1.386231
17.050000 -1.092415
17.099999 0.964647
17.150000 -2.416679
17.199999 -1.197618
17.250000 -0.874544
17.300000 0.315123
17.349999 -1.184123
17.400000 -0.369408
17.449999 -0.964809
17.500000 -0.613430
17.549999 -0.778824
17.600000 0.090013
17.649999 -3.116733
17.700000 0.677930
17.749999 -1.470596
17.800000 -2.847780
17.850000 1.423152
17.899999 1.071036
17.950000 0.388008
17.999999 0.165055
18.050000 -1.233689
18.099999 2.175977
18.150000 -2.226396
18.199999 0.797977
18.250000 -0.190186
18.299999 -3.701161
18.350000 -4.171344
18.400000 -2.476489
18.449999 1.198965
18.500000 0.336255
18.549999 0.226234
18.600000 0.009780
18.649999 -1.765777
18.700000 1.908098
18.749999 -1.711261
18.800000 -1.720130
18.849999 -0.806135
18.900000 -0.868847
18.950000 1.945972
18.999999 -1.857920
19.050000 -0.062559
19.099999 1.813309
19.150000 -1.279635
19.199999 -0.003867
19.250000 1.175034
19.299999 -3.975348
19.350000 0.323920
19.399999 -1.172604
19.450000 -1.287828
19.500000 1.158234
19.549999 -3.162526
19.600000 0.338508
19.649999 0.906117
19.700000 1.897767
19.749999 0.747110
19.800000 -1.376298
19.849999 -2.197362
19.900000 -1.199064
19.949999 -0.964399
