0.000000 20.773245
0.050000 -39.087025
0.100000 -57.897083
0.150000 -35.315517
0.200000 15.798216
0.250000 -41.930004
0.300000 -35.301514
0.350000 -11.260431
0.400000 2.943719
0.450000 10.232162
0.500000 20.570705
0.550000 -12.998322
0.600000 14.237952
0.650000 31.588215
0.700000 13.585485
0.750000 -21.838575
0.800000 -11.281181
0.850000 -20.475863
0.900000 -27.822260
0.950000 -12.071074
1.000000 -31.245235
1.050000 26.647402
1.100000 31.541695
1.150000 -2.392372
1.200000 -4.710798
1.250000 3.278642
1.300000 3.294564
1.350000 16.497665
1.400000 -1.182361
1.450000 -7.348763
1.500000 0.605870
1.550000 4.152300
1.600000 8.413813
1.650000 -5.721182
1.700000 18.121170
1.750000 37.522057
1.800000 39.028496
1.850000 12.272177
1.900000 10.915894
1.950000 13.464006
2.000000 -0.859145
2.050000 -2.945589
2.100000 9.878241
2.150000 6.059271
2.200000 -2.160651
2.250000 35.190712
2.300000 21.694799
2.350000 24.693441
2.400000 33.429115
2.450000 -17.408613
2.500000 -48.791302
2.550000 -98.960411
2.600000 -127.050301
2.650000 -137.864731
2.700000 -117.982841
2.750000 -86.533157
2.800000 -17.708172
2.850000 57.000011
2.900000 126.910118
2.950000 187.871902
3.000000 243.730087
3.050000 238.669113
3.100000 183.248337
3.150000 79.151779
3.200000 -58.084827
3.250000 -153.828125
3.300000 -264.410126
3.350000 -299.809235
3.400000 -294.875671
3.450000 -232.238312
3.500000 -167.381531
3.550000 8.963935
3.600000 80.663216
3.650000 199.077194
3.700000 276.878937
3.750000 256.174988
3.800000 218.938263
3.850000 164.263855
3.900000 73.739082
3.950000 -48.747864
4.000000 -149.964233
4.050000 -202.331787
4.100000 -194.981400
4.150000 -152.693893
4.200000 -103.221245
4.250000 -18.078033
4.300000 16.321686
4.350000 86.832863
4.400000 75.459412
4.450000 109.133965
4.500000 104.297440
4.550000 57.081154
4.600000 38.647884
4.650000 -2.379242
4.700000 -28.823114
4.750000 -56.691208
4.800000 -49.052494
4.850000 -24.254787
4.900000 -29.673389
4.950000 -13.600572
5.000000 3.322326
5.050000 1.957630
5.100000 17.583927
5.150000 46.361111
5.200000 32.774490
5.250000 37.790321
5.300000 36.039963
5.350000 10.681407
5.400000 32.430038
5.450000 -8.212163
5.500000 -16.017557
5.550000 16.721560
5.600000 -13.175523
5.650000 23.168785
5.700000 10.350861
5.750000 -1.580333
5.800000 -18.569702
5.850000 -34.303104
5.900000 26.573778
5.950000 -7.520026
6.000000 18.714827
6.050000 18.135015
6.100000 25.644743
6.150000 2.626061
6.200000 29.563120
6.250000 18.670639
6.300000 18.175999
6.350000 39.201427
6.400000 7.296351
6.450000 -2.837898
6.500000 -18.432678
6.550000 -31.835270
6.600000 -23.636656
6.650000 13.515741
6.700000 -3.231702
6.750000 31.158031
6.800000 0.268453
6.850000 41.971603
6.900000 22.122675
6.950000 15.153458
7.000000 11.287230
7.050000 2.889350
7.100000 9.962195
7.150000 4.420275
7.200000 -27.359411
7.250000 -5.542850
7.300000 -11.446492
7.350000 -18.834122
7.400000 0.206606
7.450000 -19.579323
7.500000 28.250284
7.550000 51.621796
7.600000 41.234306
7.650000 35.199661
7.700000 10.138055
7.750000 20.837366
7.800000 -3.921795
7.850000 -9.930107
7.900000 -18.848040
7.950000 2.880755
7.999999 -17.182848
8.049999 -7.206932
8.100000 13.946285
8.150000 -14.142654
8.200000 30.256910
8.250000 -16.633543
8.300000 20.513769
8.350000 26.532930
8.400000 -5.769708
8.450000 26.329592
8.500000 9.518178
8.549999 12.199926
8.599999 -9.414534
8.650000 -21.694145
8.700000 8.463144
8.750000 7.130372
8.800000 -20.676548
8.850000 13.039101
8.900000 0.785251
8.950000 20.039688
9.000000 -8.696718
9.050000 3.232658
9.099999 -2.778584
9.149999 -1.919671
9.200000 -32.800488
9.250000 -31.704769
9.300000 -4.305822
9.350000 -0.239335
9.400000 -19.978027
9.450000 15.978618
9.500000 8.262576
9.550000 12.174279
9.600000 34.511730
9.649999 -6.069327
9.699999 20.769054
9.750000 1.215289
9.800000 -17.441179
9.850000 -24.979460
9.900000 -34.749756
9.950000 -34.137836
10.000000 16.281963
10.050000 -18.096802
10.100000 30.820282
10.150000 32.824951
10.199999 48.860943
10.249999 35.338158
10.300000 25.223421
10.350000 4.467569
10.400000 -9.222686
10.450000 -8.720647
10.500000 -27.424133
10.550000 -6.402142
10.600000 -11.116219
10.650000 -1.937583
10.700000 -19.073292
10.749999 16.100426
10.799999 16.497517
10.849999 -29.829336
10.900000 13.398484
10.950000 -14.890767
11.000000 -3.155799
11.050000 2.543726
11.100000 3.366270
11.150000 23.210730
11.200000 5.971186
11.250000 24.468485
11.299999 -35.022839
11.349999 -15.070324
11.399999 17.271477
11.450000 24.124699
11.500000 -14.993506
11.550000 -0.298612
11.600000 17.436899
11.650000 37.145744
11.700000 15.097288
11.750000 16.959856
11.800000 -10.781728
11.849999 23.279125
11.899999 -0.928169
11.949999 -13.892612
12.000000 27.289234
12.050000 -21.995644
12.100000 0.823847
12.150000 -43.466827
12.200000 -9.127481
12.250000 6.663330
12.300000 9.381660
12.350000 -6.013876
12.399999 4.239623
12.449999 1.516613
12.499999 -3.978223
12.550000 22.076460
12.600000 10.037665
12.650000 -9.927649
12.700000 -13.030395
12.750000 -10.359788
12.800000 -3.036452
12.850000 36.513481
12.900000 -2.038715
12.949999 17.507168
12.999999 -15.452031
13.049999 -1.052175
13.100000 5.607928
13.150000 -16.908598
13.200000 -3.589537
13.250000 2.724935
13.300000 -1.350050
13.350000 22.516590
13.400000 6.017095
13.450000 -11.368090
13.499999 0.805653
13.549999 -7.351598
13.599999 12.929942
13.650000 -17.244810
13.700000 -11.236440
13.750000 18.742250
13.800000 15.139910
13.850000 16.399828
13.900000 -17.987129
13.950000 -1.186132
14.000000 7.191555
14.049999 -0.432087
14.099999 -31.093185
14.149999 -13.941189
14.200000 -20.086201
14.250000 4.255847
14.300000 12.490449
14.350000 28.142830
14.400000 15.338856
14.450000 -5.917494
14.500000 22.409359
14.549999 2.418940
14.599999 -2.399097
14.649999 -5.501121
14.699999 -15.403512
14.750000 1.312347
14.800000 -11.337106
14.850000 -21.751667
14.900000 26.634087
14.950000 16.998255
15.000000 -14.827781
15.050000 49.564228
15.099999 34.639481
15.149999 -1.954459
15.199999 8.057121
15.249999 -8.634295
15.299999 -14.808362
15.350000 -16.902424
15.400000 -13.013614
15.450000 -9.730675
15.500000 17.594004
15.550000 18.111652
15.600000 6.810168
15.650000 -9.981757
15.699999 26.390841
15.750000 -2.605563
15.799999 -10.196636
15.850000 1.372763
15.899999 -8.471646
15.950000 0.639564
15.999999 11.624513
16.050000 -0.920571
16.099999 -0.559102
16.150000 2.444441
16.200000 15.536342
16.249999 4.354517
16.300000 25.906332
16.349999 26.032232
16.400000 -12.400810
16.449999 13.666174
16.500000 -12.407475
16.549999 -9.005742
16.600000 3.235451
16.649999 5.678535
16.700000 -27.263287
16.750000 -5.298809
16.799999 -42.775482
16.850000 6.041845
16.899999 -6.752283
16.950000 -8.200220
16.999999 16.508554
17.050000 -8.262241
17.099999 -12.457916
17.150000 -10.666089
17.199999 17.235294
17.250000 16.094213
17.300000 -0.370575
17.349999 -10.053639
17.400000 -10.351975
17.449999 13.063249
17.500000 -12.002725
17.549999 -11.605303
17.600000 8.982129
17.649999 26.318508
17.700000 5.931310
17.749999 15.722978
17.800000 -0.499937
17.850000 -22.269329
17.899999 21.261505
17.950000 33.062840
17.999999 4.796298
18.050000 14.001558
18.099999 31.176701
18.150000 25.452589
18.199999 22.564545
18.250000 16.096872
18.299999 -11.903981
18.350000 26.667957
18.400000 -7.756707
18.449999 6.810797
18.500000 -58.687901
18.549999 -20.938538
18.600000 -43.053539
18.649999 -25.763056
18.700000 -8.918433
18.749999 31.333248
18.800000 15.149809
18.849999 39.506374
18.900000 32.576221
18.950000 41.952511
18.999999 -3.265071
19.050000 14.507001
19.099999 4.509351
19.150000 -8.900583
19.199999 -6.171437
19.250000 -31.842566
19.299999 -50.077816
19.350000 -42.762741
19.399999 -29.607445
19.450000 -62.376389
19.500000 -0.245016
19.549999 20.216818
19.600000 6.943996
19.649999 4.632034
19.700000 6.846053
19.749999 29.891571
19.800000 -0.304429
19.849999 5.857504
19.900000 -11.284184
19.949999 -24.270428
