0.000000 3.177764
0.050000 -2.276551
0.100000 -13.025199
0.150000 -10.666087
0.200000 11.504591
0.250000 9.801256
0.300000 2.021940
0.350000 1.420907
0.400000 -2.072529
0.450000 8.444510
0.500000 6.609974
0.550000 -2.549824
0.600000 8.537848
0.650000 3.331260
0.700000 -0.102645
0.750000 -8.609440
0.800000 5.087111
0.850000 3.909349
0.900000 0.800341
0.950000 4.353534
1.000000 7.336072
1.050000 -0.619947
1.100000 -5.546268
1.150000 -6.685557
1.200000 -1.405905
1.250000 13.934329
1.300000 6.151084
1.350000 5.152670
1.400000 2.345150
1.450000 3.515726
1.500000 8.338736
1.550000 0.005208
1.600000 -0.531976
1.650000 5.864647
1.700000 -0.900635
1.750000 11.202403
1.800000 3.004893
1.850000 1.329620
1.900000 6.923489
1.950000 -12.242507
2.000000 -1.244763
2.050000 7.121881
2.100000 -5.227643
2.150000 11.268491
2.200000 1.473075
2.250000 -1.260625
2.300000 9.929565
2.350000 -4.200825
2.400000 -6.223201
2.450000 17.656027
2.500000 4.588085
2.550000 11.330906
2.600000 7.318697
2.650000 -10.168634
2.700000 -11.444240
2.750000 2.212056
2.800000 -13.539989
2.850000 1.388360
2.900000 -9.081203
2.950000 -3.587432
3.000000 -28.593327
3.050000 -15.422676
3.100000 -3.821963
3.150000 -6.573304
3.200000 -2.522714
3.250000 4.816393
3.300000 22.808224
3.350000 26.661594
3.400000 46.381428
3.450000 58.007778
3.500000 42.068737
3.550000 45.764103
3.600000 30.164999
3.650000 25.632870
3.700000 -0.851008
3.750000 -33.944145
3.800000 -40.124207
3.850000 -51.021267
3.900000 -47.994652
3.950000 -54.883018
4.000000 -47.428925
4.050000 -39.524441
4.100000 -21.926497
4.150000 5.462474
4.200000 6.859957
4.250000 26.524345
4.300000 48.904987
4.350000 52.776054
4.400000 39.357719
4.450000 43.407513
4.500000 34.456234
4.550000 31.842934
4.600000 13.359920
4.650000 1.374388
4.700000 -8.324128
4.750000 -26.369314
4.800000 -25.861403
4.850000 -25.605875
4.900000 -32.739574
4.950000 -29.879784
5.000000 -26.234276
5.050000 -20.845131
5.100000 -12.746278
5.150000 -9.525685
5.200000 10.298464
5.250000 15.733545
5.300000 31.020924
5.350000 27.338116
5.400000 31.644518
5.450000 27.640554
5.500000 14.217796
5.550000 14.396376
5.600000 2.485432
5.650000 -5.375764
5.700000 -1.152498
5.750000 -15.462861
5.800000 -7.945079
5.850000 -13.751630
5.900000 -12.644807
5.950000 -17.617891
6.000000 -7.213573
6.050000 -5.163362
6.100000 -6.579591
6.150000 10.611431
6.200000 7.962972
6.250000 19.866062
6.300000 19.798101
6.350000 6.080311
6.400000 11.014663
6.450000 1.777149
6.500000 12.092716
6.550000 4.320189
6.600000 3.104670
6.650000 -4.278720
6.700000 -2.404139
6.750000 -0.071676
6.800000 -6.076337
6.850000 3.389817
6.900000 -14.573359
6.950000 3.263062
7.000000 -3.120061
7.050000 -4.576160
7.100000 1.467863
7.150000 2.894645
7.200000 6.871845
7.250000 7.374306
7.300000 13.869005
7.350000 3.847934
7.400000 -1.178190
7.450000 -7.457218
7.500000 5.543183
7.550000 -12.443235
7.600000 -8.525486
7.650000 -2.710338
7.700000 -12.970331
7.750000 -3.427001
7.800000 -1.484151
7.850000 0.347541
7.900000 -12.783952
7.950000 1.528869
7.999999 7.464014
8.049999 0.137837
8.100000 2.563663
8.150000 9.090181
8.200000 13.793068
8.250000 4.555806
8.300000 -5.662140
8.350000 1.553019
8.400000 -8.936214
8.450000 -0.286527
8.500000 4.003456
8.549999 -5.794952
8.599999 -10.735927
8.650000 -4.663255
8.700000 -2.788891
8.750000 -11.945642
8.800000 -9.279877
8.850000 -7.675460
8.900000 1.678471
8.950000 -3.503224
9.000000 -7.468486
9.050000 -3.941081
9.099999 -0.761386
9.149999 5.761641
9.200000 13.298730
9.250000 6.706373
9.300000 -7.162803
9.350000 1.618796
9.400000 0.243666
9.450000 1.083189
9.500000 2.115252
9.550000 -1.748588
9.600000 -1.856653
9.649999 -12.148578
9.699999 -6.126453
9.750000 -7.523820
9.800000 -13.568177
9.850000 0.528922
9.900000 2.934776
9.950000 1.021311
10.000000 -2.656752
10.050000 17.096144
10.100000 -3.025741
10.150000 0.429824
10.199999 7.738069
10.249999 0.382183
10.300000 -6.063701
10.350000 5.755917
10.400000 -2.946507
10.450000 -8.494711
10.500000 9.113579
10.550000 13.739915
10.600000 10.305774
10.650000 -18.379623
10.700000 9.054789
10.749999 -10.953115
10.799999 -4.448146
10.849999 1.558471
10.900000 4.661364
10.950000 -16.950079
11.000000 -4.375985
11.050000 -6.509078
11.100000 -9.028872
11.150000 6.128829
11.200000 -8.454520
11.250000 -0.843671
11.299999 6.886085
11.349999 1.969206
11.399999 -10.202105
11.450000 -1.532525
11.500000 -5.874080
11.550000 -4.657110
11.600000 -16.165016
11.650000 2.217181
11.700000 3.571007
11.750000 -2.245422
11.800000 3.218767
11.849999 -2.978757
11.899999 3.326077
11.949999 1.080659
12.000000 -4.970191
12.050000 6.111615
12.100000 3.411909
12.150000 13.848547
12.200000 3.339396
12.250000 1.070866
12.300000 1.030751
12.350000 -8.666628
12.399999 -3.180204
12.449999 -8.602560
12.499999 5.610400
12.550000 2.310385
12.600000 3.080360
12.650000 4.327524
12.700000 5.868317
12.750000 2.628837
12.800000 2.507837
12.850000 -2.667529
12.900000 -3.146332
12.949999 -13.045907
12.999999 9.834076
13.049999 4.824148
13.100000 6.507991
13.150000 2.938050
13.200000 3.100603
13.250000 9.877519
13.300000 -7.634209
13.350000 6.608362
13.400000 -3.972464
13.450000 -7.239018
13.499999 0.392610
13.549999 -3.594742
13.599999 8.402627
13.650000 -12.179815
13.700000 10.137818
13.750000 -10.275193
13.800000 -0.277039
13.850000 -0.073124
13.900000 -0.491842
13.950000 0.378775
14.000000 2.668948
14.049999 3.017825
14.099999 1.619597
14.149999 -5.387311
14.200000 8.374029
14.250000 -0.713692
14.300000 11.801630
14.350000 -8.127770
14.400000 2.255946
14.450000 6.101512
14.500000 0.483253
14.549999 -4.383490
14.599999 1.884001
14.649999 7.093851
14.699999 -5.890090
14.750000 -5.356633
14.800000 1.371470
14.850000 -6.799291
14.900000 -8.940037
14.950000 -1.765041
15.000000 -1.202532
15.050000 -4.626772
15.099999 8.370785
15.149999 -4.514917
15.199999 15.002233
15.249999 4.699455
15.299999 -4.613024
15.350000 1.011957
15.400000 -1.461424
15.450000 -4.658692
15.500000 9.442458
15.550000 12.383111
15.600000 6.005500
15.650000 -10.837462
15.699999 -0.902272
15.750000 -0.697894
15.799999 4.595235
15.850000 6.561460
15.899999 -3.132255
15.950000 -12.675947
15.999999 -4.293477
16.050000 5.381029
16.099999 -1.040762
16.150000 -3.278332
16.200000 -12.829737
16.249999 0.602611
16.300000 -1.279769
16.349999 2.678144
16.400000 6.127649
16.449999 -7.877326
16.500000 4.845938
16.549999 1.990916
16.600000 -1.392563
16.649999 9.817506
16.700000 1.897226
16.750000 2.104011
16.799999 -3.304302
16.850000 5.062034
16.899999 9.898331
16.950000 2.404814
16.999999 -10.253390
17.050000 -9.371743
17.099999 -7.152290
17.150000 2.773393
17.199999 -4.724153
17.250000 7.109673
17.300000 5.198943
17.349999 -4.911153
17.400000 8.796291
17.449999 8.399467
17.500000 -0.344186
17.549999 2.823154
17.600000 3.755416
17.649999 13.250554
17.700000 -0.786072
17.749999 -9.472472
17.800000 -5.994019
17.850000 -0.021742
17.899999 14.931988
17.950000 -4.397864
17.999999 -6.218205
18.050000 -1.135827
18.099999 4.753040
18.150000 -14.472871
18.199999 1.842990
18.250000 1.523227
18.299999 8.329646
18.350000 -4.526318
18.400000 -5.948948
18.449999 9.109847
18.500000 8.723321
18.549999 8.967183
18.600000 3.801358
18.649999 3.255409
18.700000 4.410666
18.749999 -0.797178
18.800000 -5.146998
18.849999 4.050163
18.900000 -6.630734
18.950000 2.597981
18.999999 -4.890149
19.050000 -3.845995
19.099999 -9.709788
19.150000 -6.726528
19.199999 -9.416516
19.250000 -4.202295
19.299999 -9.748969
19.350000 9.737343
19.399999 13.197931
19.450000 1.752269
19.500000 5.268543
19.549999 8.437605
19.600000 -5.486349
19.649999 3.568331
19.700000 2.145782
19.749999 6.619524
19.800000 -15.048339
19.849999 -2.166978
19.900000 -7.504231
19.949999 -7.354548
