0.000000 -3.062768
0.050000 1.074140
0.100000 -1.234314
0.150000 4.138944
0.200000 -4.418890
0.250000 -3.411680
0.300000 7.816600
0.350000 -1.232012
0.400000 6.772708
0.450000 6.528918
0.500000 5.199829
0.550000 3.091775
0.600000 4.173723
0.650000 3.397072
0.700000 1.171075
0.750000 -2.310674
0.800000 -2.667062
0.850000 -4.743102
0.900000 2.817629
0.950000 1.108538
1.000000 5.155221
1.050000 3.818060
1.100000 6.521640
1.150000 -2.150757
1.200000 3.393013
1.250000 -0.236749
1.300000 -2.474786
1.350000 1.755951
1.400000 0.668444
1.450000 -2.977392
1.500000 2.509503
1.550000 4.627451
1.600000 5.288288
1.650000 -8.359588
1.700000 -5.560865
1.750000 3.092457
1.800000 8.622679
1.850000 3.920639
1.900000 0.765153
1.950000 8.797469
2.000000 9.103589
2.050000 6.541922
2.100000 -3.168153
2.150000 -8.731960
2.200000 -15.420358
2.250000 -16.157545
2.300000 -13.877768
2.350000 -2.476186
2.400000 1.672502
2.450000 16.340479
2.500000 28.484753
2.550000 36.098331
2.600000 36.983601
2.650000 22.058174
2.700000 -4.746692
2.750000 -36.053406
2.800000 -43.203255
2.850000 -47.907608
2.900000 -35.499676
2.950000 -13.170758
3.000000 17.722298
3.050000 45.863392
3.100000 44.823647
3.150000 45.901527
3.200000 25.951468
3.250000 1.954629
3.300000 -23.326578
3.350000 -38.193317
3.400000 -40.942303
3.450000 -39.395382
3.500000 -19.237658
3.550000 -5.224226
3.600000 16.566395
3.650000 38.093536
3.700000 39.604485
3.750000 19.334200
3.800000 14.733967
3.850000 -5.767445
3.900000 -15.012426
3.950000 -25.533630
4.000000 -22.581881
4.050000 -13.844221
4.100000 -2.541892
4.150000 13.865251
4.200000 22.791201
4.250000 13.509875
4.300000 7.823680
4.350000 0.906637
4.400000 -8.556724
4.450000 -7.925134
4.500000 -7.638616
4.550000 -1.636256
4.600000 -10.354518
4.650000 8.606661
4.700000 13.390561
4.750000 4.414779
4.800000 8.863809
4.850000 -2.044867
4.900000 -2.884237
4.950000 -11.915886
5.000000 -13.041242
5.050000 1.918705
5.100000 3.936987
5.150000 0.286850
5.200000 8.662245
5.250000 2.285121
5.300000 2.194555
5.350000 3.929547
5.400000 -7.972376
5.450000 -11.610928
5.500000 -16.347706
5.550000 -1.744367
5.600000 2.968490
5.650000 1.781749
5.700000 4.950984
5.750000 10.629791
5.800000 11.679188
5.850000 -1.140892
5.900000 3.460975
5.950000 -3.617038
6.000000 -1.512013
6.050000 -5.018786
6.100000 -5.504291
6.150000 -2.559950
6.200000 9.492409
6.250000 9.779760
6.300000 3.532097
6.350000 3.902600
6.400000 -2.944946
6.450000 -0.155853
6.500000 -9.793650
6.550000 -10.229278
6.600000 -4.802250
6.650000 -6.166005
6.700000 5.457580
6.750000 0.669685
6.800000 6.455924
6.850000 -1.085299
6.900000 6.052516
6.950000 1.996408
7.000000 4.493896
7.050000 3.662634
7.100000 1.096568
7.150000 -3.765733
7.200000 -11.163422
7.250000 1.373448
7.300000 0.419788
7.350000 5.742188
7.400000 -5.995673
7.450000 -2.403684
7.500000 4.093425
7.550000 6.213701
7.600000 -1.137890
7.650000 -1.150987
7.700000 1.745694
7.750000 2.632995
7.800000 -2.674457
7.850000 6.172908
7.900000 0.870584
7.950000 -2.093205
7.999999 1.700358
8.049999 -0.689606
8.100000 1.034295
8.150000 5.257524
8.200000 -4.378656
8.250000 0.941519
8.300000 3.631272
8.350000 3.303859
8.400000 0.028238
8.450000 -7.920795
8.500000 2.113493
8.549999 4.106881
8.599999 -2.507156
8.650000 4.762932
8.700000 -2.775877
8.750000 -0.873044
8.800000 1.357720
8.850000 0.603087
8.900000 2.192573
8.950000 -2.205509
9.000000 1.857077
9.050000 2.759562
9.099999 5.316756
9.149999 -0.585402
9.200000 -0.028023
9.250000 -0.084327
9.300000 -0.715346
9.350000 -2.772137
9.400000 -0.621933
9.450000 0.700959
9.500000 2.433796
9.550000 4.684354
9.600000 -4.444146
9.649999 5.701892
9.699999 1.870112
9.750000 5.567893
9.800000 5.190285
9.850000 -5.686944
9.900000 -3.044311
9.950000 -0.879338
10.000000 2.395533
10.050000 -3.127433
10.100000 4.766655
10.150000 5.217412
10.199999 6.176062
10.249999 5.044714
10.300000 4.041969
10.350000 5.705810
10.400000 -1.335056
10.450000 1.720741
10.500000 0.907512
10.550000 4.787397
10.600000 2.213454
10.650000 -0.354364
10.700000 3.167685
10.749999 -4.518124
10.799999 -4.807886
10.849999 -0.442327
10.900000 6.893491
10.950000 0.098331
11.000000 0.543546
11.050000 -3.214724
11.100000 -2.587850
11.150000 -3.170138
11.200000 -8.383601
11.250000 -1.583625
11.299999 -1.789795
11.349999 9.025417
11.399999 -3.920061
11.450000 -6.916821
11.500000 -0.677972
11.550000 -3.932996
11.600000 -0.102808
11.650000 1.413802
11.700000 0.689720
11.750000 -1.248082
11.800000 5.130122
11.849999 8.686875
11.899999 0.707870
11.949999 3.055140
12.000000 2.111621
12.050000 -6.842503
12.100000 -3.842782
12.150000 2.835135
12.200000 0.961938
12.250000 -1.342834
12.300000 6.890072
12.350000 -4.499595
12.399999 -2.710654
12.449999 1.989453
12.499999 2.339227
12.550000 3.505703
12.600000 11.021360
12.650000 -1.289594
12.700000 7.175875
12.750000 -8.334462
12.800000 4.448225
12.850000 1.258165
12.900000 -4.214139
12.949999 -1.497034
12.999999 -4.071824
13.049999 -0.616914
13.100000 -1.266167
13.150000 -0.842318
13.200000 -5.481070
13.250000 2.304151
13.300000 -7.968565
13.350000 4.396394
13.400000 5.434229
13.450000 2.692581
13.499999 4.223837
13.549999 -4.830447
13.599999 -3.816308
13.650000 2.110678
13.700000 -3.713366
13.750000 0.009865
13.800000 -4.860624
13.850000 5.985882
13.900000 6.510978
13.950000 0.880705
14.000000 1.671426
14.049999 -4.101477
14.099999 -0.143572
14.149999 -3.825817
14.200000 -4.541750
14.250000 -3.314126
14.300000 0.527032
14.350000 3.217992
14.400000 1.679699
14.450000 -2.666712
14.500000 5.688074
14.549999 3.343410
14.599999 2.266974
14.649999 2.277886
14.699999 6.947517
14.750000 -4.257934
14.800000 -2.901830
14.850000 8.424447
14.900000 0.271128
14.950000 3.073199
15.000000 1.976641
15.050000 4.307564
15.099999 -2.957924
15.149999 1.794139
15.199999 2.370697
15.249999 -2.082588
15.299999 -5.700299
15.350000 -4.433753
15.400000 4.842605
15.450000 3.330577
15.500000 -3.428312
15.550000 -0.310081
15.600000 3.323561
15.650000 5.227143
15.699999 3.142963
15.750000 2.791441
15.799999 -6.553843
15.850000 6.915223
15.899999 -9.921850
15.950000 -5.665340
15.999999 -1.264951
16.050000 1.116056
16.099999 5.498651
16.150000 4.962818
16.200000 5.800172
16.249999 1.864227
16.300000 0.311206
16.349999 -4.446163
16.400000 0.519295
16.449999 3.997522
16.500000 -0.059055
16.549999 -4.924479
16.600000 2.225386
16.649999 7.231194
16.700000 3.864005
16.750000 7.430012
16.799999 4.097717
16.850000 0.793347
16.899999 -3.176846
16.950000 2.391132
16.999999 1.951080
17.050000 -5.207354
17.099999 3.659289
17.150000 1.726160
17.199999 -0.344208
17.250000 2.317411
17.300000 5.524487
17.349999 -0.903281
17.400000 1.880944
17.449999 -6.495781
17.500000 6.985588
17.549999 2.257199
17.600000 -2.496888
17.649999 3.809209
17.700000 -3.545063
17.749999 1.255486
17.800000 1.129721
17.850000 1.432722
17.899999 -0.080714
17.950000 -10.100476
17.999999 -5.360744
18.050000 -10.743692
18.099999 -1.122322
18.150000 -0.745765
18.199999 2.747937
18.250000 2.162739
18.299999 0.438094
18.350000 3.291619
18.400000 2.897924
18.449999 -2.990746
18.500000 -4.415363
18.549999 -8.581750
18.600000 -8.926066
18.649999 1.476054
18.700000 -3.076822
18.749999 -3.669080
18.800000 0.661592
18.849999 -2.276939
18.900000 2.606322
18.950000 4.823002
18.999999 1.255302
19.050000 1.117165
19.099999 -0.667565
19.150000 -0.358471
19.199999 -1.383410
19.250000 3.892539
19.299999 -4.778533
19.350000 -0.180747
19.399999 1.788889
19.450000 5.259814
19.500000 -0.192793
19.549999 0.655036
19.600000 -1.202760
19.649999 -3.482787
19.700000 1.149023
19.749999 3.769578
19.800000 0.877912
19.849999 3.296656
19.900000 0.537402
19.949999 1.553330
