0.000000 15.642777
0.050000 -1.862560
0.100000 5.618968
0.150000 36.636082
0.200000 -6.227394
0.250000 5.185595
0.300000 12.707039
0.350000 10.092975
0.400000 3.603990
0.450000 -6.259575
0.500000 -2.134280
0.550000 -5.041246
0.600000 -1.240348
0.650000 -24.392536
0.700000 -5.382517
0.750000 -20.418922
0.800000 -11.097444
0.850000 -11.834024
0.900000 -9.837146
0.950000 -16.468317
1.000000 -9.432716
1.050000 -14.709154
1.100000 7.683375
1.150000 -13.236536
1.200000 12.848684
1.250000 0.569043
1.300000 -8.853610
1.350000 11.001007
1.400000 2.050079
1.450000 5.491412
1.500000 17.223852
1.550000 -1.389584
1.600000 5.833208
1.650000 13.991608
1.700000 4.355955
1.750000 11.622484
1.800000 7.558686
1.850000 4.556578
1.900000 4.581069
1.950000 4.729423
2.000000 1.805318
2.050000 5.787923
2.100000 -3.166356
2.150000 14.127211
2.200000 0.069732
2.250000 -17.096674
2.300000 10.540427
2.350000 -2.282169
2.400000 -2.006810
2.450000 17.231873
2.500000 4.847199
2.550000 -10.117270
2.600000 -6.199524
2.650000 -12.935146
2.700000 -15.858178
2.750000 -7.367499
2.800000 4.497836
2.850000 12.462193
2.900000 -10.956038
2.950000 1.748433
3.000000 3.818320
3.050000 13.990849
3.100000 22.092764
3.150000 2.117179
3.200000 5.611952
3.250000 5.298357
3.300000 2.532641
3.350000 3.243919
3.400000 -3.661400
3.450000 2.609275
3.500000 6.905486
3.550000 7.532339
3.600000 8.738783
3.650000 24.138412
3.700000 8.712440
3.750000 32.728962
3.800000 44.980911
3.850000 13.430350
3.900000 50.375702
3.950000 20.522221
4.000000 34.282860
4.050000 26.783947
4.100000 48.328167
4.150000 31.904762
4.200000 23.426695
4.250000 31.817930
4.300000 24.212681
4.350000 1.277065
4.400000 15.374508
4.450000 -14.992688
4.500000 -2.733311
4.550000 0.550939
4.600000 -38.239059
4.650000 -26.671368
4.700000 -50.454201
4.750000 -36.562153
4.800000 -68.255630
4.850000 -46.063187
4.900000 -56.044022
4.950000 -65.276772
5.000000 -60.675026
5.050000 -97.074402
5.100000 -93.059555
5.150000 -84.532959
5.200000 -89.150909
5.250000 -81.046387
5.300000 -76.774979
5.350000 -74.679649
5.400000 -61.132038
5.450000 -56.857731
5.500000 -57.052177
5.550000 -46.386993
5.600000 -52.141266
5.650000 -34.050396
5.700000 -32.707378
5.750000 -37.444321
5.800000 -11.679168
5.850000 11.837311
5.900000 8.359758
5.950000 29.534807
6.000000 44.254402
6.050000 35.592331
6.100000 54.558136
6.150000 56.586781
6.200000 75.415276
6.250000 70.619705
6.300000 89.868027
6.350000 100.917953
6.400000 97.924690
6.450000 97.367966
6.500000 97.497559
6.550000 107.226624
6.600000 103.805222
6.650000 81.994019
6.700000 117.840729
6.750000 111.560303
6.800000 97.460365
6.850000 87.100723
6.900000 90.557228
6.950000 98.568062
7.000000 69.561562
7.050000 64.155212
7.100000 60.032375
7.150000 44.547070
7.200000 28.150848
7.250000 36.833054
7.300000 13.791672
7.350000 11.489937
7.400000 -18.474371
7.450000 -33.710026
7.500000 -49.697823
7.550000 -58.939926
7.600000 -48.800224
7.650000 -58.570599
7.700000 -96.156517
7.750000 -96.943413
7.800000 -103.663956
7.850000 -99.454369
7.900000 -115.949074
7.950000 -124.209183
7.999999 -103.607773
8.049999 -107.251396
8.100000 -127.280334
8.150000 -98.238144
8.200000 -106.288956
8.250000 -101.610893
8.300000 -80.631973
8.350000 -97.710648
8.400000 -78.632652
8.450000 -86.516548
8.500000 -69.801720
8.549999 -44.253075
8.599999 -28.735405
8.650000 -50.486877
8.700000 -23.004519
8.750000 -1.765004
8.800000 -8.827067
8.850000 2.550272
8.900000 27.831263
8.950000 37.641056
9.000000 37.781357
9.050000 49.131413
9.099999 29.152023
9.149999 72.443970
9.200000 83.640289
9.250000 69.516708
9.300000 69.106812
9.350000 93.936157
9.400000 69.725639
9.450000 94.154427
9.500000 89.032654
9.550000 69.689270
9.600000 77.819870
9.649999 73.519173
9.699999 82.395561
9.750000 55.478642
9.800000 72.969856
9.850000 64.149246
9.900000 56.540417
9.950000 46.686951
10.000000 46.218601
10.050000 41.286243
10.100000 50.789677
10.150000 18.235947
10.199999 22.959808
10.249999 16.047232
10.300000 23.846951
10.350000 16.774214
10.400000 -6.325110
10.450000 -1.195475
10.500000 -5.530663
10.550000 -14.943517
10.600000 -31.943808
10.650000 -27.078239
10.700000 -26.963148
10.749999 -39.416344
10.799999 -38.612946
10.849999 -22.167145
10.900000 -23.750725
10.950000 -22.733376
11.000000 -28.979427
11.050000 -37.889019
11.100000 -27.972198
11.150000 -18.507549
11.200000 -22.762278
11.250000 -32.270313
11.299999 -26.976698
11.349999 -23.469061
11.399999 -30.582865
11.450000 -43.063187
11.500000 -21.930801
11.550000 -37.984821
11.600000 -43.799610
11.650000 -18.522467
11.700000 -27.088820
11.750000 -7.069038
11.800000 -30.547354
11.849999 9.887849
11.899999 0.822187
11.949999 15.513650
12.000000 19.329144
12.050000 4.907228
12.100000 17.757338
12.150000 6.986780
12.200000 21.080223
12.250000 11.115620
12.300000 14.355188
12.350000 35.190891
12.399999 21.456450
12.449999 22.765043
12.499999 21.842279
12.550000 17.195379
12.600000 -3.848405
12.650000 6.869642
12.700000 10.091935
12.750000 0.277575
12.800000 8.069059
12.850000 17.644358
12.900000 22.430576
12.949999 21.008856
12.999999 22.294546
13.049999 3.121447
13.100000 0.613977
13.150000 -0.832911
13.200000 -9.398941
13.250000 -8.086169
13.300000 24.543421
13.350000 11.322577
13.400000 -5.764295
13.450000 3.140194
13.499999 -4.349415
13.549999 -19.704725
13.599999 13.933480
13.650000 -10.093613
13.700000 19.461288
13.750000 -2.367295
13.800000 3.201073
13.850000 20.825670
13.900000 -2.317013
13.950000 5.505020
14.000000 11.304206
14.049999 14.755511
14.099999 15.389956
14.149999 -4.443082
14.200000 25.065655
14.250000 9.797918
14.300000 -4.048419
14.350000 8.270041
14.400000 -14.579358
14.450000 20.348112
14.500000 -7.035165
14.549999 10.946459
14.599999 2.421426
14.649999 9.284829
14.699999 14.715537
14.750000 10.922798
14.800000 -6.389508
14.850000 -6.611131
14.900000 3.928169
14.950000 7.946939
15.000000 15.249577
15.050000 -3.197911
15.099999 -27.147551
15.149999 1.286263
15.199999 -6.663479
15.249999 15.143606
15.299999 2.029872
15.350000 12.335705
15.400000 7.480011
15.450000 7.364902
15.500000 4.309397
15.550000 34.085899
15.600000 0.385749
15.650000 -2.064126
15.699999 -4.532101
15.750000 10.233046
15.799999 4.343746
15.850000 -6.352545
15.899999 18.841333
15.950000 -18.515804
15.999999 16.150408
16.050000 20.530846
16.099999 2.624827
16.150000 16.729290
16.200000 22.654152
16.249999 11.109086
16.300000 -4.603303
16.349999 10.812941
16.400000 2.071601
16.449999 3.564836
16.500000 -6.162405
16.549999 -10.705536
16.600000 21.012512
16.649999 -13.349282
16.700000 -2.075480
16.750000 -7.468433
16.799999 2.528527
16.850000 -8.597672
16.899999 7.056683
16.950000 14.043640
16.999999 -8.657211
17.050000 0.864963
17.099999 10.855900
17.150000 -14.200731
17.199999 -1.811394
17.250000 1.246770
17.300000 -9.749599
17.349999 6.723252
17.400000 -2.560068
17.449999 -6.060961
17.500000 -28.922491
17.549999 -20.996357
17.600000 -20.640043
17.649999 -8.213684
17.700000 0.167464
17.749999 -10.731764
17.800000 -8.365441
17.850000 0.766845
17.899999 -14.647264
17.950000 -28.663368
17.999999 -8.117929
18.050000 -13.567243
18.099999 -8.789822
18.150000 -5.803609
18.199999 4.756575
18.250000 -13.265435
18.299999 -10.140927
18.350000 -7.324447
18.400000 1.730660
18.449999 -10.239124
18.500000 3.329186
18.549999 -0.252064
18.600000 -12.768335
18.649999 -10.668778
18.700000 -10.557384
18.749999 -3.385049
18.800000 9.659609
18.849999 19.461273
18.900000 3.724615
18.950000 -10.484406
18.999999 -18.592499
19.050000 -14.289114
19.099999 -16.963860
19.150000 12.202332
19.199999 17.835337
19.250000 -16.836599
19.299999 1.722990
19.350000 -3.545161
19.399999 21.686661
19.450000 2.768687
19.500000 16.395395
19.549999 15.391693
19.600000 20.280573
19.649999 -1.319076
19.700000 12.137401
19.749999 2.828706
19.800000 8.117380
19.849999 24.955826
19.900000 -0.102933
19.949999 0.419428
