0.000000 23.271025
0.050000 29.952377
0.100000 11.246563
0.150000 19.227446
0.200000 12.274642
0.250000 -20.883795
0.300000 -6.290328
0.350000 7.630216
0.400000 14.882727
0.450000 14.235143
0.500000 4.857400
0.550000 39.002041
0.600000 26.064741
0.650000 37.634304
0.700000 -12.160328
0.750000 13.402549
0.800000 -20.189541
0.850000 -12.894399
0.900000 -19.290003
0.950000 -26.669693
1.000000 -0.806267
1.050000 -6.012381
1.100000 7.387268
1.150000 13.692837
1.200000 -3.224957
1.250000 -20.814983
1.300000 -27.035301
1.350000 21.560888
1.400000 13.310657
1.450000 4.810161
1.500000 31.149105
1.550000 -7.560246
1.600000 1.158039
1.650000 2.923197
1.700000 -9.175495
1.750000 -3.873352
1.800000 12.554529
1.850000 -11.362168
1.900000 27.369545
1.950000 -17.248693
2.000000 19.104029
2.050000 6.135727
2.100000 42.084522
2.150000 -6.309688
2.200000 5.002312
2.250000 -17.657457
2.300000 -11.087690
2.350000 13.152106
2.400000 43.409218
2.450000 10.507959
2.500000 0.992907
2.550000 21.407106
2.600000 25.487968
2.650000 5.533345
2.700000 -9.976928
2.750000 11.224533
2.800000 16.849598
2.850000 10.427119
2.900000 9.186101
2.950000 45.706406
3.000000 49.749882
3.050000 73.282372
3.100000 58.808556
3.150000 22.553871
3.200000 35.106670
3.250000 37.999569
3.300000 41.610531
3.350000 48.507309
3.400000 50.754456
3.450000 51.600391
3.500000 53.337315
3.550000 67.999115
3.600000 79.733459
3.650000 36.732479
3.700000 44.884380
3.750000 1.033466
3.800000 -21.245020
3.850000 -40.848671
3.900000 -62.517853
3.950000 -88.114258
4.000000 -114.221886
4.050000 -127.630775
4.100000 -137.332016
4.150000 -181.362671
4.200000 -167.164795
4.250000 -189.472046
4.300000 -189.851257
4.350000 -196.754272
4.400000 -182.006134
4.450000 -151.955063
4.500000 -174.166580
4.550000 -176.421692
4.600000 -128.442780
4.650000 -111.503159
4.700000 -56.811466
4.750000 -62.227306
4.800000 -17.931808
4.850000 -7.013250
4.900000 50.774929
4.950000 71.630653
5.000000 70.388046
5.050000 86.013237
5.100000 126.225136
5.150000 168.535355
5.200000 174.004135
5.250000 196.376572
5.300000 201.013718
5.350000 177.381760
5.400000 207.807114
5.450000 204.093796
5.500000 186.683990
5.550000 166.957977
5.600000 177.640213
5.650000 180.274887
5.700000 168.556763
5.750000 171.901337
5.800000 157.402847
5.850000 130.857315
5.900000 100.281303
5.950000 103.903954
6.000000 73.712036
6.050000 89.212982
6.100000 61.572414
6.150000 73.415565
6.200000 18.513474
6.250000 -17.574839
6.300000 -17.569923
6.350000 -21.655840
6.400000 -80.464478
6.450000 -82.967995
6.500000 -96.089294
6.550000 -113.458595
6.600000 -144.090591
6.650000 -130.193604
6.700000 -153.806015
6.750000 -169.781952
6.800000 -132.127579
6.850000 -139.012421
6.900000 -143.935196
6.950000 -138.306458
7.000000 -153.897034
7.050000 -184.112228
7.100000 -86.999245
7.150000 -129.323364
7.200000 -130.762878
7.250000 -103.226501
7.300000 -70.947319
7.350000 -67.051804
7.400000 -67.500946
7.450000 -37.405521
7.500000 -18.738651
7.550000 -69.028610
7.600000 -26.379141
7.650000 -4.362850
7.700000 23.550821
7.750000 13.318126
7.800000 3.856292
7.850000 5.130719
7.900000 37.380516
7.950000 37.101421
7.999999 85.073158
8.049999 51.019718
8.100000 50.679798
8.150000 57.364639
8.200000 88.747101
8.250000 75.118675
8.300000 68.717628
8.350000 87.608215
8.400000 58.815155
8.450000 72.356880
8.500000 78.869858
8.549999 79.982079
8.599999 51.391212
8.650000 46.375538
8.700000 69.576233
8.750000 57.406490
8.800000 50.756268
8.850000 74.887573
8.900000 23.300259
8.950000 20.205347
9.000000 38.986973
9.050000 27.727304
9.099999 3.829674
9.149999 27.715826
9.200000 41.441738
9.250000 1.313424
9.300000 17.981651
9.350000 -4.133627
9.400000 -12.980102
9.450000 -58.764290
9.500000 -49.129700
9.550000 -22.706902
9.600000 -39.299694
9.649999 -12.741826
9.699999 -11.576801
9.750000 8.037944
9.800000 -32.789913
9.850000 -26.227955
9.900000 -12.491963
9.950000 2.708526
10.000000 4.390172
10.050000 -7.038814
10.100000 8.473919
10.150000 -17.616064
10.199999 -10.683730
10.249999 -28.250177
10.300000 -44.109264
10.350000 -5.196958
10.400000 -1.899503
10.450000 -20.941566
10.500000 -24.687359
10.550000 -42.656139
10.600000 -34.129025
10.650000 -5.286826
10.700000 -10.218817
10.749999 -3.899622
10.799999 -1.100577
10.849999 5.242667
10.900000 -25.113382
10.950000 -11.599792
11.000000 34.640091
11.050000 11.900480
11.100000 15.653883
11.150000 22.352764
11.200000 31.878733
11.250000 13.117006
11.299999 11.874812
11.349999 -4.590287
11.399999 14.824050
11.450000 16.297068
11.500000 9.218748
11.550000 -4.018689
11.600000 33.492867
11.650000 -4.264915
11.700000 -8.145473
11.750000 -16.737614
11.800000 5.828065
11.849999 34.598057
11.899999 8.014144
11.949999 16.513811
12.000000 7.540947
12.050000 40.222561
12.100000 26.783951
12.150000 -5.128241
12.200000 -0.243670
12.250000 45.952419
12.300000 -22.736320
12.350000 27.543400
12.399999 10.323464
12.449999 12.493702
12.499999 31.181946
12.550000 25.406027
12.600000 13.026189
12.650000 12.681124
12.700000 24.079472
12.750000 17.796162
12.800000 11.487228
12.850000 20.115511
12.900000 -21.609846
12.949999 9.106245
12.999999 43.553032
13.049999 19.767303
13.100000 -18.997686
13.150000 -7.076385
13.200000 18.106878
13.250000 31.704679
13.300000 -41.645287
13.350000 -33.126507
13.400000 -46.116505
13.450000 -33.762589
13.499999 -31.480793
13.549999 -19.332550
13.599999 -39.299805
13.650000 -15.103438
13.700000 28.897726
13.750000 2.190812
13.800000 16.293730
13.850000 10.746705
13.900000 -34.494415
13.950000 -30.159164
14.000000 -10.372552
14.049999 -55.250854
14.099999 9.958186
14.149999 -17.705584
14.200000 12.977502
14.250000 -27.563978
14.300000 -9.012910
14.350000 0.587128
14.400000 -10.228379
14.450000 -27.917162
14.500000 24.957323
14.549999 -18.950031
14.599999 21.191429
14.649999 13.931016
14.699999 8.053820
14.750000 9.506519
14.800000 32.466137
14.850000 -7.195101
14.900000 34.537773
14.950000 20.186527
15.000000 28.527702
15.050000 12.777267
15.099999 26.051685
15.149999 12.988241
15.199999 -12.953893
15.249999 -7.213126
15.299999 5.854823
15.350000 6.483881
15.400000 4.523600
15.450000 -11.388611
15.500000 3.433393
15.550000 17.374737
15.600000 1.147548
15.650000 15.475119
15.699999 25.667339
15.750000 8.113679
15.799999 -25.371452
15.850000 11.633704
15.899999 26.424995
15.950000 21.625103
15.999999 10.032514
16.050000 13.274732
16.099999 -9.694492
16.150000 -3.807155
16.200000 -8.774633
16.249999 -15.168507
16.300000 20.980564
16.349999 -23.397654
16.400000 15.374482
16.449999 -30.885197
16.500000 -30.756422
16.549999 -8.512625
16.600000 15.715573
16.649999 5.570740
16.700000 -48.897255
16.750000 -24.631790
16.799999 -24.815725
16.850000 4.826167
16.899999 -39.474838
16.950000 -19.613577
16.999999 -2.300500
17.050000 -47.936909
17.099999 3.353625
17.150000 -10.083409
17.199999 0.249762
17.250000 -0.047443
17.300000 -14.634037
17.349999 -17.719351
17.400000 8.396445
17.449999 -25.638241
17.500000 -1.858983
17.549999 -18.336010
17.600000 -21.009579
17.649999 8.387903
17.700000 -6.300361
17.749999 13.655821
17.800000 15.793484
17.850000 -7.259789
17.899999 37.702213
17.950000 13.293102
17.999999 11.974026
18.050000 -11.222548
18.099999 -4.962298
18.150000 19.487059
18.199999 27.744106
18.250000 -0.782978
18.299999 32.371742
18.350000 -9.340313
18.400000 16.209635
18.449999 28.689209
18.500000 32.516949
18.549999 27.589359
18.600000 39.130856
18.649999 40.584068
18.700000 24.124540
18.749999 10.507565
18.800000 -5.331192
18.849999 27.476303
18.900000 34.956974
18.950000 44.961479
18.999999 27.579262
19.050000 15.726764
19.099999 12.982446
19.150000 10.507661
19.199999 3.584134
19.250000 -29.685600
19.299999 -4.841509
19.350000 5.011907
19.399999 -6.938709
19.450000 14.677702
19.500000 -11.809726
19.549999 -32.371552
19.600000 24.706942
19.649999 -1.887881
19.700000 -33.633114
19.749999 -26.748728
19.800000 -49.985584
19.849999 -13.943771
19.900000 -24.954258
19.949999 -5.372667
