0.000000 -0.169774
0.050000 -0.204241
0.100000 -0.253102
0.150000 0.085259
0.200000 0.477872
0.250000 0.748009
0.300000 0.451068
0.350000 0.319117
0.400000 0.948734
0.450000 0.244354
0.500000 0.284925
0.550000 0.628359
0.600000 0.139235
0.650000 -0.024938
0.700000 0.343072
0.750000 0.069461
0.800000 0.359967
0.850000 -0.914910
0.900000 0.584712
0.950000 0.315110
1.000000 0.620135
1.050000 0.461999
1.100000 -0.496873
1.150000 0.075085
1.200000 0.109639
1.250000 0.135928
1.300000 0.422944
1.350000 0.545861
1.400000 0.267471
1.450000 0.641085
1.500000 -0.043041
1.550000 -0.157264
1.600000 -0.064962
1.650000 -0.157756
1.700000 0.022018
1.750000 0.288217
1.800000 -0.283916
1.850000 0.291341
1.900000 0.032038
1.950000 0.601167
2.000000 0.132156
2.050000 1.146364
2.100000 0.195546
2.150000 0.057905
2.200000 0.198000
2.250000 0.203180
2.300000 0.003913
2.350000 -0.310436
2.400000 0.533737
2.450000 -0.102516
2.500000 -0.193351
2.550000 -0.176924
2.600000 -0.112989
2.650000 -0.535294
2.700000 0.014986
2.750000 -0.531678
2.800000 -0.161132
2.850000 -0.221279
2.900000 -0.462475
2.950000 -0.686122
3.000000 -0.647289
3.050000 -0.201735
3.100000 0.287832
3.150000 0.122376
3.200000 0.819302
3.250000 1.721796
3.300000 1.834619
3.350000 2.546171
3.400000 2.370384
3.450000 2.559356
3.500000 1.900610
3.550000 1.252456
3.600000 0.290906
3.650000 -0.912820
3.700000 -1.856556
3.750000 -2.284627
3.800000 -2.889673
3.850000 -3.364657
3.900000 -3.688488
3.950000 -2.933412
4.000000 -2.497949
4.050000 -0.915420
4.100000 0.174822
4.150000 1.039263
4.200000 1.766586
4.250000 3.196214
4.300000 3.754390
4.350000 3.953416
4.400000 3.204051
4.450000 2.494119
4.500000 1.809199
4.550000 0.850065
4.600000 0.010564
4.650000 -0.843140
4.700000 -1.397588
4.750000 -1.938551
4.800000 -2.364062
4.850000 -2.411268
4.900000 -2.512809
4.950000 -1.675051
5.000000 -1.578298
5.050000 -0.513781
5.100000 0.480474
5.150000 0.629581
5.200000 1.479677
5.250000 1.630443
5.300000 2.595758
5.350000 1.734595
5.400000 1.322199
5.450000 0.751195
5.500000 0.491538
5.550000 -0.107944
5.600000 -0.655115
5.650000 -0.672340
5.700000 -0.823621
5.750000 -0.935993
5.800000 -1.084648
5.850000 -0.860433
5.900000 -0.789261
5.950000 -0.019908
6.000000 -0.079447
6.050000 0.662485
6.100000 0.561117
6.150000 1.045218
6.200000 1.213457
6.250000 1.040387
6.300000 1.503531
6.350000 0.737101
6.400000 0.575478
6.450000 -0.289892
6.500000 -0.691843
6.550000 -0.473864
6.600000 -0.240512
6.650000 -0.209153
6.700000 -0.346042
6.750000 -0.376026
6.800000 -0.244060
6.850000 0.019828
6.900000 -0.083764
6.950000 0.373549
7.000000 0.295561
7.050000 0.127820
7.100000 0.026626
7.150000 0.586479
7.200000 0.527240
7.250000 0.027745
7.300000 0.043666
7.350000 -0.156505
7.400000 0.179450
7.450000 -0.126392
7.500000 -0.142745
7.550000 0.028450
7.600000 -0.422792
7.650000 -0.416900
7.700000 -0.217732
7.750000 -0.107492
7.800000 -0.134040
7.850000 0.541245
7.900000 0.722320
7.950000 0.538227
7.999999 0.384212
8.049999 0.424616
8.100000 0.863865
8.150000 0.338556
8.200000 0.176988
8.250000 0.001060
8.300000 -0.540368
8.350000 -0.030158
8.400000 -0.477461
8.450000 -0.486311
8.500000 -0.060287
8.549999 -0.360701
8.599999 -0.206292
8.650000 -0.671626
8.700000 -0.388795
8.750000 -0.206618
8.800000 -0.309500
8.850000 -0.391051
8.900000 -0.354246
8.950000 0.111684
9.000000 0.610461
9.050000 0.265793
9.099999 0.445542
9.149999 0.123377
9.200000 0.245614
9.250000 0.507248
9.300000 0.042789
9.350000 0.036122
9.400000 -0.269792
9.450000 0.012228
9.500000 0.017834
9.550000 -0.675200
9.600000 -0.477990
9.649999 -0.038147
9.699999 -0.566637
9.750000 -0.344445
9.800000 -0.280958
9.850000 0.109909
9.900000 0.301698
9.950000 0.422572
10.000000 0.509183
10.050000 0.355873
10.100000 0.750455
10.150000 0.568936
10.199999 -0.222016
10.249999 0.635874
10.300000 -0.542552
10.350000 -0.541623
10.400000 0.216679
10.450000 0.299474
10.500000 0.054719
10.550000 0.165707
10.600000 -0.006999
10.650000 -0.044448
10.700000 -0.644599
10.749999 -0.101897
10.799999 0.167113
10.849999 0.314343
10.900000 0.639875
10.950000 0.616274
11.000000 0.097172
11.050000 0.726995
11.100000 0.280006
11.150000 -0.372723
11.200000 -0.023531
11.250000 0.169763
11.299999 -0.254113
11.349999 -0.336763
11.399999 -0.288254
11.450000 -0.180794
11.500000 -0.092420
11.550000 0.089770
11.600000 -0.416493
11.650000 0.051330
11.700000 -0.088026
11.750000 0.150393
11.800000 -0.788129
11.849999 -0.270219
11.899999 -0.050500
11.949999 0.054525
12.000000 0.046073
12.050000 0.273484
12.100000 0.316634
12.150000 -0.050231
12.200000 0.004804
12.250000 -0.230070
12.300000 -0.259721
12.350000 -0.194378
12.399999 -0.277940
12.449999 -0.058339
12.499999 0.215638
12.550000 -0.040959
12.600000 -0.190437
12.650000 0.218612
12.700000 -0.068082
12.750000 0.107155
12.800000 -0.144762
12.850000 0.177796
12.900000 -0.296563
12.949999 0.042641
12.999999 0.180472
13.049999 -0.256767
13.100000 0.538640
13.150000 -0.111996
13.200000 0.252567
13.250000 0.050403
13.300000 0.040834
13.350000 -0.035309
13.400000 0.124645
13.450000 0.301222
13.499999 0.048885
13.549999 -0.713698
13.599999 0.051513
13.650000 -0.258889
13.700000 -0.503763
13.750000 -0.207059
13.800000 -0.063520
13.850000 -0.269039
13.900000 -0.172123
13.950000 0.405667
14.000000 0.134812
14.049999 0.376460
14.099999 0.831209
14.149999 0.389122
14.200000 0.398976
14.250000 0.586299
14.300000 -0.121646
14.350000 0.478195
14.400000 0.165170
14.450000 0.276057
14.500000 0.147834
14.549999 -0.018234
14.599999 -0.205424
14.649999 -0.426110
14.699999 0.124251
14.750000 -0.217248
14.800000 -0.436890
14.850000 -0.046602
14.900000 -0.603170
14.950000 -0.291033
15.000000 -0.044054
15.050000 -0.296841
15.099999 0.271093
15.149999 -0.541331
15.199999 -0.053844
15.249999 -0.227428
15.299999 -0.094829
15.350000 -0.012966
15.400000 -0.036784
15.450000 -0.018841
15.500000 0.305276
15.550000 0.764950
15.600000 0.186586
15.650000 -0.333678
15.699999 -0.442076
15.750000 -0.384128
15.799999 -0.430646
15.850000 0.216442
15.899999 0.177077
15.950000 0.073283
15.999999 0.070126
16.050000 0.006686
16.099999 0.038493
16.150000 0.088592
16.200000 0.037843
16.249999 -0.065280
16.300000 0.278308
16.349999 -0.579633
16.400000 -0.472531
16.449999 0.082879
16.500000 -0.014650
16.549999 0.362917
16.600000 -0.341223
16.649999 -0.682138
16.700000 -0.316945
16.750000 -1.052993
16.799999 0.280029
16.850000 0.092448
16.899999 -0.320570
16.950000 -0.266665
16.999999 -0.325950
17.050000 0.042395
17.099999 -0.010407
17.150000 0.172501
17.199999 0.051917
17.250000 0.627747
17.300000 0.101157
17.349999 -0.000837
17.400000 -0.187273
17.449999 -0.476640
17.500000 0.222100
17.549999 -0.504983
17.600000 -0.186317
17.649999 -0.437517
17.700000 -0.224271
17.749999 -0.509617
17.800000 -0.256979
17.850000 0.060109
17.899999 0.005172
17.950000 -0.296765
17.999999 0.266633
18.050000 -0.246686
18.099999 -0.100427
18.150000 0.065419
18.199999 0.168368
18.250000 -0.099441
18.299999 -0.073678
18.350000 0.446607
18.400000 0.189327
18.449999 0.203752
18.500000 -0.184525
18.549999 0.265209
18.600000 0.260701
18.649999 0.124814
18.700000 0.136704
18.749999 -0.161592
18.800000 -0.510250
18.849999 -0.239683
18.900000 -0.787544
18.950000 -0.574274
18.999999 -0.592894
19.050000 -0.236120
19.099999 0.227942
19.150000 -0.289469
19.199999 0.128292
19.250000 -0.248427
19.299999 0.114128
19.350000 0.765753
19.399999 0.298107
19.450000 0.289179
19.500000 0.583997
19.549999 0.655685
19.600000 -0.107001
19.649999 -0.171088
19.700000 0.325016
19.749999 -0.064480
19.800000 -0.245863
19.849999 -0.141014
19.900000 -0.588071
19.949999 0.072137
