0.000000 16.690928
0.050000 24.719452
0.100000 6.687682
0.150000 10.205192
0.200000 -8.731338
0.250000 4.308692
0.300000 1.421162
0.350000 -13.650975
0.400000 9.225885
0.450000 -22.335745
0.500000 3.048394
0.550000 9.347006
0.600000 38.171928
0.650000 7.973551
0.700000 8.933921
0.750000 -13.178405
0.800000 -2.017819
0.850000 -1.711360
0.900000 -16.340067
0.950000 -20.877060
1.000000 -25.898249
1.050000 -5.823317
1.100000 24.838121
1.150000 -21.835117
1.200000 -14.675172
1.250000 -0.933252
1.300000 -3.377995
1.350000 -3.653953
1.400000 9.846896
1.450000 -7.742620
1.500000 13.549970
1.550000 27.092903
1.600000 -8.131624
1.650000 -4.097174
1.700000 -9.574844
1.750000 10.127655
1.800000 38.062138
1.850000 32.822609
1.900000 41.664928
1.950000 43.252308
2.000000 63.543102
2.050000 42.542423
2.100000 18.906742
2.150000 -25.836437
2.200000 -96.266342
2.250000 -119.384590
2.300000 -140.659332
2.350000 -112.630798
2.400000 -31.040808
2.450000 81.629150
2.500000 174.801422
2.550000 223.106094
2.600000 207.909164
2.650000 89.612640
2.700000 11.552996
2.750000 -135.792480
2.800000 -158.411484
2.850000 -184.364395
2.900000 -125.013496
2.950000 -56.628277
3.000000 23.246975
3.050000 78.024155
3.100000 100.342552
3.150000 76.679153
3.200000 30.999220
3.250000 -13.564704
3.300000 -43.563412
3.350000 -72.379936
3.400000 -50.759834
3.450000 -18.525356
3.500000 -25.728109
3.550000 16.157681
3.600000 15.505089
3.650000 20.670759
3.700000 35.534870
3.750000 28.365116
3.800000 9.801847
3.850000 1.659719
3.900000 -0.264015
3.950000 7.270704
4.000000 -20.766220
4.050000 -3.777108
4.100000 -2.708957
4.150000 14.722592
4.200000 2.935247
4.250000 4.921815
4.300000 -8.129164
4.350000 -17.445301
4.400000 3.879601
4.450000 -0.678874
4.500000 3.416486
4.550000 -10.398272
4.600000 4.036806
4.650000 17.519966
4.700000 4.841640
4.750000 18.008707
4.800000 4.969549
4.850000 -12.362824
4.900000 14.638050
4.950000 2.134637
5.000000 -12.275825
5.050000 13.617986
5.100000 7.815259
5.150000 15.968752
5.200000 27.455860
5.250000 9.707615
5.300000 14.657713
5.350000 2.863538
5.400000 -1.951031
5.450000 -13.658709
5.500000 -6.861182
5.550000 -10.056812
5.600000 -6.580813
5.650000 24.307037
5.700000 -3.197695
5.750000 27.720974
5.800000 6.185196
5.850000 -17.832857
5.900000 -3.805488
5.950000 -30.070217
6.000000 -9.308848
6.050000 -21.851768
6.100000 -12.606753
6.150000 -8.243102
6.200000 2.375679
6.250000 10.007063
6.300000 6.042338
6.350000 23.798954
6.400000 14.351030
6.450000 21.654234
6.500000 4.713075
6.550000 -4.723616
6.600000 -0.749004
6.650000 9.222550
6.700000 4.253743
6.750000 9.073823
6.800000 16.041740
6.850000 -8.380889
6.900000 16.668013
6.950000 14.276279
7.000000 -3.071953
7.050000 19.407949
7.100000 -12.373599
7.150000 11.291969
7.200000 5.010849
7.250000 -6.828680
7.300000 5.796881
7.350000 5.228216
7.400000 2.482091
7.450000 3.926363
7.500000 5.806050
7.550000 -2.662126
7.600000 -15.932692
7.650000 19.033401
7.700000 1.212539
7.750000 -4.016450
7.800000 20.988903
7.850000 16.475298
7.900000 11.027243
7.950000 0.860161
7.999999 21.497141
8.049999 -7.013139
8.100000 -13.720798
8.150000 -16.599882
8.200000 -6.668935
8.250000 -1.726138
8.300000 17.415186
8.350000 26.418528
8.400000 13.711345
8.450000 31.208395
8.500000 13.359592
8.549999 -1.255595
8.599999 -1.300587
8.650000 -22.097200
8.700000 4.509306
8.750000 -8.404449
8.800000 -2.658707
8.850000 36.123707
8.900000 -5.870893
8.950000 17.474836
9.000000 21.345339
9.050000 30.909817
9.099999 9.821894
9.149999 -6.445693
9.200000 -0.604210
9.250000 1.478105
9.300000 -11.370603
9.350000 -1.668849
9.400000 -9.624560
9.450000 2.166540
9.500000 -2.886649
9.550000 2.236032
9.600000 8.201820
9.649999 5.239524
9.699999 22.871202
9.750000 13.111964
9.800000 6.595709
9.850000 -30.469694
9.900000 25.319143
9.950000 1.686562
10.000000 -8.629436
10.050000 0.381374
10.100000 -3.125844
10.150000 4.933133
10.199999 -6.692103
10.249999 5.254179
10.300000 -1.009098
10.350000 1.369005
10.400000 0.659634
10.450000 9.008755
10.500000 0.452634
10.550000 22.824842
10.600000 6.708336
10.650000 -2.081627
10.700000 12.443821
10.749999 7.008749
10.799999 -1.137938
10.849999 12.133106
10.900000 5.958866
10.950000 -3.044605
11.000000 -11.815823
11.050000 -20.290239
11.100000 -9.072987
11.150000 -9.910424
11.200000 -1.132628
11.250000 3.751991
11.299999 -3.728824
11.349999 16.195631
11.399999 5.922215
11.450000 4.276714
11.500000 0.758121
11.550000 9.497956
11.600000 -16.497332
11.650000 4.629744
11.700000 -9.646472
11.750000 5.736967
11.800000 0.451214
11.849999 19.455547
11.899999 8.960707
11.949999 14.229730
12.000000 26.859919
12.050000 6.796277
12.100000 8.353045
12.150000 -26.560423
12.200000 0.875552
12.250000 20.071257
12.300000 1.363779
12.350000 -14.045197
12.399999 -30.725981
12.449999 -4.361191
12.499999 -21.941298
12.550000 -11.784316
12.600000 12.143209
12.650000 7.515848
12.700000 14.767920
12.750000 -9.483734
12.800000 8.839669
12.850000 -1.120898
12.900000 6.733784
12.949999 -12.241122
12.999999 -7.521094
13.049999 -7.038521
13.100000 -4.456044
13.150000 24.326954
13.200000 -20.672295
13.250000 19.957449
13.300000 -14.245373
13.350000 12.606110
13.400000 1.004674
13.450000 -14.128551
13.499999 -2.354692
13.549999 -27.365046
13.599999 -14.267091
13.650000 -0.653620
13.700000 21.634243
13.750000 7.596673
13.800000 22.262148
13.850000 21.532492
13.900000 -12.074328
13.950000 8.393794
14.000000 9.176414
14.049999 26.817902
14.099999 30.038376
14.149999 15.495608
14.200000 -14.193601
14.250000 -20.670040
14.300000 -41.142567
14.350000 21.259151
14.400000 -7.154675
14.450000 -5.333816
14.500000 14.965121
14.549999 8.220386
14.599999 7.155513
14.649999 25.516485
14.699999 -8.044744
14.750000 11.063810
14.800000 6.709239
14.850000 3.802676
14.900000 3.560858
14.950000 23.678333
15.000000 24.679501
15.050000 0.291019
15.099999 6.802891
15.149999 3.974680
15.199999 5.957564
15.249999 2.402193
15.299999 -2.646894
15.350000 -15.441257
15.400000 -14.315410
15.450000 9.823137
15.500000 -15.717155
15.550000 23.150032
15.600000 -7.872374
15.650000 22.297882
15.699999 7.650921
15.750000 5.495393
15.799999 -4.352671
15.850000 -5.238304
15.899999 -18.624666
15.950000 -7.754747
15.999999 -19.358877
16.050000 6.992392
16.099999 11.370070
16.150000 -1.733627
16.200000 -3.374280
16.249999 3.581433
16.300000 5.454334
16.349999 -6.754498
16.400000 2.678636
16.449999 -2.586624
16.500000 4.652124
16.549999 -21.745638
16.600000 -19.365910
16.649999 -6.386126
16.700000 31.027409
16.750000 -5.025153
16.799999 14.344362
16.850000 -13.675249
16.899999 12.706594
16.950000 10.267898
16.999999 -7.857842
17.050000 -1.595392
17.099999 9.441814
17.150000 -6.758145
17.199999 3.696474
17.250000 8.496492
17.300000 -2.460048
17.349999 3.512131
17.400000 -17.907806
17.449999 -8.639934
17.500000 -9.930160
17.549999 5.811957
17.600000 24.486780
17.649999 11.097618
17.700000 -9.629936
17.749999 9.692854
17.800000 21.929098
17.850000 4.660441
17.899999 8.606702
17.950000 -10.777369
17.999999 -4.360377
18.050000 -6.678820
18.099999 -13.497577
18.150000 -9.730781
18.199999 19.963560
18.250000 16.164934
18.299999 -30.597576
18.350000 -1.989243
18.400000 10.616538
18.449999 -0.230785
18.500000 -0.596456
18.549999 0.397694
18.600000 -0.051995
18.649999 11.783523
18.700000 -4.587139
18.749999 12.415353
18.800000 10.349284
18.849999 -2.600390
18.900000 -0.097532
18.950000 -9.041350
18.999999 10.154950
19.050000 12.946387
19.099999 -2.525910
19.150000 -23.424879
19.199999 2.106054
19.250000 1.788669
19.299999 11.414365
19.350000 2.335687
19.399999 6.218946
19.450000 23.514467
19.500000 -10.893985
19.549999 -3.877879
19.600000 -16.418474
19.649999 -22.028938
19.700000 -16.866528
19.749999 -3.260551
19.800000 18.393333
19.849999 -9.169474
19.900000 -1.477261
19.949999 0.276551
