0.000000 -11.700256
0.050000 2.672415
0.100000 -9.421812
0.150000 1.614807
0.200000 -9.731287
0.250000 -14.765258
0.300000 0.628235
0.350000 16.024422
0.400000 14.238191
0.450000 12.238748
0.500000 12.305131
0.550000 9.988907
0.600000 -8.068872
0.650000 -5.348684
0.700000 1.080450
0.750000 3.895132
0.800000 5.661829
0.850000 8.237931
0.900000 5.552644
0.950000 7.820016
1.000000 -5.103875
1.050000 3.267948
1.100000 13.032530
1.150000 -1.132773
1.200000 10.740630
1.250000 1.762033
1.300000 4.036630
1.350000 -5.239924
1.400000 2.844138
1.450000 0.931268
1.500000 -11.214536
1.550000 -3.334671
1.600000 -13.184310
1.650000 -4.179341
1.700000 5.540599
1.750000 2.505868
1.800000 5.193770
1.850000 23.621380
1.900000 19.692215
1.950000 25.554222
2.000000 7.578103
2.050000 -9.443966
2.100000 -16.946911
2.150000 -45.065292
2.200000 -59.989937
2.250000 -61.243824
2.300000 -38.338840
2.350000 1.004063
2.400000 27.147289
2.450000 78.259972
2.500000 108.739952
2.550000 89.651833
2.600000 36.552547
2.650000 -21.322012
2.700000 -83.894760
2.750000 -125.098038
2.800000 -120.568367
2.850000 -66.815544
2.900000 -0.509882
2.950000 77.156517
3.000000 117.413620
3.050000 126.992363
3.100000 89.143410
3.150000 5.973473
3.200000 -42.835651
3.250000 -84.831352
3.300000 -85.460495
3.350000 -67.000122
3.400000 -9.722771
3.450000 28.949865
3.500000 80.167816
3.550000 76.940636
3.600000 43.467453
3.650000 24.613564
3.700000 -9.413526
3.750000 -44.897060
3.800000 -43.808933
3.850000 -31.711979
3.900000 0.600736
3.950000 12.489457
4.000000 30.373989
4.050000 25.012894
4.100000 35.433842
4.150000 12.451234
4.200000 -8.517806
4.250000 -7.777104
4.300000 -12.202223
4.350000 4.414066
4.400000 2.464253
4.450000 5.176203
4.500000 9.076202
4.550000 24.648289
4.600000 -1.929015
4.650000 9.678920
4.700000 12.624478
4.750000 -7.002362
4.800000 -14.254931
4.850000 -9.217993
4.900000 -13.667117
4.950000 -1.577181
5.000000 -4.559866
5.050000 0.568754
5.100000 11.285326
5.150000 -2.398647
5.200000 7.562407
5.250000 8.648172
5.300000 -3.103303
5.350000 2.677258
5.400000 -14.943327
5.450000 -10.979660
5.500000 0.363307
5.550000 15.444833
5.600000 2.271444
5.650000 24.084675
5.700000 -2.938333
5.750000 13.184834
5.800000 -8.318859
5.850000 -12.250974
5.900000 2.741462
5.950000 -10.251294
6.000000 -13.613967
6.050000 -8.863278
6.100000 7.925669
6.150000 -3.676264
6.200000 12.604260
6.250000 3.454561
6.300000 5.444468
6.350000 5.418662
6.400000 -8.064516
6.450000 -15.460824
6.500000 0.234076
6.550000 8.577779
6.600000 -4.307042
6.650000 0.980001
6.700000 4.809242
6.750000 -13.113650
6.800000 2.873311
6.850000 4.732073
6.900000 -2.758148
6.950000 -7.288508
7.000000 -2.806747
7.050000 7.416204
7.100000 -0.218970
7.150000 -12.228330
7.200000 6.075149
7.250000 3.609278
7.300000 2.855482
7.350000 4.625750
7.400000 6.349512
7.450000 0.447302
7.500000 -8.727027
7.550000 -8.294602
7.600000 3.773622
7.650000 -4.021926
7.700000 6.652201
7.750000 1.663495
7.800000 12.634078
7.850000 9.190181
7.900000 -1.435167
7.950000 1.165756
8.000000 7.994921
8.050000 0.248987
8.100000 -19.885103
8.150000 -11.226419
8.200000 14.725676
8.250000 -0.867903
8.300000 11.660629
8.350000 15.641355
8.400000 4.669390
8.450000 7.638976
8.500000 3.561817
8.550000 -7.405330
8.600000 -16.763266
8.650000 -17.464088
8.700000 -7.297518
8.750000 9.123228
8.800000 8.660086
8.850000 20.832714
8.900000 12.418688
8.950000 4.905104
9.000000 2.514430
9.050000 -10.979349
9.100000 -4.231093
9.150000 20.031969
9.200000 0.442284
9.250000 -5.257730
9.300000 -4.072757
9.350000 -1.487966
9.400000 4.026315
9.450000 -12.343214
9.500000 7.312333
9.550000 -4.495657
9.600000 7.942288
9.650000 2.650099
9.700000 2.048280
9.750000 11.594518
9.800000 -2.506733
9.850000 -4.147892
9.900000 7.388748
9.950000 -1.817812
10.000000 -3.976085
10.050000 23.402962
10.100000 23.904898
10.150000 -12.849224
10.200000 11.547322
10.250000 11.296556
10.300000 -3.589689
10.350000 -2.183445
10.400000 -5.073411
10.450000 17.490168
10.500000 -6.802906
10.550000 -0.975025
10.600000 -4.904824
10.650000 9.244780
10.700000 -7.271684
10.750000 14.120691
10.800000 3.572676
10.850000 5.901455
10.900000 4.250809
10.950000 7.144022
11.000000 -11.967419
11.050000 -14.701864
11.100000 -0.614026
11.150000 0.793841
11.200000 10.323043
11.250000 2.209828
11.300000 -5.589468
11.350000 13.303443
11.400000 -9.021024
11.450000 -15.310447
11.500000 -17.567938
11.550000 6.704085
11.600000 8.775697
11.650000 12.889576
11.700000 3.733229
11.750000 -1.395972
11.800000 8.916864
11.850000 -1.971652
11.900000 -1.440992
11.950000 6.570390
12.000000 3.752449
12.050000 -3.045531
12.100000 1.289274
12.150000 10.925777
12.200000 5.557558
12.250000 -3.780793
12.300000 -7.055581
12.350000 -6.066716
12.400000 4.464899
12.450000 -2.868779
12.500000 -7.807695
12.550000 -8.273378
12.600000 -4.805180
12.650000 0.988867
12.700000 -12.397315
12.750000 -5.470664
12.800000 -3.784930
12.850000 -0.793851
12.900000 -0.563694
12.950000 -9.963706
13.000000 -4.906756
13.050000 1.588840
13.100000 3.970544
13.150000 12.709932
13.200000 12.832024
13.250000 4.137762
13.300000 5.851938
13.350000 -7.042366
13.400000 -6.511644
13.450000 -5.051452
13.500000 3.458295
13.550000 -6.084752
13.600000 0.182488
13.650000 16.324303
13.700000 -3.104844
13.750000 -5.407818
13.800000 14.164128
13.850000 -2.785763
13.900000 1.618470
13.950000 0.261556
14.000000 3.712218
14.050000 -2.991809
14.100000 1.179895
14.150000 -9.287473
14.200000 7.711157
14.250000 6.493622
14.300000 10.473064
14.350000 4.681679
14.400000 -0.895143
14.450000 8.793678
14.500000 15.567722
14.550000 7.420508
14.600000 7.637772
14.650000 -4.296531
14.700000 -4.796877
14.750000 -3.681996
14.800000 -4.068786
14.850000 -8.666191
14.900000 0.693575
14.950000 16.020046
15.000000 14.002227
15.050000 8.883728
15.100000 0.984163
15.150000 -9.725344
15.200000 10.368696
15.250000 -13.322911
15.300000 -5.108627
15.350000 -3.903724
15.400000 1.140942
15.450000 13.148356
15.500000 5.513559
15.550000 4.113353
15.600000 -1.607419
15.650000 -5.366402
15.700000 7.209563
15.750000 -3.321202
15.800000 -3.295904
15.850000 2.882278
15.900000 -10.049436
15.950000 -0.011425
16.000000 6.955134
16.050000 24.938681
16.100000 10.664083
16.150000 3.456932
16.200000 -10.907850
16.250000 -3.722978
16.300000 -15.599339
16.350000 -2.871539
16.400000 4.845100
16.450000 4.607320
16.500000 1.554063
16.550000 -3.948077
16.600000 -5.508597
16.650000 16.869009
16.700000 3.695641
16.750000 1.656826
16.800000 6.041907
16.850000 1.073545
16.900000 3.708955
16.950000 -0.195830
17.000000 4.153787
17.050000 -4.223258
17.100000 6.325130
17.150000 4.585832
17.200000 -0.768268
17.250000 -5.777616
17.300000 -7.553913
17.350000 -4.392939
17.400000 -11.424271
17.450000 -13.988342
17.500000 -4.192712
17.550000 9.445940
17.600000 0.531665
17.650000 15.511734
17.700000 21.570969
17.750000 4.950513
17.800000 -9.206782
17.850000 9.586175
17.900000 -11.214208
17.950000 -0.669485
18.000000 1.584517
18.050000 -8.983378
18.100000 6.660594
18.150000 12.419882
18.200000 0.692274
18.250000 -4.667524
18.300000 4.444782
18.350000 -1.487375
18.400000 11.089866
18.450000 19.997744
18.500000 0.794766
18.550000 13.239351
18.600000 -10.366218
18.650000 14.630584
18.700000 -0.921269
18.750000 1.063366
18.800000 3.333787
18.850000 8.285008
18.900000 -5.466697
18.950000 9.751275
19.000000 8.362972
19.050000 -5.917684
19.100000 9.600112
19.150000 -17.963715
19.200000 -6.036771
19.250000 14.035861
19.300000 4.218050
19.350000 -0.849382
19.400000 0.189380
19.450000 2.438136
19.500000 -14.346438
19.550000 -9.715923
19.600000 -12.227972
19.650000 -8.029340
19.700000 -6.793404
19.750000 -13.980449
19.799999 -5.603881
19.849999 12.494078
19.899999 6.550657
19.949999 7.899000
