0.000000 -12.290394
0.050000 -12.850190
0.100000 -15.135985
0.150000 -18.255159
0.200000 11.220124
0.250000 31.803305
0.300000 13.896003
0.350000 17.944035
0.400000 42.777451
0.450000 24.847921
0.500000 17.972282
0.550000 -4.558990
0.600000 0.485931
0.650000 -6.369398
0.700000 -17.078445
0.750000 -49.987453
0.800000 -28.542166
0.850000 16.354910
0.900000 26.560642
0.950000 -1.464126
1.000000 10.154012
1.050000 9.867565
1.100000 -7.263012
1.150000 13.769877
1.200000 11.979197
1.250000 -8.722059
1.300000 -15.785452
1.350000 -22.892824
1.400000 -9.307952
1.450000 14.705730
1.500000 4.616071
1.550000 15.179670
1.600000 19.762571
1.650000 20.448002
1.700000 11.880106
1.750000 7.231398
1.800000 12.550238
1.850000 -0.208968
1.900000 -14.636701
1.950000 -10.465482
2.000000 -13.706919
2.050000 -10.896455
2.100000 29.538069
2.150000 36.023453
2.200000 43.863667
2.250000 22.550104
2.300000 50.038532
2.350000 -48.837364
2.400000 -31.414282
2.450000 -71.174805
2.500000 -119.465172
2.550000 -119.252609
2.600000 -90.143440
2.650000 -41.211731
2.700000 51.866131
2.750000 117.070702
2.800000 175.700302
2.850000 218.950470
2.900000 192.286545
2.950000 149.384384
3.000000 90.428925
3.050000 -41.289825
3.100000 -139.791580
3.150000 -210.721985
3.200000 -229.299896
3.250000 -210.934906
3.300000 -126.788383
3.350000 -54.606373
3.400000 11.654408
3.450000 61.009926
3.500000 104.511482
3.550000 130.469940
3.600000 127.842590
3.650000 108.139923
3.700000 36.757252
3.750000 -53.673138
3.800000 -83.656982
3.850000 -91.178680
3.900000 -71.211060
3.950000 -62.118809
4.000000 -5.408432
4.050000 14.651793
4.100000 74.262215
4.150000 39.070313
4.200000 79.372711
4.250000 99.144455
4.300000 28.003416
4.350000 -4.660921
4.400000 -19.354645
4.450000 -53.531277
4.500000 -31.366362
4.550000 -43.276539
4.600000 -15.099876
4.650000 -11.855024
4.700000 -14.757444
4.750000 15.023174
4.800000 25.513412
4.850000 48.463295
4.900000 17.112415
4.950000 22.515341
5.000000 6.604168
5.050000 -7.467602
5.100000 5.402356
5.150000 -6.828139
5.200000 -9.041716
5.250000 -13.001369
5.300000 -4.706726
5.350000 -2.985415
5.400000 3.930854
5.450000 37.996933
5.500000 20.379869
5.550000 38.951077
5.600000 6.633499
5.650000 2.787671
5.700000 23.695089
5.750000 -19.747126
5.800000 6.887421
5.850000 8.201379
5.900000 -8.793200
5.950000 19.258921
6.000000 -12.323902
6.050000 29.843006
6.100000 24.200327
6.150000 4.112251
6.200000 10.077477
6.250000 -5.777810
6.300000 -14.191605
6.350000 -12.879228
6.400000 -49.415119
6.450000 8.166088
6.500000 -9.238769
6.550000 -16.304996
6.600000 12.971846
6.650000 14.112217
6.700000 33.081688
6.750000 24.551685
6.800000 12.354653
6.850000 27.620596
6.900000 6.378993
6.950000 19.623585
7.000000 -8.833350
7.050000 -7.536415
7.100000 -12.992614
7.150000 9.007121
7.200000 -15.435554
7.250000 5.840950
7.300000 16.187712
7.350000 28.550617
7.400000 21.554277
7.450000 15.834864
7.500000 15.944407
7.550000 8.279303
7.600000 19.124269
7.650000 13.508403
7.700000 21.064209
7.750000 -3.743272
7.800000 10.437903
7.850000 -3.795843
7.900000 10.480919
7.950000 7.533696
7.999999 -21.806612
8.049999 -0.781726
8.100000 2.694026
8.150000 -8.223619
8.200000 32.336605
8.250000 7.528275
8.300000 -17.848902
8.350000 -6.416543
8.400000 12.478700
8.450000 13.318021
8.500000 4.822022
8.549999 16.940481
8.599999 -16.646944
8.650000 9.991890
8.700000 -2.347610
8.750000 50.601948
8.800000 -12.206964
8.850000 1.731071
8.900000 10.240125
8.950000 -6.975554
9.000000 -19.706821
9.050000 1.668781
9.099999 -8.355959
9.149999 6.037334
9.200000 18.694191
9.250000 20.340912
9.300000 12.183439
9.350000 22.574406
9.400000 6.040649
9.450000 16.015024
9.500000 18.594717
9.550000 8.992897
9.600000 -17.420692
9.649999 -29.572739
9.699999 -8.078521
9.750000 -14.359275
9.800000 13.721468
9.850000 -4.073224
9.900000 -10.630223
9.950000 22.311796
10.000000 17.425049
10.050000 28.679825
10.100000 15.404014
10.150000 6.902623
10.199999 22.128035
10.249999 1.326512
10.300000 -9.888974
10.350000 -8.331560
10.400000 6.497286
10.450000 1.904554
10.500000 0.863126
10.550000 13.396647
10.600000 19.343824
10.650000 8.665140
10.700000 13.642795
10.749999 22.363731
10.799999 16.424162
10.849999 -4.653057
10.900000 1.163872
10.950000 -9.902077
11.000000 6.428714
11.050000 3.141684
11.100000 -12.990525
11.150000 8.565442
11.200000 1.885908
11.250000 8.974347
11.299999 -28.380201
11.349999 16.308760
11.399999 -5.301212
11.450000 5.598355
11.500000 38.870995
11.550000 21.042238
11.600000 3.114798
11.650000 -3.604614
11.700000 12.167117
11.750000 8.855635
11.800000 23.049667
11.849999 -2.912871
11.899999 -22.980467
11.949999 -20.106743
12.000000 -3.544695
12.050000 16.034655
12.100000 15.179298
12.150000 -19.808788
12.200000 -8.792309
12.250000 29.637167
12.300000 -25.549122
12.350000 -9.165309
12.399999 24.308447
12.449999 -5.497564
12.499999 11.817472
12.550000 -2.008516
12.600000 20.195642
12.650000 8.966450
12.700000 -32.892635
12.750000 17.400822
12.800000 12.579815
12.850000 -2.199452
12.900000 16.736826
12.949999 -9.516665
12.999999 4.870897
13.049999 21.706224
13.100000 6.926308
13.150000 -26.499075
13.200000 18.128017
13.250000 -16.263803
13.300000 -12.587384
13.350000 11.552368
13.400000 -9.076915
13.450000 4.047569
13.499999 11.293324
13.549999 8.804755
13.599999 6.602674
13.650000 21.178709
13.700000 62.549461
13.750000 -3.184253
13.800000 -0.469509
13.850000 -13.641191
13.900000 -4.747519
13.950000 -9.638386
14.000000 0.040263
14.049999 -29.739571
14.099999 -14.186947
14.149999 -10.491562
14.200000 19.621023
14.250000 25.251760
14.300000 -14.436750
14.350000 4.387681
14.400000 -6.517430
14.450000 -8.996887
14.500000 -39.738865
14.549999 -16.015997
14.599999 -24.182518
14.649999 -2.894038
14.699999 7.175879
14.750000 -0.763207
14.800000 8.881014
14.850000 11.390405
14.900000 21.505972
14.950000 7.711385
15.000000 20.325354
15.050000 -26.475346
15.099999 -1.896697
15.149999 -24.474417
15.199999 -12.508627
15.249999 20.047104
15.299999 -4.837586
15.350000 15.747186
15.400000 18.226885
15.450000 36.190716
15.500000 20.799585
15.550000 12.735704
15.600000 23.395008
15.650000 -4.328311
15.699999 -7.764877
15.750000 -12.358912
15.799999 -15.272446
15.850000 -10.148321
15.899999 23.166037
15.950000 -21.349115
15.999999 -4.006201
16.050000 9.952415
16.099999 12.561931
16.150000 -23.323776
16.200000 15.237411
16.249999 -19.366816
16.300000 -37.521942
16.349999 -8.648105
16.400000 -14.748159
16.449999 -19.396790
16.500000 -10.232663
16.549999 18.241207
16.600000 31.693680
16.649999 -8.144427
16.700000 10.985953
16.750000 22.519508
16.799999 1.010264
16.850000 -1.832083
16.899999 -4.615397
16.950000 19.692322
16.999999 -1.395200
17.050000 -12.921267
17.099999 -28.003063
17.150000 -16.334118
17.199999 3.707477
17.250000 3.432910
17.300000 13.425498
17.349999 22.957291
17.400000 -0.869624
17.449999 15.414657
17.500000 11.965903
17.549999 13.268738
17.600000 6.531303
17.649999 -0.524708
17.700000 -8.653579
17.749999 -25.878508
17.800000 -20.890646
17.850000 24.603445
17.899999 -0.487490
17.950000 9.515038
17.999999 31.195686
18.050000 -7.178457
18.099999 27.880119
18.150000 0.318720
18.199999 20.768337
18.250000 1.650081
18.299999 -26.277086
18.350000 -24.841099
18.400000 -40.164600
18.449999 -25.144224
18.500000 -0.177656
18.549999 11.548054
18.600000 -15.147698
18.649999 6.366448
18.700000 2.210915
18.749999 23.474775
18.800000 41.880043
18.849999 22.467772
18.900000 8.876673
18.950000 9.418268
18.999999 4.173614
19.050000 4.357708
19.099999 5.122148
19.150000 5.092253
19.199999 17.655067
19.250000 -29.413435
19.299999 -11.064017
19.350000 -23.986420
19.399999 -4.063483
19.450000 18.805332
19.500000 -0.230145
19.549999 -6.023026
19.600000 -4.217041
19.649999 22.743629
19.700000 -9.029836
19.749999 39.823109
19.800000 -2.322702
19.849999 -25.769915
19.900000 5.086627
19.949999 -0.580777
