0.000000 20.428501
0.050000 -7.414732
0.100000 -13.698874
0.150000 21.988146
0.200000 -0.569818
0.250000 -0.194321
0.300000 17.070034
0.350000 -0.533019
0.400000 6.862139
0.450000 10.218103
0.500000 17.986742
0.550000 20.864521
0.600000 0.154431
0.650000 7.578561
0.700000 0.566111
0.750000 28.302998
0.800000 9.316010
0.850000 11.114215
0.900000 -23.251665
0.950000 8.703671
1.000000 -18.041321
1.050000 12.126670
1.100000 -8.616069
1.150000 7.878030
1.200000 11.248740
1.250000 11.507751
1.300000 -16.434885
1.350000 -14.957330
1.400000 -8.847549
1.450000 -1.076317
1.500000 8.901528
1.550000 -8.770540
1.600000 -2.748345
1.650000 -3.365094
1.700000 9.213571
1.750000 24.775663
1.800000 24.367210
1.850000 -2.641985
1.900000 -8.874228
1.950000 -23.396471
2.000000 -55.618607
2.050000 -46.834290
2.100000 -16.576971
2.150000 21.969425
2.200000 60.138054
2.250000 85.100365
2.300000 78.335274
2.350000 45.630173
2.400000 -22.446125
2.450000 -108.565819
2.500000 -115.006508
2.550000 -68.647102
2.600000 24.714037
2.650000 107.545280
2.700000 114.868942
2.750000 67.916656
2.800000 -17.129686
2.850000 -95.824738
2.900000 -92.635452
2.950000 -50.678284
3.000000 20.979641
3.050000 52.229027
3.100000 77.560410
3.150000 67.517052
3.200000 -13.731796
3.250000 -64.054855
3.300000 -87.249931
3.350000 -33.866108
3.400000 31.690586
3.450000 60.528812
3.500000 35.585323
3.550000 23.242725
3.600000 -26.409361
3.650000 -61.014965
3.700000 -37.972504
3.750000 -16.835720
3.800000 20.484735
3.850000 60.460300
3.900000 37.031132
3.950000 30.628231
4.000000 -17.644842
4.050000 -39.454762
4.100000 -22.668432
4.150000 -17.663301
4.200000 16.803375
4.250000 24.554085
4.300000 10.972798
4.350000 20.591900
4.400000 4.369238
4.450000 0.581508
4.500000 -19.450426
4.550000 -11.293442
4.600000 3.247633
4.650000 -5.457180
4.700000 -7.501500
4.750000 -9.157793
4.800000 13.753503
4.850000 -1.194415
4.900000 -7.045798
4.950000 -8.303314
5.000000 -18.511580
5.050000 13.350880
5.100000 0.545364
5.150000 -25.264120
5.200000 8.802946
5.250000 1.206656
5.300000 19.343561
5.350000 0.958433
5.400000 18.037720
5.450000 -5.614926
5.500000 -8.683599
5.550000 6.412010
5.600000 14.880126
5.650000 1.716412
5.700000 0.505828
5.750000 -15.900795
5.800000 10.412715
5.850000 -31.112326
5.900000 -11.797920
5.950000 10.487990
6.000000 11.558966
6.050000 19.407852
6.100000 -10.939301
6.150000 -7.001417
6.200000 12.371062
6.250000 -14.553088
6.300000 -6.006105
6.350000 5.129841
6.400000 -0.521444
6.450000 5.514312
6.500000 7.518472
6.550000 -9.312662
6.600000 -8.432807
6.650000 26.455772
6.700000 7.411599
6.750000 -5.822875
6.800000 -4.281748
6.850000 -20.530037
6.900000 7.700183
6.950000 -3.274512
7.000000 -1.075678
7.050000 8.463703
7.100000 22.431065
7.150000 -1.353494
7.200000 -10.004537
7.250000 9.220330
7.300000 -3.556433
7.350000 -1.623118
7.400000 -8.623321
7.450000 -3.146007
7.500000 6.651937
7.550000 3.945828
7.600000 8.247841
7.650000 6.733205
7.700000 3.139633
7.750000 14.851141
7.800000 -14.374709
7.850000 -11.411958
7.900000 6.611943
7.950000 2.847351
7.999999 13.899972
8.049999 -15.327883
8.100000 1.299929
8.150000 8.410898
8.200000 9.440485
8.250000 -5.548266
8.300000 -8.629273
8.350000 8.978142
8.400000 -2.702236
8.450000 -8.345355
8.500000 -17.237177
8.549999 7.710423
8.599999 -1.233091
8.650000 -0.084727
8.700000 16.466375
8.750000 -0.171176
8.800000 1.404785
8.850000 3.307407
8.900000 10.291124
8.950000 5.847133
9.000000 17.040909
9.050000 -16.763039
9.099999 -10.107614
9.149999 8.262815
9.200000 4.017113
9.250000 18.540281
9.300000 14.576773
9.350000 0.822442
9.400000 -9.050810
9.450000 11.868698
9.500000 -4.166215
9.550000 7.222828
9.600000 23.841005
9.649999 -5.696157
9.699999 12.863661
9.750000 -19.471760
9.800000 1.505654
9.850000 4.283735
9.900000 -7.041465
9.950000 10.332830
10.000000 -2.369735
10.050000 6.034266
10.100000 0.420190
10.150000 -7.997649
10.199999 -2.606060
10.249999 -15.020452
10.300000 20.798033
10.350000 -16.033802
10.400000 -0.395421
10.450000 -19.817970
10.500000 5.094603
10.550000 8.103871
10.600000 -9.158957
10.650000 -13.080665
10.700000 -14.765026
10.749999 10.502800
10.799999 12.875105
10.849999 12.663098
10.900000 -1.460604
10.950000 24.040005
11.000000 1.510348
11.050000 13.302930
11.100000 0.468542
11.150000 6.192603
11.200000 12.067010
11.250000 -20.362797
11.299999 3.509891
11.349999 16.292004
11.399999 -18.454678
11.450000 -1.293815
11.500000 21.187807
11.550000 8.491612
11.600000 1.841099
11.650000 -3.803984
11.700000 -1.153719
11.750000 16.523024
11.800000 -14.106948
11.849999 -14.632855
11.899999 10.642594
11.949999 2.222460
12.000000 34.218651
12.050000 -6.198175
12.100000 -11.250473
12.150000 -6.498281
12.200000 15.733018
12.250000 -11.718166
12.300000 1.937444
12.350000 -10.550386
12.399999 -2.527102
12.449999 14.435151
12.499999 -2.349055
12.550000 -9.140295
12.600000 15.471877
12.650000 -27.917553
12.700000 5.762007
12.750000 5.461191
12.800000 17.769363
12.850000 5.890716
12.900000 18.048027
12.949999 10.415810
12.999999 -1.571805
13.049999 12.897289
13.100000 -4.137624
13.150000 0.208390
13.200000 2.714292
13.250000 -3.579278
13.300000 -27.015396
13.350000 7.737859
13.400000 -10.399235
13.450000 -12.851345
13.499999 3.039641
13.549999 -7.501332
13.599999 12.335905
13.650000 2.899260
13.700000 -1.875159
13.750000 7.040044
13.800000 4.171984
13.850000 3.913927
13.900000 12.058614
13.950000 2.234485
14.000000 -18.120363
14.049999 23.597887
14.099999 1.017174
14.149999 -0.342826
14.200000 7.142721
14.250000 2.037744
14.300000 -9.223408
14.350000 -2.840759
14.400000 -9.835478
14.450000 4.091761
14.500000 -4.032681
14.549999 3.219707
14.599999 1.140385
14.649999 4.662157
14.699999 24.364370
14.750000 6.536335
14.800000 10.436035
14.850000 0.741428
14.900000 -15.209128
14.950000 -5.134741
15.000000 6.061676
15.050000 1.518211
15.099999 9.645359
15.149999 9.951797
15.199999 -0.302847
15.249999 -0.500652
15.299999 -16.833813
15.350000 7.383167
15.400000 -1.285693
15.450000 -12.391822
15.500000 -9.600901
15.550000 0.289949
15.600000 7.217541
15.650000 13.859966
15.699999 -5.718433
15.750000 22.077271
15.799999 6.270059
15.850000 16.077847
15.899999 -5.793494
15.950000 3.421142
15.999999 7.742932
16.050000 16.724541
16.099999 13.033443
16.150000 3.693602
16.200000 -8.220634
16.249999 17.108475
16.300000 10.138527
16.349999 23.152306
16.400000 16.472958
16.449999 0.051229
16.500000 -5.568662
16.549999 1.559056
16.600000 1.111127
16.649999 -6.350488
16.700000 5.943833
16.750000 8.102678
16.799999 9.924392
16.850000 14.213970
16.899999 -2.969515
16.950000 0.196397
16.999999 8.688662
17.050000 -14.680636
17.099999 -5.175838
17.150000 -6.074592
17.199999 15.364610
17.250000 5.194123
17.300000 6.949901
17.349999 7.453753
17.400000 8.217732
17.449999 10.952866
17.500000 26.663580
17.549999 -3.809655
17.600000 1.133197
17.649999 4.274918
17.700000 2.469079
17.749999 4.924263
17.800000 -10.094659
17.850000 1.833316
17.899999 -4.393343
17.950000 30.200130
17.999999 -0.085046
18.050000 2.863890
18.099999 -3.612718
18.150000 16.176800
18.199999 16.482328
18.250000 5.419400
18.299999 3.034225
18.350000 3.650701
18.400000 -2.051805
18.449999 -12.992679
18.500000 0.861139
18.549999 -10.116947
18.600000 -1.280989
18.649999 8.923686
18.700000 13.620039
18.749999 -2.175733
18.800000 10.489159
18.849999 17.182976
18.900000 -17.090553
18.950000 14.054625
18.999999 17.920475
19.050000 8.655370
19.099999 23.180887
19.150000 7.262840
19.199999 17.286013
19.250000 3.844253
19.299999 1.935989
19.350000 1.494822
19.399999 38.398979
19.450000 9.207570
19.500000 3.636049
19.549999 -5.178254
19.600000 9.842847
19.649999 9.450160
19.700000 1.152689
19.749999 -12.071326
19.800000 -2.122434
19.849999 -7.932462
19.900000 -37.438084
19.949999 -13.774631
