0.000000 27.470041
0.050000 31.147905
0.100000 30.109795
0.150000 4.720026
0.200000 -22.466339
0.250000 -5.262412
0.300000 -9.241284
0.350000 -18.112741
0.400000 -14.493506
0.450000 4.337232
0.500000 2.562338
0.550000 40.681648
0.600000 19.385866
0.650000 27.084013
0.700000 7.376864
0.750000 29.249872
0.800000 2.960284
0.850000 8.331617
0.900000 5.579952
0.950000 3.937996
1.000000 -3.509792
1.050000 -12.789582
1.100000 11.755569
1.150000 7.798248
1.200000 -0.403869
1.250000 12.517725
1.300000 -2.886846
1.350000 5.082577
1.400000 -3.834599
1.450000 -5.496192
1.500000 18.728725
1.550000 0.431270
1.600000 8.137585
1.650000 -4.369710
1.700000 -15.862028
1.750000 -7.146224
1.800000 6.624874
1.850000 22.636892
1.900000 20.395987
1.950000 49.022205
2.000000 38.087105
2.050000 56.413330
2.100000 33.456898
2.150000 23.875757
2.200000 -17.082544
2.250000 -84.185814
2.300000 -93.421303
2.350000 -141.227921
2.400000 -111.593819
2.450000 -37.865181
2.500000 33.670135
2.550000 113.954796
2.600000 143.468460
2.650000 161.736740
2.700000 113.716820
2.750000 10.786073
2.800000 -79.624397
2.850000 -168.445541
2.900000 -202.475266
2.950000 -166.457855
3.000000 -89.457672
3.050000 17.505802
3.100000 99.018883
3.150000 167.687897
3.200000 170.599182
3.250000 116.387733
3.300000 35.166405
3.350000 -52.036861
3.400000 -96.652092
3.450000 -143.705353
3.500000 -87.788528
3.550000 -25.452509
3.600000 6.415648
3.650000 77.721169
3.700000 83.580879
3.750000 68.084656
3.800000 39.711906
3.850000 6.210273
3.900000 -46.554951
3.950000 -48.603832
4.000000 -63.754860
4.050000 -31.847397
4.100000 -22.870245
4.150000 10.748186
4.200000 37.941437
4.250000 37.014683
4.300000 32.098694
4.350000 32.148056
4.400000 -26.228804
4.450000 -15.282187
4.500000 -28.431326
4.550000 -30.490503
4.600000 -19.328396
4.650000 22.280207
4.700000 29.532658
4.750000 7.228065
4.800000 37.156918
4.850000 16.464935
4.900000 17.446043
4.950000 -12.388753
5.000000 -11.790516
5.050000 14.545086
5.100000 7.831745
5.150000 16.540272
5.200000 0.168919
5.250000 16.128254
5.300000 20.540529
5.350000 21.415377
5.400000 12.216759
5.450000 12.423073
5.500000 10.722060
5.550000 -14.782904
5.600000 -3.874363
5.650000 -11.376191
5.700000 24.205956
5.750000 -6.567008
5.800000 12.463159
5.850000 9.822298
5.900000 31.461121
5.950000 16.622377
6.000000 -23.324661
6.050000 -7.479238
6.100000 -21.016159
6.150000 -10.083680
6.200000 -1.489183
6.250000 -17.212667
6.300000 -25.122963
6.350000 14.334100
6.400000 30.019188
6.450000 -0.381273
6.500000 20.875690
6.550000 4.796204
6.600000 -5.527708
6.650000 -15.357241
6.700000 9.628723
6.750000 -2.532795
6.800000 -0.714172
6.850000 3.875684
6.900000 1.139546
6.950000 1.157506
7.000000 28.064148
7.050000 3.542184
7.100000 16.395405
7.150000 -2.157651
7.200000 -3.319427
7.250000 -17.926035
7.300000 12.302487
7.350000 -0.257829
7.400000 20.391468
7.450000 7.309628
7.500000 15.329148
7.550000 -2.228668
7.600000 -1.693341
7.650000 17.857388
7.700000 -12.389402
7.750000 -26.959316
7.800000 -3.386614
7.850000 20.790651
7.900000 24.166889
7.950000 3.034287
8.000000 5.459036
8.050000 23.933752
8.100000 -17.210131
8.150000 14.328308
8.200000 -32.935303
8.250000 -32.446346
8.300000 -3.785402
8.350000 4.058764
8.400000 19.739079
8.450000 -8.263918
8.500000 34.124317
8.550000 22.019238
8.600000 12.873786
8.650000 3.855381
8.700000 1.309921
8.750000 -14.688189
8.800000 -16.185427
8.850000 -16.571590
8.900000 -3.314287
8.950000 16.904018
9.000000 1.991515
9.050000 11.696815
9.100000 -4.049207
9.150000 -12.471676
9.200000 -2.284688
9.250000 -9.558273
9.300000 -2.641541
9.350000 -5.175931
9.400000 -16.940823
9.450000 19.313623
9.500000 -5.045169
9.550000 22.751442
9.600000 20.612549
9.650000 39.261417
9.700000 12.810462
9.750000 18.866873
9.800000 2.212973
9.850000 16.715134
9.900000 -10.238292
9.950000 15.821354
10.000000 6.196058
10.050000 12.131886
10.100000 -1.605345
10.150000 -11.837893
10.200000 19.357178
10.250000 4.826330
10.300000 17.006592
10.350000 5.333501
10.400000 24.679171
10.450000 -17.796497
10.500000 16.591795
10.550000 7.388696
10.600000 4.998689
10.650000 13.564707
10.700000 -12.816832
10.750000 1.892994
10.800000 -14.437356
10.850000 6.523205
10.900000 18.482866
10.950000 8.200953
11.000000 -0.569307
11.050000 -6.267594
11.100000 2.162097
11.150000 -20.939163
11.200000 2.558252
11.250000 -14.060466
11.300000 7.904395
11.350000 -0.739069
11.400000 4.957901
11.450000 6.676950
11.500000 8.614304
11.550000 11.115163
11.600000 -15.698263
11.650000 21.661583
11.700000 -10.427646
11.750000 11.743104
11.800000 -21.585159
11.850000 15.272527
11.900000 8.725404
11.950000 7.537110
12.000000 9.860017
12.050000 32.223640
12.100000 5.528621
12.150000 -9.680544
12.200000 0.889220
12.250000 -2.699070
12.300000 10.159971
12.350000 7.108327
12.400000 -19.852610
12.450000 -8.213041
12.500000 33.592842
12.550000 -12.079900
12.600000 -10.385615
12.650000 -24.212967
12.700000 -12.418259
12.750000 17.192520
12.800000 5.150239
12.850000 2.984369
12.900000 15.703326
12.950000 10.040245
13.000000 4.583961
13.050000 -29.127445
13.100000 -7.803714
13.150000 13.360673
13.200000 -8.769200
13.250000 4.721782
13.300000 14.223571
13.350000 -9.124693
13.400000 21.005772
13.450000 17.013874
13.500000 15.982398
13.550000 4.215962
13.600000 13.956153
13.650000 -11.444074
13.700000 -20.866934
13.750000 0.507992
13.800000 -7.223043
13.850000 27.475624
13.900000 0.983129
13.950000 -11.472106
14.000000 16.865313
14.050000 17.590124
14.100000 10.740809
14.150000 -24.916359
14.200000 -9.030423
14.250000 -10.841123
14.300000 -5.294766
14.350000 -28.997547
14.400000 18.582809
14.450000 -8.055337
14.500000 9.120142
14.550000 31.703711
14.600000 -2.061804
14.650000 33.153538
14.700000 4.536109
14.750000 0.456501
14.800000 -4.334300
14.850000 -25.310278
14.900000 -14.435316
14.950000 -18.959471
15.000000 -7.364155
15.050000 -13.260530
15.100000 -2.007722
15.150000 10.312016
15.200000 -3.460949
15.250000 2.276641
15.300000 -11.576303
15.350000 11.201718
15.400000 -18.204212
15.450000 -37.933460
15.500000 -34.999943
15.550000 33.802486
15.600000 0.632438
15.650000 16.249474
15.700000 20.330189
15.750000 28.725473
15.800000 15.893997
15.850000 17.513639
15.900000 5.211360
15.950000 -18.180965
16.000000 -5.684952
16.050000 -7.875154
16.100000 -6.645806
16.150000 26.030313
16.200000 6.746002
16.250000 9.531407
16.300000 -2.269410
16.350000 18.539104
16.400000 6.268895
16.450000 4.622017
16.500000 -4.202059
16.550000 16.208885
16.600000 7.069106
16.650000 16.805759
16.700000 16.861231
16.750000 -1.305450
16.800000 3.516652
16.850000 19.852854
16.900000 -4.606009
16.950000 -25.301231
17.000000 -0.217801
17.050000 -30.094164
17.100000 -12.635191
17.150000 4.642026
17.200000 2.757883
17.250000 3.722566
17.300000 13.973716
17.350000 3.742453
17.400000 -14.934892
17.450000 -24.351574
17.500000 -24.178833
17.550000 -4.947717
17.600000 22.024204
17.650000 4.299071
17.700000 34.698570
17.750000 -14.309466
17.800000 2.546943
17.850000 -1.697120
17.900000 -2.889066
17.950000 13.693152
18.000000 -13.516364
18.050000 -11.106266
18.100000 -0.628532
18.150000 -3.869392
18.200000 4.832124
18.250000 -6.998314
18.300000 -21.749187
18.350000 3.418573
18.400000 3.365297
18.450000 2.552260
18.500000 -20.956587
18.550000 -4.123297
18.600000 -41.338615
18.650000 8.163510
18.700000 -6.281450
18.750000 -7.711134
18.800000 -1.250002
18.850000 5.070612
18.900000 11.509816
18.950000 -11.646742
19.000000 2.374781
19.050000 9.936438
19.100000 21.161617
19.150000 18.614500
19.200000 -22.361387
19.250000 -8.716334
19.300000 7.326480
19.350000 6.913680
19.400000 21.867149
19.450000 20.431442
19.500000 5.829324
19.550000 23.738249
19.600000 27.308975
19.650000 -0.399553
19.700000 -14.782805
19.750000 -10.053162
19.799999 -10.646031
19.849999 22.287008
19.899999 0.335951
19.949999 -1.421057
