0.000000 4.639038
0.050000 14.606880
0.100000 -2.203210
0.150000 1.063311
0.200000 6.697284
0.250000 12.012848
0.300000 18.227001
0.350000 6.012461
0.400000 9.236411
0.450000 22.949320
0.500000 3.710814
0.550000 1.904569
0.600000 -8.944880
0.650000 2.747441
0.700000 15.283904
0.750000 4.904386
0.800000 11.051172
0.850000 27.118765
0.900000 12.323840
0.950000 20.381359
1.000000 9.460042
1.050000 -4.685060
1.100000 5.317353
1.150000 9.055906
1.200000 15.259705
1.250000 -3.460889
1.300000 5.542474
1.350000 4.287897
1.400000 -11.124547
1.450000 -16.190500
1.500000 -2.586514
1.550000 -15.586047
1.600000 4.381328
1.650000 -13.197213
1.700000 3.814614
1.750000 11.349987
1.800000 9.890177
1.850000 11.109791
1.900000 26.974657
1.950000 -2.025631
2.000000 10.737972
2.050000 -7.059389
2.100000 -44.377792
2.150000 -49.152142
2.200000 -48.923416
2.250000 -47.761032
2.300000 10.859275
2.350000 34.181850
2.400000 72.568481
2.450000 106.170929
2.500000 112.962975
2.550000 56.420124
2.600000 -27.369642
2.650000 -106.264915
2.700000 -123.146347
2.750000 -139.311935
2.800000 -76.343613
2.850000 -1.926526
2.900000 70.887604
2.950000 134.227554
3.000000 126.146469
3.050000 94.619156
3.100000 20.865814
3.150000 -59.072826
3.200000 -108.550476
3.250000 -122.593750
3.300000 -50.587048
3.350000 17.190588
3.400000 88.914726
3.450000 109.291100
3.500000 102.132553
3.550000 67.584724
3.600000 5.697193
3.650000 -33.513180
3.700000 -84.108429
3.750000 -99.209389
3.800000 -50.541439
3.850000 -16.502434
3.900000 57.223667
3.950000 48.511887
4.000000 62.771908
4.050000 45.469250
4.100000 33.636490
4.150000 15.363305
4.200000 -12.747728
4.250000 -41.925251
4.300000 -28.561876
4.350000 -29.890312
4.400000 -17.322697
4.450000 5.171962
4.500000 15.108196
4.550000 24.576488
4.600000 19.225790
4.650000 20.804857
4.700000 5.995488
4.750000 -5.775096
4.800000 -22.817568
4.850000 -14.166592
4.900000 -22.235502
4.950000 -25.044487
5.000000 -4.145548
5.050000 12.494194
5.100000 2.110042
5.150000 34.912621
5.200000 43.217148
5.250000 10.979563
5.300000 3.298930
5.350000 -40.341721
5.400000 -46.657555
5.450000 -31.066271
5.500000 -6.225769
5.550000 20.832905
5.600000 11.879591
5.650000 20.209120
5.700000 25.463617
5.750000 14.725510
5.800000 -8.414352
5.850000 -22.088779
5.900000 -33.924053
5.950000 -13.427739
6.000000 -16.280432
6.050000 -1.723846
6.100000 21.340509
6.150000 2.795320
6.200000 10.382908
6.250000 7.448733
6.300000 4.100921
6.350000 11.345447
6.400000 -13.223305
6.450000 -3.793642
6.500000 -7.369155
6.550000 0.564671
6.600000 -12.829426
6.650000 0.469626
6.700000 -2.125280
6.750000 -9.181493
6.800000 -18.044069
6.850000 20.979343
6.900000 -2.251220
6.950000 2.748283
7.000000 -2.837234
7.050000 -15.792915
7.100000 6.287780
7.150000 -4.890503
7.200000 -11.523286
7.250000 -1.274724
7.300000 -8.828149
7.350000 1.862817
7.400000 21.828474
7.450000 2.456631
7.500000 -11.650644
7.550000 -11.473204
7.600000 -23.666018
7.650000 2.568381
7.700000 14.891218
7.750000 -3.660525
7.800000 1.541375
7.850000 -6.141430
7.900000 -10.460281
7.950000 7.005026
8.000000 -6.758578
8.050000 -6.920684
8.100000 -2.410871
8.150000 -7.640649
8.200000 12.094756
8.250000 20.787821
8.300000 11.832924
8.350000 11.117572
8.400000 -5.457809
8.450000 -4.981336
8.500000 7.302241
8.550000 3.272627
8.600000 1.316797
8.650000 -0.207844
8.700000 10.139203
8.750000 19.416714
8.800000 21.175112
8.850000 6.172235
8.900000 11.830027
8.950000 7.088431
9.000000 16.293573
9.050000 10.145793
9.100000 4.921501
9.150000 19.256218
9.200000 2.270554
9.250000 1.655655
9.300000 6.595003
9.350000 -7.400823
9.400000 18.365341
9.450000 1.701744
9.500000 14.889442
9.550000 11.870890
9.600000 11.208025
9.650000 -1.593922
9.700000 15.863777
9.750000 12.806031
9.800000 6.856161
9.850000 9.996220
9.900000 16.055229
9.950000 -0.203610
10.000000 -0.556798
10.050000 8.175302
10.100000 5.281868
10.150000 11.917607
10.200000 8.135531
10.250000 -1.069228
10.300000 -10.195139
10.350000 0.245292
10.400000 7.211325
10.450000 -0.888675
10.500000 6.772953
10.550000 13.683395
10.600000 11.838099
10.650000 10.452826
10.700000 -6.556686
10.750000 -7.082228
10.800000 24.062523
10.850000 -0.586312
10.900000 -2.045341
10.950000 -10.019863
11.000000 24.037569
11.050000 7.900917
11.100000 13.269312
11.150000 17.542334
11.200000 -12.304070
11.250000 -14.455036
11.300000 7.166528
11.350000 2.002133
11.400000 -9.473539
11.450000 -14.991813
11.500000 -2.997470
11.550000 -1.728750
11.600000 6.105356
11.650000 9.979399
11.700000 -3.736075
11.750000 -1.578204
11.800000 5.497661
11.850000 -16.272142
11.900000 13.957099
11.950000 -3.439937
12.000000 -15.341790
12.050000 -0.026928
12.100000 5.226249
12.150000 6.533586
12.200000 5.345202
12.250000 -8.228120
12.300000 -9.690101
12.350000 23.624723
12.400000 -9.557593
12.450000 -3.743310
12.500000 2.097318
12.550000 13.979369
12.600000 16.184628
12.650000 -4.138766
12.700000 7.013563
12.750000 -8.451895
12.800000 0.891275
12.850000 -18.233723
12.900000 -1.736140
12.950000 -8.683100
13.000000 -16.552053
13.050000 7.250171
13.100000 -3.369697
13.150000 -5.444476
13.200000 -12.154703
13.250000 8.429541
13.300000 0.610886
13.350000 6.314879
13.400000 -1.081563
13.450000 -8.689296
13.500000 1.332851
13.550000 -10.874372
13.600000 1.075475
13.650000 -1.533566
13.700000 6.700576
13.750000 22.903439
13.800000 6.040313
13.850000 -3.879630
13.900000 -7.269472
13.950000 12.430553
14.000000 -3.521504
14.050000 4.779921
14.100000 -9.454325
14.150000 7.034510
14.200000 1.213356
14.250000 2.744148
14.300000 -6.903237
14.350000 -9.208096
14.400000 2.645138
14.450000 4.612885
14.500000 0.009655
14.550000 7.445583
14.600000 11.224268
14.650000 -0.063624
14.700000 6.501769
14.750000 -5.278041
14.800000 -2.632907
14.850000 9.182287
14.900000 28.775221
14.950000 16.468653
15.000000 14.124593
15.050000 29.419117
15.100000 -12.287889
15.150000 9.973563
15.200000 -13.751216
15.250000 -7.034075
15.300000 -3.200527
15.350000 11.824363
15.400000 5.529285
15.450000 0.132067
15.500000 -4.091030
15.550000 11.235893
15.600000 -1.435358
15.650000 -14.262543
15.700000 -8.237964
15.750000 -11.838167
15.800000 6.538345
15.850000 -3.194751
15.900000 10.121998
15.950000 11.148543
16.000000 10.827150
16.050000 -17.432240
16.100000 8.067353
16.150000 11.030107
16.200000 -13.384826
16.250000 -10.076727
16.300000 4.234155
16.350000 -1.581629
16.400000 2.993545
16.450000 13.480119
16.500000 9.308034
16.550000 23.798355
16.600000 3.087448
16.650000 -5.899235
16.700000 3.306991
16.750000 2.084428
16.800000 -0.364705
16.850000 -17.867542
16.900000 -2.877747
16.950000 -1.272901
17.000000 1.383657
17.050000 15.111836
17.100000 9.717635
17.150000 20.084023
17.200000 3.002043
17.250000 -9.853551
17.300000 -17.209784
17.350000 -5.182190
17.400000 -3.930532
17.450000 -17.888338
17.500000 17.532185
17.550000 29.574827
17.600000 -1.755180
17.650000 25.739990
17.700000 19.916222
17.750000 -4.423748
17.800000 -10.862642
17.850000 -10.797256
17.900000 -22.490686
17.950000 -0.220070
18.000000 4.650965
18.050000 6.279906
18.100000 0.824125
18.150000 14.034382
18.200000 0.264863
18.250000 -2.278719
18.300000 -5.933561
18.350000 -4.862487
18.400000 -10.096736
18.450000 -0.146267
18.500000 3.284534
18.550000 -2.613673
18.600000 3.821307
18.650000 8.651135
18.700000 -4.277569
18.750000 -21.124706
18.800000 4.729280
18.850000 -10.800667
18.900000 -14.075537
18.950000 -0.225772
19.000000 5.929976
19.050000 -0.917987
19.100000 10.889404
19.150000 -3.068467
19.200000 -9.360221
19.250000 -14.364846
19.300000 -7.340379
19.350000 16.922651
19.400000 -8.070063
19.450000 -0.521930
19.500000 -5.208710
19.550000 -12.218049
19.600000 16.495558
19.650000 -1.406141
19.700000 -5.986463
19.750000 2.010619
19.799999 -6.865344
19.849999 -15.864920
19.899999 6.626616
19.949999 4.487059
