0.000000 5.402447
0.050000 -3.718488
0.100000 2.106168
0.150000 -2.776140
0.200000 -2.705289
0.250000 -6.167991
0.300000 5.432112
0.350000 3.326518
0.400000 -4.542173
0.450000 4.713056
0.500000 5.090976
0.550000 5.027909
0.600000 -1.188290
0.650000 2.446314
0.700000 2.091102
0.750000 0.826268
0.800000 0.524781
0.850000 -5.527829
0.900000 -4.481487
0.950000 5.205017
1.000000 0.662878
1.050000 6.147189
1.100000 3.503919
1.150000 7.031766
1.200000 -0.330287
1.250000 4.162807
1.300000 -4.479395
1.350000 5.459759
1.400000 -3.156717
1.450000 0.712853
1.500000 -3.072963
1.550000 2.875185
1.600000 -1.889208
1.650000 -4.038795
1.700000 -0.627222
1.750000 1.672848
1.800000 2.080864
1.850000 1.963020
1.900000 -0.089153
1.950000 2.832315
2.000000 5.081978
2.050000 5.368177
2.100000 2.520521
2.150000 -10.844374
2.200000 -17.920788
2.250000 -17.915329
2.300000 -17.355474
2.350000 -13.880891
2.400000 -0.048285
2.450000 18.191320
2.500000 25.920418
2.550000 37.437630
2.600000 33.136070
2.650000 16.451876
2.700000 -0.885377
2.750000 -23.123075
2.800000 -47.892681
2.850000 -52.885899
2.900000 -40.441170
2.950000 -12.616230
3.000000 5.983812
3.050000 35.757908
3.100000 43.624214
3.150000 48.547466
3.200000 26.889584
3.250000 4.423795
3.300000 -21.029598
3.350000 -31.079510
3.400000 -36.496887
3.450000 -32.560226
3.500000 -18.726034
3.550000 5.769802
3.600000 15.809314
3.650000 31.129143
3.700000 23.214182
3.750000 26.174980
3.800000 7.737981
3.850000 -10.996726
3.900000 -23.781147
3.950000 -14.391077
4.000000 -19.031605
4.050000 -0.732669
4.100000 6.711354
4.150000 13.059489
4.200000 15.992098
4.250000 9.268319
4.300000 8.387963
4.350000 -0.968077
4.400000 -8.796091
4.450000 -10.353781
4.500000 -0.279518
4.550000 -0.963784
4.600000 9.267080
4.650000 9.088147
4.700000 4.211788
4.750000 0.703798
4.800000 -3.262686
4.850000 -9.689789
4.900000 -15.105688
4.950000 -7.623155
5.000000 -2.437505
5.050000 2.811060
5.100000 11.151881
5.150000 13.885926
5.200000 14.046362
5.250000 2.498707
5.300000 4.139322
5.350000 -1.760139
5.400000 -7.628246
5.450000 -9.529159
5.500000 -13.823970
5.550000 -0.051386
5.600000 1.754369
5.650000 10.656799
5.700000 5.488205
5.750000 13.713144
5.800000 8.096183
5.850000 3.195035
5.900000 -7.673983
5.950000 -11.504404
6.000000 -10.707757
6.050000 -11.981175
6.100000 -6.676020
6.150000 0.729477
6.200000 7.586841
6.250000 6.216360
6.300000 4.998424
6.350000 9.480403
6.400000 -1.093547
6.450000 -4.253265
6.500000 -10.588043
6.550000 -6.543077
6.600000 -5.758576
6.650000 -6.170458
6.700000 -4.849759
6.750000 -1.692869
6.800000 3.103837
6.850000 10.106978
6.900000 0.728036
6.950000 1.311938
7.000000 12.329046
7.050000 -0.767477
7.100000 -6.978530
7.150000 -8.848768
7.200000 -2.593903
7.250000 0.580374
7.300000 2.703897
7.350000 7.109705
7.400000 -1.254190
7.450000 6.460885
7.500000 1.754050
7.550000 2.863658
7.600000 -4.745899
7.650000 4.417351
7.700000 -3.407310
7.750000 -2.476254
7.800000 5.583968
7.850000 0.796654
7.900000 5.486608
7.950000 -4.235711
7.999999 -0.046595
8.049999 5.244237
8.100000 2.838082
8.150000 0.344510
8.200000 1.373814
8.250000 -0.923535
8.300000 1.750468
8.350000 5.363887
8.400000 5.373557
8.450000 1.908128
8.500000 3.783316
8.549999 -2.425597
8.599999 -2.123545
8.650000 -0.179984
8.700000 -0.400563
8.750000 -2.915822
8.800000 -2.536768
8.850000 1.339344
8.900000 0.707029
8.950000 5.725110
9.000000 1.496478
9.050000 3.074843
9.099999 -5.377708
9.149999 1.736333
9.200000 0.153606
9.250000 0.499804
9.300000 -3.165791
9.350000 -4.933464
9.400000 -4.412538
9.450000 1.411677
9.500000 10.806533
9.550000 3.257625
9.600000 0.345875
9.649999 0.333658
9.699999 4.606047
9.750000 -6.846696
9.800000 -0.174802
9.850000 -0.993267
9.900000 -2.945811
9.950000 4.759579
10.000000 0.725636
10.050000 2.542159
10.100000 6.957841
10.150000 6.116592
10.199999 3.255771
10.249999 -1.946037
10.300000 -1.299740
10.350000 1.787149
10.400000 2.588742
10.450000 -1.779863
10.500000 -1.568458
10.550000 3.478244
10.600000 -5.240604
10.650000 -0.776724
10.700000 4.014602
10.749999 0.944504
10.799999 5.892880
10.849999 0.694298
10.900000 -2.862652
10.950000 5.508036
11.000000 -0.785518
11.050000 -3.998135
11.100000 0.649497
11.150000 1.574857
11.200000 -0.495706
11.250000 -5.347796
11.299999 0.972871
11.349999 -5.167054
11.399999 1.546638
11.450000 -0.318336
11.500000 0.021597
11.550000 -0.973433
11.600000 -4.345885
11.650000 -3.750758
11.700000 -1.565317
11.750000 2.326148
11.800000 -0.807737
11.849999 5.948528
11.899999 -3.676276
11.949999 4.263074
12.000000 -1.063745
12.050000 2.276755
12.100000 -2.775785
12.150000 2.604483
12.200000 4.301742
12.250000 -0.891092
12.300000 7.085485
12.350000 6.821894
12.399999 -3.870494
12.449999 2.731738
12.499999 -2.578441
12.550000 3.736602
12.600000 2.824062
12.650000 2.692235
12.700000 1.138766
12.750000 0.899476
12.800000 8.620201
12.850000 -1.863524
12.900000 2.613380
12.949999 -2.716363
12.999999 -6.322175
13.049999 -3.661055
13.100000 -1.554940
13.150000 2.340094
13.200000 0.515602
13.250000 -0.461713
13.300000 -0.118643
13.350000 8.120304
13.400000 1.708315
13.450000 -1.937554
13.499999 -6.613863
13.549999 -3.807917
13.599999 -3.218832
13.650000 -2.352677
13.700000 0.319041
13.750000 -3.797965
13.800000 1.919713
13.850000 11.995238
13.900000 8.091407
13.950000 3.909757
14.000000 -3.244389
14.049999 -5.013663
14.099999 -6.469786
14.149999 -5.713787
14.200000 1.095921
14.250000 0.300256
14.300000 1.269166
14.350000 -0.699580
14.400000 1.233378
14.450000 6.669252
14.500000 2.096639
14.549999 -0.967945
14.599999 1.744110
14.649999 0.500098
14.699999 6.789593
14.750000 -3.190486
14.800000 -6.493586
14.850000 -0.983645
14.900000 2.509995
14.950000 0.205076
15.000000 4.415939
15.050000 -0.007600
15.099999 2.687278
15.149999 8.302914
15.199999 -2.094802
15.249999 -3.861678
15.299999 0.601631
15.350000 -5.706162
15.400000 -2.969306
15.450000 7.120533
15.500000 -1.295176
15.550000 2.917694
15.600000 2.997520
15.650000 3.303986
15.699999 0.938882
15.750000 6.013415
15.799999 -1.239613
15.850000 -4.037864
15.899999 1.044367
15.950000 -0.949419
15.999999 2.422309
16.050000 -1.807360
16.099999 -0.554467
16.150000 -1.057356
16.200000 3.018406
16.249999 3.778040
16.300000 2.523665
16.349999 -0.888214
16.400000 6.605800
16.449999 1.584787
16.500000 0.588991
16.549999 0.836601
16.600000 0.333007
16.649999 -3.289285
16.700000 4.551898
16.750000 0.786079
16.799999 2.366126
16.850000 1.469121
16.899999 -2.612569
16.950000 5.693877
16.999999 5.806276
17.050000 -2.975175
17.099999 2.906769
17.150000 6.362522
17.199999 3.161697
17.250000 -4.240075
17.300000 0.870511
17.349999 -6.778379
17.400000 -8.669326
17.449999 -2.322400
17.500000 -2.785375
17.549999 -2.261997
17.600000 1.611861
17.649999 0.085519
17.700000 7.466524
17.749999 2.231942
17.800000 3.378767
17.850000 0.275512
17.899999 -4.136790
17.950000 -5.738226
17.999999 -4.692342
18.050000 0.642779
18.099999 -4.556438
18.150000 -0.009740
18.199999 -5.191778
18.250000 1.937506
18.299999 5.156783
18.350000 -2.648441
18.400000 -1.527545
18.449999 -4.042386
18.500000 2.147623
18.549999 -2.869752
18.600000 0.346979
18.649999 -4.688658
18.700000 3.594864
18.749999 -5.407959
18.800000 -3.297156
18.849999 0.176132
18.900000 -3.301308
18.950000 2.414150
18.999999 -0.623823
19.050000 0.106957
19.099999 3.458249
19.150000 3.313057
19.199999 -8.887076
19.250000 0.010698
19.299999 0.102905
19.350000 -2.931268
19.399999 -0.638539
19.450000 1.412455
19.500000 5.013817
19.549999 -1.288466
19.600000 -1.993744
19.649999 -0.564963
19.700000 -4.487035
19.749999 -0.749447
19.800000 -0.395182
19.849999 4.556052
19.900000 -2.208415
19.949999 -1.565442
