0.000000 15.821292
0.050000 3.219487
0.100000 -13.052449
0.150000 5.150175
0.200000 -10.007014
0.250000 -2.494310
0.300000 -12.371477
0.350000 5.612891
0.400000 -16.265629
0.450000 -4.501925
0.500000 -6.066191
0.550000 -7.579879
0.600000 -12.878630
0.650000 -11.971441
0.700000 0.859020
0.750000 -12.546927
0.800000 -6.694266
0.850000 -3.035039
0.900000 25.425434
0.950000 17.264040
1.000000 14.569479
1.050000 1.411847
1.100000 6.705803
1.150000 -2.681993
1.200000 3.097117
1.250000 26.762793
1.300000 -1.352117
1.350000 -12.035159
1.400000 8.243143
1.450000 -15.284806
1.500000 -7.285341
1.550000 -8.075704
1.600000 -19.619047
1.650000 0.654906
1.700000 -9.551708
1.750000 -6.959128
1.800000 23.018867
1.850000 4.485479
1.900000 7.479990
1.950000 -5.302298
2.000000 7.198131
2.050000 12.808352
2.100000 21.085815
2.150000 18.987650
2.200000 4.514250
2.250000 17.499157
2.300000 19.353157
2.350000 24.730564
2.400000 21.732317
2.450000 30.547760
2.500000 23.652763
2.550000 -7.769902
2.600000 -27.352497
2.650000 -50.587540
2.700000 -68.604416
2.750000 -106.225151
2.800000 -84.924088
2.850000 -109.404800
2.900000 -105.396362
2.950000 -66.757874
3.000000 -27.269197
3.050000 6.798390
3.100000 62.608627
3.150000 94.491165
3.200000 118.018173
3.250000 152.614746
3.300000 172.922363
3.350000 157.804916
3.400000 131.989548
3.450000 80.351295
3.500000 64.937576
3.550000 18.856350
3.600000 -2.542001
3.650000 -48.249226
3.700000 -45.947090
3.750000 -45.563126
3.800000 -36.400806
3.850000 -46.475967
3.900000 -30.804497
3.950000 -17.004927
4.000000 -7.569610
4.050000 0.459795
4.100000 -7.361392
4.150000 5.482265
4.200000 -26.721809
4.250000 -18.180103
4.300000 -30.293982
4.350000 -47.735233
4.400000 -57.441574
4.450000 -59.571335
4.500000 -74.644241
4.550000 -54.379532
4.600000 -66.421722
4.650000 -47.169647
4.700000 -27.274864
4.750000 -6.750435
4.800000 23.810965
4.850000 48.578342
4.900000 66.033821
4.950000 50.904392
5.000000 63.863392
5.050000 61.546406
5.100000 57.169643
5.150000 66.332253
5.200000 25.291811
5.250000 26.598076
5.300000 10.014500
5.350000 -13.847878
5.400000 -36.081501
5.450000 -34.154858
5.500000 -22.084017
5.550000 -17.715364
5.600000 -4.254461
5.650000 18.752535
5.700000 10.250790
5.750000 13.966852
5.800000 45.090069
5.850000 48.187943
5.900000 42.750477
5.950000 21.755884
6.000000 -3.546287
6.050000 31.138632
6.100000 15.531303
6.150000 22.862488
6.200000 4.864080
6.250000 5.925205
6.300000 -18.746086
6.350000 -11.595703
6.400000 -20.566977
6.450000 1.779132
6.500000 -4.028698
6.550000 7.343552
6.600000 7.867767
6.650000 -2.544767
6.700000 2.255117
6.750000 0.919961
6.800000 -1.179769
6.850000 26.136513
6.900000 0.646298
6.950000 -15.075303
7.000000 -7.495331
7.050000 10.639042
7.100000 -15.890617
7.150000 -2.372939
7.200000 1.796906
7.250000 -23.565596
7.300000 4.081020
7.350000 15.534088
7.400000 -15.671551
7.450000 -1.710092
7.500000 -1.050129
7.550000 18.389982
7.600000 -18.245243
7.650000 3.093839
7.700000 4.712194
7.750000 -9.659748
7.800000 8.029720
7.850000 -5.145710
7.900000 -10.272653
7.950000 -5.987111
7.999999 12.044875
8.049999 -4.455711
8.100000 27.031660
8.150000 39.685120
8.200000 10.530716
8.250000 7.329653
8.300000 3.913547
8.350000 8.854078
8.400000 5.835588
8.450000 -1.883050
8.500000 9.506771
8.549999 13.495218
8.599999 -15.474298
8.650000 -6.640253
8.700000 -12.067243
8.750000 9.177217
8.800000 -15.373091
8.850000 10.581740
8.900000 22.788853
8.950000 -7.060266
9.000000 -12.043953
9.050000 -19.035484
9.099999 -22.593649
9.149999 1.463053
9.200000 -8.379343
9.250000 9.278433
9.300000 8.027641
9.350000 11.307223
9.400000 -1.550980
9.450000 4.212524
9.500000 -10.568453
9.550000 1.814992
9.600000 7.599529
9.649999 -15.910851
9.699999 15.803266
9.750000 18.008970
9.800000 10.610365
9.850000 -3.274352
9.900000 5.441494
9.950000 7.771603
10.000000 -6.825727
10.050000 -10.059347
10.100000 -19.128960
10.150000 -4.173101
10.199999 14.041648
10.249999 -10.088630
10.300000 -6.771403
10.350000 -16.322901
10.400000 -21.016678
10.450000 -5.291327
10.500000 -0.257016
10.550000 3.440535
10.600000 5.576867
10.650000 8.743402
10.700000 9.557894
10.749999 6.714945
10.799999 -7.517798
10.849999 -6.720103
10.900000 3.329653
10.950000 -7.696039
11.000000 2.853055
11.050000 25.845303
11.100000 1.120420
11.150000 -18.769230
11.200000 8.595842
11.250000 -23.863937
11.299999 0.086071
11.349999 8.834921
11.399999 -5.289444
11.450000 -3.761165
11.500000 11.768152
11.550000 5.862881
11.600000 11.876782
11.650000 0.066232
11.700000 -9.869422
11.750000 0.598701
11.800000 -7.903890
11.849999 -10.925149
11.899999 6.606160
11.949999 11.106784
12.000000 9.742223
12.050000 0.655280
12.100000 -2.525820
12.150000 -0.382383
12.200000 4.712422
12.250000 -14.167846
12.300000 -2.856114
12.350000 4.131673
12.399999 2.400577
12.449999 15.054211
12.499999 -5.772642
12.550000 -6.108492
12.600000 11.693204
12.650000 8.431107
12.700000 -4.627257
12.750000 11.007881
12.800000 -9.339740
12.850000 -23.240173
12.900000 -21.804266
12.949999 -5.766500
12.999999 3.874537
13.049999 23.312279
13.100000 2.162990
13.150000 3.360774
13.200000 14.016090
13.250000 3.177560
13.300000 12.501064
13.350000 9.026585
13.400000 14.327507
13.450000 6.492235
13.499999 -9.431439
13.549999 -19.414900
13.599999 -5.955105
13.650000 3.121483
13.700000 11.064436
13.750000 1.344734
13.800000 -5.760011
13.850000 -30.774450
13.900000 -7.152534
13.950000 -11.190160
14.000000 -9.349183
14.049999 0.018936
14.099999 14.050393
14.149999 10.513394
14.200000 -2.190471
14.250000 8.723402
14.300000 0.470988
14.350000 -17.310280
14.400000 18.165821
14.450000 7.265380
14.500000 19.280500
14.549999 -1.807152
14.599999 5.044135
14.649999 1.368760
14.699999 4.984239
14.750000 0.186930
14.800000 12.982553
14.850000 -3.683415
14.900000 5.972302
14.950000 -8.807414
15.000000 -9.548386
15.050000 0.012484
15.099999 -11.004432
15.149999 -9.191661
15.199999 -12.287775
15.249999 0.826024
15.299999 -9.763037
15.350000 7.415193
15.400000 -26.084097
15.450000 4.685194
15.500000 -6.741266
15.550000 -8.394301
15.600000 -1.903581
15.650000 -6.002521
15.699999 -23.995956
15.750000 -1.541511
15.799999 -3.542214
15.850000 2.515436
15.899999 -7.328687
15.950000 4.479540
15.999999 4.361236
16.050000 30.789307
16.099999 -0.871259
16.150000 1.381943
16.200000 1.842677
16.249999 21.500019
16.300000 24.712017
16.349999 28.246750
16.400000 -5.286645
16.449999 -4.325272
16.500000 -1.830178
16.549999 12.243714
16.600000 8.468735
16.649999 -9.637820
16.700000 -15.462751
16.750000 12.087869
16.799999 16.544277
16.850000 2.707091
16.899999 -0.027282
16.950000 6.006057
16.999999 -5.649285
17.050000 10.993859
17.099999 2.952613
17.150000 -1.059649
17.199999 2.626823
17.250000 -6.776498
17.300000 2.846843
17.349999 16.837786
17.400000 7.329305
17.449999 4.541923
17.500000 4.747719
17.549999 -0.909904
17.600000 -3.822369
17.649999 10.805596
17.700000 -19.263926
17.749999 3.838761
17.800000 7.662005
17.850000 -17.976934
17.899999 4.364107
17.950000 -14.543798
17.999999 -24.470009
18.050000 0.592486
18.099999 -12.239972
18.150000 -12.044430
18.199999 19.964321
18.250000 17.762169
18.299999 9.700835
18.350000 26.486795
18.400000 18.840998
18.449999 24.569080
18.500000 9.400023
18.549999 4.467328
18.600000 5.510681
18.649999 14.181052
18.700000 8.833124
18.749999 4.008122
18.800000 0.028832
18.849999 1.478630
18.900000 -12.360649
18.950000 -21.966232
18.999999 -14.385743
19.050000 -3.583411
19.099999 -5.616522
19.150000 8.423891
19.199999 13.846217
19.250000 26.733925
19.299999 13.501547
19.350000 -1.715715
19.399999 20.439783
19.450000 8.035192
19.500000 -3.242839
19.549999 -2.886778
19.600000 -5.131253
19.649999 -10.981996
19.700000 -1.376799
19.749999 -5.262540
19.800000 -18.913542
19.849999 3.439860
19.900000 -7.959330
19.949999 -14.896500
