0.000000 3.581065
0.050000 -1.302448
0.100000 8.347094
0.150000 1.233066
0.200000 10.173971
0.250000 8.155300
0.300000 2.834834
0.350000 7.583261
0.400000 7.027263
0.450000 0.792341
0.500000 5.821002
0.550000 3.180225
0.600000 1.283189
0.650000 -7.614138
0.700000 -7.258941
0.750000 -5.165282
0.800000 -6.680078
0.850000 -1.252566
0.900000 3.850538
0.950000 2.018777
1.000000 1.473624
1.050000 7.580371
1.100000 5.627096
1.150000 3.280478
1.200000 4.506217
1.250000 2.665531
1.300000 -2.421575
1.350000 6.668888
1.400000 0.304088
1.450000 0.569034
1.500000 12.879333
1.550000 3.559670
1.600000 7.405025
1.650000 -1.955715
1.700000 -2.083977
1.750000 -4.205150
1.800000 0.554204
1.850000 -13.617888
1.900000 -0.028659
1.950000 -2.986451
2.000000 -7.273175
2.050000 -0.347350
2.100000 -7.346066
2.150000 -3.471519
2.200000 2.096646
2.250000 4.915108
2.300000 7.997822
2.350000 2.555954
2.400000 -2.034228
2.450000 -3.756539
2.500000 0.311523
2.550000 8.139277
2.600000 9.718253
2.650000 7.422178
2.700000 0.952977
2.750000 7.186675
2.800000 1.583713
2.850000 4.500836
2.900000 0.810160
2.950000 2.621222
3.000000 -1.905848
3.050000 -10.490902
3.100000 -25.807825
3.150000 -6.995845
3.200000 -17.406452
3.250000 -21.644846
3.300000 -10.187922
3.350000 -12.939576
3.400000 -7.650890
3.450000 4.438680
3.500000 13.361228
3.550000 21.854557
3.600000 30.774281
3.650000 33.684299
3.700000 35.907646
3.750000 47.916500
3.800000 40.057243
3.850000 37.599087
3.900000 33.884575
3.950000 28.481586
4.000000 21.994331
4.050000 3.483716
4.100000 -3.129667
4.150000 -12.189187
4.200000 -31.788517
4.250000 -42.559692
4.300000 -47.718937
4.350000 -53.752567
4.400000 -54.517517
4.450000 -54.071175
4.500000 -48.422512
4.550000 -37.473362
4.600000 -28.354057
4.650000 -8.997030
4.700000 -4.464726
4.750000 6.192760
4.800000 31.039015
4.850000 26.524357
4.900000 39.772648
4.950000 50.757748
5.000000 49.991116
5.050000 43.732414
5.100000 44.065144
5.150000 39.025356
5.200000 27.691534
5.250000 20.727970
5.300000 8.302637
5.350000 0.512857
5.400000 -6.706096
5.450000 -15.612067
5.500000 -30.382784
5.550000 -34.716248
5.600000 -31.827681
5.650000 -27.109678
5.700000 -29.330610
5.750000 -22.726906
5.800000 -11.087638
5.850000 -9.160812
5.900000 4.189951
5.950000 1.154810
6.000000 10.874699
6.050000 17.934246
6.100000 24.490374
6.150000 12.208270
6.200000 16.980198
6.250000 16.366545
6.300000 14.395235
6.350000 -0.277231
6.400000 6.075571
6.450000 -1.899814
6.500000 -6.069845
6.550000 -11.113860
6.600000 -10.899367
6.650000 -15.983171
6.700000 -10.217701
6.750000 -4.414107
6.800000 -8.821716
6.850000 -1.806655
6.900000 2.567973
6.950000 7.197066
7.000000 5.817515
7.050000 -2.316103
7.100000 0.391885
7.150000 9.663409
7.200000 8.197485
7.250000 -1.264874
7.300000 1.098536
7.350000 5.491814
7.400000 8.572101
7.450000 4.923011
7.500000 7.753129
7.550000 -5.651589
7.600000 -6.380008
7.650000 -8.354888
7.700000 -7.705865
7.750000 -3.294011
7.800000 -7.668630
7.850000 0.105154
7.900000 -4.095800
7.950000 2.968291
8.000000 -3.955858
8.050000 6.429513
8.100000 1.420925
8.150000 -2.300358
8.200000 -3.358906
8.250000 5.993658
8.300000 -0.613841
8.350000 3.222949
8.400000 -5.715255
8.450000 7.184957
8.500000 8.497293
8.550000 -0.852993
8.600000 3.464563
8.650000 1.944293
8.700000 7.711798
8.750000 -0.008003
8.800000 -0.321378
8.850000 1.134444
8.900000 2.311689
8.950000 5.668673
9.000000 7.669799
9.050000 2.384238
9.100000 -5.946040
9.150000 -3.226286
9.200000 -5.756875
9.250000 -7.081290
9.300000 -1.893944
9.350000 -6.301450
9.400000 -4.588360
9.450000 -1.231870
9.500000 2.606550
9.550000 0.824810
9.600000 -0.322135
9.650000 -0.709446
9.700000 4.745876
9.750000 10.520177
9.800000 0.191733
9.850000 4.489775
9.900000 -0.516145
9.950000 3.147999
10.000000 8.971718
10.050000 2.223218
10.100000 -2.969100
10.150000 8.460661
10.200000 -0.873020
10.250000 2.879663
10.300000 -2.631486
10.350000 -0.593984
10.400000 -7.833557
10.450000 -5.419325
10.500000 -5.221210
10.550000 6.116491
10.600000 -1.052388
10.650000 0.796836
10.700000 4.420507
10.750000 0.847306
10.800000 3.847807
10.850000 10.602825
10.900000 6.646779
10.950000 -2.549986
11.000000 0.649621
11.050000 1.495228
11.100000 1.676906
11.150000 0.132985
11.200000 2.246841
11.250000 1.663146
11.300000 0.904298
11.350000 -2.385342
11.400000 0.838180
11.450000 -7.117767
11.500000 2.978855
11.550000 -2.041203
11.600000 3.642320
11.650000 2.779220
11.700000 0.709240
11.750000 -7.713751
11.800000 2.515649
11.850000 5.941434
11.900000 2.766837
11.950000 1.404854
12.000000 -5.532052
12.050000 -2.974007
12.100000 4.620107
12.150000 0.076994
12.200000 2.350649
12.250000 2.423951
12.300000 -1.176793
12.350000 -8.901741
12.400000 -0.972776
12.450000 -2.353530
12.500000 -1.030002
12.550000 2.690667
12.600000 0.048202
12.650000 -2.671106
12.700000 -1.614871
12.750000 -0.005935
12.800000 5.823610
12.850000 0.575869
12.900000 0.393510
12.950000 2.128468
13.000000 -1.331699
13.050000 -3.031015
13.100000 7.993179
13.150000 -2.742207
13.200000 -1.038841
13.250000 10.152355
13.300000 1.965663
13.350000 1.888109
13.400000 -9.084662
13.450000 -1.947987
13.500000 3.883875
13.550000 5.543569
13.600000 0.966508
13.650000 3.497151
13.700000 5.673491
13.750000 9.614084
13.800000 7.382684
13.850000 0.489244
13.900000 -0.950374
13.950000 7.894178
14.000000 0.082570
14.050000 -1.480535
14.100000 6.574647
14.150000 -5.241627
14.200000 -2.057739
14.250000 0.324244
14.300000 -3.369115
14.350000 -2.872061
14.400000 4.085877
14.450000 -0.844283
14.500000 -7.716388
14.550000 -0.980054
14.600000 -7.613206
14.650000 4.949773
14.700000 7.281062
14.750000 5.080383
14.800000 4.336447
14.850000 1.570667
14.900000 0.682824
14.950000 8.375518
15.000000 8.277274
15.050000 9.932376
15.100000 2.974333
15.150000 0.556377
15.200000 -1.185750
15.250000 2.533012
15.300000 -0.475531
15.350000 -3.903260
15.400000 -6.450538
15.450000 -5.299677
15.500000 1.403982
15.550000 -6.630185
15.600000 -6.104639
15.650000 -0.892450
15.700000 4.466923
15.750000 8.114307
15.800000 -1.473781
15.850000 -3.641010
15.900000 -1.374620
15.950000 -4.110156
16.000000 -0.934720
16.050000 1.268862
16.100000 6.396130
16.150000 -2.709648
16.200000 -1.622008
16.250000 1.062415
16.300000 3.422412
16.350000 -0.504118
16.400000 0.733403
16.450000 1.488526
16.500000 2.282944
16.550000 1.071961
16.600000 -0.285695
16.650000 -5.747985
16.700000 0.545939
16.750000 9.660110
16.800000 2.254206
16.850000 -0.663858
16.900000 0.984918
16.950000 -3.344741
17.000000 -8.617074
17.050000 -3.533724
17.100000 3.290532
17.150000 -6.715351
17.200000 3.573217
17.250000 -2.826678
17.300000 6.465170
17.350000 7.476902
17.400000 -1.928680
17.450000 -1.223744
17.500000 -1.149221
17.550000 -0.795476
17.600000 3.511858
17.650000 4.668932
17.700000 4.726381
17.750000 6.155272
17.800000 -2.662993
17.850000 3.416712
17.900000 0.785375
17.950000 5.413920
18.000000 4.534216
18.050000 4.777984
18.100000 1.342904
18.150000 -3.480900
18.200000 -4.493664
18.250000 2.137464
18.300000 4.720842
18.350000 4.106936
18.400000 -4.360786
18.450000 -5.395379
18.500000 -2.378569
18.550000 -6.086629
18.600000 1.622898
18.650000 -2.739849
18.700000 2.838186
18.750000 6.252055
18.800000 8.760403
18.850000 11.840046
18.900000 10.506375
18.950000 5.124112
19.000000 4.497798
19.050000 6.960954
19.100000 -1.293419
19.150000 4.561370
19.200000 2.567607
19.250000 3.407287
19.300000 4.829524
19.350000 -1.556530
19.400000 3.883268
19.450000 -4.738667
19.500000 -2.160313
19.550000 0.240657
19.600000 -2.541729
19.650000 -4.570846
19.700000 -0.719717
19.750000 -7.745057
19.799999 -3.792329
19.849999 1.892634
19.899999 7.025062
19.949999 8.174883
