0.000000 0.344499
0.050000 0.473014
0.100000 0.519750
0.150000 -0.329136
0.200000 -0.545360
0.250000 -0.704439
0.300000 0.022820
0.350000 -0.286135
0.400000 0.373383
0.450000 0.407493
0.500000 0.266161
0.550000 0.269511
0.600000 0.103992
0.650000 0.280622
0.700000 0.634233
0.750000 -0.124835
0.800000 -0.038039
0.850000 -0.459909
0.900000 -0.070763
0.950000 -0.454350
1.000000 -0.332241
1.050000 -0.406214
1.100000 -0.261062
1.150000 0.327468
1.200000 0.115393
1.250000 -0.185094
1.300000 0.642909
1.350000 0.041528
1.400000 -0.243323
1.450000 0.275198
1.500000 -0.161645
1.550000 -0.315888
1.600000 -0.114759
1.650000 -0.764547
1.700000 -0.259267
1.750000 -0.278741
1.800000 -0.175313
1.850000 0.246436
1.900000 0.421953
1.950000 0.406701
2.000000 0.164046
2.050000 0.307911
2.100000 0.083840
2.150000 -0.351093
2.200000 -0.576293
2.250000 -0.551738
2.300000 -0.126843
2.350000 0.185521
2.400000 0.401503
2.450000 -0.166227
2.500000 0.387987
2.550000 0.371077
2.600000 -0.348959
2.650000 -0.176446
2.700000 -1.029357
2.750000 -0.597138
2.800000 -1.298105
2.850000 -0.420343
2.900000 -0.141099
2.950000 0.464436
3.000000 1.851227
3.050000 1.643924
3.100000 2.685728
3.150000 2.556215
3.200000 1.384809
3.250000 1.876038
3.300000 0.071257
3.350000 -1.140683
3.400000 -2.589598
3.450000 -3.601032
3.500000 -2.816431
3.550000 -2.640689
3.600000 -0.919566
3.650000 0.239035
3.700000 0.902632
3.750000 2.103851
3.800000 2.849792
3.850000 2.353927
3.900000 1.660886
3.950000 0.483987
4.000000 -0.451687
4.050000 -2.172133
4.100000 -2.283395
4.150000 -2.905167
4.200000 -2.416588
4.250000 -1.696617
4.300000 -0.205647
4.350000 1.493297
4.400000 2.516866
4.450000 2.613118
4.500000 2.715601
4.550000 0.992756
4.600000 0.769287
4.650000 -0.486673
4.700000 -1.619330
4.750000 -2.258245
4.800000 -2.656255
4.850000 -2.840512
4.900000 -1.639235
4.950000 -0.790513
5.000000 0.722454
5.050000 1.111858
5.100000 2.365331
5.150000 2.677786
5.200000 1.535499
5.250000 1.128355
5.300000 0.787360
5.350000 -0.273474
5.400000 -1.514383
5.450000 -1.700024
5.500000 -1.960647
5.550000 -1.196336
5.600000 -0.526936
5.650000 -0.259305
5.700000 0.980600
5.750000 1.708724
5.800000 1.870948
5.850000 1.126031
5.900000 0.928813
5.950000 0.095648
6.000000 0.070973
6.050000 -1.122392
6.100000 -0.576913
6.150000 -0.855665
6.200000 -0.399378
6.250000 -0.145033
6.300000 0.403450
6.350000 0.152005
6.400000 0.906743
6.450000 1.334935
6.500000 1.618124
6.550000 0.951553
6.600000 0.496842
6.650000 0.455337
6.700000 -0.414221
6.750000 -0.482822
6.800000 -0.095045
6.850000 -0.250157
6.900000 -0.417731
6.950000 0.317901
7.000000 0.432256
7.050000 -0.067490
7.100000 0.782072
7.150000 0.085062
7.200000 -0.289141
7.250000 -0.424626
7.300000 -0.043184
7.350000 -0.301356
7.400000 -0.297934
7.450000 -0.350508
7.500000 -0.429893
7.550000 0.577320
7.600000 0.312747
7.650000 1.000717
7.700000 1.385838
7.750000 1.050859
7.800000 0.260958
7.850000 0.627737
7.900000 0.241369
7.950000 -0.240382
8.000000 0.007207
8.050000 0.183097
8.100000 0.356546
8.150000 -0.355930
8.200000 0.251241
8.250000 -0.278647
8.300000 -0.191931
8.350000 0.260552
8.400000 -0.239751
8.450000 -0.033822
8.500000 -0.040609
8.550000 -0.704409
8.600000 0.083999
8.650000 -0.677610
8.700000 -0.453896
8.750000 -0.078618
8.800000 -0.288027
8.850000 -0.292505
8.900000 -0.041989
8.950000 0.229586
9.000000 0.714581
9.050000 0.713836
9.100000 0.439354
9.150000 0.086240
9.200000 0.021043
9.250000 -0.406839
9.300000 -0.792302
9.350000 -0.095434
9.400000 0.078898
9.450000 -0.231074
9.500000 0.338512
9.550000 0.260274
9.600000 0.382121
9.650000 0.467223
9.700000 0.272398
9.750000 0.327604
9.800000 0.402381
9.850000 -0.480583
9.900000 -0.082652
9.950000 -0.716617
10.000000 -0.472019
10.050000 0.011852
10.100000 -0.595058
10.150000 0.461383
10.200000 0.207012
10.250000 0.105186
10.300000 -0.207671
10.350000 -0.512466
10.400000 0.087323
10.450000 -0.202629
10.500000 -0.219969
10.550000 -0.359380
10.600000 -0.730294
10.650000 0.117984
10.700000 -0.387530
10.750000 0.036920
10.800000 -0.533591
10.850000 -0.042027
10.900000 -0.405051
10.950000 -0.128075
11.000000 -0.173767
11.050000 0.142707
11.100000 0.110587
11.150000 0.335312
11.200000 0.152098
11.250000 0.157871
11.300000 -0.216776
11.350000 0.038410
11.400000 -0.153312
11.450000 -0.273051
11.500000 0.546790
11.550000 0.237481
11.600000 0.405183
11.650000 -0.231438
11.700000 0.366106
11.750000 0.635452
11.800000 0.521048
11.850000 0.090308
11.900000 -0.211800
11.950000 0.740219
12.000000 -0.462960
12.050000 -0.005896
12.100000 -0.563598
12.150000 -0.196237
12.200000 -0.080472
12.250000 0.453298
12.300000 -0.325269
12.350000 -0.091461
12.400000 -0.636754
12.450000 -0.144284
12.500000 -0.203018
12.550000 0.431882
12.600000 0.056134
12.650000 -0.244945
12.700000 0.056078
12.750000 0.585814
12.800000 -0.111176
12.850000 0.117663
12.900000 0.413249
12.950000 0.143135
13.000000 0.207311
13.050000 -0.055563
13.100000 -0.028378
13.150000 0.328851
13.200000 0.350778
13.250000 0.458036
13.300000 0.331925
13.350000 0.051734
13.400000 0.130304
13.450000 -0.398344
13.500000 -0.116464
13.550000 0.352433
13.600000 0.392912
13.650000 0.360548
13.700000 0.348955
13.750000 -0.216607
13.800000 0.214876
13.850000 -0.141468
13.900000 0.703874
13.950000 0.167874
14.000000 0.460736
14.050000 0.426362
14.100000 0.371316
14.150000 0.361736
14.200000 0.169907
14.250000 0.507309
14.300000 0.033341
14.350000 0.277993
14.400000 0.421887
14.450000 -0.209201
14.500000 0.191134
14.550000 0.278102
14.600000 0.418322
14.650000 -0.091428
14.700000 0.203306
14.750000 0.023810
14.800000 -0.566592
14.850000 -0.245650
14.900000 -0.572093
14.950000 0.436510
15.000000 0.363938
15.050000 0.350744
15.100000 -0.037756
15.150000 -0.163532
15.200000 0.109919
15.250000 0.706355
15.300000 0.236621
15.350000 0.332960
15.400000 0.410969
15.450000 -0.854761
15.500000 -0.214874
15.550000 -0.519106
15.600000 -0.138490
15.650000 0.199590
15.700000 0.084794
15.750000 -0.153847
15.800000 0.102684
15.850000 -0.149759
15.900000 0.025168
15.950000 -0.229617
16.000000 -0.214842
16.050000 -0.713405
16.100000 0.072335
16.150000 -0.464148
16.200000 -0.108939
16.250000 -0.643848
16.300000 -0.110975
16.350000 -0.276616
16.400000 -0.247298
16.450000 -0.237890
16.500000 0.031349
16.550000 0.365281
16.600000 0.157982
16.650000 0.482555
16.700000 -0.455441
16.750000 -0.070978
16.800000 0.244312
16.850000 -0.175512
16.900000 0.128197
16.950000 -0.493882
17.000000 0.575301
17.050000 0.356034
17.100000 0.657521
17.150000 0.525179
17.200000 0.156514
17.250000 -0.145473
17.300000 -0.357700
17.350000 0.000604
17.400000 -0.072894
17.450000 -0.284249
17.500000 -0.047994
17.550000 -0.045285
17.600000 0.583448
17.650000 0.002546
17.700000 -0.560572
17.750000 0.694018
17.800000 0.334276
17.850000 0.252487
17.900000 0.188857
17.950000 0.439793
18.000000 0.049176
18.050000 -0.021106
18.100000 -0.012133
18.150000 0.476349
18.200000 0.323699
18.250000 0.775222
18.300000 0.055313
18.350000 0.523555
18.400000 0.302607
18.450000 -0.207712
18.500000 0.041648
18.550000 0.210006
18.600000 -0.400938
18.650000 -0.245110
18.700000 -0.234661
18.750000 -0.063968
18.800000 0.065849
18.850000 0.083023
18.900000 0.596502
18.950000 0.965464
19.000000 0.073503
19.050000 0.638596
19.100000 0.145548
19.150000 0.315196
19.200000 0.884100
19.250000 -0.086747
19.300000 -0.010495
19.350000 -0.916700
19.400000 -0.394903
19.450000 -0.153053
19.500000 -0.106931
19.550000 0.445894
19.600000 0.453964
19.650000 0.522487
19.700000 0.101603
19.750000 0.382800
19.799999 -0.232488
19.849999 0.183699
19.899999 -0.051120
19.949999 -0.265464
