0.000000 7.338591
0.050000 28.675831
0.100000 -3.686309
0.150000 22.135305
0.200000 15.681714
0.250000 -8.569806
0.300000 26.827307
0.350000 3.990840
0.400000 -3.307258
0.450000 9.844126
0.500000 -17.427547
0.550000 -4.632331
0.600000 -8.251665
0.650000 -21.987896
0.700000 -7.184500
0.750000 -32.330662
0.800000 29.473513
0.850000 -9.307232
0.900000 -2.677691
0.950000 14.381804
1.000000 -14.049307
1.050000 -4.797550
1.100000 -11.443068
1.150000 -27.307547
1.200000 -16.266037
1.250000 -7.931278
1.300000 -4.458439
1.350000 -7.775844
1.400000 -20.195608
1.450000 -5.160877
1.500000 -4.173966
1.550000 -19.021152
1.600000 10.187860
1.650000 15.174777
1.700000 -2.815157
1.750000 38.519970
1.800000 36.696980
1.850000 26.704082
1.900000 -8.853745
1.950000 -20.800840
2.000000 -72.935295
2.050000 -76.296562
2.100000 -55.977226
2.150000 -17.565039
2.200000 44.861580
2.250000 114.930473
2.300000 141.940033
2.350000 81.729340
2.400000 16.053816
2.450000 -96.323471
2.500000 -137.170273
2.550000 -143.013931
2.600000 -112.625336
2.650000 50.770401
2.700000 138.117126
2.750000 150.082199
2.800000 116.033119
2.850000 1.956579
2.900000 -82.681076
2.950000 -158.506271
3.000000 -122.292213
3.050000 -41.538513
3.100000 39.933720
3.150000 120.368202
3.200000 112.308609
3.250000 48.665077
3.300000 -22.767380
3.350000 -78.263100
3.400000 -91.376198
3.450000 -72.312157
3.500000 -0.848942
3.550000 61.141102
3.600000 98.741661
3.650000 50.204407
3.700000 -2.691157
3.750000 -43.401558
3.800000 -64.088821
3.850000 -69.382805
3.900000 -5.753831
3.950000 52.283539
4.000000 97.175896
4.050000 43.766861
4.100000 -0.157745
4.150000 -26.790051
4.200000 -46.036301
4.250000 -65.868973
4.300000 -28.837776
4.350000 1.050370
4.400000 38.460709
4.450000 45.075897
4.500000 22.873362
4.550000 -2.579080
4.600000 -23.147768
4.650000 -49.762058
4.700000 -35.352760
4.750000 -31.332859
4.800000 12.073335
4.850000 -2.500952
4.900000 53.025936
4.950000 12.397688
5.000000 4.464366
5.050000 -26.591923
5.100000 -12.465911
5.150000 -40.710922
5.200000 -9.959443
5.250000 -4.804497
5.300000 27.945354
5.350000 17.023790
5.400000 6.324354
5.450000 23.647326
5.500000 12.585553
5.550000 14.315883
5.600000 -16.449421
5.650000 -13.285214
5.700000 -25.279591
5.750000 30.934322
5.800000 26.660181
5.850000 8.636601
5.900000 19.194075
5.950000 -2.913347
6.000000 -14.546692
6.050000 -23.871241
6.100000 -5.515843
6.150000 -4.363143
6.200000 17.903475
6.250000 -1.173008
6.300000 2.105181
6.350000 10.038888
6.400000 -33.721462
6.450000 -3.484010
6.500000 11.101058
6.550000 21.153343
6.600000 -10.071376
6.650000 -6.534829
6.700000 19.201292
6.750000 -17.296009
6.800000 5.640742
6.850000 14.342219
6.900000 11.433637
6.950000 4.556632
7.000000 -16.507498
7.050000 20.222198
7.100000 -9.672810
7.150000 22.760004
7.200000 13.262480
7.250000 2.179368
7.300000 3.810794
7.350000 -7.620948
7.400000 -31.515203
7.450000 2.538831
7.500000 1.397103
7.550000 9.475899
7.600000 25.819784
7.650000 24.278130
7.700000 -9.834961
7.750000 -3.365193
7.800000 -10.431664
7.850000 9.776217
7.900000 -23.183323
7.950000 -1.613477
7.999999 0.963658
8.049999 15.873910
8.100000 -11.269436
8.150000 -7.430599
8.200000 -5.475871
8.250000 7.421061
8.300000 -3.771730
8.350000 6.993883
8.400000 1.278759
8.450000 8.922213
8.500000 20.369936
8.549999 8.119105
8.599999 -9.268224
8.650000 8.029319
8.700000 -11.304064
8.750000 2.886725
8.800000 10.491709
8.850000 8.486636
8.900000 15.587737
8.950000 6.901688
9.000000 -11.649641
9.050000 6.187560
9.099999 6.633612
9.149999 6.800966
9.200000 17.644798
9.250000 -0.628591
9.300000 7.684288
9.350000 27.282404
9.400000 8.506600
9.450000 11.195163
9.500000 -15.730221
9.550000 -10.047154
9.600000 -1.760184
9.649999 16.952286
9.699999 12.354880
9.750000 10.638865
9.800000 -10.690551
9.850000 10.027403
9.900000 12.709299
9.950000 -7.672059
10.000000 -12.015874
10.050000 -14.002858
10.100000 -6.076389
10.150000 22.084238
10.199999 15.472059
10.249999 3.296647
10.300000 -12.156693
10.350000 12.569142
10.400000 -18.280880
10.450000 -0.157841
10.500000 -17.175301
10.550000 15.668154
10.600000 9.047619
10.650000 -5.504628
10.700000 -11.406945
10.749999 3.375030
10.799999 4.094933
10.849999 -14.330666
10.900000 26.261290
10.950000 11.484001
11.000000 23.240974
11.050000 15.667217
11.100000 22.467966
11.150000 -4.935764
11.200000 -32.131199
11.250000 9.083344
11.299999 -20.345560
11.349999 25.280638
11.399999 -5.709128
11.450000 29.649366
11.500000 7.211337
11.550000 10.597829
11.600000 15.282758
11.650000 26.776114
11.700000 -5.140263
11.750000 -3.466288
11.800000 8.391647
11.849999 15.009533
11.899999 22.996439
11.949999 0.044659
12.000000 -5.119239
12.050000 -2.664078
12.100000 4.028117
12.150000 -6.066785
12.200000 -7.568065
12.250000 -8.205572
12.300000 18.687185
12.350000 -5.652371
12.399999 14.514662
12.449999 4.309160
12.499999 32.297504
12.550000 5.757153
12.600000 8.153756
12.650000 -20.166941
12.700000 -10.988577
12.750000 -6.945266
12.800000 -17.065475
12.850000 13.545908
12.900000 29.157476
12.949999 27.830849
12.999999 3.942805
13.049999 25.987162
13.100000 0.983857
13.150000 1.865600
13.200000 19.393362
13.250000 25.131483
13.300000 14.231831
13.350000 17.616014
13.400000 19.887892
13.450000 31.494976
13.499999 10.511865
13.549999 16.431608
13.599999 -11.914729
13.650000 -10.632102
13.700000 -4.162153
13.750000 20.952240
13.800000 -4.932717
13.850000 0.247380
13.900000 0.831110
13.950000 9.587391
14.000000 15.424093
14.049999 -13.123260
14.099999 28.612650
14.149999 -7.226203
14.200000 10.301050
14.250000 26.336956
14.300000 20.016932
14.350000 13.200161
14.400000 -3.261446
14.450000 -10.623572
14.500000 -4.665484
14.549999 -5.668623
14.599999 -4.220150
14.649999 13.834538
14.699999 -8.634382
14.750000 7.180836
14.800000 -0.307982
14.850000 -2.208905
14.900000 -32.583309
14.950000 -0.068563
15.000000 -4.827140
15.050000 -9.751455
15.099999 -5.925144
15.149999 3.918720
15.199999 -11.397960
15.249999 -12.929943
15.299999 -3.279827
15.350000 11.840854
15.400000 -5.814813
15.450000 -1.249109
15.500000 20.220800
15.550000 1.768316
15.600000 -4.239607
15.650000 -19.729591
15.699999 12.073759
15.750000 5.922890
15.799999 -9.142758
15.850000 12.201346
15.899999 6.204393
15.950000 8.688356
15.999999 10.305186
16.050000 -10.244135
16.099999 -8.474784
16.150000 -0.501445
16.200000 -4.390123
16.249999 -10.857141
16.300000 -10.760503
16.349999 -6.231018
16.400000 6.158953
16.449999 0.337991
16.500000 1.341514
16.549999 18.082371
16.600000 -11.681215
16.649999 6.593740
16.700000 0.677492
16.750000 8.860008
16.799999 20.012156
16.850000 15.492556
16.899999 14.568272
16.950000 -5.088483
16.999999 -11.400626
17.050000 -0.607720
17.099999 -10.579808
17.150000 -12.689721
17.199999 -7.771486
17.250000 8.364484
17.300000 3.214856
17.349999 -0.665542
17.400000 -0.343274
17.449999 -15.880985
17.500000 -21.483458
17.549999 -14.411923
17.600000 -19.500751
17.649999 -10.496857
17.700000 9.176105
17.749999 -16.285835
17.800000 1.697778
17.850000 -12.040790
17.899999 -9.994471
17.950000 0.643433
17.999999 -15.650538
18.050000 4.770266
18.099999 -9.512599
18.150000 -12.694075
18.199999 -2.295870
18.250000 23.527918
18.299999 2.640650
18.350000 10.764573
18.400000 -12.621860
18.449999 10.772040
18.500000 -9.061856
18.549999 34.270573
18.600000 7.262529
18.649999 4.320697
18.700000 14.986125
18.749999 -3.677144
18.800000 15.576353
18.849999 16.278860
18.900000 -9.006722
18.950000 4.503170
18.999999 -7.098807
19.050000 2.223140
19.099999 14.426824
19.150000 8.981021
19.199999 24.310965
19.250000 3.487497
19.299999 14.987282
19.350000 -9.968442
19.399999 -0.344760
19.450000 10.015783
19.500000 3.202738
19.549999 9.488411
19.600000 20.889227
19.649999 11.490649
19.700000 14.535514
19.749999 1.051709
19.800000 -7.382636
19.849999 6.298759
19.900000 9.533569
19.949999 -17.558321
