0.000000 -0.350631
0.050000 0.526564
0.100000 0.055797
0.150000 -0.385940
0.200000 -0.606973
0.250000 0.007445
0.300000 0.461648
0.350000 -0.304575
0.400000 0.902328
0.450000 0.803182
0.500000 0.970852
0.550000 -0.835329
0.600000 -0.570163
0.650000 0.115471
0.700000 1.124967
0.750000 0.892318
0.800000 0.579259
0.850000 1.178343
0.900000 0.931017
0.950000 -0.029583
1.000000 0.788286
1.050000 0.052860
1.100000 -0.394606
1.150000 0.242471
1.200000 -0.462820
1.250000 -0.210672
1.300000 0.308201
1.350000 0.589427
1.400000 -0.258959
1.450000 0.590492
1.500000 -0.505568
1.550000 0.153000
1.600000 -0.086861
1.650000 0.289290
1.700000 0.320187
1.750000 0.309768
1.800000 0.559211
1.850000 0.638936
1.900000 1.215587
1.950000 0.030983
2.000000 -0.209507
2.050000 -0.618811
2.100000 -0.241994
2.150000 -1.350085
2.200000 -1.829339
2.250000 -1.957098
2.300000 -1.138642
2.350000 0.321121
2.400000 2.051609
2.450000 1.803993
2.500000 3.269840
2.550000 3.325880
2.600000 0.995793
2.650000 -1.947289
2.700000 -4.728200
2.750000 -5.785673
2.800000 -5.045368
2.850000 -2.440460
2.900000 1.630389
2.950000 5.791476
3.000000 7.344645
3.050000 6.629980
3.100000 3.054918
3.150000 -0.558233
3.200000 -4.888030
3.250000 -6.748954
3.300000 -5.709157
3.350000 -2.415302
3.400000 1.124727
3.450000 5.166599
3.500000 7.069248
3.550000 5.111418
3.600000 2.517043
3.650000 -0.636225
3.700000 -3.210075
3.750000 -5.130344
3.800000 -4.686786
3.850000 -1.505575
3.900000 1.589417
3.950000 3.634351
4.000000 3.891200
4.050000 2.972418
4.100000 1.476141
4.150000 -1.194892
4.200000 -3.214107
4.250000 -3.273378
4.300000 -2.471840
4.350000 0.237372
4.400000 1.621592
4.450000 2.134063
4.500000 3.135550
4.550000 1.332922
4.600000 1.060845
4.650000 -1.408829
4.700000 -1.525689
4.750000 -2.364690
4.800000 -1.710586
4.850000 -0.457256
4.900000 0.369056
4.950000 0.453165
5.000000 1.248315
5.050000 0.591671
5.100000 0.462787
5.150000 0.051911
5.200000 -0.673512
5.250000 -0.456456
5.300000 -0.786285
5.350000 -0.715266
5.400000 0.058946
5.450000 -0.639891
5.500000 0.601398
5.550000 0.972328
5.600000 0.602405
5.650000 0.619054
5.700000 0.840990
5.750000 -0.083112
5.800000 -0.498598
5.850000 -0.759684
5.900000 -0.482637
5.950000 -0.815290
6.000000 -0.314461
6.050000 0.378003
6.100000 1.553383
6.150000 0.910636
6.200000 1.620419
6.250000 0.633887
6.300000 -0.750871
6.350000 -0.538588
6.400000 -1.142580
6.450000 -0.504420
6.500000 -0.498012
6.550000 0.841655
6.600000 0.474220
6.650000 1.009910
6.700000 -0.167036
6.750000 -0.587382
6.800000 -0.860349
6.850000 0.089425
6.900000 -0.538078
6.950000 -0.547354
7.000000 -0.481355
7.050000 -0.089912
7.100000 -0.134243
7.150000 -0.456120
7.200000 0.453252
7.250000 -0.417455
7.300000 0.020045
7.350000 0.502111
7.400000 0.404315
7.450000 0.519437
7.500000 -0.281957
7.550000 0.068434
7.600000 0.539870
7.650000 0.820476
7.700000 0.823296
7.750000 -0.386245
7.800000 0.764061
7.850000 -0.043914
7.900000 0.051195
7.950000 -0.381873
8.000000 0.008790
8.050000 0.329852
8.100000 -0.824104
8.150000 0.077148
8.200000 0.089998
8.250000 1.669089
8.300000 0.628029
8.350000 0.308910
8.400000 -0.326203
8.450000 -0.338492
8.500000 -0.009793
8.550000 -0.398045
8.600000 -0.493969
8.650000 -0.700018
8.700000 0.301221
8.750000 0.885774
8.800000 0.499034
8.850000 -0.169231
8.900000 0.444777
8.950000 -0.192244
9.000000 0.375344
9.050000 -0.038718
9.100000 -0.440102
9.150000 -0.008178
9.200000 0.320774
9.250000 0.899154
9.300000 0.322081
9.350000 0.703256
9.400000 0.628007
9.450000 0.693066
9.500000 0.007156
9.550000 -0.469077
9.600000 0.192443
9.650000 0.211252
9.700000 0.194212
9.750000 1.140285
9.800000 0.859175
9.850000 0.428260
9.900000 0.481729
9.950000 -0.002698
10.000000 -0.330356
10.050000 0.302320
10.100000 0.691094
10.150000 0.653919
10.200000 0.951125
10.250000 -0.094671
10.300000 0.548894
10.350000 -0.088231
10.400000 0.695544
10.450000 0.054818
10.500000 -0.311867
10.550000 0.731871
10.600000 -0.085677
10.650000 0.461666
10.700000 0.180533
10.750000 -0.000092
10.800000 -0.771657
10.850000 -0.315101
10.900000 -0.048463
10.950000 0.555487
11.000000 -0.142295
11.050000 0.479550
11.100000 -0.037598
11.150000 -0.741135
11.200000 0.021117
11.250000 -0.304657
11.300000 0.351276
11.350000 -0.224683
11.400000 0.022005
11.450000 -0.942526
11.500000 -0.223222
11.550000 -0.292026
11.600000 -0.116988
11.650000 0.873054
11.700000 -0.934760
11.750000 0.255687
11.800000 -0.126074
11.850000 -0.311915
11.900000 -1.119367
11.950000 -0.210163
12.000000 0.138124
12.050000 0.029480
12.100000 0.366383
12.150000 0.433945
12.200000 -0.071471
12.250000 0.212175
12.300000 -0.755600
12.350000 0.040930
12.400000 -0.482194
12.450000 -0.946634
12.500000 0.111467
12.550000 0.366047
12.600000 -0.021730
12.650000 0.029115
12.700000 -0.302253
12.750000 -0.484255
12.800000 0.643123
12.850000 0.303573
12.900000 -0.013140
12.950000 -0.665751
13.000000 -0.165882
13.050000 -0.641920
13.100000 -1.557398
13.150000 0.778817
13.200000 0.528992
13.250000 0.273730
13.300000 -0.148924
13.350000 -0.341739
13.400000 -0.338478
13.450000 -0.157736
13.500000 -0.312099
13.550000 1.234661
13.600000 -0.205048
13.650000 0.098492
13.700000 1.057896
13.750000 1.117199
13.800000 1.530854
13.850000 -0.079906
13.900000 0.177282
13.950000 0.013275
14.000000 0.599993
14.050000 0.267498
14.100000 -0.214587
14.150000 -0.055148
14.200000 0.965043
14.250000 -0.392028
14.300000 0.687667
14.350000 0.238172
14.400000 0.321049
14.450000 0.282329
14.500000 0.698520
14.550000 0.020115
14.600000 -0.407697
14.650000 -0.183439
14.700000 -0.420115
14.750000 -0.494920
14.800000 -1.075992
14.850000 -0.174918
14.900000 0.581688
14.950000 0.658751
15.000000 0.645873
15.050000 1.286790
15.100000 0.441103
15.150000 0.196467
15.200000 -0.387201
15.250000 -0.176803
15.300000 -0.606820
15.350000 0.014564
15.400000 -0.159262
15.450000 -0.480321
15.500000 0.315088
15.550000 0.290053
15.600000 0.564230
15.650000 -1.124634
15.700000 0.484996
15.750000 -0.501293
15.800000 -0.756623
15.850000 -0.804512
15.900000 0.880925
15.950000 0.222701
16.000000 0.093104
16.050000 0.087835
16.100000 0.435560
16.150000 -0.424558
16.200000 -0.609321
16.250000 -0.055598
16.300000 -0.242105
16.350000 0.351334
16.400000 0.462484
16.450000 0.100210
16.500000 1.219525
16.550000 0.679660
16.600000 0.689970
16.650000 -0.000837
16.700000 -0.073867
16.750000 0.279658
16.800000 0.311243
16.850000 -0.351825
16.900000 -0.480093
16.950000 -0.467461
17.000000 0.276904
17.050000 0.404199
17.100000 0.604018
17.150000 0.102168
17.200000 0.199746
17.250000 -1.062853
17.300000 -0.075537
17.350000 -0.187416
17.400000 0.071899
17.450000 0.211218
17.500000 0.067965
17.550000 0.621682
17.600000 1.007838
17.650000 0.705046
17.700000 -0.001981
17.750000 0.018010
17.800000 -0.622253
17.850000 -0.404644
17.900000 -0.525617
17.950000 -0.401631
18.000000 -0.828942
18.050000 0.586862
18.100000 0.816539
18.150000 -0.086098
18.200000 -0.400447
18.250000 0.052444
18.300000 0.113917
18.350000 -1.321818
18.400000 -0.319835
18.450000 -0.197479
18.500000 0.161390
18.550000 0.713517
18.600000 0.456495
18.650000 0.598368
18.700000 -0.401631
18.750000 -0.052138
18.800000 -0.519821
18.850000 -0.292863
18.900000 -0.412549
18.950000 0.399943
19.000000 0.222125
19.050000 -0.200957
19.100000 -0.448214
19.150000 0.629309
19.200000 0.220733
19.250000 0.361195
19.300000 -0.008000
19.350000 -0.483189
19.400000 0.391740
19.450000 0.053809
19.500000 -0.261414
19.550000 -0.044167
19.600000 -0.401613
19.650000 0.447908
19.700000 0.070252
19.750000 -0.145001
19.799999 -0.195745
19.849999 -0.118705
19.899999 0.478264
19.949999 -0.280373
