0.000000 -12.699206
0.050000 15.788423
0.100000 1.074893
0.150000 18.778584
0.200000 -1.149171
0.250000 1.789714
0.300000 -4.954718
0.350000 8.567659
0.400000 10.104381
0.450000 -0.729626
0.500000 -2.727579
0.550000 2.838460
0.600000 2.395556
0.650000 -12.781111
0.700000 2.851685
0.750000 6.350337
0.800000 3.184361
0.850000 1.338993
0.900000 -8.604429
0.950000 -7.513568
1.000000 -3.639508
1.050000 3.964345
1.100000 -2.567749
1.150000 14.389197
1.200000 -11.481479
1.250000 -6.282849
1.300000 -2.277050
1.350000 -0.320459
1.400000 2.908256
1.450000 -8.033081
1.500000 -9.403730
1.550000 -8.913039
1.600000 11.358638
1.650000 -6.678879
1.700000 1.068109
1.750000 10.667234
1.800000 1.608153
1.850000 1.976168
1.900000 -4.692230
1.950000 -5.354064
2.000000 -14.319974
2.050000 -20.081764
2.100000 -24.395641
2.150000 -26.490143
2.200000 -5.014711
2.250000 15.185057
2.300000 27.647285
2.350000 55.707142
2.400000 60.115616
2.450000 48.303818
2.500000 -15.051573
2.550000 -52.145607
2.600000 -90.849403
2.650000 -86.459648
2.700000 -74.485504
2.750000 13.183225
2.800000 71.496155
2.850000 101.976257
2.900000 86.640404
2.950000 55.070995
3.000000 -24.568508
3.050000 -73.914879
3.100000 -100.486824
3.150000 -64.555466
3.200000 -19.221189
3.250000 45.412472
3.300000 81.420380
3.350000 90.582268
3.400000 51.539814
3.450000 -6.797005
3.500000 -58.045521
3.550000 -75.378296
3.600000 -56.331318
3.650000 -13.371656
3.700000 24.928753
3.750000 57.667336
3.800000 54.950718
3.850000 27.310577
3.900000 -1.973548
3.950000 -36.203049
4.000000 -26.087763
4.050000 -25.789625
4.100000 -12.556267
4.150000 13.509533
4.200000 29.952665
4.250000 8.373976
4.300000 0.963654
4.350000 -19.928999
4.400000 -19.470497
4.450000 -2.194737
4.500000 10.981801
4.550000 6.037902
4.600000 17.661039
4.650000 -10.360300
4.700000 1.966287
4.750000 -6.509122
4.800000 -20.521994
4.850000 -6.106482
4.900000 -0.012316
4.950000 9.250816
5.000000 3.656559
5.050000 1.585558
5.100000 1.631750
5.150000 12.235085
5.200000 -6.280702
5.250000 5.150550
5.300000 2.595066
5.350000 -6.885038
5.400000 7.874313
5.450000 5.010942
5.500000 -1.123408
5.550000 18.800201
5.600000 3.239930
5.650000 1.245822
5.700000 -3.660022
5.750000 -10.394996
5.800000 -1.103384
5.850000 2.040762
5.900000 -3.874937
5.950000 15.014254
6.000000 8.969868
6.050000 10.131699
6.100000 -8.543110
6.150000 -1.589520
6.200000 -7.540839
6.250000 -8.220752
6.300000 -2.371049
6.350000 -2.400348
6.400000 -3.011326
6.450000 8.391171
6.500000 0.783020
6.550000 -8.630548
6.600000 -4.738183
6.650000 -15.504704
6.700000 2.442415
6.750000 -5.711285
6.800000 0.668606
6.850000 14.740278
6.900000 3.487057
6.950000 0.898720
7.000000 -6.227965
7.050000 7.403065
7.100000 7.375035
7.150000 6.564813
7.200000 0.382972
7.250000 4.357417
7.300000 -3.256311
7.350000 -0.523863
7.400000 -1.540519
7.450000 -1.355721
7.500000 -3.272864
7.550000 -0.933372
7.600000 -4.888667
7.650000 7.165984
7.700000 -0.355894
7.750000 8.099051
7.800000 -6.821688
7.850000 9.103200
7.900000 -1.267776
7.950000 -10.060309
8.000000 -4.782189
8.050000 7.803815
8.100000 20.012846
8.150000 15.782022
8.200000 7.165108
8.250000 1.814468
8.300000 -10.507754
8.350000 1.927394
8.400000 -10.609519
8.450000 0.617912
8.500000 -5.528096
8.550000 -8.739463
8.600000 1.909577
8.650000 15.635056
8.700000 -1.328240
8.750000 -9.252704
8.800000 6.630569
8.850000 0.354517
8.900000 -15.162609
8.950000 1.906867
9.000000 -12.172642
9.050000 14.970172
9.100000 23.662403
9.150000 1.709463
9.200000 8.274452
9.250000 -6.592095
9.300000 -3.596104
9.350000 4.906726
9.400000 -5.334550
9.450000 12.128668
9.500000 12.250554
9.550000 -2.756324
9.600000 -0.656785
9.650000 9.390664
9.700000 6.656526
9.750000 -3.066976
9.800000 2.868104
9.850000 10.789326
9.900000 -4.117609
9.950000 0.620493
10.000000 7.518872
10.050000 9.280004
10.100000 4.823086
10.150000 4.651690
10.200000 -0.402910
10.250000 7.220324
10.300000 0.107149
10.350000 3.766212
10.400000 11.144648
10.450000 -1.418948
10.500000 -5.157020
10.550000 8.472960
10.600000 -1.258885
10.650000 1.604727
10.700000 14.656574
10.750000 -14.970938
10.800000 2.463521
10.850000 1.390753
10.900000 -3.139314
10.950000 -3.651084
11.000000 0.181134
11.050000 1.012561
11.100000 4.955422
11.150000 1.596455
11.200000 -3.106959
11.250000 3.710199
11.300000 -23.537802
11.350000 -2.638908
11.400000 -8.036158
11.450000 -0.167654
11.500000 -5.625896
11.550000 7.001595
11.600000 5.317149
11.650000 11.374370
11.700000 1.877159
11.750000 -4.782417
11.800000 -4.717108
11.850000 -10.590666
11.900000 -3.182738
11.950000 7.648097
12.000000 5.927453
12.050000 13.958967
12.100000 -15.116484
12.150000 -0.057799
12.200000 2.083440
12.250000 5.280639
12.300000 -6.003911
12.350000 3.322548
12.400000 0.914056
12.450000 -6.446542
12.500000 6.349570
12.550000 -2.753206
12.600000 7.091017
12.650000 2.606539
12.700000 -5.609002
12.750000 5.028683
12.800000 -5.871194
12.850000 -5.156766
12.900000 -6.119361
12.950000 1.379287
13.000000 7.515709
13.050000 0.882669
13.100000 11.575458
13.150000 14.722340
13.200000 6.662316
13.250000 -11.156751
13.300000 -12.072292
13.350000 -1.118715
13.400000 11.631574
13.450000 2.884695
13.500000 1.327591
13.550000 1.903664
13.600000 8.176105
13.650000 14.578904
13.700000 -15.656234
13.750000 8.829715
13.800000 10.743155
13.850000 5.398453
13.900000 0.714482
13.950000 16.856319
14.000000 5.558006
14.050000 6.476086
14.100000 8.699984
14.150000 2.151955
14.200000 -3.550509
14.250000 7.423888
14.300000 -4.430774
14.350000 1.004224
14.400000 -4.694204
14.450000 7.363266
14.500000 -2.148621
14.550000 0.964694
14.600000 -1.277499
14.650000 15.682793
14.700000 -6.304636
14.750000 1.357919
14.800000 -8.100807
14.850000 0.533758
14.900000 6.847561
14.950000 3.393940
15.000000 -10.446601
15.050000 -10.120090
15.100000 -8.477229
15.150000 -5.325652
15.200000 3.569684
15.250000 5.922768
15.300000 2.059509
15.350000 5.865215
15.400000 9.361471
15.450000 7.854530
15.500000 -8.928390
15.550000 -9.225085
15.600000 -1.632547
15.650000 -2.438487
15.700000 -17.322250
15.750000 -11.546757
15.800000 11.115569
15.850000 2.738182
15.900000 6.692414
15.950000 12.101138
16.000000 -5.048127
16.050000 6.742973
16.100000 -8.217319
16.150000 1.127035
16.200000 8.000811
16.250000 4.337974
16.300000 -1.961276
16.350000 1.276672
16.400000 6.091943
16.450000 3.906630
16.500000 2.439754
16.550000 6.722402
16.600000 -0.816662
16.650000 4.591949
16.700000 -10.561097
16.750000 -4.616974
16.800000 -15.436177
16.850000 -13.022298
16.900000 1.589157
16.950000 7.370290
17.000000 -0.886562
17.050000 -4.514826
17.100000 1.720510
17.150000 -3.901624
17.200000 -14.688369
17.250000 -4.488560
17.300000 -9.249640
17.350000 9.117068
17.400000 10.717665
17.450000 12.560968
17.500000 13.760900
17.550000 -0.170708
17.600000 7.120073
17.650000 -7.310565
17.700000 -1.048431
17.750000 -12.171310
17.800000 -0.542881
17.850000 6.369574
17.900000 4.617077
17.950000 -1.632502
18.000000 7.457493
18.050000 3.623759
18.100000 -6.174641
18.150000 5.732482
18.200000 -7.649015
18.250000 4.531180
18.300000 2.494662
18.350000 -10.302136
18.400000 9.968354
18.450000 3.898466
18.500000 9.999658
18.550000 8.551562
18.600000 -3.500922
18.650000 -20.035046
18.700000 -7.944074
18.750000 0.663600
18.800000 8.891244
18.850000 0.813751
18.900000 5.840426
18.950000 3.592735
19.000000 -11.240032
19.050000 7.706767
19.100000 -7.892842
19.150000 3.987302
19.200000 -3.718946
19.250000 4.684703
19.300000 8.301926
19.350000 8.581934
19.400000 -4.669195
19.450000 -14.048021
19.500000 -12.366024
19.550000 -0.129518
19.600000 7.007634
19.650000 -3.618815
19.700000 3.371247
19.750000 17.523268
19.799999 11.752899
19.849999 1.304829
19.899999 5.263189
19.949999 -8.474662
