0.000000 -0.482327
0.050000 4.814094
0.100000 -7.775786
0.150000 -2.667248
0.200000 -11.935128
0.250000 -9.289596
0.300000 0.287987
0.350000 1.633786
0.400000 -3.782830
0.450000 -3.799190
0.500000 0.698536
0.550000 4.182319
0.600000 2.935095
0.650000 -5.062844
0.700000 -4.311882
0.750000 7.818006
0.800000 7.971091
0.850000 2.353482
0.900000 4.071117
0.950000 2.846971
1.000000 8.719123
1.050000 11.104260
1.100000 9.286137
1.150000 -2.745646
1.200000 2.157489
1.250000 1.570334
1.300000 -6.160690
1.350000 -2.186002
1.400000 1.029160
1.450000 3.441660
1.500000 2.895523
1.550000 0.273455
1.600000 2.256810
1.650000 2.486717
1.700000 -3.259812
1.750000 -8.544693
1.800000 2.669625
1.850000 -2.775674
1.900000 0.068604
1.950000 2.459988
2.000000 -0.597865
2.050000 -1.436074
2.100000 -4.112516
2.150000 0.659495
2.200000 -0.559411
2.250000 -0.163348
2.300000 -3.872813
2.350000 3.595273
2.400000 -1.436850
2.450000 4.662393
2.500000 7.653329
2.550000 -2.111344
2.600000 -2.520919
2.650000 -1.090145
2.700000 1.290495
2.750000 1.099094
2.800000 -7.690261
2.850000 -9.571722
2.900000 -9.650587
2.950000 -17.398108
3.000000 -17.290501
3.050000 -14.550088
3.100000 -10.357641
3.150000 -12.968627
3.200000 -8.573415
3.250000 5.753663
3.300000 10.889634
3.350000 29.275501
3.400000 33.183094
3.450000 41.946468
3.500000 41.392570
3.550000 40.083565
3.600000 30.275621
3.650000 24.656622
3.700000 6.995040
3.750000 -4.081420
3.800000 -17.598969
3.850000 -40.305176
3.900000 -46.933624
3.950000 -49.015823
4.000000 -50.542118
4.050000 -47.421421
4.100000 -42.809700
4.150000 -36.155773
4.200000 -24.251034
4.250000 1.146951
4.300000 7.001419
4.350000 29.749746
4.400000 39.880051
4.450000 38.498074
4.500000 37.448647
4.550000 47.059238
4.600000 34.628681
4.650000 31.921206
4.700000 29.862032
4.750000 3.421588
4.800000 1.208927
4.850000 -12.520007
4.900000 -25.288860
4.950000 -28.633556
5.000000 -17.463202
5.050000 -34.233826
5.100000 -22.587502
5.150000 -17.444967
5.200000 -19.696075
5.250000 -5.870795
5.300000 3.539209
5.350000 8.773220
5.400000 17.024878
5.450000 20.422359
5.500000 20.366596
5.550000 20.770380
5.600000 21.078646
5.650000 17.726486
5.700000 20.851339
5.750000 4.999458
5.800000 2.085413
5.850000 -11.180045
5.900000 -2.219696
5.950000 -9.288681
6.000000 -18.405886
6.050000 -15.177035
6.100000 -11.963541
6.150000 -9.971475
6.200000 -7.861135
6.250000 0.175973
6.300000 2.041427
6.350000 6.992355
6.400000 7.886412
6.450000 14.518667
6.500000 8.765018
6.550000 16.435314
6.600000 3.135615
6.650000 4.698186
6.700000 7.870440
6.750000 2.745599
6.800000 -7.448654
6.850000 -1.081589
6.900000 -8.482007
6.950000 -6.455873
7.000000 -2.059395
7.050000 -7.260942
7.100000 -0.210996
7.150000 1.433205
7.200000 4.478859
7.250000 -3.921722
7.300000 7.798386
7.350000 4.965184
7.400000 6.498182
7.450000 7.598814
7.500000 2.274953
7.550000 -1.484441
7.600000 -2.201106
7.650000 -1.954258
7.700000 2.650290
7.750000 -4.916080
7.800000 -2.377518
7.850000 -4.620633
7.900000 -2.837421
7.950000 -6.380529
7.999999 0.087892
8.049999 -9.270642
8.100000 2.045306
8.150000 2.620627
8.200000 9.499046
8.250000 8.666171
8.300000 9.130976
8.350000 3.497484
8.400000 1.335106
8.450000 6.006600
8.500000 -0.228468
8.549999 9.567778
8.599999 -3.509253
8.650000 -7.424404
8.700000 -12.091099
8.750000 -2.714813
8.800000 -2.607482
8.850000 -3.941447
8.900000 -5.303346
8.950000 -4.360891
9.000000 -1.679534
9.050000 -5.818017
9.099999 -4.379853
9.149999 -5.231519
9.200000 8.987031
9.250000 5.317962
9.300000 1.619895
9.350000 9.509226
9.400000 1.964935
9.450000 -0.294376
9.500000 0.582172
9.550000 -1.235005
9.600000 0.951983
9.649999 -0.202719
9.699999 -0.040463
9.750000 -4.500217
9.800000 -3.629552
9.850000 -5.125543
9.900000 -10.972136
9.950000 -1.560677
10.000000 2.367006
10.050000 -2.838031
10.100000 -8.408309
10.150000 0.836347
10.199999 4.689839
10.249999 8.448008
10.300000 -1.979303
10.350000 1.871244
10.400000 -1.229051
10.450000 4.908318
10.500000 1.607633
10.550000 0.988559
10.600000 3.567328
10.650000 -2.397258
10.700000 -0.872769
10.749999 -2.115015
10.799999 -2.710206
10.849999 1.526263
10.900000 -4.820954
10.950000 -2.436436
11.000000 5.631246
11.050000 -0.636909
11.100000 -5.289195
11.150000 -1.272812
11.200000 1.350401
11.250000 6.111264
11.299999 2.102410
11.349999 0.863778
11.399999 -2.149495
11.450000 0.353621
11.500000 -5.367088
11.550000 4.617835
11.600000 -3.186093
11.650000 1.977101
11.700000 -1.896238
11.750000 -0.467020
11.800000 1.364981
11.849999 3.128239
11.899999 4.311646
11.949999 -8.132684
12.000000 1.748587
12.050000 1.236362
12.100000 8.631049
12.150000 1.425885
12.200000 0.569225
12.250000 7.927797
12.300000 9.968617
12.350000 4.213905
12.399999 -4.748961
12.449999 -0.489710
12.499999 -0.989823
12.550000 4.607586
12.600000 2.337654
12.650000 5.247579
12.700000 1.447712
12.750000 -2.111362
12.800000 -3.164637
12.850000 -8.822675
12.900000 -1.847013
12.949999 -8.886323
12.999999 -4.137599
13.049999 1.648375
13.100000 -0.182099
13.150000 1.318081
13.200000 5.055103
13.250000 5.702868
13.300000 1.867189
13.350000 1.217502
13.400000 -3.546253
13.450000 -1.899327
13.499999 -0.907025
13.549999 3.322911
13.599999 -1.506325
13.650000 7.693680
13.700000 8.891354
13.750000 0.621226
13.800000 -3.093759
13.850000 -4.762230
13.900000 -3.681851
13.950000 -5.023677
14.000000 -7.997754
14.049999 1.102188
14.099999 1.732596
14.149999 -1.894437
14.200000 1.899307
14.250000 3.493874
14.300000 9.890659
14.350000 -1.544212
14.400000 -5.730447
14.450000 1.543523
14.500000 4.939681
14.549999 3.464715
14.599999 2.001387
14.649999 2.261059
14.699999 7.437740
14.750000 -2.600916
14.800000 2.613095
14.850000 3.950027
14.900000 -2.917427
14.950000 -7.292942
15.000000 0.700443
15.050000 -0.495925
15.099999 -2.867644
15.149999 -5.900722
15.199999 1.244340
15.249999 -4.219505
15.299999 2.277272
15.350000 1.216634
15.400000 4.677902
15.450000 -0.142255
15.500000 6.648832
15.550000 -1.766100
15.600000 1.593629
15.650000 5.141457
15.699999 -10.626040
15.750000 -2.620569
15.799999 3.919694
15.850000 -2.553236
15.899999 -0.605021
15.950000 1.103975
15.999999 0.788649
16.050000 -1.129220
16.099999 3.709976
16.150000 -0.859811
16.200000 -5.068464
16.249999 2.399590
16.300000 -0.605041
16.349999 5.435918
16.400000 -1.765226
16.449999 -1.005666
16.500000 6.750120
16.549999 -0.326648
16.600000 0.152677
16.649999 -0.069252
16.700000 -1.423485
16.750000 -8.763539
16.799999 -0.861372
16.850000 1.524916
16.899999 3.445923
16.950000 4.710105
16.999999 -2.662932
17.050000 -0.813197
17.099999 -8.018309
17.150000 -4.507566
17.199999 -0.948196
17.250000 1.758541
17.300000 -3.759061
17.349999 3.259278
17.400000 10.947053
17.449999 2.231669
17.500000 0.438925
17.549999 -0.270660
17.600000 -2.082003
17.649999 2.691954
17.700000 3.697912
17.749999 -0.931615
17.800000 0.820807
17.850000 6.626536
17.899999 -3.044854
17.950000 0.637854
17.999999 2.613793
18.050000 -7.360943
18.099999 -1.639013
18.150000 2.194043
18.199999 -1.874650
18.250000 -1.613605
18.299999 2.815838
18.350000 -8.581104
18.400000 -3.990040
18.449999 -1.910703
18.500000 1.507828
18.549999 9.472192
18.600000 6.795012
18.649999 4.570941
18.700000 2.484711
18.749999 3.007211
18.800000 5.279126
18.849999 -9.123369
18.900000 1.949489
18.950000 0.871041
18.999999 2.238885
19.050000 4.267498
19.099999 -2.338193
19.150000 5.999922
19.199999 -10.061953
19.250000 -3.159392
19.299999 -3.425633
19.350000 -3.171985
19.399999 -4.152247
19.450000 0.890437
19.500000 10.368041
19.549999 7.675780
19.600000 2.713941
19.649999 9.950344
19.700000 4.937943
19.749999 2.034736
19.800000 -3.658383
19.849999 -2.103501
19.900000 -5.101629
19.949999 -5.527414
