0.000000 29.759254
0.050000 12.544834
0.100000 -6.196502
0.150000 16.593477
0.200000 11.895885
0.250000 4.390292
0.300000 -17.118212
0.350000 0.335595
0.400000 2.356221
0.450000 14.989063
0.500000 33.376804
0.550000 10.125835
0.600000 -6.400134
0.650000 -23.046822
0.700000 -5.018099
0.750000 -31.096605
0.800000 -5.657714
0.850000 -6.491632
0.900000 0.641237
0.950000 -23.134916
1.000000 -0.261957
1.050000 12.715201
1.100000 0.321318
1.150000 -7.992492
1.200000 9.528687
1.250000 -0.305408
1.300000 1.405747
1.350000 -6.316566
1.400000 11.432199
1.450000 -16.185968
1.500000 -5.143340
1.550000 -14.551793
1.600000 -6.716639
1.650000 9.530757
1.700000 -5.988564
1.750000 0.297372
1.800000 14.381295
1.850000 2.808665
1.900000 -3.050450
1.950000 -0.292540
2.000000 21.197645
2.050000 20.468527
2.100000 -1.557204
2.150000 6.506424
2.200000 18.718515
2.250000 7.998142
2.300000 34.087811
2.350000 13.575872
2.400000 -12.172919
2.450000 -9.215916
2.500000 19.718445
2.550000 2.234863
2.600000 11.524924
2.650000 2.752368
2.700000 27.530293
2.750000 34.129166
2.800000 -6.458240
2.850000 25.264528
2.900000 32.847775
2.950000 21.905237
3.000000 9.346974
3.050000 34.684776
3.100000 42.676170
3.150000 31.385590
3.200000 28.871969
3.250000 -6.314094
3.300000 12.077514
3.350000 -12.744896
3.400000 -7.645346
3.450000 -52.906540
3.500000 -45.615913
3.550000 -54.089031
3.600000 -71.046295
3.650000 -99.298759
3.700000 -99.104416
3.750000 -97.409294
3.800000 -123.418274
3.850000 -100.944214
3.900000 -102.709320
3.950000 -91.137032
4.000000 -82.807549
4.050000 -60.739555
4.100000 -41.248272
4.150000 -42.532589
4.200000 -6.898002
4.250000 32.613499
4.300000 55.244400
4.350000 84.402809
4.400000 84.259712
4.450000 125.239326
4.500000 105.932869
4.550000 126.026672
4.600000 114.545700
4.650000 103.013199
4.700000 139.434814
4.750000 117.290840
4.800000 113.877159
4.850000 114.544838
4.900000 113.188858
4.950000 74.641571
5.000000 80.355057
5.050000 47.139984
5.100000 33.225937
5.150000 37.879799
5.200000 14.369028
5.250000 -14.701608
5.300000 -27.131079
5.350000 -57.591183
5.400000 -55.407661
5.450000 -87.616013
5.500000 -61.895859
5.550000 -84.636932
5.600000 -102.635452
5.650000 -113.794487
5.700000 -115.644341
5.750000 -100.107445
5.800000 -104.126396
5.850000 -97.302208
5.900000 -99.535423
5.950000 -70.971931
6.000000 -93.277596
6.050000 -70.321098
6.100000 -66.413460
6.150000 -59.526314
6.200000 -50.555046
6.250000 -8.516427
6.300000 -9.404407
6.350000 10.493831
6.400000 19.605494
6.450000 26.765285
6.500000 45.198071
6.550000 44.220787
6.600000 66.111694
6.650000 54.534569
6.700000 82.762253
6.750000 50.383221
6.800000 58.369057
6.850000 73.609589
6.900000 55.749241
6.950000 68.342514
7.000000 60.798416
7.050000 29.870735
7.100000 41.596619
7.150000 55.646805
7.200000 32.699638
7.250000 40.293324
7.300000 40.549480
7.350000 27.479033
7.400000 35.567280
7.450000 6.044445
7.500000 -27.805174
7.550000 -24.874531
7.600000 -21.953508
7.650000 -28.704300
7.700000 -32.123425
7.750000 -7.173624
7.800000 -8.538872
7.850000 -27.656595
7.900000 -6.081992
7.950000 -17.927113
7.999999 -16.416954
8.049999 -29.327518
8.100000 -11.119766
8.150000 -21.645298
8.200000 -7.848367
8.250000 -21.878849
8.300000 -15.760542
8.350000 -21.763220
8.400000 -20.531502
8.450000 -33.054886
8.500000 3.634406
8.549999 -8.393163
8.599999 8.921520
8.650000 15.121804
8.700000 15.825303
8.750000 -2.440227
8.800000 1.575400
8.850000 14.237730
8.900000 2.670811
8.950000 0.503725
9.000000 19.863285
9.050000 -2.192353
9.099999 6.809908
9.149999 26.272238
9.200000 28.331995
9.250000 16.193905
9.300000 8.357922
9.350000 -10.351053
9.400000 2.714334
9.450000 16.217474
9.500000 9.078026
9.550000 -16.104790
9.600000 6.040252
9.649999 21.888460
9.699999 1.634141
9.750000 16.795916
9.800000 30.620871
9.850000 -6.354390
9.900000 -14.920321
9.950000 4.494366
10.000000 -22.033245
10.050000 -24.515299
10.100000 -11.896150
10.150000 -5.684057
10.199999 -4.927626
10.249999 12.456768
10.300000 -9.146849
10.350000 11.592306
10.400000 6.270562
10.450000 -0.860386
10.500000 -10.834635
10.550000 36.404869
10.600000 2.984518
10.650000 3.095898
10.700000 -13.695745
10.749999 4.855610
10.799999 -15.915009
10.849999 14.324327
10.900000 29.867224
10.950000 5.167859
11.000000 25.393892
11.050000 16.085987
11.100000 23.757051
11.150000 14.559324
11.200000 2.673818
11.250000 7.907283
11.299999 11.571542
11.349999 -14.810759
11.399999 -8.526958
11.450000 -6.718209
11.500000 -28.196915
11.550000 5.586555
11.600000 27.151125
11.650000 7.828955
11.700000 20.826979
11.750000 -5.296741
11.800000 22.129444
11.849999 -1.891851
11.899999 -17.901812
11.949999 21.241320
12.000000 14.071288
12.050000 4.470052
12.100000 -13.856050
12.150000 -1.190213
12.200000 8.675279
12.250000 -4.740883
12.300000 -16.935539
12.350000 4.862648
12.399999 10.271355
12.449999 -14.142070
12.499999 -0.968993
12.550000 -3.918957
12.600000 -14.974747
12.650000 -45.962223
12.700000 -10.314131
12.750000 6.970372
12.800000 -3.349039
12.850000 16.548920
12.900000 -10.053484
12.949999 15.401872
12.999999 4.447275
13.049999 18.064102
13.100000 14.129050
13.150000 9.007980
13.200000 -5.896806
13.250000 2.034664
13.300000 6.647877
13.350000 -3.703997
13.400000 -10.863764
13.450000 -3.174269
13.499999 6.374920
13.549999 11.756577
13.599999 -13.471478
13.650000 14.104151
13.700000 -14.145596
13.750000 -11.751449
13.800000 -7.602756
13.850000 5.465419
13.900000 7.409500
13.950000 -18.387308
14.000000 11.575126
14.049999 18.368599
14.099999 22.273676
14.149999 -8.997922
14.200000 20.798693
14.250000 10.833909
14.300000 45.428299
14.350000 12.615381
14.400000 11.935978
14.450000 -2.423369
14.500000 16.810253
14.549999 -3.641530
14.599999 -10.908582
14.649999 0.226753
14.699999 -7.916625
14.750000 -9.738606
14.800000 -24.456177
14.850000 -7.216828
14.900000 -10.220202
14.950000 -14.471663
15.000000 2.085046
15.050000 -20.060116
15.099999 10.065911
15.149999 -8.514120
15.199999 -10.684098
15.249999 -15.488641
15.299999 -15.711309
15.350000 -20.266375
15.400000 -6.395345
15.450000 5.240669
15.500000 -2.307380
15.550000 7.781781
15.600000 2.575206
15.650000 28.973017
15.699999 1.723941
15.750000 17.432512
15.799999 5.525892
15.850000 3.563312
15.899999 15.894450
15.950000 20.924641
15.999999 -3.768033
16.050000 2.448442
16.099999 -11.675603
16.150000 5.626394
16.200000 -13.964925
16.249999 10.781384
16.300000 -3.080009
16.349999 -13.497095
16.400000 2.650781
16.449999 -11.420600
16.500000 1.164318
16.549999 -3.733886
16.600000 15.891470
16.649999 -9.072414
16.700000 -3.065962
16.750000 -19.466719
16.799999 -9.610900
16.850000 -10.260715
16.899999 -20.041759
16.950000 -0.268838
16.999999 -0.742185
17.050000 -24.280479
17.099999 -1.152961
17.150000 5.892927
17.199999 21.149477
17.250000 7.414288
17.300000 25.391315
17.349999 25.004488
17.400000 6.658479
17.449999 8.224987
17.500000 1.603465
17.549999 5.286404
17.600000 4.072253
17.649999 15.921272
17.700000 12.693772
17.749999 -34.198200
17.800000 9.890567
17.850000 -11.047513
17.899999 -8.303460
17.950000 -16.636700
17.999999 16.099670
18.050000 -8.246099
18.099999 12.224194
18.150000 -5.548272
18.199999 -9.893490
18.250000 4.934283
18.299999 24.143948
18.350000 1.502178
18.400000 5.403990
18.449999 7.398107
18.500000 -11.783005
18.549999 -23.861656
18.600000 -13.058208
18.649999 3.529912
18.700000 2.292957
18.749999 -9.649240
18.800000 -18.578444
18.849999 -1.736854
18.900000 -19.568235
18.950000 -12.046780
18.999999 5.166070
19.050000 -31.671202
19.099999 2.055207
19.150000 21.067238
19.199999 -1.106122
19.250000 28.018133
19.299999 11.323156
19.350000 21.621986
19.399999 -2.438833
19.450000 18.373232
19.500000 -7.425592
19.549999 -2.761391
19.600000 6.773515
19.649999 -5.681429
19.700000 -26.992594
19.749999 4.869954
19.800000 2.592739
19.849999 3.199915
19.900000 25.693567
19.949999 13.933033
