0.000000 0.154789
0.050000 0.483031
0.100000 0.828663
0.150000 0.346810
0.200000 0.516867
0.250000 0.346657
0.300000 0.801499
0.350000 0.112967
0.400000 0.087463
0.450000 -0.847114
0.500000 -0.688245
0.550000 -0.896002
0.600000 -0.773378
0.650000 -0.062421
0.700000 -0.286589
0.750000 -0.222516
0.800000 0.142010
0.850000 0.628475
0.900000 -0.027016
0.950000 -0.011430
1.000000 0.333532
1.050000 0.031077
1.100000 0.377170
1.150000 0.212472
1.200000 -0.088928
1.250000 0.430585
1.300000 -0.163979
1.350000 0.671998
1.400000 0.302341
1.450000 0.318558
1.500000 0.049406
1.550000 -0.076384
1.600000 0.022872
1.650000 -1.029705
1.700000 -0.195943
1.750000 -1.130336
1.800000 0.185316
1.850000 0.021062
1.900000 -0.416016
1.950000 -0.629570
2.000000 0.104494
2.050000 -0.060639
2.100000 0.141935
2.150000 -0.451293
2.200000 0.539221
2.250000 -0.056247
2.300000 0.448055
2.350000 0.114743
2.400000 0.743098
2.450000 -0.056180
2.500000 -0.008436
2.550000 0.208565
2.600000 -0.377893
2.650000 -0.021474
2.700000 0.445686
2.750000 -0.048204
2.800000 -0.313723
2.850000 -0.411998
2.900000 0.131515
2.950000 -0.072310
3.000000 -1.075228
3.050000 -1.124433
3.100000 -0.444110
3.150000 -0.703426
3.200000 -0.845422
3.250000 -0.631063
3.300000 -0.659562
3.350000 0.733569
3.400000 1.358046
3.450000 1.269938
3.500000 1.924980
3.550000 2.990169
3.600000 2.652399
3.650000 3.331844
3.700000 3.385896
3.750000 2.801928
3.800000 1.894971
3.850000 1.030941
3.900000 1.207403
3.950000 -0.102376
4.000000 -1.151075
4.050000 -1.525006
4.100000 -2.598848
4.150000 -3.269162
4.200000 -4.406407
4.250000 -3.441833
4.300000 -3.801728
4.350000 -3.524399
4.400000 -2.639207
4.450000 -2.419975
4.500000 -1.528990
4.550000 -0.295710
4.600000 0.655661
4.650000 2.207638
4.700000 3.193764
4.750000 4.068020
4.800000 4.443926
4.850000 4.078248
4.900000 3.963888
4.950000 4.021985
5.000000 3.286193
5.050000 2.471908
5.100000 0.486113
5.150000 0.142973
5.200000 -1.378210
5.250000 -1.974793
5.300000 -2.683688
5.350000 -3.081764
5.400000 -3.617746
5.450000 -3.990868
5.500000 -3.443630
5.550000 -2.593433
5.600000 -1.555108
5.650000 -0.853125
5.700000 0.212628
5.750000 0.859754
5.800000 1.955338
5.850000 2.035203
5.900000 2.612482
5.950000 2.981526
6.000000 2.468309
6.050000 2.264806
6.100000 1.094699
6.150000 1.336099
6.200000 0.011104
6.250000 0.078144
6.300000 -0.154037
6.350000 -1.548895
6.400000 -2.392093
6.450000 -1.896023
6.500000 -2.332660
6.550000 -1.350647
6.600000 -1.520406
6.650000 -0.955372
6.700000 -0.446115
6.750000 0.348983
6.800000 0.235768
6.850000 1.030867
6.900000 0.919544
6.950000 1.035593
7.000000 1.095736
7.050000 1.141087
7.100000 1.066081
7.150000 1.013330
7.200000 0.733130
7.250000 0.443181
7.300000 0.145261
7.350000 -0.454478
7.400000 -0.558618
7.450000 -0.782486
7.500000 -0.558566
7.550000 0.036489
7.600000 -1.407559
7.650000 -0.744284
7.700000 0.086077
7.750000 -0.670505
7.800000 -0.120737
7.850000 0.217744
7.900000 0.793805
7.950000 0.769596
8.000000 0.396092
8.050000 0.698990
8.100000 1.393814
8.150000 0.189158
8.200000 0.713622
8.250000 0.605320
8.300000 -0.193797
8.350000 0.660115
8.400000 -0.247550
8.450000 0.222506
8.500000 -0.353372
8.550000 -0.138224
8.600000 -0.520049
8.650000 -0.571279
8.700000 0.646252
8.750000 -0.210058
8.800000 -0.355409
8.850000 0.270048
8.900000 -0.211243
8.950000 0.925253
9.000000 0.769366
9.050000 0.454089
9.100000 -0.182200
9.150000 -0.305227
9.200000 0.800370
9.250000 -0.066218
9.300000 -0.547136
9.350000 -0.795840
9.400000 -0.236492
9.450000 -0.358818
9.500000 0.714520
9.550000 0.266863
9.600000 0.531413
9.650000 -0.108823
9.700000 0.435448
9.750000 0.136781
9.800000 -0.698409
9.850000 0.138030
9.900000 0.326379
9.950000 0.212882
10.000000 0.487602
10.050000 -0.124408
10.100000 -0.113338
10.150000 0.375992
10.200000 0.061645
10.250000 -0.480179
10.300000 0.285928
10.350000 -0.694666
10.400000 -0.684431
10.450000 -0.944896
10.500000 -0.624585
10.550000 0.463711
10.600000 0.577421
10.650000 0.519897
10.700000 -0.027771
10.750000 0.238399
10.800000 0.115272
10.850000 0.796395
10.900000 0.040111
10.950000 0.596128
11.000000 0.374186
11.050000 0.346285
11.100000 -0.084471
11.150000 0.186865
11.200000 0.067313
11.250000 0.043470
11.300000 -0.220539
11.350000 0.217852
11.400000 -0.149445
11.450000 0.231139
11.500000 0.523094
11.550000 -0.230911
11.600000 0.079681
11.650000 -0.036363
11.700000 0.014566
11.750000 -0.166377
11.800000 -0.519706
11.850000 -0.943895
11.900000 -0.378926
11.950000 0.271523
12.000000 -0.185667
12.050000 -0.263625
12.100000 -0.046979
12.150000 -0.306157
12.200000 -0.042128
12.250000 -0.070084
12.300000 0.088034
12.350000 0.182037
12.400000 -0.447489
12.450000 0.661047
12.500000 0.093284
12.550000 0.846991
12.600000 -0.028651
12.650000 0.510910
12.700000 0.799090
12.750000 -0.094376
12.800000 0.364927
12.850000 -0.005579
12.900000 -0.302211
12.950000 0.575789
13.000000 -0.050232
13.050000 0.529835
13.100000 0.115184
13.150000 -0.242112
13.200000 0.584215
13.250000 0.296003
13.300000 0.410958
13.350000 -0.188788
13.400000 0.749850
13.450000 0.198078
13.500000 0.723012
13.550000 0.767432
13.600000 0.400427
13.650000 1.138330
13.700000 0.139423
13.750000 0.189097
13.800000 0.121120
13.850000 0.245941
13.900000 -0.357511
13.950000 -0.272265
14.000000 0.391901
14.050000 0.113214
14.100000 -0.207740
14.150000 -0.449110
14.200000 -0.300385
14.250000 -0.155833
14.300000 -0.377969
14.350000 -0.274991
14.400000 -0.829966
14.450000 -0.135436
14.500000 0.521020
14.550000 0.054042
14.600000 -0.758536
14.650000 -0.354933
14.700000 0.479768
14.750000 -0.097498
14.800000 0.469482
14.850000 0.124938
14.900000 0.509713
14.950000 -0.193655
15.000000 -0.116799
15.050000 -0.456770
15.100000 -0.241618
15.150000 -0.195481
15.200000 0.086942
15.250000 0.044030
15.300000 -0.116046
15.350000 -0.437259
15.400000 -0.590044
15.450000 -0.282409
15.500000 -0.381494
15.550000 0.267902
15.600000 0.040134
15.650000 -0.061364
15.700000 0.680780
15.750000 0.365393
15.800000 0.092480
15.850000 0.586101
15.900000 0.048899
15.950000 0.388688
16.000000 -0.036553
16.050000 0.345685
16.100000 0.589414
16.150000 0.656863
16.200000 -0.052429
16.250000 -0.464928
16.300000 0.539737
16.350000 0.881288
16.400000 -0.299285
16.450000 -1.054026
16.500000 0.143806
16.550000 -0.539360
16.600000 0.229550
16.650000 -0.047526
16.700000 -0.471956
16.750000 0.381750
16.800000 0.575103
16.850000 -0.032830
16.900000 -0.467229
16.950000 -0.401927
17.000000 -0.621691
17.050000 -0.444798
17.100000 -0.216520
17.150000 0.332217
17.200000 0.123337
17.250000 0.313821
17.300000 -0.262896
17.350000 -0.329322
17.400000 0.090230
17.450000 0.670177
17.500000 0.569625
17.550000 0.481301
17.600000 0.487916
17.650000 -0.388034
17.700000 0.379138
17.750000 0.960190
17.800000 -0.018846
17.850000 0.584517
17.900000 -0.307376
17.950000 0.622016
18.000000 -0.060828
18.050000 0.419693
18.100000 -0.470201
18.150000 -0.286939
18.200000 0.201229
18.250000 0.051258
18.300000 0.174847
18.350000 -0.207056
18.400000 -0.243296
18.450000 -0.396670
18.500000 0.635652
18.550000 -0.290503
18.600000 0.162465
18.650000 0.735458
18.700000 -0.065056
18.750000 0.995009
18.800000 -0.212642
18.850000 0.954930
18.900000 0.622388
18.950000 0.080194
19.000000 0.555206
19.050000 -0.246854
19.100000 0.474630
19.150000 0.321021
19.200000 -0.353301
19.250000 -0.834318
19.300000 0.376541
19.350000 -0.208888
19.400000 -0.815588
19.450000 -0.130129
19.500000 -0.515231
19.550000 -0.284558
19.600000 -0.174247
19.650000 -0.162182
19.700000 0.698046
19.750000 -0.122382
19.799999 0.514489
19.849999 0.348786
19.899999 0.293039
19.949999 0.201836
