0.000000 -0.857054
0.050000 -0.347452
0.100000 -1.846793
0.150000 -0.214551
0.200000 1.116530
0.250000 0.659573
0.300000 1.385979
0.350000 -0.211408
0.400000 1.503466
0.450000 0.556560
0.500000 -0.138324
0.550000 -0.039300
0.600000 0.892694
0.650000 0.162429
0.700000 1.341978
0.750000 -0.482526
0.800000 -1.856476
0.850000 -1.004757
0.900000 -0.399899
0.950000 1.938088
1.000000 -0.866498
1.050000 0.288408
1.100000 0.285947
1.150000 -1.378328
1.200000 -0.812588
1.250000 -0.096454
1.300000 1.410460
1.350000 0.262036
1.400000 0.769835
1.450000 1.420322
1.500000 -0.327057
1.550000 -0.294215
1.600000 0.843476
1.650000 -0.723967
1.700000 -1.917730
1.750000 -0.437013
1.800000 1.926072
1.850000 0.801389
1.900000 0.451027
1.950000 0.430052
2.000000 1.184219
2.050000 -0.373592
2.100000 -0.342225
2.150000 -0.607659
2.200000 1.194508
2.250000 -0.464501
2.300000 0.248764
2.350000 0.309656
2.400000 -0.454853
2.450000 -1.584074
2.500000 -2.123288
2.550000 -3.695451
2.600000 -3.583191
2.650000 -0.040190
2.700000 -2.373932
2.750000 -0.239083
2.800000 1.918215
2.850000 1.194589
2.900000 3.749560
2.950000 7.401123
3.000000 5.894595
3.050000 6.054220
3.100000 4.094359
3.150000 1.849138
3.200000 -3.956942
3.250000 -7.770484
3.300000 -8.858323
3.350000 -11.004479
3.400000 -12.717395
3.450000 -7.657208
3.500000 -5.418182
3.550000 -1.207138
3.600000 4.057683
3.650000 8.499311
3.700000 10.202753
3.750000 12.145611
3.800000 11.252376
3.850000 7.253263
3.900000 4.644460
3.950000 0.054955
4.000000 -3.939971
4.050000 -6.342612
4.100000 -9.072414
4.150000 -9.230747
4.200000 -8.513066
4.250000 -5.865640
4.300000 -2.818221
4.350000 -1.599206
4.400000 4.945635
4.450000 8.098663
4.500000 7.711442
4.550000 8.309273
4.600000 8.022389
4.650000 3.719428
4.700000 3.863283
4.750000 1.181705
4.800000 -3.196230
4.850000 -5.720467
4.900000 -6.395705
4.950000 -5.182110
5.000000 -3.173074
5.050000 -3.695938
5.100000 0.628446
5.150000 3.122750
5.200000 4.540765
5.250000 3.155826
5.300000 4.765228
5.350000 3.120044
5.400000 2.936247
5.450000 1.576133
5.500000 0.108661
5.550000 -2.947388
5.600000 -2.891666
5.650000 -2.882473
5.700000 -4.721714
5.750000 -4.102402
5.800000 -2.866143
5.850000 -1.387782
5.900000 0.462744
5.950000 2.475067
6.000000 2.176438
6.050000 2.751282
6.100000 1.139047
6.150000 2.638110
6.200000 1.798372
6.250000 2.938520
6.300000 0.478703
6.350000 -1.518074
6.400000 -0.533741
6.450000 -2.885317
6.500000 -2.574143
6.550000 -0.832950
6.600000 -0.990868
6.650000 -0.005650
6.700000 0.554990
6.750000 -0.327383
6.800000 -0.453267
6.850000 2.842281
6.900000 1.272681
6.950000 2.015911
7.000000 1.461030
7.050000 1.057230
7.100000 0.208488
7.150000 0.389837
7.200000 0.544154
7.250000 -1.630787
7.300000 -0.560951
7.350000 -0.158753
7.400000 -0.515043
7.450000 -0.709649
7.500000 0.458826
7.550000 1.389077
7.600000 0.893736
7.650000 1.877781
7.700000 4.102822
7.750000 2.801212
7.800000 2.102754
7.850000 2.520543
7.900000 -0.975724
7.950000 -0.934216
7.999999 -0.276866
8.049999 -1.480630
8.100000 0.153377
8.150000 0.098910
8.200000 -0.083632
8.250000 -2.266160
8.300000 0.687117
8.350000 -0.345659
8.400000 0.399242
8.450000 1.138657
8.500000 0.931933
8.549999 0.269822
8.599999 -0.505459
8.650000 -0.140262
8.700000 -2.404122
8.750000 0.882133
8.800000 -0.498275
8.850000 1.134337
8.900000 0.122218
8.950000 0.761129
9.000000 0.065599
9.050000 -2.246049
9.099999 -0.434980
9.149999 1.366316
9.200000 1.317142
9.250000 0.126551
9.300000 -0.213354
9.350000 -0.296768
9.400000 0.221178
9.450000 0.322836
9.500000 0.232695
9.550000 -0.608339
9.600000 0.117880
9.649999 -0.249066
9.699999 0.669468
9.750000 1.317941
9.800000 0.364346
9.850000 0.833975
9.900000 -1.179499
9.950000 -1.333711
10.000000 0.830010
10.050000 -0.481247
10.100000 -0.873183
10.150000 0.993455
10.199999 0.699671
10.249999 1.030814
10.300000 0.259643
10.350000 0.408369
10.400000 0.525679
10.450000 -1.510090
10.500000 -0.008679
10.550000 -0.582900
10.600000 -0.336275
10.650000 -0.719792
10.700000 0.344015
10.749999 1.516399
10.799999 -0.626210
10.849999 1.117390
10.900000 0.075713
10.950000 1.304544
11.000000 1.024158
11.050000 1.853046
11.100000 -0.747753
11.150000 0.328128
11.200000 1.247939
11.250000 -1.284909
11.299999 -0.888846
11.349999 -1.760696
11.399999 1.419965
11.450000 -0.737149
11.500000 2.669202
11.550000 -0.856759
11.600000 -0.853736
11.650000 -1.936440
11.700000 1.333671
11.750000 1.385529
11.800000 -0.662267
11.849999 -0.662310
11.899999 1.638838
11.949999 0.423896
12.000000 -1.254890
12.050000 -0.520547
12.100000 0.295623
12.150000 -0.894944
12.200000 -1.149019
12.250000 0.484024
12.300000 -0.361934
12.350000 -0.334874
12.399999 0.544732
12.449999 -0.312254
12.499999 1.125357
12.550000 -0.903487
12.600000 0.489569
12.650000 1.454761
12.700000 0.590340
12.750000 -0.400378
12.800000 1.712696
12.850000 1.795401
12.900000 1.705615
12.949999 0.134683
12.999999 1.629087
13.049999 1.099303
13.100000 -1.518190
13.150000 -0.259025
13.200000 0.388495
13.250000 -1.048555
13.300000 1.403041
13.350000 -0.510729
13.400000 0.800312
13.450000 1.134117
13.499999 -1.082529
13.549999 0.304849
13.599999 0.655809
13.650000 0.778460
13.700000 1.766443
13.750000 1.030233
13.800000 1.754878
13.850000 0.755809
13.900000 -0.678513
13.950000 -0.545953
14.000000 -0.538943
14.049999 -0.926129
14.099999 0.908973
14.149999 -1.285474
14.200000 0.729931
14.250000 -0.001014
14.300000 -0.546891
14.350000 -0.959731
14.400000 0.943649
14.450000 0.030493
14.500000 -0.755046
14.549999 1.072249
14.599999 0.764681
14.649999 -3.228234
14.699999 1.953113
14.750000 -0.431214
14.800000 -0.638283
14.850000 -1.256204
14.900000 -1.278193
14.950000 -0.094355
15.000000 0.998350
15.050000 0.520676
15.099999 0.999344
15.149999 0.714203
15.199999 1.006167
15.249999 1.440665
15.299999 -1.037423
15.350000 -0.701888
15.400000 2.293175
15.450000 0.091352
15.500000 -0.671942
15.550000 -2.439741
15.600000 -1.180335
15.650000 -0.275481
15.699999 0.562110
15.750000 0.606045
15.799999 0.591542
15.850000 1.609381
15.899999 0.619163
15.950000 -0.015555
15.999999 0.110807
16.050000 -0.584309
16.099999 -0.920494
16.150000 -0.899582
16.200000 0.782258
16.249999 -0.388064
16.300000 0.858201
16.349999 0.442724
16.400000 0.497593
16.449999 -0.180045
16.500000 -0.485384
16.549999 -0.009510
16.600000 0.013650
16.649999 0.701734
16.700000 1.171622
16.750000 0.217571
16.799999 -1.628619
16.850000 0.927811
16.899999 3.119188
16.950000 0.368270
16.999999 1.547944
17.050000 -1.421943
17.099999 -0.304067
17.150000 1.200612
17.199999 -1.653486
17.250000 1.727121
17.300000 -0.423689
17.349999 0.654567
17.400000 0.810163
17.449999 0.319727
17.500000 -1.093991
17.549999 -1.993604
17.600000 -1.732878
17.649999 2.141383
17.700000 -0.776415
17.749999 1.557555
17.800000 2.175821
17.850000 0.004205
17.899999 0.995227
17.950000 1.305593
17.999999 -1.463479
18.050000 -0.998715
18.099999 2.204964
18.150000 -0.183025
18.199999 0.584860
18.250000 -2.050594
18.299999 1.318476
18.350000 0.367647
18.400000 -1.063841
18.449999 -0.628033
18.500000 -0.815973
18.549999 -1.199645
18.600000 -0.746874
18.649999 -0.828497
18.700000 0.816813
18.749999 0.255031
18.800000 0.805004
18.849999 0.882594
18.900000 0.320685
18.950000 0.010819
18.999999 0.752806
19.050000 0.122525
19.099999 0.671592
19.150000 1.239230
19.199999 -0.176881
19.250000 0.090262
19.299999 -2.061290
19.350000 -0.463091
19.399999 -1.297524
19.450000 -0.438638
19.500000 0.928380
19.549999 1.593860
19.600000 3.107837
19.649999 3.170239
19.700000 -0.441068
19.749999 1.185631
19.800000 2.933462
19.849999 -0.153812
19.900000 -0.276755
19.949999 -1.986872
