0.000000 -0.027368
0.050000 -0.080436
0.100000 0.006169
0.150000 0.066005
0.200000 -0.156131
0.250000 0.112313
0.300000 -0.068049
0.350000 -0.070378
0.400000 0.059844
0.450000 0.023222
0.500000 0.212165
0.550000 -0.041332
0.600000 -0.144501
0.650000 0.068280
0.700000 -0.063276
0.750000 -0.121155
0.800000 0.150863
0.850000 -0.099376
0.900000 0.046183
0.950000 -0.053542
1.000000 0.086361
1.050000 -0.329122
1.100000 -0.110025
1.150000 0.109142
1.200000 -0.038097
1.250000 0.029143
1.300000 0.077890
1.350000 0.090586
1.400000 0.023399
1.450000 -0.007439
1.500000 -0.169216
1.550000 0.066804
1.600000 -0.101394
1.650000 -0.161661
1.700000 0.061196
1.750000 0.113209
1.800000 0.077553
1.850000 -0.070324
1.900000 0.031040
1.950000 -0.062529
2.000000 -0.205790
2.050000 -0.033536
2.100000 -0.224316
2.150000 -0.160402
2.200000 0.043884
2.250000 0.391731
2.300000 0.458309
2.350000 0.699840
2.400000 0.454117
2.450000 -0.129255
2.500000 -0.808884
2.550000 -1.111826
2.600000 -0.877326
2.650000 -0.027556
2.700000 0.894310
2.750000 1.340600
2.800000 1.200986
2.850000 0.472908
2.900000 -0.528109
2.950000 -1.043813
3.000000 -1.293836
3.050000 -0.597837
3.100000 0.159617
3.150000 1.099696
3.200000 1.217079
3.250000 0.918285
3.300000 0.008520
3.350000 -0.697555
3.400000 -1.091254
3.450000 -0.578465
3.500000 0.035774
3.550000 0.577536
3.600000 0.863235
3.650000 0.770309
3.700000 0.172935
3.750000 -0.363032
3.800000 -0.799902
3.850000 -0.765460
3.900000 -0.279646
3.950000 0.502733
4.000000 0.557359
4.050000 0.502621
4.100000 0.131246
4.150000 -0.033737
4.200000 -0.853399
4.250000 -0.450342
4.300000 -0.325852
4.350000 0.107204
4.400000 0.590119
4.450000 0.361816
4.500000 0.169621
4.550000 -0.110943
4.600000 -0.200919
4.650000 -0.508738
4.700000 -0.430068
4.750000 -0.144110
4.800000 0.289072
4.850000 0.413323
4.900000 0.332386
4.950000 0.139516
5.000000 -0.012958
5.050000 -0.489161
5.100000 -0.359962
5.150000 -0.191929
5.200000 0.055716
5.250000 -0.015602
5.300000 0.204000
5.350000 0.069940
5.400000 0.190652
5.450000 0.035460
5.500000 0.071183
5.550000 -0.228011
5.600000 0.075263
5.650000 -0.125318
5.700000 0.078842
5.750000 -0.076827
5.800000 -0.104100
5.850000 0.053874
5.900000 -0.050251
5.950000 -0.060203
6.000000 0.138593
6.050000 0.000458
6.100000 -0.081377
6.150000 0.058598
6.200000 -0.134069
6.250000 -0.002990
6.300000 0.195864
6.350000 0.011750
6.400000 0.144917
6.450000 -0.031110
6.500000 0.092422
6.550000 0.038372
6.600000 0.085693
6.650000 -0.058028
6.700000 0.233856
6.750000 0.201911
6.800000 -0.031094
6.850000 0.011440
6.900000 -0.074057
6.950000 -0.042195
7.000000 -0.031623
7.050000 -0.059509
7.100000 0.082880
7.150000 0.065460
7.200000 0.036054
7.250000 -0.111469
7.300000 -0.025870
7.350000 -0.046441
7.400000 -0.039058
7.450000 -0.004227
7.500000 0.146574
7.550000 0.080098
7.600000 0.209072
7.650000 0.089341
7.700000 -0.106276
7.750000 -0.175185
7.800000 0.165376
7.850000 -0.004837
7.900000 0.047832
7.950000 0.048312
8.000000 0.023035
8.050000 0.063324
8.100000 0.142427
8.150000 0.096152
8.200000 0.122905
8.250000 -0.261498
8.300000 -0.248593
8.350000 0.078128
8.400000 0.081448
8.450000 0.073702
8.500000 0.128432
8.550000 0.081364
8.600000 0.083235
8.650000 0.116682
8.700000 0.049303
8.750000 -0.049673
8.800000 -0.042276
8.850000 -0.273556
8.900000 -0.071856
8.950000 -0.056947
9.000000 0.040210
9.050000 0.019797
9.100000 -0.137723
9.150000 0.078651
9.200000 -0.073345
9.250000 -0.023889
9.300000 -0.061676
9.350000 -0.051862
9.400000 -0.025903
9.450000 0.107577
9.500000 0.033143
9.550000 0.125580
9.600000 0.152638
9.650000 0.190458
9.700000 0.041301
9.750000 0.005843
9.800000 0.034066
9.850000 0.046192
9.900000 0.071670
9.950000 -0.064944
10.000000 -0.145016
10.050000 0.010430
10.100000 -0.002344
10.150000 0.350877
10.200000 -0.091528
10.250000 -0.008091
10.300000 0.098849
10.350000 0.020675
10.400000 -0.094947
10.450000 -0.115076
10.500000 0.014503
10.550000 0.007941
10.600000 0.111948
10.650000 0.061143
10.700000 0.108826
10.750000 0.128691
10.800000 0.047859
10.850000 -0.117485
10.900000 -0.030967
10.950000 0.044518
11.000000 -0.075736
11.050000 0.017546
11.100000 0.050092
11.150000 0.196115
11.200000 0.022920
11.250000 -0.176079
11.300000 0.136153
11.350000 0.017294
11.400000 0.047225
11.450000 0.159302
11.500000 -0.030202
11.550000 -0.012644
11.600000 -0.227790
11.650000 -0.011985
11.700000 -0.114717
11.750000 0.217185
11.800000 0.035200
11.850000 0.025838
11.900000 0.074188
11.950000 -0.020775
12.000000 0.123738
12.050000 0.129132
12.100000 -0.236564
12.150000 0.028718
12.200000 -0.030716
12.250000 -0.086693
12.300000 -0.040365
12.350000 0.030870
12.400000 -0.042447
12.450000 0.097362
12.500000 -0.053379
12.550000 -0.229970
12.600000 -0.030529
12.650000 0.028012
12.700000 -0.152362
12.750000 -0.043184
12.800000 -0.091808
12.850000 -0.080997
12.900000 0.028842
12.950000 0.061648
13.000000 -0.191445
13.050000 0.162664
13.100000 0.134316
13.150000 -0.020837
13.200000 0.142766
13.250000 0.132808
13.300000 0.050432
13.350000 -0.125957
13.400000 0.034482
13.450000 -0.133497
13.500000 0.124124
13.550000 0.176399
13.600000 0.086006
13.650000 -0.050038
13.700000 -0.158962
13.750000 -0.051763
13.800000 0.089467
13.850000 0.092798
13.900000 0.251383
13.950000 0.182816
14.000000 0.059726
14.050000 0.186412
14.100000 0.023151
14.150000 -0.149492
14.200000 -0.067157
14.250000 0.058096
14.300000 -0.000063
14.350000 0.041818
14.400000 -0.124312
14.450000 0.047008
14.500000 -0.063042
14.550000 0.048364
14.600000 -0.199658
14.650000 0.139529
14.700000 0.160595
14.750000 -0.019604
14.800000 -0.039292
14.850000 0.056145
14.900000 -0.025303
14.950000 -0.200224
15.000000 -0.180176
15.050000 -0.004020
15.100000 -0.103236
15.150000 -0.085965
15.200000 -0.092444
15.250000 -0.049870
15.300000 0.323315
15.350000 -0.054197
15.400000 -0.103560
15.450000 0.093463
15.500000 -0.114402
15.550000 0.053727
15.600000 0.184886
15.650000 0.159867
15.700000 0.099800
15.750000 0.097146
15.800000 0.036245
15.850000 -0.040833
15.900000 0.044730
15.950000 0.070555
16.000000 -0.061455
16.050000 0.019019
16.100000 0.154526
16.150000 0.041507
16.200000 0.176261
16.250000 -0.049656
16.300000 0.186539
16.350000 0.082357
16.400000 -0.004239
16.450000 0.126010
16.500000 0.168328
16.550000 0.107943
16.600000 0.152086
16.650000 -0.150402
16.700000 -0.090521
16.750000 0.134310
16.800000 0.126991
16.850000 0.065579
16.900000 0.120872
16.950000 -0.160240
17.000000 0.076078
17.050000 -0.106512
17.100000 0.153710
17.150000 -0.126712
17.200000 0.081366
17.250000 0.127181
17.300000 0.093817
17.350000 0.054013
17.400000 0.123498
17.450000 0.181555
17.500000 0.004339
17.550000 0.092337
17.600000 -0.105908
17.650000 -0.036938
17.700000 0.025116
17.750000 0.092327
17.800000 -0.093196
17.850000 0.086239
17.900000 -0.110035
17.950000 0.004990
18.000000 -0.057069
18.050000 0.138899
18.100000 0.089253
18.150000 -0.046243
18.200000 -0.018533
18.250000 -0.217893
18.300000 0.079703
18.350000 0.022992
18.400000 -0.068625
18.450000 -0.126514
18.500000 0.025508
18.550000 0.094611
18.600000 0.040076
18.650000 -0.004798
18.700000 0.249596
18.750000 0.187608
18.800000 0.351268
18.850000 -0.026085
18.900000 0.076026
18.950000 -0.001485
19.000000 -0.023061
19.050000 -0.016430
19.100000 0.152848
19.150000 0.120530
19.200000 0.095400
19.250000 -0.119157
19.300000 0.038215
19.350000 -0.091939
19.400000 0.030800
19.450000 -0.142125
19.500000 0.028697
19.550000 0.245498
19.600000 0.149377
19.650000 -0.026930
19.700000 0.058695
19.750000 -0.011467
19.799999 0.127455
19.849999 0.068421
19.899999 -0.038924
19.949999 0.113697
