0.000000 2.493694
0.050000 2.824852
0.100000 0.220684
0.150000 2.485023
0.200000 2.653962
0.250000 0.779824
0.300000 2.615487
0.350000 0.465516
0.400000 0.029119
0.450000 0.504187
0.500000 0.266262
0.550000 0.117525
0.600000 -2.414438
0.650000 0.738713
0.700000 0.807480
0.750000 0.324877
0.800000 -2.372011
0.850000 -1.041728
0.900000 -1.136898
0.950000 1.086797
1.000000 -2.718724
1.050000 2.908746
1.100000 -2.559207
1.150000 0.886515
1.200000 -0.283252
1.250000 -0.471181
1.300000 -0.216530
1.350000 1.700871
1.400000 0.790701
1.450000 -1.278622
1.500000 -0.150689
1.550000 -0.887825
1.600000 0.663662
1.650000 0.159402
1.700000 0.212336
1.750000 -2.189664
1.800000 0.810268
1.850000 -2.142558
1.900000 -0.777550
1.950000 0.453690
2.000000 1.085096
2.050000 1.825602
2.100000 2.821998
2.150000 -0.542189
2.200000 -0.604540
2.250000 -0.672492
2.300000 -1.711536
2.350000 -0.737838
2.400000 1.145356
2.450000 0.735039
2.500000 2.629771
2.550000 2.606847
2.600000 1.744152
2.650000 2.278595
2.700000 2.117846
2.750000 0.179540
2.800000 0.418979
2.850000 0.516674
2.900000 -0.824137
2.950000 3.167543
3.000000 1.257415
3.050000 1.389540
3.100000 2.570656
3.150000 1.847650
3.200000 5.338405
3.250000 3.355772
3.300000 3.964246
3.350000 3.630270
3.400000 2.503921
3.450000 2.794897
3.500000 2.627216
3.550000 1.863746
3.600000 1.614757
3.650000 -1.551788
3.700000 -4.180085
3.750000 -4.111873
3.800000 -6.855099
3.850000 -6.991753
3.900000 -9.472044
3.950000 -9.918866
4.000000 -13.886207
4.050000 -12.936574
4.100000 -15.169962
4.150000 -14.614562
4.200000 -12.746376
4.250000 -12.183104
4.300000 -7.798926
4.350000 -9.064709
4.400000 -5.068507
4.450000 -1.337550
4.500000 0.400096
4.550000 0.441687
4.600000 4.886410
4.650000 4.683240
4.700000 6.650829
4.750000 7.306203
4.800000 8.926491
4.850000 11.028735
4.900000 12.982031
4.950000 11.999573
5.000000 14.625269
5.050000 13.640270
5.100000 15.395432
5.150000 13.273263
5.200000 11.468158
5.250000 11.273071
5.300000 10.295263
5.350000 9.591380
5.400000 11.361560
5.450000 8.704831
5.500000 5.486897
5.550000 5.929492
5.600000 4.088329
5.650000 1.368069
5.700000 2.946363
5.750000 -1.891208
5.800000 -3.733761
5.850000 -2.018094
5.900000 -3.259961
5.950000 -6.032059
6.000000 -7.744286
6.050000 -9.057815
6.100000 -9.956541
6.150000 -9.322299
6.200000 -9.785972
6.250000 -9.957584
6.300000 -11.525041
6.350000 -10.210109
6.400000 -8.270435
6.450000 -8.538263
6.500000 -9.250691
6.550000 -7.193272
6.600000 -9.218942
6.650000 -7.510865
6.700000 -7.774205
6.750000 -5.691601
6.800000 -4.863260
6.850000 -3.704348
6.900000 -2.432063
6.950000 -2.336236
7.000000 -2.878800
7.050000 1.148307
7.100000 1.030775
7.150000 1.900697
7.200000 2.087308
7.250000 2.530340
7.300000 3.244189
7.350000 5.040675
7.400000 7.442380
7.450000 4.535823
7.500000 5.310171
7.550000 6.325958
7.600000 6.841407
7.650000 7.139341
7.700000 5.938275
7.750000 5.981812
7.800000 9.095685
7.850000 3.766757
7.900000 6.228723
7.950000 4.848118
7.999999 4.196897
8.049999 5.126670
8.100000 4.266934
8.150000 3.615725
8.200000 2.545441
8.250000 2.825350
8.300000 1.634556
8.350000 0.175582
8.400000 1.516176
8.450000 0.311607
8.500000 1.695109
8.549999 -3.149694
8.599999 -0.210174
8.650000 0.630093
8.700000 -1.141057
8.750000 -3.513084
8.800000 -4.676816
8.850000 -4.174514
8.900000 -6.642280
8.950000 -4.268367
9.000000 -4.223343
9.050000 -7.325896
9.099999 -6.180657
9.149999 -5.371894
9.200000 -4.140155
9.250000 -2.416997
9.300000 -3.046206
9.350000 -5.124021
9.400000 1.346093
9.450000 -2.836438
9.500000 -0.298515
9.550000 0.866765
9.600000 -0.354033
9.649999 4.361020
9.699999 -0.226413
9.750000 1.453561
9.800000 1.178034
9.850000 2.805977
9.900000 0.332387
9.950000 3.286290
10.000000 2.122729
10.050000 0.628632
10.100000 2.891645
10.150000 1.007284
10.199999 1.791291
10.249999 2.544778
10.300000 3.363056
10.350000 1.279900
10.400000 2.431465
10.450000 0.077513
10.500000 2.274246
10.550000 1.426696
10.600000 -0.673062
10.650000 0.274731
10.700000 1.919183
10.749999 -0.694305
10.799999 -0.757039
10.849999 1.504152
10.900000 1.090929
10.950000 -0.706720
11.000000 3.211474
11.050000 -1.139433
11.100000 -0.879878
11.150000 -0.258233
11.200000 -0.552623
11.250000 -0.872899
11.299999 -0.875441
11.349999 -0.264022
11.399999 1.931836
11.450000 -0.650632
11.500000 -1.261157
11.550000 -0.899673
11.600000 -0.641064
11.650000 -1.844350
11.700000 -0.187282
11.750000 -0.359516
11.800000 -2.285515
11.849999 0.993327
11.899999 2.875174
11.949999 -0.504908
12.000000 0.540164
12.050000 1.390012
12.100000 1.415073
12.150000 2.635565
12.200000 0.374532
12.250000 0.413793
12.300000 2.543380
12.350000 -0.899816
12.399999 -0.987952
12.449999 0.798994
12.499999 1.097368
12.550000 1.049001
12.600000 -0.945386
12.650000 -1.249840
12.700000 -0.931651
12.750000 -1.055426
12.800000 2.505094
12.850000 -0.156818
12.900000 0.318087
12.949999 -0.081182
12.999999 0.508448
13.049999 1.736094
13.100000 -1.178224
13.150000 -0.730574
13.200000 1.579396
13.250000 -0.797088
13.300000 -0.231689
13.350000 0.978855
13.400000 0.933674
13.450000 0.791223
13.499999 -0.775943
13.549999 -0.242443
13.599999 0.181476
13.650000 0.911142
13.700000 -1.267033
13.750000 0.546808
13.800000 -0.760429
13.850000 -1.576064
13.900000 0.608975
13.950000 1.101422
14.000000 0.789653
14.049999 -1.804078
14.099999 -0.833947
14.149999 0.855024
14.200000 -0.132931
14.250000 0.171649
14.300000 -2.739419
14.350000 -1.365088
14.400000 1.941946
14.450000 0.338382
14.500000 1.164703
14.549999 2.978623
14.599999 2.882337
14.649999 0.370870
14.699999 3.187362
14.750000 0.890804
14.800000 -0.223255
14.850000 2.671932
14.900000 1.093818
14.950000 -1.783398
15.000000 1.613921
15.050000 -0.772133
15.099999 0.171488
15.149999 -0.390892
15.199999 2.039316
15.249999 -1.251161
15.299999 -0.448143
15.350000 -1.231564
15.400000 -0.535196
15.450000 -1.239914
15.500000 0.393516
15.550000 0.946746
15.600000 -1.510234
15.650000 -0.414169
15.699999 1.307164
15.750000 0.371708
15.799999 1.333569
15.850000 2.653727
15.899999 -0.269186
15.950000 -1.319127
15.999999 -0.087113
16.050000 -0.139090
16.099999 -0.736172
16.150000 1.798439
16.200000 0.642139
16.249999 -1.687193
16.300000 0.716844
16.349999 -0.988965
16.400000 -1.919251
16.449999 -0.773221
16.500000 -0.319822
16.549999 -0.474781
16.600000 -1.156341
16.649999 -0.557033
16.700000 -1.620809
16.750000 -2.084433
16.799999 -1.491513
16.850000 -1.828999
16.899999 -2.287254
16.950000 -1.622778
16.999999 -1.253512
17.050000 -2.190413
17.099999 -1.460430
17.150000 -0.161977
17.199999 0.568141
17.250000 1.193816
17.300000 -3.902384
17.349999 -0.568354
17.400000 0.070315
17.449999 1.332623
17.500000 -1.133934
17.549999 -0.681604
17.600000 1.344360
17.649999 -1.141044
17.700000 1.941636
17.749999 -0.380575
17.800000 2.254159
17.850000 -0.857678
17.899999 -1.614182
17.950000 0.663190
17.999999 0.781096
18.050000 -0.385953
18.099999 -1.086245
18.150000 0.987499
18.199999 1.836620
18.250000 0.865819
18.299999 2.209314
18.350000 -0.295293
18.400000 -0.933336
18.449999 0.188435
18.500000 0.912978
18.549999 1.818911
18.600000 -0.740937
18.649999 0.723312
18.700000 2.031070
18.749999 -0.246224
18.800000 0.607039
18.849999 1.957648
18.900000 3.815141
18.950000 -0.851932
18.999999 -2.643891
19.050000 -0.156768
19.099999 -0.378248
19.150000 0.807455
19.199999 -0.675260
19.250000 -0.903633
19.299999 -0.515899
19.350000 -1.320991
19.399999 -1.772746
19.450000 -1.268929
19.500000 -2.197249
19.549999 -3.285001
19.600000 -1.485257
19.649999 0.452864
19.700000 -1.864962
19.749999 -2.777497
19.800000 -1.766816
19.849999 -0.773896
19.900000 -1.494774
19.949999 -0.975344
