0.000000 -2.656956
0.050000 2.457419
0.100000 -0.980515
0.150000 0.279071
0.200000 1.053124
0.250000 0.966240
0.300000 0.487440
0.350000 1.372478
0.400000 0.652304
0.450000 1.247703
0.500000 2.495201
0.550000 1.627943
0.600000 -0.591770
0.650000 3.492240
0.700000 1.712563
0.750000 1.903376
0.800000 -1.783965
0.850000 0.795615
0.900000 0.781292
0.950000 1.200810
1.000000 -0.110316
1.050000 1.872563
1.100000 -0.322422
1.150000 0.096106
1.200000 2.899598
1.250000 0.747627
1.300000 0.763754
1.350000 -1.502502
1.400000 0.820341
1.450000 0.982994
1.500000 2.152995
1.550000 -1.365979
1.600000 0.149513
1.650000 0.976812
1.700000 -2.983591
1.750000 -3.849059
1.800000 -7.092954
1.850000 -5.250084
1.900000 -0.567078
1.950000 7.779572
2.000000 7.739491
2.050000 5.742985
2.100000 -2.869661
2.150000 -9.943962
2.200000 -12.883617
2.250000 -6.987255
2.300000 4.601755
2.350000 17.305128
2.400000 18.549875
2.450000 2.165246
2.500000 -9.561825
2.550000 -17.632589
2.600000 -13.951613
2.650000 -1.037613
2.700000 13.503860
2.750000 14.681982
2.800000 5.736671
2.850000 -4.695598
2.900000 -12.607253
2.950000 -12.574700
3.000000 -5.714487
3.050000 6.036814
3.100000 14.629976
3.150000 8.407318
3.200000 -0.642179
3.250000 -10.035164
3.300000 -12.950651
3.350000 -8.709723
3.400000 -0.479241
3.450000 11.536598
3.500000 12.677275
3.550000 5.241310
3.600000 -6.583120
3.650000 -11.257406
3.700000 -12.980156
3.750000 -1.606524
3.800000 5.561059
3.850000 11.379963
3.900000 9.714890
3.950000 -0.952496
4.000000 -5.460171
4.050000 -6.245390
4.100000 -5.439171
4.150000 2.645673
4.200000 7.933588
4.250000 7.578629
4.300000 1.653424
4.350000 -3.389020
4.400000 -6.585182
4.450000 -3.430651
4.500000 0.734005
4.550000 3.072186
4.600000 5.166941
4.650000 3.100847
4.700000 2.073790
4.750000 -1.625366
4.800000 -4.431033
4.850000 0.437340
4.900000 -2.361754
4.950000 0.131471
5.000000 -1.569361
5.050000 1.255999
5.100000 3.564141
5.150000 1.021606
5.200000 -3.134713
5.250000 -0.763036
5.300000 -2.436962
5.350000 -1.345671
5.400000 2.989491
5.450000 0.395588
5.500000 -0.089973
5.550000 -0.478066
5.600000 -2.846345
5.650000 -1.761700
5.700000 -0.093002
5.750000 -1.360964
5.800000 3.138576
5.850000 2.567279
5.900000 2.489139
5.950000 2.536869
6.000000 -1.129522
6.050000 -2.952979
6.100000 -3.578373
6.150000 1.962385
6.200000 0.103553
6.250000 3.129734
6.300000 4.455254
6.350000 -3.358746
6.400000 -1.543530
6.450000 0.628486
6.500000 2.342156
6.550000 0.623170
6.600000 2.804548
6.650000 4.216861
6.700000 0.913226
6.750000 -0.854062
6.800000 -0.820388
6.850000 -0.696958
6.900000 -0.303398
6.950000 2.541981
7.000000 3.816474
7.050000 3.757713
7.100000 2.069121
7.150000 -0.859356
7.200000 0.545148
7.250000 -0.776796
7.300000 4.058258
7.350000 -0.753990
7.400000 -1.340652
7.450000 -0.943860
7.500000 -2.716117
7.550000 2.466356
7.600000 2.955882
7.650000 -1.944893
7.700000 3.208004
7.750000 1.029644
7.800000 0.590513
7.850000 -2.112098
7.900000 -2.101827
7.950000 -0.432729
7.999999 -0.544988
8.049999 0.805889
8.100000 -1.850717
8.150000 0.882253
8.200000 1.720546
8.250000 -0.889970
8.300000 0.123633
8.350000 -0.763002
8.400000 1.931494
8.450000 0.682410
8.500000 -0.384337
8.549999 -6.450833
8.599999 2.226936
8.650000 0.035665
8.700000 1.769108
8.750000 1.163985
8.800000 1.890855
8.850000 -0.076718
8.900000 0.249141
8.950000 -1.232424
9.000000 -0.455939
9.050000 -0.056504
9.099999 0.375750
9.149999 -0.418484
9.200000 -2.186027
9.250000 0.320985
9.300000 0.873220
9.350000 -0.163729
9.400000 -0.215899
9.450000 0.240637
9.500000 1.673132
9.550000 1.549086
9.600000 -1.846745
9.649999 0.352363
9.699999 2.095330
9.750000 -0.169938
9.800000 1.050387
9.850000 0.767771
9.900000 1.137120
9.950000 0.364819
10.000000 -1.714607
10.050000 1.159110
10.100000 1.876530
10.150000 2.296815
10.199999 3.449591
10.249999 1.506952
10.300000 2.547304
10.350000 2.147968
10.400000 -2.455299
10.450000 2.092212
10.500000 -0.469394
10.550000 -1.558217
10.600000 -0.745976
10.650000 3.733438
10.700000 0.972864
10.749999 -1.614097
10.799999 -0.041342
10.849999 0.700602
10.900000 -0.763541
10.950000 0.752639
11.000000 2.089819
11.050000 3.354763
11.100000 -0.046298
11.150000 0.524852
11.200000 2.430342
11.250000 0.939019
11.299999 -1.595843
11.349999 -0.014596
11.399999 1.564117
11.450000 2.144057
11.500000 0.321949
11.550000 -2.666642
11.600000 0.474238
11.650000 0.150855
11.700000 -0.855364
11.750000 1.560300
11.800000 -0.073880
11.849999 2.416865
11.899999 -0.205877
11.949999 -2.817730
12.000000 0.141863
12.050000 1.904078
12.100000 0.482572
12.150000 0.747057
12.200000 -1.165442
12.250000 -0.666896
12.300000 -0.902013
12.350000 -2.908665
12.399999 -0.459707
12.449999 0.270044
12.499999 -1.704495
12.550000 -1.664947
12.600000 0.680135
12.650000 0.347221
12.700000 1.502293
12.750000 -1.720459
12.800000 -0.127793
12.850000 -1.152102
12.900000 -1.916012
12.949999 0.938861
12.999999 -3.918252
13.049999 1.844277
13.100000 -2.679373
13.150000 -0.208671
13.200000 0.019671
13.250000 0.253167
13.300000 1.799785
13.350000 -0.308971
13.400000 1.623677
13.450000 -2.111827
13.499999 0.346946
13.549999 0.661409
13.599999 -0.939871
13.650000 0.190786
13.700000 -1.219345
13.750000 1.433231
13.800000 -2.200118
13.850000 -0.709849
13.900000 0.879099
13.950000 -0.350543
14.000000 -0.149428
14.049999 0.163170
14.099999 -2.297110
14.149999 -3.173397
14.200000 -0.908705
14.250000 -1.598690
14.300000 0.042322
14.350000 -0.348327
14.400000 -2.457132
14.450000 -1.505229
14.500000 2.395969
14.549999 0.989717
14.599999 -0.057426
14.649999 1.208096
14.699999 2.616968
14.750000 2.729944
14.800000 1.978239
14.850000 -0.742631
14.900000 2.481024
14.950000 -0.957305
15.000000 1.390960
15.050000 2.032777
15.099999 -0.737517
15.149999 2.248686
15.199999 1.282631
15.249999 2.730024
15.299999 1.245034
15.350000 0.907777
15.400000 -0.050304
15.450000 2.258062
15.500000 1.413313
15.550000 -0.052735
15.600000 2.199094
15.650000 0.745506
15.699999 -0.086120
15.750000 -1.316503
15.799999 -0.328417
15.850000 -0.011616
15.899999 1.179953
15.950000 -1.215091
15.999999 0.183701
16.050000 -0.152195
16.099999 2.405017
16.150000 -0.568845
16.200000 2.881513
16.249999 1.565955
16.300000 1.462361
16.349999 -2.193269
16.400000 0.550118
16.449999 -2.562575
16.500000 2.038975
16.549999 -0.862631
16.600000 0.254290
16.649999 -0.282304
16.700000 -0.547471
16.750000 -1.476825
16.799999 -0.824037
16.850000 -0.647817
16.899999 -0.016958
16.950000 2.829832
16.999999 -1.861984
17.050000 -1.836383
17.099999 3.448680
17.150000 0.343388
17.199999 1.862362
17.250000 2.351449
17.300000 1.478997
17.349999 2.161783
17.400000 0.478817
17.449999 -1.299891
17.500000 2.949658
17.549999 1.596026
17.600000 1.734692
17.649999 1.050428
17.700000 0.019577
17.749999 2.562820
17.800000 0.058010
17.850000 0.399809
17.899999 1.681601
17.950000 3.586923
17.999999 1.652362
18.050000 -0.234919
18.099999 0.746244
18.150000 -3.144518
18.199999 -2.135752
18.250000 1.740052
18.299999 0.687219
18.350000 -0.046156
18.400000 2.155764
18.449999 2.219900
18.500000 0.802352
18.549999 -1.510434
18.600000 -1.395281
18.649999 2.907464
18.700000 -0.133376
18.749999 -0.230502
18.800000 3.374637
18.849999 -0.354056
18.900000 -1.267985
18.950000 0.516961
18.999999 -0.804463
19.050000 1.393547
19.099999 3.054352
19.150000 1.583258
19.199999 0.167387
19.250000 -0.447123
19.299999 -0.545342
19.350000 1.120713
19.399999 0.034560
19.450000 -1.056209
19.500000 2.446513
19.549999 -0.489429
19.600000 -2.651145
19.649999 -2.375545
19.700000 2.374410
19.749999 -1.432235
19.800000 1.120073
19.849999 0.091748
19.900000 0.326625
19.949999 2.304529
