0.000000 10.859578
0.050000 3.692390
0.100000 7.820578
0.150000 -8.467014
0.200000 -2.677999
0.250000 -2.277136
0.300000 -21.080137
0.350000 6.584679
0.400000 -1.469947
0.450000 -10.854239
0.500000 5.914618
0.550000 3.517480
0.600000 -2.841062
0.650000 4.745017
0.700000 -0.639774
0.750000 26.691479
0.800000 3.952802
0.850000 2.245614
0.900000 -16.415047
0.950000 11.499619
1.000000 -0.433997
1.050000 18.079830
1.100000 6.201086
1.150000 12.908878
1.200000 14.678271
1.250000 -3.775421
1.300000 6.557864
1.350000 2.893272
1.400000 14.938120
1.450000 4.091596
1.500000 11.955875
1.550000 -5.814561
1.600000 14.415009
1.650000 1.150567
1.700000 -10.744226
1.750000 6.787508
1.800000 -2.019444
1.850000 26.024673
1.900000 -2.681114
1.950000 -6.930164
2.000000 -7.004222
2.050000 -2.773439
2.100000 2.173983
2.150000 -31.016529
2.200000 -19.488007
2.250000 -0.355887
2.300000 14.901848
2.350000 52.976154
2.400000 82.141190
2.450000 57.015823
2.500000 11.335295
2.550000 -29.898357
2.600000 -103.180107
2.650000 -105.764603
2.700000 -50.784378
2.750000 13.258677
2.800000 76.893303
2.850000 120.528450
2.900000 71.070351
2.950000 7.997218
3.000000 -95.357803
3.050000 -109.939285
3.100000 -88.153648
3.150000 -27.242794
3.200000 59.820919
3.250000 109.743874
3.300000 85.523140
3.350000 6.056465
3.400000 -33.400043
3.450000 -87.111847
3.500000 -83.978630
3.550000 -8.159202
3.600000 56.973076
3.650000 91.717133
3.700000 60.391178
3.750000 17.920725
3.800000 -48.902637
3.850000 -57.550438
3.900000 -39.382729
3.950000 17.517757
4.000000 23.668741
4.050000 58.141136
4.100000 37.671444
4.150000 -17.994194
4.200000 -35.844952
4.250000 -26.668964
4.300000 -23.202831
4.350000 12.661025
4.400000 23.559948
4.450000 35.264271
4.500000 3.402714
4.550000 1.542509
4.600000 -33.018311
4.650000 -19.954544
4.700000 11.845637
4.750000 10.188473
4.800000 8.404096
4.850000 -0.358343
4.900000 13.476859
4.950000 -17.924791
5.000000 -0.937403
5.050000 -3.734780
5.100000 -17.673332
5.150000 13.601128
5.200000 -2.291048
5.250000 -23.505085
5.300000 -21.233084
5.350000 -10.870996
5.400000 -7.543973
5.450000 1.724807
5.500000 0.737634
5.550000 21.802809
5.600000 14.765552
5.650000 -24.265673
5.700000 -2.393141
5.750000 2.134103
5.800000 -17.241230
5.850000 -8.234950
5.900000 20.909229
5.950000 -5.863061
6.000000 21.424919
6.050000 -4.434948
6.100000 12.574921
6.150000 -12.519660
6.200000 -9.462191
6.250000 -6.298806
6.300000 8.212924
6.350000 -0.091330
6.400000 -15.014067
6.450000 -30.829407
6.500000 -8.832351
6.550000 -3.460256
6.600000 9.094249
6.650000 0.583237
6.700000 12.694605
6.750000 -15.711802
6.800000 -14.726688
6.850000 1.777305
6.900000 3.966026
6.950000 -5.212778
7.000000 -3.739256
7.050000 -1.976707
7.100000 5.616612
7.150000 5.977057
7.200000 6.413126
7.250000 9.190371
7.300000 6.516300
7.350000 -0.202011
7.400000 9.884840
7.450000 -17.669228
7.500000 -9.437774
7.550000 -3.865505
7.600000 17.111753
7.650000 9.625433
7.700000 2.740534
7.750000 8.755272
7.800000 4.542176
7.850000 4.465087
7.900000 2.318590
7.950000 -3.119472
8.000000 8.680168
8.050000 15.027145
8.100000 6.258263
8.150000 -1.041193
8.200000 12.161633
8.250000 1.297981
8.300000 -4.010925
8.350000 19.521727
8.400000 -14.388401
8.450000 10.662362
8.500000 -7.135875
8.550000 22.926613
8.600000 -12.427276
8.650000 -0.284250
8.700000 -11.353488
8.750000 9.835607
8.800000 -6.567329
8.850000 -4.270203
8.900000 9.037749
8.950000 -11.420257
9.000000 5.181615
9.050000 -15.346414
9.100000 0.591293
9.150000 -23.750746
9.200000 -2.754972
9.250000 1.553758
9.300000 8.931706
9.350000 -1.926902
9.400000 5.625446
9.450000 16.442677
9.500000 13.586797
9.550000 11.246099
9.600000 -0.083851
9.650000 1.342147
9.700000 2.222125
9.750000 -3.766760
9.800000 11.604568
9.850000 -3.479265
9.900000 -4.769061
9.950000 3.085930
10.000000 -7.448793
10.050000 21.458578
10.100000 20.207695
10.150000 5.355043
10.200000 6.222161
10.250000 -3.598594
10.300000 -23.109003
10.350000 -9.709439
10.400000 -13.392820
10.450000 -10.492918
10.500000 7.978649
10.550000 16.228283
10.600000 -6.509518
10.650000 -8.085876
10.700000 0.204508
10.750000 7.544033
10.800000 -14.627029
10.850000 -4.875393
10.900000 -14.713155
10.950000 3.525797
11.000000 -19.949169
11.050000 -8.788143
11.100000 11.403593
11.150000 6.170660
11.200000 17.195690
11.250000 16.369114
11.300000 4.389872
11.350000 17.834879
11.400000 -12.643371
11.450000 14.300060
11.500000 9.049637
11.550000 -2.886037
11.600000 -4.274184
11.650000 -19.324760
11.700000 0.113322
11.750000 -15.258648
11.800000 15.570958
11.850000 10.057748
11.900000 12.053816
11.950000 6.407804
12.000000 5.157875
12.050000 5.273679
12.100000 -5.957729
12.150000 -10.023598
12.200000 -11.128812
12.250000 12.188281
12.300000 5.350557
12.350000 10.945839
12.400000 -15.127302
12.450000 2.106008
12.500000 0.390339
12.550000 6.719187
12.600000 -0.793078
12.650000 5.051059
12.700000 -9.734792
12.750000 -0.457247
12.800000 3.881872
12.850000 -8.316387
12.900000 7.241512
12.950000 24.853868
13.000000 20.603111
13.050000 -8.336527
13.100000 2.317529
13.150000 -10.660115
13.200000 1.497515
13.250000 -12.784640
13.300000 -6.660423
13.350000 9.056415
13.400000 10.673233
13.450000 -1.863501
13.500000 4.331582
13.550000 3.960785
13.600000 -8.018440
13.650000 0.544497
13.700000 3.743467
13.750000 -4.054976
13.800000 -5.218203
13.850000 -2.595775
13.900000 -8.430780
13.950000 3.142021
14.000000 12.192081
14.050000 -22.884172
14.100000 -15.125093
14.150000 -6.912113
14.200000 -12.613939
14.250000 2.819161
14.300000 -5.024214
14.350000 -12.668530
14.400000 2.644876
14.450000 -1.837103
14.500000 16.091322
14.550000 0.780698
14.600000 23.107037
14.650000 4.871836
14.700000 3.589198
14.750000 2.337746
14.800000 14.944326
14.850000 6.407497
14.900000 3.885986
14.950000 8.926330
15.000000 -7.923439
15.050000 17.215591
15.100000 -3.114233
15.150000 6.411639
15.200000 -15.856573
15.250000 2.502984
15.300000 -9.159442
15.350000 -0.974059
15.400000 -4.052842
15.450000 16.368011
15.500000 15.542359
15.550000 1.073837
15.600000 4.238019
15.650000 6.411226
15.700000 -9.071068
15.750000 -0.051985
15.800000 -6.782107
15.850000 -1.537544
15.900000 7.315771
15.950000 13.407391
16.000000 15.830895
16.050000 13.994540
16.100000 13.811868
16.150000 5.112422
16.200000 4.167305
16.250000 -4.282738
16.300000 0.555686
16.350000 -8.119456
16.400000 9.361032
16.450000 -14.294429
16.500000 -13.272331
16.550000 3.252965
16.600000 17.085371
16.650000 -2.598668
16.700000 -16.079588
16.750000 -11.351521
16.800000 -6.002443
16.850000 -3.536059
16.900000 13.752663
16.950000 7.117728
17.000000 4.051498
17.050000 -1.150379
17.100000 5.309196
17.150000 4.982694
17.200000 -19.783743
17.250000 2.668430
17.300000 32.452641
17.350000 13.707492
17.400000 14.021462
17.450000 0.306284
17.500000 -4.407859
17.550000 2.038825
17.600000 6.796751
17.650000 -4.426691
17.700000 -10.513635
17.750000 4.682307
17.800000 -0.792860
17.850000 -11.291024
17.900000 4.370835
17.950000 -2.587033
18.000000 -22.234026
18.050000 -4.102460
18.100000 -12.025167
18.150000 13.897875
18.200000 -2.752954
18.250000 -5.204210
18.300000 -0.509238
18.350000 -9.592780
18.400000 5.048262
18.450000 -12.160590
18.500000 12.130113
18.550000 -0.664203
18.600000 17.994499
18.650000 22.559021
18.700000 -0.835314
18.750000 8.813795
18.800000 11.306328
18.850000 9.171224
18.900000 13.659266
18.950000 6.028265
19.000000 -9.034791
19.050000 -7.114658
19.100000 2.358496
19.150000 -9.237779
19.200000 22.320419
19.250000 13.135141
19.300000 -3.035400
19.350000 -10.371793
19.400000 1.145186
19.450000 -9.948851
19.500000 -17.934605
19.550000 14.380518
19.600000 10.882922
19.650000 5.724948
19.700000 -11.723894
19.750000 1.767737
19.799999 -16.514853
19.849999 1.496624
19.899999 13.364147
19.949999 3.488265
