0.000000 -5.164417
0.050000 -7.450332
0.100000 4.331418
0.150000 26.021133
0.200000 -14.019905
0.250000 1.715146
0.300000 -1.593587
0.350000 -10.511704
0.400000 -17.773796
0.450000 2.634323
0.500000 8.155499
0.550000 47.514191
0.600000 3.613815
0.650000 0.203663
0.700000 -13.578613
0.750000 10.181745
0.800000 -14.829681
0.850000 0.733031
0.900000 3.621006
0.950000 0.431324
1.000000 3.796119
1.050000 -7.209433
1.100000 -15.413648
1.150000 -29.212715
1.200000 9.931594
1.250000 16.622704
1.300000 -0.919797
1.350000 20.044678
1.400000 1.387849
1.450000 44.852917
1.500000 35.598755
1.550000 34.376202
1.600000 39.900208
1.650000 14.895048
1.700000 -31.429056
1.750000 -76.142220
1.800000 -121.518898
1.850000 -69.089539
1.900000 18.551035
1.950000 134.845734
2.000000 165.580261
2.050000 143.356415
2.100000 -26.645121
2.150000 -182.508301
2.200000 -238.190018
2.250000 -164.911087
2.300000 -19.944126
2.350000 145.344772
2.400000 214.809067
2.450000 130.442612
2.500000 -12.491274
2.550000 -145.353424
2.600000 -161.128479
2.650000 -52.927456
2.700000 38.074738
2.750000 119.346802
2.800000 122.404778
2.850000 47.213593
2.900000 -30.896311
2.950000 -117.746262
3.000000 -98.940140
3.050000 -63.065983
3.100000 30.768387
3.150000 98.003067
3.200000 77.698112
3.250000 34.999928
3.300000 -11.772732
3.350000 -55.862942
3.400000 -32.354424
3.450000 3.922230
3.500000 16.144297
3.550000 50.786190
3.600000 49.359039
3.650000 11.700638
3.700000 -15.078435
3.750000 -35.486565
3.800000 -26.637350
3.850000 29.153982
3.900000 14.762951
3.950000 19.801020
4.000000 14.147169
4.050000 4.811798
4.100000 -23.052584
4.150000 5.109731
4.200000 -7.489220
4.250000 3.979795
4.300000 -1.910554
4.350000 -10.505839
4.400000 14.096434
4.450000 -17.879992
4.500000 -20.572603
4.550000 -7.163260
4.600000 1.568781
4.650000 11.403905
4.700000 9.424836
4.750000 0.846061
4.800000 -3.305936
4.850000 -7.468103
4.900000 -18.637573
4.950000 -3.078784
5.000000 -1.885959
5.050000 -21.784225
5.100000 -5.676534
5.150000 19.814655
5.200000 23.930571
5.250000 12.029978
5.300000 20.294018
5.350000 -12.971931
5.400000 -24.891832
5.450000 12.145220
5.500000 -2.879241
5.550000 12.927689
5.600000 -23.460173
5.650000 -29.390633
5.700000 -10.116092
5.750000 -17.910860
5.800000 -1.957160
5.850000 16.199802
5.900000 -7.821549
5.950000 11.398931
6.000000 -11.200094
6.050000 -22.439392
6.100000 2.562279
6.150000 11.479682
6.200000 11.135495
6.250000 -4.259087
6.300000 -10.866178
6.350000 31.379227
6.400000 14.756956
6.450000 19.605747
6.500000 19.139606
6.550000 21.582417
6.600000 -13.022103
6.650000 3.105103
6.700000 -11.973791
6.750000 14.547709
6.800000 23.809254
6.850000 25.993107
6.900000 13.780218
6.950000 -16.870140
7.000000 6.848463
7.050000 3.532635
7.100000 -19.284035
7.150000 7.443206
7.200000 22.171434
7.250000 46.253662
7.300000 39.720634
7.350000 14.878812
7.400000 -6.602496
7.450000 -10.697156
7.500000 -4.430880
7.550000 -15.981519
7.600000 -23.515198
7.650000 9.848076
7.700000 -0.409762
7.750000 -10.292100
7.800000 -16.441551
7.850000 -23.707478
7.900000 13.570357
7.950000 -1.161185
7.999999 13.477113
8.049999 3.365679
8.100000 9.671108
8.150000 2.743449
8.200000 -14.214519
8.250000 15.728128
8.300000 21.109097
8.350000 9.290441
8.400000 -1.196276
8.450000 11.247799
8.500000 11.705729
8.549999 0.430617
8.599999 -8.551435
8.650000 34.914680
8.700000 16.441982
8.750000 -14.272875
8.800000 12.360925
8.850000 1.109274
8.900000 10.480607
8.950000 -8.550938
9.000000 -3.465662
9.050000 1.898561
9.099999 -4.612690
9.149999 -10.449449
9.200000 -13.089625
9.250000 9.181900
9.300000 20.495884
9.350000 10.479004
9.400000 -15.550700
9.450000 12.718090
9.500000 1.855004
9.550000 -21.289162
9.600000 2.629450
9.649999 1.738873
9.699999 5.155192
9.750000 -13.023746
9.800000 -33.621796
9.850000 -21.307541
9.900000 -11.449961
9.950000 13.002550
10.000000 -22.412577
10.050000 -15.332539
10.100000 5.347971
10.150000 3.048661
10.199999 3.917830
10.249999 -5.360737
10.300000 15.326270
10.350000 18.206974
10.400000 5.918097
10.450000 31.199736
10.500000 -2.738036
10.550000 31.710175
10.600000 7.522361
10.650000 24.668913
10.700000 14.527583
10.749999 15.292333
10.799999 13.908086
10.849999 -0.753105
10.900000 -4.451731
10.950000 -8.242789
11.000000 -21.491585
11.050000 9.174356
11.100000 -8.246766
11.150000 2.800950
11.200000 -16.065727
11.250000 5.855786
11.299999 2.718297
11.349999 16.627806
11.399999 -2.169200
11.450000 11.526563
11.500000 -1.036373
11.550000 -13.681870
11.600000 -29.971336
11.650000 26.187277
11.700000 21.501425
11.750000 8.715127
11.800000 -1.020694
11.849999 -1.191539
11.899999 -18.701706
11.949999 0.554834
12.000000 -8.406375
12.050000 7.004880
12.100000 35.759731
12.150000 -2.428320
12.200000 17.395451
12.250000 -8.603594
12.300000 -4.067505
12.350000 9.472124
12.399999 -23.249969
12.449999 8.178712
12.499999 -16.575668
12.550000 -6.938435
12.600000 1.790767
12.650000 1.133168
12.700000 -4.343351
12.750000 38.409111
12.800000 21.187696
12.850000 -10.598387
12.900000 -16.887201
12.949999 1.713385
12.999999 -9.624208
13.049999 9.680799
13.100000 8.905203
13.150000 4.658503
13.200000 3.411062
13.250000 38.184338
13.300000 -2.001127
13.350000 -5.488312
13.400000 3.397461
13.450000 1.479104
13.499999 -0.556154
13.549999 -27.004482
13.599999 -11.056759
13.650000 -46.085697
13.700000 -18.307158
13.750000 -16.326839
13.800000 -16.634079
13.850000 9.446725
13.900000 -0.142000
13.950000 17.848757
14.000000 -3.546136
14.049999 12.705383
14.099999 -5.766224
14.149999 -15.205808
14.200000 6.041673
14.250000 6.461432
14.300000 6.177513
14.350000 -3.223311
14.400000 8.962342
14.450000 27.630617
14.500000 -4.637926
14.549999 6.971291
14.599999 18.347309
14.649999 2.920806
14.699999 -11.003378
14.750000 -12.579819
14.800000 2.795408
14.850000 -4.315340
14.900000 -0.210305
14.950000 9.852788
15.000000 2.818599
15.050000 -3.974933
15.099999 18.232906
15.149999 22.175678
15.199999 10.323957
15.249999 1.663644
15.299999 9.393822
15.350000 15.370269
15.400000 -1.414586
15.450000 20.235044
15.500000 -3.646909
15.550000 9.757512
15.600000 -5.566953
15.650000 26.890577
15.699999 11.093319
15.750000 29.466393
15.799999 0.127666
15.850000 -8.638614
15.899999 6.972880
15.950000 4.156503
15.999999 -3.735477
16.050000 5.173232
16.099999 10.424151
16.150000 -1.596186
16.200000 17.471148
16.249999 5.799767
16.300000 -17.594225
16.349999 -11.690407
16.400000 -2.006180
16.449999 11.959060
16.500000 12.392748
16.549999 12.403795
16.600000 20.030024
16.649999 26.339283
16.700000 6.292477
16.750000 -19.317474
16.799999 14.364394
16.850000 -9.675811
16.899999 25.973055
16.950000 9.675988
16.999999 15.034121
17.050000 6.939304
17.099999 15.827967
17.150000 6.192869
17.199999 -1.751359
17.250000 36.346611
17.300000 8.673836
17.349999 5.179803
17.400000 4.242937
17.449999 0.828139
17.500000 2.754950
17.549999 3.395715
17.600000 6.730962
17.649999 5.542548
17.700000 -32.585693
17.749999 -5.434369
17.800000 0.375018
17.850000 15.590431
17.899999 -10.687497
17.950000 14.423588
17.999999 6.084734
18.050000 -7.573468
18.099999 -3.331092
18.150000 12.534752
18.199999 -5.403301
18.250000 -5.895193
18.299999 10.758628
18.350000 31.712173
18.400000 9.514371
18.449999 12.923630
18.500000 -4.038298
18.549999 5.522359
18.600000 8.225620
18.649999 -3.486772
18.700000 31.863997
18.749999 18.168535
18.800000 2.323116
18.849999 -18.010193
18.900000 -10.209149
18.950000 -15.663529
18.999999 11.107240
19.050000 -6.832079
19.099999 -11.728289
19.150000 -3.927796
19.199999 17.094423
19.250000 1.986960
19.299999 40.757969
19.350000 -3.914215
19.399999 19.816660
19.450000 -13.430860
19.500000 11.379849
19.549999 -3.513200
19.600000 -11.454077
19.649999 7.551586
19.700000 -7.517572
19.749999 6.474139
19.800000 20.582624
19.849999 9.445379
19.900000 -4.437480
19.949999 16.984152
