0.000000 -0.631629
0.050000 -0.552633
0.100000 -3.054922
0.150000 -2.199054
0.200000 1.607282
0.250000 -8.121323
0.300000 5.439344
0.350000 -5.351371
0.400000 1.447316
0.450000 0.264782
0.500000 2.198119
0.550000 -5.766194
0.600000 2.198139
0.650000 3.899297
0.700000 2.135828
0.750000 -0.605963
0.800000 1.163499
0.850000 8.375352
0.900000 0.196372
0.950000 -1.512833
1.000000 2.580950
1.050000 6.626289
1.100000 0.395589
1.150000 -5.502137
1.200000 8.710153
1.250000 1.165988
1.300000 2.175086
1.350000 4.698683
1.400000 -2.212343
1.450000 -4.352608
1.500000 -4.414823
1.550000 -0.193896
1.600000 -1.128407
1.650000 10.286576
1.700000 2.109829
1.750000 0.048810
1.800000 5.659262
1.850000 -0.683406
1.900000 -2.240580
1.950000 0.846392
2.000000 -6.432636
2.050000 6.611137
2.100000 -2.482478
2.150000 -0.628238
2.200000 2.875486
2.250000 -0.284676
2.300000 -3.328065
2.350000 5.953504
2.400000 -0.085977
2.450000 4.688988
2.500000 -5.494071
2.550000 0.147557
2.600000 2.363485
2.650000 -1.784325
2.700000 -4.700535
2.750000 4.711581
2.800000 -1.773897
2.850000 8.024524
2.900000 5.185026
2.950000 0.726444
3.000000 4.763057
3.050000 5.339402
3.100000 0.586825
3.150000 6.844640
3.200000 8.997078
3.250000 7.669731
3.300000 5.665518
3.350000 5.281362
3.400000 14.752034
3.450000 4.098519
3.500000 8.396189
3.550000 5.283950
3.600000 3.062730
3.650000 1.213405
3.700000 6.924582
3.750000 6.834400
3.800000 5.477840
3.850000 2.838561
3.900000 3.193613
3.950000 -1.389601
4.000000 0.113605
4.050000 -0.928185
4.100000 -2.587775
4.150000 -13.333723
4.200000 -9.828012
4.250000 -21.727985
4.300000 -19.077164
4.350000 -24.096012
4.400000 -19.764059
4.450000 -28.290537
4.500000 -32.887459
4.550000 -29.731873
4.600000 -31.823391
4.650000 -27.521742
4.700000 -27.765535
4.750000 -15.706594
4.800000 -17.403816
4.850000 -4.969631
4.900000 -11.696988
4.950000 -3.859878
5.000000 -3.352576
5.050000 6.652528
5.100000 10.410417
5.150000 11.738425
5.200000 14.610000
5.250000 24.544661
5.300000 24.090181
5.350000 30.892179
5.400000 30.000639
5.450000 25.586985
5.500000 33.381382
5.550000 29.540411
5.600000 34.927971
5.650000 35.564796
5.700000 32.911057
5.750000 32.381058
5.800000 27.805834
5.850000 21.105612
5.900000 19.988344
5.950000 18.997763
6.000000 19.631878
6.050000 15.291238
6.100000 12.401692
6.150000 2.582621
6.200000 3.517274
6.250000 0.182058
6.300000 -3.268230
6.350000 -5.672689
6.400000 -9.262460
6.450000 -17.829983
6.500000 -17.987692
6.550000 -24.740618
6.600000 -17.519060
6.650000 -23.202309
6.700000 -28.972437
6.750000 -29.539276
6.800000 -28.936197
6.850000 -28.585861
6.900000 -24.445318
6.950000 -29.128162
7.000000 -25.600338
7.050000 -25.159222
7.100000 -20.929907
7.150000 -25.040567
7.200000 -22.033941
7.250000 -13.683810
7.300000 -10.695638
7.350000 -7.363601
7.400000 -5.588050
7.450000 -4.535511
7.500000 -2.716503
7.550000 1.871912
7.600000 -0.813246
7.650000 11.244495
7.700000 12.802203
7.750000 6.809420
7.800000 19.541464
7.850000 12.583233
7.900000 13.651830
7.950000 26.828056
7.999999 21.354618
8.049999 22.315205
8.100000 23.617441
8.150000 22.092878
8.200000 20.664768
8.250000 20.182690
8.300000 21.840677
8.350000 17.745749
8.400000 13.274796
8.450000 15.329108
8.500000 15.726130
8.549999 6.193619
8.599999 16.307213
8.650000 7.015227
8.700000 12.789341
8.750000 10.115572
8.800000 10.017544
8.850000 -1.555461
8.900000 8.713073
8.950000 -6.725680
9.000000 -2.679893
9.050000 -5.667919
9.099999 -9.931080
9.149999 -13.588296
9.200000 -4.095713
9.250000 -15.442521
9.300000 -19.206667
9.350000 -14.344257
9.400000 -22.714426
9.450000 -13.547165
9.500000 -15.772420
9.550000 -19.635311
9.600000 -14.582192
9.649999 -13.942487
9.699999 -6.690682
9.750000 -4.900208
9.800000 -2.294748
9.850000 -5.564340
9.900000 -5.278794
9.950000 -5.339592
10.000000 -0.099154
10.050000 -0.397545
10.100000 9.103878
10.150000 6.151922
10.199999 1.333398
10.249999 4.034238
10.300000 6.586693
10.350000 3.739976
10.400000 6.106161
10.450000 2.072367
10.500000 12.226360
10.550000 10.708777
10.600000 7.311099
10.650000 10.589999
10.700000 6.726199
10.749999 6.138119
10.799999 1.729351
10.849999 2.179335
10.900000 6.326917
10.950000 -0.054400
11.000000 -3.845946
11.050000 3.239257
11.100000 -0.671157
11.150000 5.315041
11.200000 3.169771
11.250000 2.002932
11.299999 4.392849
11.349999 -0.573856
11.399999 -1.448747
11.450000 -8.405511
11.500000 0.857098
11.550000 -2.552867
11.600000 -0.734529
11.650000 -2.856976
11.700000 1.021266
11.750000 -3.397536
11.800000 3.493016
11.849999 -1.694276
11.899999 -5.534716
11.949999 0.539697
12.000000 9.742447
12.050000 3.080767
12.100000 -5.205119
12.150000 0.474063
12.200000 -0.204238
12.250000 -4.801283
12.300000 4.382538
12.350000 -2.418171
12.399999 3.273085
12.449999 5.025862
12.499999 1.129080
12.550000 3.570429
12.600000 2.387447
12.650000 -2.704926
12.700000 -4.308475
12.750000 3.304055
12.800000 5.629090
12.850000 1.001327
12.900000 2.536053
12.949999 -1.852921
12.999999 0.785623
13.049999 -4.695650
13.100000 -3.164492
13.150000 -2.489986
13.200000 5.280150
13.250000 2.064622
13.300000 -4.508690
13.350000 0.549710
13.400000 -1.617098
13.450000 0.703898
13.499999 -0.712281
13.549999 5.097714
13.599999 -6.171611
13.650000 -1.157719
13.700000 -0.675406
13.750000 -1.449603
13.800000 3.854796
13.850000 -0.841001
13.900000 -3.768364
13.950000 -3.471321
14.000000 4.693772
14.049999 -0.783900
14.099999 -0.228468
14.149999 -2.370351
14.200000 6.854872
14.250000 5.466623
14.300000 3.197825
14.350000 0.615611
14.400000 -3.443722
14.450000 3.164388
14.500000 -9.677362
14.549999 2.832865
14.599999 -1.812970
14.649999 0.825116
14.699999 3.616672
14.750000 -0.929642
14.800000 -0.195043
14.850000 2.986459
14.900000 1.846695
14.950000 3.203115
15.000000 -0.431676
15.050000 2.188695
15.099999 3.353690
15.149999 1.306391
15.199999 5.211180
15.249999 2.786231
15.299999 -8.190616
15.350000 1.456196
15.400000 4.036725
15.450000 2.437308
15.500000 3.459105
15.550000 -1.564968
15.600000 -7.049453
15.650000 -2.723992
15.699999 3.809978
15.750000 -2.627261
15.799999 -1.016018
15.850000 -7.354584
15.899999 -2.758985
15.950000 1.401976
15.999999 -2.892787
16.050000 -4.502880
16.099999 0.203868
16.150000 -0.442928
16.200000 -1.029157
16.249999 -2.478593
16.300000 1.463087
16.349999 6.238181
16.400000 1.472875
16.449999 0.876651
16.500000 -7.244338
16.549999 -1.547517
16.600000 -3.598856
16.649999 -0.239826
16.700000 -0.228140
16.750000 -1.217028
16.799999 2.393496
16.850000 -5.950212
16.899999 -1.109696
16.950000 -5.183109
16.999999 -0.880408
17.050000 -5.411336
17.099999 -1.583405
17.150000 -4.014566
17.199999 -1.968132
17.250000 -4.783378
17.300000 -1.560062
17.349999 -0.019583
17.400000 -5.645515
17.449999 7.194980
17.500000 -3.294161
17.549999 4.696259
17.600000 -8.935556
17.649999 -4.851588
17.700000 -1.630500
17.749999 0.245664
17.800000 -0.289585
17.850000 -0.137111
17.899999 1.803655
17.950000 -3.641129
17.999999 -1.274575
18.050000 0.572825
18.099999 1.406895
18.150000 -3.909564
18.199999 -5.710459
18.250000 -1.768488
18.299999 3.009877
18.350000 -1.206402
18.400000 4.896429
18.449999 -1.464911
18.500000 -0.909958
18.549999 2.912097
18.600000 -3.898520
18.649999 2.133731
18.700000 -1.579140
18.749999 -0.368620
18.800000 6.204137
18.849999 -1.975379
18.900000 -2.307191
18.950000 1.375144
18.999999 1.449488
19.050000 0.121265
19.099999 -1.552594
19.150000 -2.357566
19.199999 10.692610
19.250000 -0.390991
19.299999 1.229056
19.350000 -4.548494
19.399999 0.356501
19.450000 2.205141
19.500000 -0.276529
19.549999 -2.364162
19.600000 -8.075790
19.649999 -6.384687
19.700000 3.194701
19.749999 -5.509796
19.800000 -1.606010
19.849999 -0.374906
19.900000 -4.651934
19.949999 -1.709322
