0.000000 5.222865
0.050000 7.262441
0.100000 17.655792
0.150000 -2.371289
0.200000 -9.266622
0.250000 -26.806723
0.300000 8.746496
0.350000 11.487456
0.400000 32.319332
0.450000 16.831789
0.500000 27.878487
0.550000 1.075083
0.600000 1.423089
0.650000 -21.933353
0.700000 -24.783680
0.750000 -15.244791
0.800000 0.752725
0.850000 12.291190
0.900000 5.796780
0.950000 20.249531
1.000000 1.543754
1.050000 21.270075
1.100000 24.274818
1.150000 5.697386
1.200000 -10.705103
1.250000 -19.534046
1.300000 -1.098588
1.350000 9.984127
1.400000 -11.089128
1.450000 13.587138
1.500000 -5.724350
1.550000 -3.217631
1.600000 14.771970
1.650000 -0.661937
1.700000 -6.696271
1.750000 -15.353115
1.800000 -4.890509
1.850000 -5.237499
1.900000 26.630604
1.950000 11.655158
2.000000 2.615349
2.050000 27.537209
2.100000 -6.972459
2.150000 8.386528
2.200000 6.868906
2.250000 6.789142
2.300000 -3.787523
2.350000 -12.760994
2.400000 44.049217
2.450000 8.383432
2.500000 21.242603
2.550000 9.097369
2.600000 -0.507618
2.650000 -4.989148
2.700000 -15.514433
2.750000 -0.761909
2.800000 -24.872494
2.850000 -20.704514
2.900000 -61.336651
2.950000 -27.923573
3.000000 -50.125397
3.050000 -47.497536
3.100000 -34.492535
3.150000 -9.199786
3.200000 14.345281
3.250000 40.594452
3.300000 90.581985
3.350000 138.405487
3.400000 165.627457
3.450000 166.674957
3.500000 158.813293
3.550000 104.911659
3.600000 101.580551
3.650000 51.641827
3.700000 -7.161407
3.750000 -43.112652
3.800000 -92.772919
3.850000 -140.211716
3.900000 -162.730682
3.950000 -178.231277
4.000000 -182.168304
4.050000 -173.210434
4.100000 -149.604950
4.150000 -131.717194
4.200000 -66.661049
4.250000 -24.196268
4.300000 36.820099
4.350000 50.263641
4.400000 98.191719
4.450000 98.314079
4.500000 107.511726
4.550000 116.119499
4.600000 75.529861
4.650000 102.057312
4.700000 81.075096
4.750000 55.604309
4.800000 42.741840
4.850000 7.034596
4.900000 -41.406239
4.950000 -73.624718
5.000000 -60.075745
5.050000 -50.787670
5.100000 -43.112103
5.150000 -43.493195
5.200000 -48.141636
5.250000 -13.386615
5.300000 -5.144648
5.350000 -0.473229
5.400000 20.274231
5.450000 27.638559
5.500000 25.420151
5.550000 33.140816
5.600000 12.981598
5.650000 10.912927
5.700000 21.140961
5.750000 0.025137
5.800000 1.192183
5.850000 9.760339
5.900000 5.745981
5.950000 13.055762
6.000000 -9.295542
6.050000 -5.067863
6.100000 -0.294493
6.150000 3.532017
6.200000 -21.434364
6.250000 -6.509479
6.300000 -12.931796
6.350000 -3.248657
6.400000 -7.346412
6.450000 -1.053292
6.500000 3.064394
6.550000 9.981803
6.600000 6.377637
6.650000 -17.135353
6.700000 -2.910651
6.750000 -0.903583
6.800000 -6.249325
6.850000 -22.003092
6.900000 -13.711356
6.950000 -20.149977
7.000000 10.965188
7.050000 -13.668590
7.100000 8.718697
7.150000 -2.405575
7.200000 12.558030
7.250000 -5.468109
7.300000 21.354374
7.350000 11.573989
7.400000 26.865763
7.450000 11.072853
7.500000 5.604255
7.550000 10.878574
7.600000 -6.915377
7.650000 -1.386424
7.700000 -30.703068
7.750000 0.699710
7.800000 -28.330872
7.850000 -14.820296
7.900000 6.323936
7.950000 -13.304634
8.000000 -10.444567
8.050000 -6.042412
8.100000 1.522742
8.150000 16.561499
8.200000 11.774210
8.250000 44.863136
8.300000 20.819807
8.350000 6.918684
8.400000 1.924433
8.450000 16.295715
8.500000 6.182366
8.550000 -18.183720
8.600000 0.366411
8.650000 17.133120
8.700000 -20.591465
8.750000 -10.727117
8.800000 -15.257401
8.850000 -19.145233
8.900000 -37.769455
8.950000 -16.568520
9.000000 -15.514809
9.050000 6.215941
9.100000 5.558773
9.150000 12.246941
9.200000 27.232370
9.250000 -16.944544
9.300000 9.338625
9.350000 26.133650
9.400000 27.410728
9.450000 10.071136
9.500000 15.557712
9.550000 3.261734
9.600000 17.254572
9.650000 -14.755935
9.700000 23.273788
9.750000 18.553274
9.800000 -7.492221
9.850000 7.393344
9.900000 -7.059657
9.950000 4.067405
10.000000 -14.699259
10.050000 -2.063475
10.100000 -0.390275
10.150000 -3.181599
10.200000 1.803984
10.250000 -7.500715
10.300000 1.968399
10.350000 -24.484085
10.400000 -12.134431
10.450000 24.088276
10.500000 -1.491164
10.550000 -14.154128
10.600000 9.644897
10.650000 8.818933
10.700000 -10.475982
10.750000 -7.819883
10.800000 4.256797
10.850000 17.677986
10.900000 0.038558
10.950000 -15.913376
11.000000 4.096467
11.050000 -6.021660
11.100000 3.635886
11.150000 15.444023
11.200000 27.407532
11.250000 4.979620
11.300000 26.738239
11.350000 -16.801619
11.400000 1.916788
11.450000 -4.405183
11.500000 4.096480
11.550000 -12.676975
11.600000 3.895285
11.650000 16.936649
11.700000 25.722021
11.750000 -8.295301
11.800000 17.829750
11.850000 -8.612176
11.900000 -4.912017
11.950000 9.714484
12.000000 -2.649784
12.050000 5.631456
12.100000 1.114472
12.150000 -0.341231
12.200000 9.601654
12.250000 18.519222
12.300000 -0.768673
12.350000 5.841790
12.400000 18.613077
12.450000 -11.287915
12.500000 4.425855
12.550000 -7.189289
12.600000 18.643316
12.650000 -15.691755
12.700000 1.679648
12.750000 -0.975474
12.800000 -7.277259
12.850000 -21.436401
12.900000 19.064034
12.950000 -14.055118
13.000000 -1.952615
13.050000 7.318247
13.100000 30.521149
13.150000 11.118138
13.200000 -2.766521
13.250000 27.513180
13.300000 14.029138
13.350000 26.318266
13.400000 -3.385983
13.450000 10.372591
13.500000 26.540651
13.550000 0.581517
13.600000 5.474167
13.650000 18.402205
13.700000 4.233374
13.750000 -1.764461
13.800000 -8.079017
13.850000 -24.535700
13.900000 -12.827680
13.950000 1.736918
14.000000 2.165982
14.050000 11.540671
14.100000 24.377327
14.150000 -12.722801
14.200000 12.794217
14.250000 -12.349442
14.300000 -2.348440
14.350000 23.227821
14.400000 31.536608
14.450000 12.063968
14.500000 3.147728
14.550000 4.405820
14.600000 12.156812
14.650000 31.126366
14.700000 -19.232622
14.750000 -7.126835
14.800000 4.854419
14.850000 24.410793
14.900000 -4.300371
14.950000 -9.973954
15.000000 -30.668789
15.050000 -24.044008
15.100000 1.860020
15.150000 0.595901
15.200000 -9.937058
15.250000 3.471519
15.300000 14.477120
15.350000 -3.784015
15.400000 17.495518
15.450000 16.446518
15.500000 27.773087
15.550000 9.761388
15.600000 7.997434
15.650000 18.587387
15.700000 22.964996
15.750000 -4.385933
15.800000 -3.580561
15.850000 10.364915
15.900000 14.299846
15.950000 30.430647
16.000000 11.621929
16.050000 3.798852
16.100000 13.203856
16.150000 -0.647074
16.200000 -12.427463
16.250000 -18.328806
16.300000 1.063017
16.350000 8.291391
16.400000 -3.335881
16.450000 1.423956
16.500000 13.167180
16.550000 -6.075277
16.600000 14.790804
16.650000 11.775601
16.700000 -13.439059
16.750000 -30.099560
16.800000 -3.578389
16.850000 -12.826084
16.900000 -15.495746
16.950000 -28.396303
17.000000 1.527943
17.050000 0.901547
17.100000 -20.326468
17.150000 -0.112701
17.200000 14.123313
17.250000 12.399426
17.300000 14.944559
17.350000 22.574261
17.400000 27.839615
17.450000 22.751078
17.500000 13.866615
17.550000 26.721916
17.600000 2.059037
17.650000 18.628397
17.700000 18.450926
17.750000 -6.084396
17.800000 -19.364548
17.850000 -10.939232
17.900000 3.361722
17.950000 22.636412
18.000000 -21.375664
18.050000 -21.073687
18.100000 -13.724005
18.150000 -17.870255
18.200000 -2.196384
18.250000 -21.888212
18.300000 -17.655302
18.350000 -2.732051
18.400000 18.505930
18.450000 -17.019707
18.500000 12.609563
18.550000 27.174921
18.600000 33.170300
18.650000 4.375826
18.700000 20.921482
18.750000 12.130833
18.800000 3.492257
18.850000 6.352365
18.900000 -6.282300
18.950000 -3.812474
19.000000 -12.954389
19.050000 -10.174800
19.100000 1.367039
19.150000 -18.516882
19.200000 -23.825092
19.250000 -20.578882
19.300000 -23.547020
19.350000 14.947468
19.400000 -11.926168
19.450000 15.653429
19.500000 28.792122
19.550000 19.006910
19.600000 8.738241
19.650000 -1.404027
19.700000 0.673369
19.750000 10.022234
19.799999 -7.667930
19.849999 -3.973172
19.899999 -4.824676
19.949999 -15.096574
