0.000000 -0.013754
0.050000 0.059120
0.100000 0.016486
0.150000 -0.124300
0.200000 -0.014247
0.250000 -0.002684
0.300000 -0.018811
0.350000 -0.140021
0.400000 -0.099469
0.450000 0.034868
0.500000 -0.036404
0.550000 -0.062128
0.600000 0.003094
0.650000 -0.039155
0.700000 0.156959
0.750000 -0.069809
0.800000 0.053093
0.850000 -0.055131
0.900000 0.037428
0.950000 0.116382
1.000000 -0.035515
1.050000 0.067246
1.100000 -0.020319
1.150000 0.005508
1.200000 -0.006843
1.250000 0.029971
1.300000 -0.003939
1.350000 0.028270
1.400000 -0.112844
1.450000 0.022222
1.500000 0.062589
1.550000 -0.073373
1.600000 0.044687
1.650000 -0.006612
1.700000 -0.005397
1.750000 0.066517
1.800000 -0.078562
1.850000 0.171371
1.900000 0.059419
1.950000 0.038810
2.000000 -0.011947
2.050000 0.028657
2.100000 -0.179650
2.150000 0.062753
2.200000 -0.100864
2.250000 0.036023
2.300000 0.111645
2.350000 0.049034
2.400000 0.133207
2.450000 -0.138526
2.500000 -0.251201
2.550000 -0.274045
2.600000 -0.127406
2.650000 0.051178
2.700000 0.113635
2.750000 0.321497
2.800000 0.361825
2.850000 0.132890
2.900000 -0.104480
2.950000 -0.236658
3.000000 -0.354241
3.050000 -0.113972
3.100000 0.156320
3.150000 0.188353
3.200000 0.274966
3.250000 0.071529
3.300000 0.050125
3.350000 -0.155177
3.400000 -0.137026
3.450000 -0.141621
3.500000 -0.050509
3.550000 0.096841
3.600000 0.277652
3.650000 0.128362
3.700000 0.123774
3.750000 -0.145644
3.800000 -0.288087
3.850000 -0.139493
3.900000 -0.038672
3.950000 0.004405
4.000000 0.255594
4.050000 0.262861
4.100000 0.231237
4.150000 -0.054970
4.200000 0.054097
4.250000 -0.201722
4.300000 -0.112561
4.350000 -0.011316
4.400000 0.001813
4.450000 0.058271
4.500000 0.002256
4.550000 -0.047530
4.600000 -0.032808
4.650000 -0.125071
4.700000 -0.093511
4.750000 0.118092
4.800000 0.015210
4.850000 0.144379
4.900000 0.233265
4.950000 0.084074
5.000000 0.171962
5.050000 -0.025050
5.100000 -0.091812
5.150000 -0.044522
5.200000 -0.109262
5.250000 -0.063455
5.300000 0.164809
5.350000 -0.108348
5.400000 0.091783
5.450000 -0.022773
5.500000 -0.064305
5.550000 -0.046316
5.600000 -0.064946
5.650000 -0.012903
5.700000 -0.067251
5.750000 0.050856
5.800000 0.201324
5.850000 0.020907
5.900000 -0.037870
5.950000 -0.094714
6.000000 0.099342
6.050000 -0.221932
6.100000 -0.031609
6.150000 -0.238037
6.200000 0.050746
6.250000 -0.085560
6.300000 0.004555
6.350000 0.168629
6.400000 -0.061232
6.450000 -0.237649
6.500000 -0.136441
6.550000 0.117626
6.600000 0.071292
6.650000 0.158958
6.700000 -0.078916
6.750000 -0.059175
6.800000 -0.014858
6.850000 -0.079635
6.900000 0.104691
6.950000 -0.102470
7.000000 -0.005370
7.050000 0.006251
7.100000 -0.018069
7.150000 -0.053306
7.200000 0.040336
7.250000 0.035058
7.300000 -0.049165
7.350000 -0.016761
7.400000 0.240738
7.450000 0.092196
7.500000 0.096101
7.550000 0.102744
7.600000 -0.009691
7.650000 -0.027000
7.700000 -0.120626
7.750000 -0.060398
7.800000 0.061733
7.850000 -0.070169
7.900000 0.096953
7.950000 0.121523
7.999999 -0.048258
8.049999 -0.055833
8.100000 0.148152
8.150000 0.089348
8.200000 0.006855
8.250000 0.057028
8.300000 -0.073835
8.350000 0.084490
8.400000 0.157576
8.450000 -0.035098
8.500000 0.010473
8.549999 0.122655
8.599999 0.054347
8.650000 -0.046576
8.700000 0.006415
8.750000 -0.129329
8.800000 -0.017310
8.850000 0.015387
8.900000 -0.056520
8.950000 0.069922
9.000000 -0.149194
9.050000 0.065206
9.099999 0.071897
9.149999 0.060233
9.200000 0.110715
9.250000 0.123333
9.300000 0.040768
9.350000 0.231267
9.400000 -0.129725
9.450000 -0.057373
9.500000 0.017842
9.550000 -0.094607
9.600000 0.007594
9.649999 0.114320
9.699999 0.069958
9.750000 0.153481
9.800000 0.026984
9.850000 0.058098
9.900000 0.052140
9.950000 -0.048458
10.000000 -0.033696
10.050000 -0.054794
10.100000 -0.043567
10.150000 0.091600
10.199999 -0.130068
10.249999 0.123740
10.300000 0.062487
10.350000 0.003176
10.400000 -0.060575
10.450000 0.101245
10.500000 -0.026209
10.550000 -0.014283
10.600000 -0.036972
10.650000 0.032474
10.700000 0.011407
10.749999 0.124003
10.799999 -0.069254
10.849999 0.031354
10.900000 -0.150339
10.950000 0.003464
11.000000 0.129427
11.050000 0.163693
11.100000 -0.098246
11.150000 0.011946
11.200000 -0.122060
11.250000 -0.000111
11.299999 0.074213
11.349999 -0.065863
11.399999 0.202430
11.450000 0.133701
11.500000 0.049274
11.550000 -0.005588
11.600000 0.087247
11.650000 -0.152055
11.700000 0.074003
11.750000 0.122034
11.800000 -0.002034
11.849999 0.133756
11.899999 0.091474
11.949999 -0.030421
12.000000 -0.227418
12.050000 0.079713
12.100000 -0.014227
12.150000 0.118746
12.200000 0.008595
12.250000 0.037731
12.300000 0.023909
12.350000 0.029096
12.399999 0.012237
12.449999 0.137704
12.499999 -0.006023
12.550000 0.050850
12.600000 -0.100024
12.650000 0.097799
12.700000 -0.047781
12.750000 0.125959
12.800000 -0.125333
12.850000 0.079128
12.900000 0.076091
12.949999 0.184489
12.999999 0.022392
13.049999 0.113081
13.100000 0.046965
13.150000 -0.036842
13.200000 0.088468
13.250000 0.000243
13.300000 -0.007868
13.350000 -0.051219
13.400000 -0.112059
13.450000 -0.024505
13.499999 -0.004488
13.549999 0.134804
13.599999 0.095670
13.650000 0.151563
13.700000 -0.053148
13.750000 -0.174292
13.800000 -0.006564
13.850000 0.050807
13.900000 0.119764
13.950000 0.068368
14.000000 -0.128230
14.049999 0.093313
14.099999 -0.116355
14.149999 0.055415
14.200000 0.156601
14.250000 -0.148431
14.300000 -0.097629
14.350000 0.067078
14.400000 0.152606
14.450000 -0.029368
14.500000 -0.103094
14.549999 -0.085494
14.599999 0.046484
14.649999 0.041495
14.699999 -0.007638
14.750000 -0.062707
14.800000 0.039405
14.850000 0.123841
14.900000 0.038399
14.950000 -0.016973
15.000000 -0.076993
15.050000 0.164460
15.099999 0.161776
15.149999 -0.079907
15.199999 0.074607
15.249999 -0.013086
15.299999 0.049069
15.350000 -0.025788
15.400000 -0.079780
15.450000 -0.035228
15.500000 0.182871
15.550000 0.003077
15.600000 0.058690
15.650000 -0.022330
15.699999 -0.057529
15.750000 -0.071843
15.799999 0.028743
15.850000 -0.025424
15.899999 0.058773
15.950000 0.250891
15.999999 0.056604
16.050000 -0.038372
16.099999 0.029537
16.150000 0.005813
16.200000 0.119144
16.249999 -0.033541
16.300000 0.028701
16.349999 -0.040967
16.400000 0.009492
16.449999 -0.073012
16.500000 0.002608
16.549999 0.143625
16.600000 0.054010
16.649999 0.092196
16.700000 0.015264
16.750000 0.045778
16.799999 -0.003648
16.850000 -0.007949
16.899999 0.007513
16.950000 -0.140004
16.999999 0.015280
17.050000 0.036982
17.099999 0.090519
17.150000 -0.208161
17.199999 -0.042663
17.250000 -0.073227
17.300000 -0.031199
17.349999 -0.080666
17.400000 0.058726
17.449999 0.059432
17.500000 -0.196306
17.549999 -0.086206
17.600000 -0.035313
17.649999 0.021263
17.700000 -0.014606
17.749999 -0.112132
17.800000 -0.178713
17.850000 0.061561
17.899999 0.064438
17.950000 0.079359
17.999999 -0.009711
18.050000 -0.025527
18.099999 0.024552
18.150000 -0.089339
18.199999 0.092308
18.250000 0.031781
18.299999 -0.011798
18.350000 -0.042911
18.400000 0.011238
18.449999 0.066467
18.500000 0.010582
18.549999 -0.148039
18.600000 -0.105918
18.649999 -0.028689
18.700000 -0.007350
18.749999 -0.057926
18.800000 -0.025248
18.849999 0.206047
18.900000 0.161008
18.950000 -0.063065
18.999999 0.039608
19.050000 -0.074374
19.099999 0.017091
19.150000 0.191087
19.199999 0.093255
19.250000 0.015285
19.299999 -0.020717
19.350000 0.051767
19.399999 -0.123910
19.450000 0.192322
19.500000 0.018266
19.549999 -0.002969
19.600000 -0.140172
19.649999 -0.004967
19.700000 0.120849
19.749999 -0.081381
19.800000 -0.167463
19.849999 0.026614
19.900000 0.023049
19.949999 0.127259
