0.000000 27.444622
0.050000 26.549496
0.100000 -2.850705
0.150000 21.283400
0.200000 0.711064
0.250000 2.374177
0.300000 4.009852
0.350000 9.546198
0.400000 -15.312282
0.450000 3.681098
0.500000 -11.898300
0.550000 -2.987901
0.600000 3.421752
0.650000 -7.661549
0.700000 -17.432526
0.750000 -20.541542
0.800000 -12.241079
0.850000 -7.704995
0.900000 -11.823333
0.950000 -29.650043
1.000000 -2.298832
1.050000 -5.832008
1.100000 -22.981983
1.150000 6.038839
1.200000 0.364093
1.250000 13.557714
1.300000 3.539551
1.350000 65.265793
1.400000 49.557911
1.450000 38.359993
1.500000 -22.008167
1.550000 -50.679550
1.600000 -44.421295
1.650000 3.458271
1.700000 71.801094
1.750000 77.730209
1.800000 -20.344772
1.850000 -99.372498
1.900000 -118.101074
1.950000 -11.024538
2.000000 71.093620
2.050000 74.292664
2.100000 16.027277
2.150000 -86.168770
2.200000 -83.341423
2.250000 4.508943
2.300000 86.879402
2.350000 54.332237
2.400000 12.616178
2.450000 -30.071665
2.500000 -61.794857
2.550000 -21.915445
2.600000 64.128044
2.650000 65.783401
2.700000 11.770762
2.750000 -81.071335
2.800000 -23.073511
2.850000 9.999949
2.900000 25.245771
2.950000 22.065434
3.000000 6.528268
3.050000 -34.068394
3.100000 -27.655849
3.150000 2.720763
3.200000 47.753574
3.250000 7.165408
3.300000 -0.289129
3.350000 -28.659702
3.400000 -65.683945
3.450000 17.301172
3.500000 43.879745
3.550000 9.996251
3.600000 -20.179487
3.650000 -16.819374
3.700000 20.544445
3.750000 30.782196
3.800000 -16.969372
3.850000 -6.500451
3.900000 -3.102198
3.950000 -2.969303
4.000000 -10.126174
4.050000 6.835208
4.100000 -0.131300
4.150000 -22.167204
4.200000 14.282804
4.250000 -29.639164
4.300000 -12.607174
4.350000 -9.071141
4.400000 -20.683037
4.450000 12.839462
4.500000 -12.943136
4.550000 -42.794880
4.600000 23.765770
4.650000 18.432529
4.700000 18.027288
4.750000 -11.272818
4.800000 -10.737484
4.850000 33.847137
4.900000 22.561260
4.950000 26.872477
5.000000 6.927038
5.050000 25.334946
5.100000 -7.879502
5.150000 11.264074
5.200000 25.755779
5.250000 27.366888
5.300000 1.271331
5.350000 -13.137307
5.400000 2.334090
5.450000 10.654675
5.500000 6.040975
5.550000 21.693884
5.600000 7.356129
5.650000 23.579840
5.700000 13.060589
5.750000 5.071681
5.800000 11.470336
5.850000 1.665834
5.900000 -25.261953
5.950000 -1.117655
6.000000 7.650704
6.050000 -15.298795
6.100000 3.945777
6.150000 3.220770
6.200000 38.361725
6.250000 -7.649162
6.300000 -4.116902
6.350000 2.500832
6.400000 -1.406665
6.450000 7.811069
6.500000 27.045574
6.550000 13.787936
6.600000 3.044664
6.650000 -26.334635
6.700000 1.279702
6.750000 4.815770
6.800000 -11.962334
6.850000 -19.131380
6.900000 32.051846
6.950000 14.446888
7.000000 19.857664
7.050000 2.204274
7.100000 14.636006
7.150000 14.880827
7.200000 -3.171859
7.250000 5.890888
7.300000 21.180065
7.350000 5.023336
7.400000 12.464902
7.450000 5.357635
7.500000 -10.290813
7.550000 4.017930
7.600000 13.803436
7.650000 -4.374735
7.700000 4.077696
7.750000 0.872127
7.800000 4.369617
7.850000 -3.661962
7.900000 -1.090514
7.950000 -18.251665
7.999999 1.339767
8.049999 18.517750
8.100000 0.589897
8.150000 4.961854
8.200000 -22.558098
8.250000 -19.739246
8.300000 20.964136
8.350000 6.012392
8.400000 2.800155
8.450000 2.658322
8.500000 -3.908982
8.549999 -0.618633
8.599999 23.133156
8.650000 -3.034007
8.700000 12.277640
8.750000 -8.860335
8.800000 31.793730
8.850000 -6.960112
8.900000 16.744553
8.950000 1.973996
9.000000 4.850410
9.050000 8.803380
9.099999 3.651759
9.149999 4.390554
9.200000 -6.650602
9.250000 -14.208142
9.300000 11.434111
9.350000 -3.250995
9.400000 -10.192996
9.450000 14.868888
9.500000 1.713399
9.550000 5.947142
9.600000 1.485169
9.649999 -17.580549
9.699999 -7.473341
9.750000 16.740244
9.800000 -11.073901
9.850000 -8.032817
9.900000 -26.347914
9.950000 9.331624
10.000000 -18.276041
10.050000 -1.406090
10.100000 13.319707
10.150000 5.431806
10.199999 -4.900710
10.249999 7.421162
10.300000 1.442858
10.350000 27.430206
10.400000 -10.262780
10.450000 -3.111697
10.500000 16.182539
10.550000 -9.838764
10.600000 -6.800395
10.650000 0.024040
10.700000 -7.077602
10.749999 -5.707863
10.799999 35.814651
10.849999 6.050251
10.900000 2.781923
10.950000 -3.824372
11.000000 -22.033951
11.050000 23.437557
11.100000 18.188986
11.150000 9.773530
11.200000 25.173838
11.250000 -7.377794
11.299999 -7.944580
11.349999 8.863988
11.399999 0.363321
11.450000 -14.298524
11.500000 1.321985
11.550000 0.241745
11.600000 -9.283431
11.650000 -20.529139
11.700000 6.675198
11.750000 8.297863
11.800000 -9.738893
11.849999 -22.144405
11.899999 -4.592021
11.949999 2.031695
12.000000 18.631147
12.050000 21.900312
12.100000 31.068806
12.150000 13.177320
12.200000 -11.038431
12.250000 18.607418
12.300000 5.434319
12.350000 6.633565
12.399999 -0.780573
12.449999 4.762390
12.499999 6.644399
12.550000 21.413023
12.600000 -1.348941
12.650000 19.731472
12.700000 13.388829
12.750000 0.171584
12.800000 -7.310625
12.850000 -6.836492
12.900000 3.246917
12.949999 13.536028
12.999999 -7.888813
13.049999 -11.475997
13.100000 14.074723
13.150000 13.144781
13.200000 -2.671550
13.250000 -6.958308
13.300000 2.525013
13.350000 -3.915587
13.400000 -1.560775
13.450000 -3.645625
13.499999 -2.069099
13.549999 0.823305
13.599999 33.700253
13.650000 2.742264
13.700000 22.105995
13.750000 31.153862
13.800000 6.339276
13.850000 2.046666
13.900000 23.524916
13.950000 -1.362477
14.000000 -31.119316
14.049999 23.131439
14.099999 16.269341
14.149999 -1.817915
14.200000 -0.918753
14.250000 7.246192
14.300000 21.303280
14.350000 -0.658319
14.400000 -4.059610
14.450000 29.162582
14.500000 8.027693
14.549999 -14.754547
14.599999 -7.548011
14.649999 -7.792673
14.699999 11.769388
14.750000 11.120316
14.800000 -29.005196
14.850000 -1.305808
14.900000 26.665182
14.950000 0.954058
15.000000 30.112230
15.050000 21.655109
15.099999 -14.786038
15.149999 5.813693
15.199999 11.357031
15.249999 26.230476
15.299999 3.652900
15.350000 -6.559653
15.400000 -11.007622
15.450000 -7.340329
15.500000 -13.397079
15.550000 3.920066
15.600000 25.112524
15.650000 7.585908
15.699999 -4.534943
15.750000 -19.908302
15.799999 -29.552889
15.850000 -18.422941
15.899999 3.934349
15.950000 8.341530
15.999999 -18.409758
16.050000 -16.445215
16.099999 -5.153556
16.150000 -12.622609
16.200000 0.464684
16.249999 -2.604744
16.300000 -5.181566
16.349999 -8.232612
16.400000 -1.632598
16.449999 2.597645
16.500000 -11.806907
16.549999 -17.676340
16.600000 8.113504
16.649999 2.365827
16.700000 -12.024098
16.750000 -25.290226
16.799999 4.359083
16.850000 4.917395
16.899999 13.153974
16.950000 25.305244
16.999999 17.547117
17.050000 -2.466805
17.099999 9.381085
17.150000 5.571636
17.199999 -8.045410
17.250000 18.543274
17.300000 -11.187927
17.349999 -6.143941
17.400000 4.053476
17.449999 2.416744
17.500000 6.247680
17.549999 8.728136
17.600000 -6.985219
17.649999 5.687212
17.700000 10.750812
17.749999 0.862946
17.800000 -28.687416
17.850000 -2.240520
17.899999 -34.898972
17.950000 1.434570
17.999999 -29.284349
18.050000 -3.849452
18.099999 8.577601
18.150000 -19.095167
18.199999 -2.148946
18.250000 -24.814089
18.299999 8.723017
18.350000 13.701958
18.400000 -35.922768
18.449999 -12.457682
18.500000 8.327475
18.549999 8.020597
18.600000 3.642344
18.649999 1.987424
18.700000 -8.163424
18.749999 4.110865
18.800000 9.377563
18.849999 1.294129
18.900000 -5.793751
18.950000 -11.246581
18.999999 8.396105
19.050000 3.619828
19.099999 -11.481800
19.150000 -9.512637
19.199999 -10.554694
19.250000 -10.749251
19.299999 3.876002
19.350000 0.203908
19.399999 10.750359
19.450000 12.226985
19.500000 18.010345
19.549999 16.750824
19.600000 -5.228521
19.649999 -2.982483
19.700000 43.367523
19.749999 18.026386
19.800000 31.288006
19.849999 -26.684305
19.900000 2.938581
19.949999 13.007806
