0.000000 -0.100419
0.050000 -1.437981
0.100000 -2.871089
0.150000 -1.863742
0.200000 2.811256
0.250000 0.228612
0.300000 0.537481
0.350000 0.078497
0.400000 1.286822
0.450000 -0.647962
0.500000 1.284795
0.550000 -0.552304
0.600000 0.699988
0.650000 0.415156
0.700000 -1.562819
0.750000 -0.888283
0.800000 -0.449773
0.850000 -0.243877
0.900000 0.019385
0.950000 0.723646
1.000000 -1.623006
1.050000 0.278939
1.100000 0.468882
1.150000 0.968374
1.200000 1.682116
1.250000 0.227016
1.300000 -0.362724
1.350000 -2.284506
1.400000 -2.698914
1.450000 -0.943415
1.500000 -1.044491
1.550000 -2.002901
1.600000 0.818198
1.650000 1.398320
1.700000 -1.408234
1.750000 -0.448252
1.800000 -0.356012
1.850000 0.167000
1.900000 1.932081
1.950000 -0.376297
2.000000 0.175250
2.050000 0.293692
2.100000 0.322252
2.150000 -2.147591
2.200000 -3.347106
2.250000 -4.467876
2.300000 -0.850657
2.350000 -0.761142
2.400000 2.714121
2.450000 3.179397
2.500000 6.231318
2.550000 3.951514
2.600000 2.642993
2.650000 -3.708700
2.700000 -6.350795
2.750000 -5.067724
2.800000 -0.809751
2.850000 2.845327
2.900000 6.049469
2.950000 5.550396
3.000000 4.413105
3.050000 -0.295453
3.100000 -3.828282
3.150000 -6.596672
3.200000 -5.611645
3.250000 -0.122878
3.300000 4.671485
3.350000 8.867926
3.400000 5.757329
3.450000 -1.124013
3.500000 -2.470231
3.550000 -5.960919
3.600000 -4.434191
3.650000 1.255545
3.700000 5.619291
3.750000 6.093143
3.800000 5.771590
3.850000 -0.371654
3.900000 -5.423931
3.950000 -4.834518
4.000000 -3.185645
4.050000 -1.201313
4.100000 5.009096
4.150000 6.623565
4.200000 0.631362
4.250000 -1.952824
4.300000 -4.649802
4.350000 -3.936105
4.400000 -3.677934
4.450000 1.272808
4.500000 4.424511
4.550000 3.999235
4.600000 2.172748
4.650000 -0.853124
4.700000 -3.087812
4.750000 -1.647302
4.800000 -1.228531
4.850000 -1.058209
4.900000 0.025228
4.950000 3.931129
5.000000 0.470115
5.050000 1.431597
5.100000 -1.239731
5.150000 0.932924
5.200000 0.484671
5.250000 0.770296
5.300000 0.742798
5.350000 0.130979
5.400000 -0.998090
5.450000 -0.988220
5.500000 -1.821190
5.550000 -0.878215
5.600000 1.058397
5.650000 3.060445
5.700000 2.114105
5.750000 0.108321
5.800000 0.136864
5.850000 0.025159
5.900000 2.069532
5.950000 0.536472
6.000000 0.738227
6.050000 -0.839519
6.100000 -1.801698
6.150000 -2.034420
6.200000 0.369524
6.250000 -2.192378
6.300000 0.597160
6.350000 -0.618679
6.400000 3.226056
6.450000 3.711366
6.500000 0.582621
6.550000 -0.131291
6.600000 -1.938347
6.650000 -1.350798
6.700000 0.851234
6.750000 -0.571028
6.800000 3.632566
6.850000 -0.024771
6.900000 0.897144
6.950000 -1.796325
7.000000 -0.147986
7.050000 -0.831814
7.100000 -1.845995
7.150000 -1.077483
7.200000 0.750849
7.250000 -0.311793
7.300000 0.155465
7.350000 -0.438692
7.400000 -1.217455
7.450000 1.056821
7.500000 -1.517755
7.550000 1.090934
7.600000 1.802673
7.650000 -1.308348
7.700000 2.929319
7.750000 -0.461540
7.800000 1.456669
7.850000 -1.758025
7.900000 0.625315
7.950000 -0.057453
8.000000 -0.693018
8.050000 -2.011829
8.100000 -1.533665
8.150000 -1.115351
8.200000 -3.547601
8.250000 -0.894873
8.300000 1.512294
8.350000 0.304788
8.400000 3.649884
8.450000 -0.463489
8.500000 0.068910
8.550000 -3.880998
8.600000 1.149603
8.650000 -0.764284
8.700000 -0.063320
8.750000 0.470140
8.800000 1.225495
8.850000 -1.420339
8.900000 0.718831
8.950000 1.788868
9.000000 0.862192
9.050000 1.350634
9.100000 -0.735802
9.150000 -2.616645
9.200000 -2.790990
9.250000 -0.531581
9.300000 -2.118100
9.350000 1.035803
9.400000 0.271450
9.450000 0.653155
9.500000 0.601407
9.550000 0.258578
9.600000 1.027761
9.650000 -1.473590
9.700000 -0.971904
9.750000 0.715838
9.800000 -0.351379
9.850000 0.089359
9.900000 2.796440
9.950000 0.367384
10.000000 0.891139
10.050000 2.020001
10.100000 -0.662061
10.150000 -1.585398
10.200000 -0.752135
10.250000 2.402051
10.300000 0.644208
10.350000 1.285200
10.400000 1.398691
10.450000 0.598860
10.500000 1.786927
10.550000 -1.020239
10.600000 -2.091898
10.650000 -0.683552
10.700000 -0.805247
10.750000 0.183905
10.800000 1.542759
10.850000 0.136062
10.900000 -1.080399
10.950000 -1.145997
11.000000 -0.416114
11.050000 -0.424018
11.100000 0.681146
11.150000 -0.380473
11.200000 -2.474458
11.250000 0.220969
11.300000 -1.827677
11.350000 0.697237
11.400000 1.528454
11.450000 2.966454
11.500000 -1.614395
11.550000 -1.969727
11.600000 -0.629257
11.650000 0.930457
11.700000 1.205798
11.750000 0.918040
11.800000 -0.707985
11.850000 -0.154309
11.900000 -0.408566
11.950000 0.482773
12.000000 1.087733
12.050000 0.749900
12.100000 -0.478018
12.150000 -2.104244
12.200000 -2.154726
12.250000 1.855243
12.300000 -0.791218
12.350000 0.480763
12.400000 -0.448821
12.450000 1.881436
12.500000 0.192592
12.550000 -0.946021
12.600000 0.257576
12.650000 1.044033
12.700000 1.719121
12.750000 0.166603
12.800000 0.621112
12.850000 1.289513
12.900000 -1.754590
12.950000 -1.792741
13.000000 1.652782
13.050000 0.546212
13.100000 1.371702
13.150000 2.659654
13.200000 -3.232095
13.250000 0.031831
13.300000 -1.189518
13.350000 0.001010
13.400000 -1.139915
13.450000 1.709873
13.500000 -2.322064
13.550000 0.020361
13.600000 0.196672
13.650000 1.656905
13.700000 0.226352
13.750000 0.043995
13.800000 0.222574
13.850000 0.110057
13.900000 0.332881
13.950000 -0.757294
14.000000 1.615423
14.050000 -0.876315
14.100000 0.732247
14.150000 -3.591577
14.200000 0.678979
14.250000 1.915130
14.300000 0.742221
14.350000 -3.050712
14.400000 1.077053
14.450000 1.386464
14.500000 1.934834
14.550000 -0.687694
14.600000 0.150471
14.650000 1.338986
14.700000 0.974561
14.750000 -1.909211
14.800000 0.166181
14.850000 0.111325
14.900000 0.201261
14.950000 -0.336659
15.000000 1.680003
15.050000 2.607516
15.100000 -0.393777
15.150000 -0.305624
15.200000 -1.468773
15.250000 -0.643441
15.300000 0.568180
15.350000 -0.296998
15.400000 0.419056
15.450000 1.176867
15.500000 1.225011
15.550000 0.420254
15.600000 2.146899
15.650000 0.190373
15.700000 0.534937
15.750000 -0.967245
15.800000 -0.673709
15.850000 -2.941501
15.900000 1.121460
15.950000 1.387181
16.000000 -2.509505
16.050000 -1.553844
16.100000 1.576753
16.150000 2.254369
16.200000 0.232807
16.250000 2.641500
16.300000 1.583784
16.350000 2.354325
16.400000 -0.933820
16.450000 -0.083242
16.500000 -1.043326
16.550000 1.117577
16.600000 2.956366
16.650000 2.487133
16.700000 -0.600769
16.750000 -0.696744
16.800000 -1.980675
16.850000 1.694489
16.900000 -1.188750
16.950000 -0.423896
17.000000 2.059854
17.050000 -0.686191
17.100000 -1.405377
17.150000 -1.045130
17.200000 -2.542634
17.250000 -1.546452
17.300000 -0.763212
17.350000 -1.632566
17.400000 0.929480
17.450000 2.552160
17.500000 4.422262
17.550000 -0.410497
17.600000 0.339516
17.650000 5.100713
17.700000 0.199399
17.750000 -0.340517
17.800000 1.692434
17.850000 0.514309
17.900000 -0.555516
17.950000 1.146575
18.000000 0.412740
18.050000 0.758778
18.100000 3.973946
18.150000 0.063571
18.200000 1.846899
18.250000 2.313736
18.300000 1.558953
18.350000 -0.442981
18.400000 -0.761582
18.450000 0.004694
18.500000 2.686722
18.550000 -0.686424
18.600000 -0.186872
18.650000 0.545325
18.700000 0.032604
18.750000 -0.133767
18.800000 -2.919544
18.850000 0.400738
18.900000 0.254377
18.950000 -1.916312
19.000000 -0.136321
19.050000 0.350325
19.100000 -0.960558
19.150000 1.941625
19.200000 -0.285125
19.250000 -0.628661
19.300000 0.925917
19.350000 1.238133
19.400000 -0.622114
19.450000 -0.159375
19.500000 -1.070486
19.550000 1.385654
19.600000 1.112720
19.650000 0.557041
19.700000 -1.729760
19.750000 1.272714
19.799999 1.777607
19.849999 -1.519500
19.899999 -0.196379
19.949999 0.278766
