0.000000 1.208667
0.050000 -2.443130
0.100000 2.017649
0.150000 -0.302039
0.200000 -0.776140
0.250000 -0.487633
0.300000 -1.300885
0.350000 0.334717
0.400000 0.339791
0.450000 -1.132594
0.500000 -0.156248
0.550000 -1.129741
0.600000 -0.744346
0.650000 -0.270244
0.700000 1.668488
0.750000 1.427257
0.800000 0.540199
0.850000 2.016407
0.900000 -1.770936
0.950000 -1.432902
1.000000 -2.210664
1.050000 -2.924186
1.100000 1.064337
1.150000 1.425181
1.200000 1.517244
1.250000 2.895188
1.300000 -1.908782
1.350000 -2.328046
1.400000 -1.458371
1.450000 -3.281840
1.500000 -2.424391
1.550000 -1.691704
1.600000 1.612013
1.650000 0.731053
1.700000 3.078322
1.750000 -0.268978
1.800000 1.242506
1.850000 -2.621377
1.900000 -2.582703
1.950000 -5.311007
2.000000 -5.585217
2.050000 -3.833756
2.100000 -0.414264
2.150000 7.279972
2.200000 10.585523
2.250000 11.175076
2.300000 6.077726
2.350000 -6.981028
2.400000 -17.688063
2.450000 -18.070232
2.500000 -13.096444
2.550000 0.796797
2.600000 19.744602
2.650000 24.081770
2.700000 16.751072
2.750000 2.065809
2.800000 -11.894457
2.850000 -20.331520
2.900000 -14.469074
2.950000 -1.280677
3.000000 12.102304
3.050000 17.077053
3.100000 13.136264
3.150000 1.607239
3.200000 -5.358883
3.250000 -14.659830
3.300000 -13.036897
3.350000 -2.737132
3.400000 7.679995
3.450000 15.119109
3.500000 10.289010
3.550000 3.956699
3.600000 -3.930419
3.650000 -13.974227
3.700000 -11.211285
3.750000 -5.882061
3.800000 2.632765
3.850000 11.600679
3.900000 10.186504
3.950000 9.518665
4.000000 0.738406
4.050000 -4.235560
4.100000 -7.798281
4.150000 -7.339819
4.200000 -2.156411
4.250000 1.237419
4.300000 4.843498
4.350000 6.040558
4.400000 2.007909
4.450000 -3.754225
4.500000 -5.466717
4.550000 -8.222391
4.600000 -6.248941
4.650000 2.019911
4.700000 5.350626
4.750000 5.712417
4.800000 2.250626
4.850000 0.231542
4.900000 -2.682390
4.950000 -3.231042
5.000000 -3.456023
5.050000 -2.287282
5.100000 1.093790
5.150000 2.468277
5.200000 0.708772
5.250000 0.313109
5.300000 -0.144390
5.350000 -0.478363
5.400000 -0.898718
5.450000 -1.850022
5.500000 0.536592
5.550000 1.245083
5.600000 -0.410829
5.650000 1.884677
5.700000 2.949207
5.750000 2.761566
5.800000 3.522963
5.850000 0.328569
5.900000 1.719126
5.950000 -0.113644
6.000000 -2.497845
6.050000 0.824149
6.100000 1.836768
6.150000 1.896602
6.200000 1.537535
6.250000 -0.869008
6.300000 -2.018296
6.350000 -0.615829
6.400000 0.139232
6.450000 -0.454458
6.500000 0.920530
6.550000 4.729640
6.600000 1.337280
6.650000 -0.035670
6.700000 2.124668
6.750000 1.098911
6.800000 -1.884160
6.850000 -3.364506
6.900000 2.710680
6.950000 0.322453
7.000000 0.154166
7.050000 0.115103
7.100000 0.415746
7.150000 -0.594396
7.200000 -0.674958
7.250000 -1.491438
7.300000 -0.794257
7.350000 -1.006267
7.400000 0.898558
7.450000 0.211850
7.500000 0.044259
7.550000 1.612790
7.600000 1.884360
7.650000 1.579782
7.700000 0.955581
7.750000 -0.626643
7.800000 -0.196835
7.850000 1.053041
7.900000 3.132601
7.950000 2.561735
7.999999 0.641891
8.049999 2.517663
8.100000 0.578591
8.150000 -1.599418
8.200000 1.731775
8.250000 1.950517
8.300000 1.003950
8.350000 0.829809
8.400000 -0.392824
8.450000 -2.406247
8.500000 2.124838
8.549999 -0.176286
8.599999 0.892874
8.650000 1.387651
8.700000 1.526113
8.750000 3.681458
8.800000 -0.453624
8.850000 1.409842
8.900000 -1.817466
8.950000 0.302741
9.000000 0.280752
9.050000 3.338185
9.099999 1.456906
9.149999 -1.048738
9.200000 3.731036
9.250000 0.339023
9.300000 -0.109889
9.350000 0.621941
9.400000 -2.186851
9.450000 -1.783738
9.500000 -0.604054
9.550000 -1.628708
9.600000 1.150578
9.649999 0.665669
9.699999 -0.750851
9.750000 -0.209297
9.800000 0.261526
9.850000 -0.594504
9.900000 0.344584
9.950000 -0.873054
10.000000 1.693402
10.050000 1.594791
10.100000 0.032076
10.150000 -0.085149
10.199999 1.558419
10.249999 -2.441113
10.300000 -3.238177
10.350000 -3.363847
10.400000 -1.463509
10.450000 0.786517
10.500000 -0.356520
10.550000 -1.268843
10.600000 -0.831898
10.650000 -0.720961
10.700000 0.096727
10.749999 0.042060
10.799999 0.250276
10.849999 0.034890
10.900000 2.026756
10.950000 -0.270087
11.000000 -0.068383
11.050000 -1.965464
11.100000 -2.191762
11.150000 -1.069223
11.200000 2.722215
11.250000 -0.385258
11.299999 1.162720
11.349999 1.932770
11.399999 0.953734
11.450000 -2.038671
11.500000 1.452668
11.550000 0.279453
11.600000 -0.184028
11.650000 -0.063357
11.700000 3.178387
11.750000 -0.872903
11.800000 -0.170955
11.849999 -1.830422
11.899999 1.671386
11.949999 1.739117
12.000000 0.098994
12.050000 0.016421
12.100000 0.718718
12.150000 -0.851898
12.200000 -1.324590
12.250000 -0.705560
12.300000 -0.519106
12.350000 -0.442319
12.399999 0.819728
12.449999 1.189370
12.499999 0.359126
12.550000 -1.635743
12.600000 -0.546300
12.650000 -2.503093
12.700000 -1.708242
12.750000 -0.197908
12.800000 0.537935
12.850000 0.729190
12.900000 -0.383265
12.949999 0.179991
12.999999 -1.361658
13.049999 -2.023521
13.100000 0.709965
13.150000 -1.388373
13.200000 2.558713
13.250000 2.238051
13.300000 2.669721
13.350000 -0.189705
13.400000 3.374614
13.450000 1.020857
13.499999 1.300968
13.549999 -0.537978
13.599999 0.216845
13.650000 -0.206286
13.700000 0.657643
13.750000 1.781772
13.800000 0.248984
13.850000 1.921771
13.900000 -1.581642
13.950000 -3.273060
14.000000 0.354198
14.049999 3.032708
14.099999 3.532863
14.149999 1.969908
14.200000 1.721964
14.250000 -0.426302
14.300000 -0.095539
14.350000 0.385908
14.400000 1.149049
14.450000 -0.911274
14.500000 -0.929335
14.549999 -0.149437
14.599999 -0.959233
14.649999 0.103598
14.699999 -1.105025
14.750000 -2.460257
14.800000 -1.621464
14.850000 -0.426093
14.900000 -1.057664
14.950000 -1.135625
15.000000 -1.974318
15.050000 -1.187591
15.099999 -1.281184
15.149999 -3.948820
15.199999 -1.605620
15.249999 -1.163275
15.299999 2.298037
15.350000 -2.454388
15.400000 0.492659
15.450000 1.153098
15.500000 1.945942
15.550000 0.430407
15.600000 -0.472563
15.650000 -1.764271
15.699999 0.061501
15.750000 1.299753
15.799999 1.266238
15.850000 3.790505
15.899999 0.354492
15.950000 2.310799
15.999999 -0.787116
16.050000 -2.560372
16.099999 -3.149737
16.150000 1.529064
16.200000 0.206538
16.249999 1.171299
16.300000 2.557783
16.349999 0.483079
16.400000 -0.081845
16.449999 -1.297668
16.500000 -1.178341
16.549999 -1.192028
16.600000 -2.992616
16.649999 1.441274
16.700000 2.430413
16.750000 0.783620
16.799999 1.193701
16.850000 -1.530597
16.899999 1.522477
16.950000 2.768940
16.999999 -0.159107
17.050000 -0.503305
17.099999 0.409492
17.150000 0.370470
17.199999 2.176651
17.250000 -3.149589
17.300000 2.377827
17.349999 1.517989
17.400000 -0.623626
17.449999 2.029329
17.500000 -0.781996
17.549999 -1.000871
17.600000 0.697076
17.649999 1.573959
17.700000 -0.011891
17.749999 1.157978
17.800000 -1.801065
17.850000 -0.682606
17.899999 0.842445
17.950000 1.073280
17.999999 3.196742
18.050000 1.928505
18.099999 2.335349
18.150000 1.175135
18.199999 3.545938
18.250000 0.994522
18.299999 0.421926
18.350000 -0.109604
18.400000 0.475792
18.449999 0.653496
18.500000 -0.904645
18.549999 -0.088022
18.600000 3.224021
18.649999 -0.075164
18.700000 0.198385
18.749999 2.333143
18.800000 0.117700
18.849999 1.432662
18.900000 1.777001
18.950000 3.171274
18.999999 2.475574
19.050000 1.194002
19.099999 1.882206
19.150000 -1.258651
19.199999 1.354560
19.250000 -0.760647
19.299999 0.629373
19.350000 -0.526030
19.399999 0.831617
19.450000 2.530854
19.500000 2.959599
19.549999 2.892660
19.600000 2.266848
19.649999 2.282519
19.700000 -0.566328
19.749999 0.394831
19.800000 1.726784
19.849999 0.700252
19.900000 0.397585
19.949999 2.848249
