0.000000 1.164248
0.050000 0.940761
0.100000 4.042901
0.150000 2.221351
0.200000 0.731737
0.250000 -0.442847
0.300000 -1.371055
0.350000 -0.606312
0.400000 -2.488973
0.450000 -2.931357
0.500000 -2.905095
0.550000 -1.485420
0.600000 0.195879
0.650000 2.267353
0.700000 -2.517865
0.750000 0.406993
0.800000 -1.111043
0.850000 1.362173
0.900000 1.896887
0.950000 2.455597
1.000000 1.927765
1.050000 2.568432
1.100000 2.139054
1.150000 1.319217
1.200000 4.089426
1.250000 0.772153
1.300000 1.010122
1.350000 0.519835
1.400000 1.584674
1.450000 3.609504
1.500000 0.010071
1.550000 -0.168992
1.600000 -0.194167
1.650000 -1.480163
1.700000 -3.998491
1.750000 -1.948890
1.800000 0.013094
1.850000 -1.063141
1.900000 -0.851926
1.950000 1.721111
2.000000 -1.118062
2.050000 0.463875
2.100000 -0.081632
2.150000 1.575861
2.200000 1.818445
2.250000 -0.321992
2.300000 0.636029
2.350000 3.072135
2.400000 2.702534
2.450000 3.908802
2.500000 2.950515
2.550000 2.906262
2.600000 1.823574
2.650000 -0.586103
2.700000 -0.829305
2.750000 -2.935516
2.800000 -3.136785
2.850000 -4.945229
2.900000 -5.585934
2.950000 -6.717301
3.000000 -7.560597
3.050000 -7.677616
3.100000 -6.091136
3.150000 -2.795748
3.200000 -1.484187
3.250000 2.895859
3.300000 7.120079
3.350000 8.677856
3.400000 11.568149
3.450000 12.423407
3.500000 14.315115
3.550000 14.053851
3.600000 11.227041
3.650000 8.330817
3.700000 5.258535
3.750000 0.228628
3.800000 -1.912975
3.850000 -5.143054
3.900000 -10.542544
3.950000 -10.872962
4.000000 -13.193930
4.050000 -15.578424
4.100000 -14.425032
4.150000 -13.389472
4.200000 -10.600207
4.250000 -8.461864
4.300000 -6.664574
4.350000 -4.311156
4.400000 1.296796
4.450000 3.625042
4.500000 9.243135
4.550000 12.467561
4.600000 13.191978
4.650000 12.430162
4.700000 12.887666
4.750000 13.165509
4.800000 11.315819
4.850000 9.109589
4.900000 7.165398
4.950000 1.657164
5.000000 1.058601
5.050000 -4.222426
5.100000 -8.067966
5.150000 -6.110921
5.200000 -9.978478
5.250000 -12.593908
5.300000 -13.766242
5.350000 -14.179350
5.400000 -9.708628
5.450000 -7.207398
5.500000 -6.185719
5.550000 -4.587703
5.600000 2.965273
5.650000 4.701471
5.700000 5.826926
5.750000 7.935892
5.800000 12.364085
5.850000 13.506790
5.900000 11.745393
5.950000 9.779557
6.000000 8.491308
6.050000 5.609004
6.100000 3.715450
6.150000 0.698405
6.200000 -0.578901
6.250000 -4.701801
6.300000 -7.077253
6.350000 -6.648947
6.400000 -8.310723
6.450000 -11.673941
6.500000 -9.572113
6.550000 -8.458496
6.600000 -7.821331
6.650000 -4.365276
6.700000 -2.665486
6.750000 0.388545
6.800000 2.759532
6.850000 4.134972
6.900000 3.895800
6.950000 8.452067
7.000000 8.723353
7.050000 8.926591
7.100000 6.809564
7.150000 4.356121
7.200000 5.757851
7.250000 4.683835
7.300000 2.054938
7.350000 -0.494483
7.400000 -4.205314
7.450000 -4.632666
7.500000 -4.608828
7.550000 -6.623023
7.600000 -7.719682
7.650000 -4.946358
7.700000 -5.784951
7.750000 -1.929814
7.800000 -0.203618
7.850000 -2.030152
7.900000 -0.724059
7.950000 1.231513
7.999999 3.109139
8.049999 1.973647
8.100000 5.247866
8.150000 5.999307
8.200000 4.778668
8.250000 8.971618
8.300000 4.210425
8.350000 3.359221
8.400000 3.386345
8.450000 1.637626
8.500000 0.254746
8.549999 -1.435630
8.599999 -3.528534
8.650000 -2.886590
8.700000 -1.105707
8.750000 -2.381249
8.800000 -3.585081
8.850000 -1.795732
8.900000 -3.064224
8.950000 -1.772491
9.000000 -0.920239
9.050000 2.210763
9.099999 0.974978
9.149999 0.202473
9.200000 -0.140667
9.250000 -0.171721
9.300000 2.932359
9.350000 4.283828
9.400000 3.240716
9.450000 3.798855
9.500000 2.789425
9.550000 1.612739
9.600000 0.670719
9.649999 -0.651346
9.699999 0.589946
9.750000 -0.393835
9.800000 0.870372
9.850000 1.650144
9.900000 -2.181861
9.950000 -2.171501
10.000000 -1.332377
10.050000 -0.191083
10.100000 -1.701598
10.150000 0.134290
10.199999 -0.031303
10.249999 -1.220712
10.300000 -1.666151
10.350000 0.629806
10.400000 0.498433
10.450000 0.270161
10.500000 0.357922
10.550000 0.651901
10.600000 0.316386
10.650000 -0.750030
10.700000 0.687756
10.749999 -2.098757
10.799999 -0.243487
10.849999 -0.577373
10.900000 -0.338420
10.950000 -0.879176
11.000000 1.485185
11.050000 1.861423
11.100000 2.722710
11.150000 0.569651
11.200000 -2.587756
11.250000 -1.935583
11.299999 -0.894362
11.349999 -0.706493
11.399999 0.856346
11.450000 -1.049592
11.500000 0.186397
11.550000 -1.073017
11.600000 0.345655
11.650000 0.906729
11.700000 1.190122
11.750000 -0.407752
11.800000 2.400446
11.849999 2.526765
11.899999 2.152883
11.949999 1.618206
12.000000 3.116684
12.050000 1.671768
12.100000 0.594576
12.150000 3.704643
12.200000 0.828698
12.250000 1.474283
12.300000 0.487092
12.350000 2.635101
12.399999 1.285217
12.449999 0.300285
12.499999 -0.836833
12.550000 -0.389250
12.600000 0.245850
12.650000 0.145869
12.700000 0.546931
12.750000 -0.796136
12.800000 0.168534
12.850000 -1.248808
12.900000 2.025997
12.949999 0.399305
12.999999 -0.329195
13.049999 -0.626835
13.100000 1.040938
13.150000 2.263405
13.200000 1.724329
13.250000 0.785534
13.300000 -0.193459
13.350000 0.857121
13.400000 1.089657
13.450000 2.695524
13.499999 -0.166944
13.549999 0.560156
13.599999 3.248708
13.650000 1.113802
13.700000 2.563633
13.750000 -0.370112
13.800000 -3.012726
13.850000 -2.455108
13.900000 0.788412
13.950000 -0.744158
14.000000 -2.338071
14.049999 -3.306515
14.099999 -1.344284
14.149999 -0.788490
14.200000 1.438464
14.250000 1.675420
14.300000 0.624024
14.350000 -1.998752
14.400000 -1.409543
14.450000 0.160797
14.500000 0.558009
14.549999 0.355065
14.599999 0.658509
14.649999 0.174950
14.699999 1.041490
14.750000 0.733507
14.800000 4.018372
14.850000 1.210212
14.900000 -0.440818
14.950000 1.085208
15.000000 1.611886
15.050000 -0.904841
15.099999 0.880105
15.149999 -1.211250
15.199999 -0.755004
15.249999 -0.617376
15.299999 -3.608455
15.350000 0.363683
15.400000 2.085769
15.450000 0.326046
15.500000 0.298195
15.550000 1.180060
15.600000 0.676293
15.650000 0.619595
15.699999 1.180444
15.750000 0.052815
15.799999 2.466717
15.850000 0.674742
15.899999 1.682736
15.950000 1.240990
15.999999 0.030231
16.050000 2.361058
16.099999 0.971134
16.150000 -1.130381
16.200000 -1.741774
16.249999 -2.524292
16.300000 0.025771
16.349999 -0.692219
16.400000 -1.714887
16.449999 -2.198805
16.500000 -0.270744
16.549999 0.237725
16.600000 -1.996393
16.649999 -2.292365
16.700000 -0.792807
16.750000 0.309979
16.799999 0.879637
16.850000 1.438577
16.899999 0.131724
16.950000 -0.098389
16.999999 -1.422805
17.050000 1.264606
17.099999 1.429796
17.150000 1.001119
17.199999 1.234449
17.250000 0.417557
17.300000 0.850589
17.349999 0.189977
17.400000 1.536854
17.449999 0.193121
17.500000 0.937939
17.549999 0.354301
17.600000 1.493046
17.649999 -0.231519
17.700000 1.317715
17.749999 1.288396
17.800000 0.147924
17.850000 -1.608755
17.899999 0.514267
17.950000 -1.708906
17.999999 0.106312
18.050000 -1.385368
18.099999 -0.561987
18.150000 -0.772744
18.199999 -1.810341
18.250000 -0.982359
18.299999 -1.325222
18.350000 -0.256051
18.400000 1.317235
18.449999 5.527780
18.500000 3.318838
18.549999 0.475024
18.600000 2.229221
18.649999 2.675149
18.700000 3.210649
18.749999 2.109391
18.800000 3.155988
18.849999 1.227304
18.900000 0.027410
18.950000 -2.337572
18.999999 0.186509
19.050000 0.784620
19.099999 -1.124767
19.150000 -2.465221
19.199999 -2.677770
19.250000 -1.118482
19.299999 -0.676883
19.350000 0.612962
19.399999 -1.255903
19.450000 0.198913
19.500000 -0.893817
19.549999 0.807040
19.600000 0.754387
19.649999 1.491140
19.700000 2.189007
19.749999 1.296443
19.800000 1.357990
19.849999 -0.137731
19.900000 -0.297514
19.949999 -0.659056
