0.000000 -0.010459
0.050000 -0.022344
0.100000 -0.031318
0.150000 -0.008771
0.200000 0.017557
0.250000 -0.031137
0.300000 -0.037595
0.350000 0.004775
0.400000 0.010244
0.450000 0.038500
0.500000 -0.028797
0.550000 0.022530
0.600000 0.019023
0.650000 -0.028537
0.700000 -0.008572
0.750000 -0.037058
0.800000 0.028350
0.850000 -0.017810
0.900000 -0.029070
0.950000 0.025070
1.000000 -0.013451
1.050000 0.010468
1.100000 0.027270
1.150000 -0.006399
1.200000 -0.059865
1.250000 0.002650
1.300000 0.000007
1.350000 0.016883
1.400000 -0.002898
1.450000 -0.023864
1.500000 -0.024344
1.550000 0.054122
1.600000 0.025171
1.650000 0.017783
1.700000 0.010517
1.750000 0.015036
1.800000 -0.002981
1.850000 0.001121
1.900000 0.034605
1.950000 0.008336
2.000000 0.010655
2.050000 -0.000389
2.100000 0.035419
2.150000 0.038488
2.200000 -0.014361
2.250000 -0.011822
2.300000 -0.030464
2.350000 -0.002059
2.400000 -0.025846
2.450000 0.024075
2.500000 0.042533
2.550000 0.041009
2.600000 -0.023242
2.650000 -0.006597
2.700000 0.054655
2.750000 -0.027985
2.800000 0.024420
2.850000 -0.033263
2.900000 -0.014500
2.950000 -0.030469
3.000000 -0.014486
3.050000 -0.048220
3.100000 -0.029286
3.150000 0.006897
3.200000 0.032106
3.250000 0.044325
3.300000 -0.007248
3.350000 -0.012103
3.400000 -0.024897
3.450000 -0.060738
3.500000 -0.003580
3.550000 0.009428
3.600000 0.029989
3.650000 0.036385
3.700000 0.038833
3.750000 -0.040039
3.800000 -0.025728
3.850000 -0.080863
3.900000 -0.032341
3.950000 0.028124
4.000000 0.083962
4.050000 0.027101
4.100000 0.016966
4.150000 -0.033128
4.200000 -0.052011
4.250000 -0.065889
4.300000 -0.041625
4.350000 0.063885
4.400000 0.046263
4.450000 0.081520
4.500000 -0.008322
4.550000 -0.079869
4.600000 -0.085045
4.650000 -0.049715
4.700000 -0.024732
4.750000 0.051208
4.800000 0.048028
4.850000 0.021359
4.900000 0.001899
4.950000 -0.039181
5.000000 -0.065544
5.050000 -0.012448
5.100000 0.022007
5.150000 0.019496
5.200000 0.031588
5.250000 -0.005865
5.300000 -0.017650
5.350000 -0.071285
5.400000 -0.046271
5.450000 0.012808
5.500000 0.037617
5.550000 0.008719
5.600000 0.004013
5.650000 -0.031196
5.700000 -0.024853
5.750000 -0.008419
5.800000 -0.000035
5.850000 0.043420
5.900000 0.041572
5.950000 0.007511
6.000000 -0.007156
6.050000 0.011426
6.100000 -0.006855
6.150000 -0.013798
6.200000 0.042627
6.250000 0.029560
6.300000 -0.042904
6.350000 0.054605
6.400000 -0.006844
6.450000 0.007392
6.500000 -0.016551
6.550000 0.052304
6.600000 -0.026863
6.650000 0.038823
6.700000 0.005290
6.750000 0.011373
6.800000 0.004662
6.850000 0.016025
6.900000 0.010391
6.950000 0.000899
7.000000 -0.034921
7.050000 0.024476
7.100000 0.015043
7.150000 -0.027848
7.200000 -0.074920
7.250000 0.036886
7.300000 -0.006047
7.350000 -0.030613
7.400000 0.022423
7.450000 -0.002472
7.500000 0.013369
7.550000 -0.046696
7.600000 -0.020583
7.650000 0.015950
7.700000 -0.023507
7.750000 0.027454
7.800000 -0.072086
7.850000 -0.007136
7.900000 -0.014696
7.950000 0.001554
8.000000 0.020634
8.050000 0.003210
8.100000 0.012344
8.150000 -0.027591
8.200000 0.012927
8.250000 -0.007839
8.300000 -0.006321
8.350000 -0.029867
8.400000 -0.031288
8.450000 -0.026064
8.500000 -0.029719
8.550000 0.010031
8.600000 0.014374
8.650000 -0.001818
8.700000 0.000410
8.750000 0.019882
8.800000 -0.039490
8.850000 0.015841
8.900000 0.037282
8.950000 0.020028
9.000000 0.021536
9.050000 0.039107
9.100000 0.001983
9.150000 0.048511
9.200000 -0.024871
9.250000 0.025399
9.300000 0.027200
9.350000 0.002618
9.400000 0.005113
9.450000 0.007970
9.500000 0.008865
9.550000 -0.002089
9.600000 -0.001286
9.650000 -0.020221
9.700000 0.009191
9.750000 0.069121
9.800000 0.007243
9.850000 0.002788
9.900000 -0.022641
9.950000 0.000253
10.000000 -0.027191
10.050000 0.012640
10.100000 -0.006426
10.150000 -0.040845
10.200000 0.042747
10.250000 0.002569
10.300000 -0.020088
10.350000 0.011420
10.400000 0.023394
10.450000 -0.033130
10.500000 0.015709
10.550000 0.013379
10.600000 0.009487
10.650000 -0.003914
10.700000 -0.004508
10.750000 0.002090
10.800000 0.004593
10.850000 -0.009881
10.900000 0.002053
10.950000 -0.012580
11.000000 0.041177
11.050000 0.013954
11.100000 0.009990
11.150000 0.008743
11.200000 0.014786
11.250000 0.018881
11.300000 -0.016685
11.350000 -0.056518
11.400000 -0.006003
11.450000 -0.011030
11.500000 0.041324
11.550000 -0.022856
11.600000 -0.024104
11.650000 0.009992
11.700000 -0.033949
11.750000 0.019763
11.800000 -0.017442
11.850000 -0.026350
11.900000 -0.019674
11.950000 -0.007998
12.000000 -0.000164
12.050000 -0.000304
12.100000 -0.016686
12.150000 -0.013567
12.200000 -0.058097
12.250000 -0.037672
12.300000 -0.011174
12.350000 -0.020222
12.400000 0.001065
12.450000 0.004400
12.500000 0.002439
12.550000 0.040865
12.600000 0.003660
12.650000 -0.002631
12.700000 0.041001
12.750000 0.053184
12.800000 -0.025789
12.850000 0.027199
12.900000 -0.045540
12.950000 0.005173
13.000000 -0.002556
13.050000 0.049295
13.100000 -0.006918
13.150000 -0.014744
13.200000 -0.023847
13.250000 0.024781
13.300000 0.013882
13.350000 -0.070132
13.400000 -0.031626
13.450000 0.018867
13.500000 -0.021262
13.550000 0.014745
13.600000 -0.003536
13.650000 -0.029532
13.700000 -0.035361
13.750000 -0.029152
13.800000 0.005293
13.850000 0.021203
13.900000 -0.012558
13.950000 0.012826
14.000000 -0.047477
14.050000 0.012974
14.100000 -0.046141
14.150000 -0.034165
14.200000 -0.062253
14.250000 -0.006236
14.300000 0.005578
14.350000 0.002537
14.400000 0.007392
14.450000 -0.018972
14.500000 0.013251
14.550000 -0.020569
14.600000 -0.005234
14.650000 -0.016375
14.700000 -0.044825
14.750000 0.054617
14.800000 -0.007511
14.850000 -0.022396
14.900000 0.048217
14.950000 0.014122
15.000000 -0.047437
15.050000 -0.018983
15.100000 -0.036986
15.150000 0.012022
15.200000 -0.031980
15.250000 -0.022711
15.300000 0.018109
15.350000 -0.034022
15.400000 -0.008860
15.450000 -0.007238
15.500000 0.019537
15.550000 -0.019778
15.600000 -0.009561
15.650000 -0.013622
15.700000 0.010093
15.750000 0.026276
15.800000 0.002306
15.850000 0.002014
15.900000 0.055328
15.950000 0.019176
16.000000 -0.020999
16.050000 0.031402
16.100000 0.007681
16.150000 0.015902
16.200000 -0.023518
16.250000 0.001688
16.300000 0.028982
16.350000 0.013019
16.400000 0.030373
16.450000 0.011963
16.500000 0.006333
16.550000 -0.034381
16.600000 -0.008019
16.650000 -0.023454
16.700000 0.041720
16.750000 -0.015117
16.800000 -0.000685
16.850000 0.006009
16.900000 0.011005
16.950000 0.025496
17.000000 0.050297
17.050000 0.016272
17.100000 0.030507
17.150000 -0.019943
17.200000 0.001876
17.250000 0.016284
17.300000 -0.043197
17.350000 0.011624
17.400000 0.014891
17.450000 0.034482
17.500000 0.039740
17.550000 -0.037588
17.600000 0.037290
17.650000 0.012148
17.700000 0.023300
17.750000 -0.004707
17.800000 0.021073
17.850000 -0.027181
17.900000 0.068128
17.950000 0.016386
18.000000 -0.021024
18.050000 0.039257
18.100000 0.010658
18.150000 0.009282
18.200000 0.006087
18.250000 0.000109
18.300000 0.009889
18.350000 0.014650
18.400000 0.007600
18.450000 0.028624
18.500000 -0.002173
18.550000 0.010345
18.600000 0.028777
18.650000 -0.026972
18.700000 -0.016572
18.750000 -0.022635
18.800000 0.058479
18.850000 -0.015025
18.900000 -0.024170
18.950000 0.001442
19.000000 -0.017575
19.050000 -0.017124
19.100000 0.003610
19.150000 0.016981
19.200000 0.041938
19.250000 0.034592
19.300000 0.024334
19.350000 0.016787
19.400000 -0.031586
19.450000 -0.000708
19.500000 -0.036454
19.550000 -0.007165
19.600000 -0.004830
19.650000 -0.003596
19.700000 -0.029966
19.750000 -0.008413
19.799999 -0.022984
19.849999 0.015969
19.899999 0.022690
19.949999 -0.010199
