0.000000 -0.275099
0.050000 0.643412
0.100000 0.321893
0.150000 -0.095089
0.200000 -0.158317
0.250000 -0.728894
0.300000 -1.172889
0.350000 -0.408388
0.400000 0.639896
0.450000 0.404009
0.500000 1.234635
0.550000 -0.298512
0.600000 0.181578
0.650000 -0.330644
0.700000 0.243780
0.750000 0.036040
0.800000 -0.479888
0.850000 0.658430
0.900000 -0.214286
0.950000 0.134039
1.000000 -0.129025
1.050000 1.261169
1.100000 1.024671
1.150000 -0.629610
1.200000 -0.978756
1.250000 0.046746
1.300000 0.209713
1.350000 -0.238419
1.400000 0.553229
1.450000 -1.225904
1.500000 0.996146
1.550000 0.010046
1.600000 -0.790044
1.650000 -0.344444
1.700000 0.131622
1.750000 0.100319
1.800000 1.046326
1.850000 0.424189
1.900000 0.072913
1.950000 -1.414143
2.000000 -2.162105
2.050000 -1.842767
2.100000 -1.561806
2.150000 -0.598632
2.200000 1.606035
2.250000 3.506455
2.300000 3.655765
2.350000 -0.588881
2.400000 -3.588063
2.450000 -4.031991
2.500000 -4.106506
2.550000 0.515238
2.600000 5.080853
2.650000 3.815520
2.700000 0.924553
2.750000 -3.584291
2.800000 -5.838695
2.850000 -5.383479
2.900000 -0.422729
2.950000 4.027512
3.000000 3.960019
3.050000 1.727486
3.100000 -2.131319
3.150000 -6.045245
3.200000 -3.950699
3.250000 -0.717835
3.300000 2.671745
3.350000 2.993045
3.400000 2.730216
3.450000 -1.332181
3.500000 -3.161595
3.550000 -3.244432
3.600000 -0.656172
3.650000 2.481962
3.700000 2.471081
3.750000 3.211762
3.800000 -0.132897
3.850000 -2.369673
3.900000 -1.225465
3.950000 -0.703932
4.000000 1.256421
4.050000 0.405121
4.100000 1.150492
4.150000 0.802458
4.200000 -1.009689
4.250000 -0.898355
4.300000 -0.187971
4.350000 0.806540
4.400000 0.384575
4.450000 1.739753
4.500000 0.949119
4.550000 -0.592417
4.600000 -1.785208
4.650000 -1.018151
4.700000 -0.493844
4.750000 1.269406
4.800000 -0.062952
4.850000 0.325593
4.900000 -0.060496
4.950000 -0.276352
5.000000 -1.056592
5.050000 -0.200364
5.100000 -0.946811
5.150000 0.912818
5.200000 -0.011582
5.250000 -1.282941
5.300000 0.394258
5.350000 -0.801923
5.400000 -0.219787
5.450000 -0.288534
5.500000 -0.352108
5.550000 -0.585924
5.600000 -0.724386
5.650000 -0.332580
5.700000 -0.496120
5.750000 0.692942
5.800000 0.528939
5.850000 0.595025
5.900000 -0.114324
5.950000 0.490739
6.000000 -0.350694
6.050000 0.945300
6.100000 -0.533394
6.150000 0.264407
6.200000 0.649451
6.250000 -0.155942
6.300000 0.371962
6.350000 0.188527
6.400000 -0.133775
6.450000 -0.313874
6.500000 0.199610
6.550000 1.311846
6.600000 0.435522
6.650000 0.184348
6.700000 -0.940096
6.750000 0.306554
6.800000 0.741337
6.850000 -0.184743
6.900000 0.742503
6.950000 -0.651476
7.000000 -0.320609
7.050000 -0.119241
7.100000 1.409595
7.150000 0.637002
7.200000 -0.021360
7.250000 0.747402
7.300000 -0.109512
7.350000 -0.229235
7.400000 0.012493
7.450000 -0.285230
7.500000 -0.002144
7.550000 1.117433
7.600000 1.383463
7.650000 -1.263106
7.700000 0.534292
7.750000 0.984454
7.800000 -1.394783
7.850000 -0.236170
7.900000 1.470059
7.950000 -0.980730
8.000000 0.093315
8.050000 -1.340040
8.100000 0.463788
8.150000 0.470188
8.200000 -0.741796
8.250000 0.349540
8.300000 0.589621
8.350000 -0.700049
8.400000 0.167631
8.450000 0.187712
8.500000 -0.209896
8.550000 -0.018078
8.600000 -0.540095
8.650000 0.164414
8.700000 0.343351
8.750000 0.893486
8.800000 0.404083
8.850000 -0.034299
8.900000 0.106049
8.950000 0.418871
9.000000 0.464213
9.050000 0.346789
9.100000 -0.711369
9.150000 -0.361567
9.200000 -0.894265
9.250000 0.407138
9.300000 0.513731
9.350000 -1.440076
9.400000 0.067268
9.450000 0.199337
9.500000 -0.887428
9.550000 0.169544
9.600000 -0.570254
9.650000 0.552597
9.700000 0.058499
9.750000 0.215187
9.800000 -0.637981
9.850000 -0.646433
9.900000 -0.358503
9.950000 0.889427
10.000000 -1.116066
10.050000 0.414416
10.100000 0.360899
10.150000 -0.217347
10.200000 -1.629241
10.250000 0.748259
10.300000 -0.485432
10.350000 0.212944
10.400000 -0.753823
10.450000 0.531376
10.500000 -0.342082
10.550000 0.207752
10.600000 0.617376
10.650000 -0.390572
10.700000 0.800024
10.750000 0.518478
10.800000 1.353983
10.850000 0.188249
10.900000 1.383713
10.950000 1.293883
11.000000 -1.390359
11.050000 0.937275
11.100000 -0.257491
11.150000 -0.209196
11.200000 1.242829
11.250000 0.586150
11.300000 0.546941
11.350000 -0.055985
11.400000 0.447421
11.450000 0.340144
11.500000 0.525234
11.550000 -0.197685
11.600000 -1.109472
11.650000 -0.322052
11.700000 -1.177525
11.750000 0.137207
11.800000 -0.760557
11.850000 -1.051284
11.900000 1.128556
11.950000 0.340828
12.000000 0.724337
12.050000 0.567505
12.100000 -0.930986
12.150000 -0.880847
12.200000 -0.567674
12.250000 0.342165
12.300000 0.531192
12.350000 -1.185596
12.400000 0.413177
12.450000 -1.082911
12.500000 -1.590853
12.550000 -0.634202
12.600000 0.547213
12.650000 -0.103875
12.700000 0.406028
12.750000 -0.482019
12.800000 -1.300572
12.850000 -0.071042
12.900000 -1.019773
12.950000 0.470289
13.000000 -0.413616
13.050000 -0.360773
13.100000 -0.021739
13.150000 -1.363725
13.200000 0.757672
13.250000 1.565184
13.300000 0.378478
13.350000 0.581375
13.400000 -0.447561
13.450000 -0.872395
13.500000 0.399979
13.550000 -0.879957
13.600000 0.585531
13.650000 0.471575
13.700000 -0.855045
13.750000 -0.536712
13.800000 1.466399
13.850000 0.570317
13.900000 0.739714
13.950000 -0.718817
14.000000 0.416173
14.050000 0.356066
14.100000 -1.877165
14.150000 2.335233
14.200000 0.901083
14.250000 0.771003
14.300000 -0.414827
14.350000 -1.005444
14.400000 0.293729
14.450000 -0.464525
14.500000 0.840117
14.550000 0.186519
14.600000 0.008746
14.650000 -0.206079
14.700000 -1.490428
14.750000 -1.027690
14.800000 1.596953
14.850000 -0.064616
14.900000 0.819931
14.950000 0.671016
15.000000 0.073898
15.050000 -0.586021
15.100000 -0.202090
15.150000 1.100142
15.200000 -0.081676
15.250000 -0.489887
15.300000 -0.598638
15.350000 -1.012429
15.400000 -0.259400
15.450000 0.927550
15.500000 0.015964
15.550000 1.744155
15.600000 0.724858
15.650000 -0.559894
15.700000 -0.078482
15.750000 -0.244568
15.800000 -0.326092
15.850000 -0.372892
15.900000 0.593531
15.950000 0.450056
16.000000 0.682827
16.050000 -0.210473
16.100000 0.470514
16.150000 -1.424181
16.200000 -0.340496
16.250000 0.628533
16.300000 0.953613
16.350000 -1.169247
16.400000 0.632361
16.450000 0.125714
16.500000 1.121889
16.550000 -0.061166
16.600000 -1.465343
16.650000 0.436403
16.700000 0.570408
16.750000 1.234040
16.800000 1.290318
16.850000 1.337982
16.900000 0.121729
16.950000 -0.121584
17.000000 -0.162909
17.050000 0.697057
17.100000 0.073483
17.150000 1.080211
17.200000 -0.226981
17.250000 -0.206404
17.300000 0.443426
17.350000 -0.461510
17.400000 -0.164177
17.450000 -0.238862
17.500000 -0.334758
17.550000 0.149611
17.600000 0.417810
17.650000 0.179966
17.700000 -1.102298
17.750000 0.141332
17.800000 0.088915
17.850000 0.317951
17.900000 0.410006
17.950000 -0.292998
18.000000 0.044314
18.050000 -0.570571
18.100000 0.179732
18.150000 -0.543823
18.200000 1.117787
18.250000 -0.922938
18.300000 0.248948
18.350000 0.081238
18.400000 -1.042156
18.450000 1.230616
18.500000 0.383702
18.550000 2.418029
18.600000 0.731774
18.650000 0.439645
18.700000 0.370759
18.750000 0.071372
18.800000 0.182744
18.850000 -0.328035
18.900000 0.364077
18.950000 1.637490
19.000000 0.264551
19.050000 0.433470
19.100000 0.425550
19.150000 -0.691458
19.200000 -0.218982
19.250000 -0.316641
19.300000 0.209091
19.350000 0.353196
19.400000 -0.572825
19.450000 0.312271
19.500000 -0.375596
19.550000 0.205556
19.600000 -0.102387
19.650000 -0.782115
19.700000 -0.080673
19.750000 0.262236
19.799999 -0.118649
19.849999 -0.223284
19.899999 -1.331768
19.949999 0.192058
