0.000000 0.087176
0.050000 -0.057607
0.100000 -0.052782
0.150000 0.085480
0.200000 0.103331
0.250000 -0.181605
0.300000 0.094775
0.350000 0.212723
0.400000 0.041427
0.450000 0.128309
0.500000 0.177806
0.550000 0.009167
0.600000 -0.072439
0.650000 -0.000283
0.700000 0.034560
0.750000 0.056529
0.800000 -0.030867
0.850000 -0.019780
0.900000 -0.033013
0.950000 -0.021213
1.000000 0.076567
1.050000 0.092230
1.100000 -0.181706
1.150000 0.134286
1.200000 0.119538
1.250000 0.057616
1.300000 -0.025640
1.350000 -0.082778
1.400000 0.060960
1.450000 -0.055114
1.500000 -0.095847
1.550000 -0.031810
1.600000 -0.008369
1.650000 0.003475
1.700000 -0.084580
1.750000 0.026958
1.800000 -0.017234
1.850000 -0.119075
1.900000 -0.086266
1.950000 0.042851
2.000000 0.029313
2.050000 -0.033547
2.100000 0.010475
2.150000 0.040827
2.200000 -0.134765
2.250000 -0.115457
2.300000 -0.046531
2.350000 0.073098
2.400000 0.128637
2.450000 0.025628
2.500000 -0.012143
2.550000 -0.109496
2.600000 0.139995
2.650000 0.025581
2.700000 -0.013052
2.750000 0.037785
2.800000 -0.064078
2.850000 0.035758
2.900000 0.092683
2.950000 0.286737
3.000000 -0.013839
3.050000 0.099178
3.100000 -0.120158
3.150000 0.147456
3.200000 0.040374
3.250000 -0.068967
3.300000 0.032002
3.350000 -0.026782
3.400000 0.148205
3.450000 -0.133575
3.500000 0.160248
3.550000 0.032446
3.600000 -0.114845
3.650000 -0.292812
3.700000 -0.207853
3.750000 -0.269460
3.800000 -0.294102
3.850000 -0.180399
3.900000 -0.195809
3.950000 -0.191143
4.000000 -0.148810
4.050000 -0.125003
4.100000 -0.080526
4.150000 0.029292
4.200000 0.055917
4.250000 0.049317
4.300000 0.096647
4.350000 0.450733
4.400000 0.299739
4.450000 0.325398
4.500000 0.282455
4.550000 0.438744
4.600000 0.232622
4.650000 0.279006
4.700000 0.429991
4.750000 0.213211
4.800000 0.046239
4.850000 0.246888
4.900000 0.018622
4.950000 0.240594
5.000000 -0.037005
5.050000 -0.151785
5.100000 -0.091942
5.150000 0.033319
5.200000 -0.059739
5.250000 -0.027614
5.300000 -0.242527
5.350000 -0.250744
5.400000 -0.218119
5.450000 -0.284341
5.500000 -0.162531
5.550000 -0.212839
5.600000 -0.456577
5.650000 -0.251160
5.700000 -0.189614
5.750000 -0.179212
5.800000 -0.175573
5.850000 -0.170649
5.900000 -0.153865
5.950000 -0.219644
6.000000 0.095212
6.050000 -0.038466
6.100000 0.063116
6.150000 0.129434
6.200000 0.083884
6.250000 -0.131346
6.300000 0.237794
6.350000 0.167446
6.400000 0.045113
6.450000 -0.004131
6.500000 0.172477
6.550000 0.024634
6.600000 0.335297
6.650000 0.203304
6.700000 0.068203
6.750000 0.090719
6.800000 0.133736
6.850000 0.082733
6.900000 0.020431
6.950000 -0.099035
7.000000 -0.031407
7.050000 0.033747
7.100000 -0.265232
7.150000 -0.143666
7.200000 -0.172942
7.250000 -0.009656
7.300000 -0.128703
7.350000 0.173186
7.400000 -0.063333
7.450000 -0.189733
7.500000 -0.051930
7.550000 -0.129474
7.600000 -0.104421
7.650000 -0.014994
7.700000 0.122259
7.750000 -0.023100
7.800000 -0.017207
7.850000 0.028981
7.900000 -0.208610
7.950000 0.058864
7.999999 0.050507
8.049999 -0.052765
8.100000 -0.101847
8.150000 0.068912
8.200000 -0.014610
8.250000 -0.030433
8.300000 0.011629
8.350000 0.111275
8.400000 -0.042820
8.450000 0.104194
8.500000 -0.016050
8.549999 -0.067588
8.599999 -0.103945
8.650000 -0.055457
8.700000 -0.133905
8.750000 0.153845
8.800000 0.110952
8.850000 0.055979
8.900000 -0.057041
8.950000 -0.154659
9.000000 -0.049451
9.050000 0.140474
9.099999 0.136689
9.149999 -0.111361
9.200000 -0.035017
9.250000 -0.026765
9.300000 -0.064777
9.350000 0.207275
9.400000 0.155269
9.450000 0.032316
9.500000 0.097493
9.550000 0.180937
9.600000 -0.112815
9.649999 -0.072758
9.699999 0.181079
9.750000 0.114190
9.800000 -0.058668
9.850000 -0.076481
9.900000 0.157114
9.950000 0.164360
10.000000 -0.097538
10.050000 0.114595
10.100000 0.061521
10.150000 -0.019938
10.199999 0.031047
10.249999 0.121991
10.300000 -0.033437
10.350000 -0.096338
10.400000 0.029508
10.450000 -0.002625
10.500000 -0.097570
10.550000 0.017872
10.600000 -0.039854
10.650000 0.108582
10.700000 -0.091706
10.749999 0.097011
10.799999 0.229337
10.849999 0.061767
10.900000 -0.045569
10.950000 0.079452
11.000000 0.184455
11.050000 0.031990
11.100000 0.025466
11.150000 0.062595
11.200000 -0.030883
11.250000 -0.030849
11.299999 -0.040393
11.349999 -0.148995
11.399999 0.026806
11.450000 0.136854
11.500000 -0.023573
11.550000 -0.046801
11.600000 -0.090774
11.650000 -0.112845
11.700000 -0.052022
11.750000 -0.155012
11.800000 0.098265
11.849999 -0.027334
11.899999 0.003477
11.949999 -0.012065
12.000000 -0.025226
12.050000 0.008295
12.100000 0.084477
12.150000 -0.051953
12.200000 -0.017046
12.250000 0.149089
12.300000 -0.058881
12.350000 -0.061764
12.399999 -0.074746
12.449999 0.095498
12.499999 -0.020651
12.550000 0.109599
12.600000 0.039570
12.650000 -0.015648
12.700000 0.055896
12.750000 -0.026360
12.800000 0.032618
12.850000 0.000937
12.900000 -0.071798
12.949999 -0.115204
12.999999 0.153869
13.049999 -0.190382
13.100000 0.067726
13.150000 -0.031567
13.200000 0.055024
13.250000 -0.061984
13.300000 0.288026
13.350000 -0.025275
13.400000 -0.174821
13.450000 -0.030631
13.499999 0.056623
13.549999 0.095814
13.599999 0.113830
13.650000 -0.007128
13.700000 -0.151782
13.750000 0.018318
13.800000 -0.012762
13.850000 -0.087056
13.900000 0.061045
13.950000 0.035516
14.000000 -0.058177
14.049999 0.064964
14.099999 0.132182
14.149999 -0.148896
14.200000 -0.039409
14.250000 -0.128306
14.300000 0.043314
14.350000 0.070814
14.400000 0.313125
14.450000 0.046335
14.500000 -0.000170
14.549999 -0.029794
14.599999 0.118885
14.649999 0.039272
14.699999 0.048949
14.750000 0.172400
14.800000 -0.021951
14.850000 0.068406
14.900000 0.048074
14.950000 -0.026408
15.000000 -0.028400
15.050000 0.246318
15.099999 0.077002
15.149999 -0.107287
15.199999 0.176104
15.249999 -0.136669
15.299999 -0.094203
15.350000 -0.105929
15.400000 -0.024484
15.450000 0.044819
15.500000 -0.191816
15.550000 -0.028943
15.600000 0.085020
15.650000 -0.037890
15.699999 -0.067709
15.750000 0.002634
15.799999 0.085681
15.850000 -0.090662
15.899999 0.035129
15.950000 0.131452
15.999999 0.175894
16.050000 -0.013049
16.099999 0.001035
16.150000 0.034785
16.200000 -0.018922
16.249999 0.005164
16.300000 0.132119
16.349999 0.005704
16.400000 -0.063727
16.449999 -0.117821
16.500000 -0.001823
16.549999 0.024246
16.600000 0.025555
16.649999 -0.095037
16.700000 -0.165524
16.750000 -0.103829
16.799999 0.108754
16.850000 -0.016693
16.899999 -0.092307
16.950000 0.033781
16.999999 0.049628
17.050000 0.066075
17.099999 0.065997
17.150000 -0.062616
17.199999 -0.010253
17.250000 0.051212
17.300000 0.069772
17.349999 -0.025741
17.400000 0.063970
17.449999 0.005363
17.500000 0.106210
17.549999 0.026423
17.600000 0.193769
17.649999 0.035719
17.700000 0.091873
17.749999 0.048856
17.800000 -0.078942
17.850000 0.060163
17.899999 0.003219
17.950000 0.105435
17.999999 -0.066218
18.050000 0.081268
18.099999 0.016378
18.150000 -0.073213
18.199999 -0.062769
18.250000 0.076321
18.299999 0.141725
18.350000 -0.037642
18.400000 0.086304
18.449999 0.103028
18.500000 0.007548
18.549999 -0.241681
18.600000 0.064252
18.649999 0.214161
18.700000 0.040207
18.749999 0.132980
18.800000 0.012212
18.849999 0.053622
18.900000 0.065466
18.950000 -0.108119
18.999999 0.004412
19.050000 -0.012626
19.099999 0.084401
19.150000 0.022108
19.199999 -0.006610
19.250000 0.061847
19.299999 -0.007542
19.350000 0.071192
19.399999 -0.031884
19.450000 -0.007115
19.500000 -0.044724
19.549999 0.197979
19.600000 -0.074741
19.649999 -0.094048
19.700000 0.107068
19.749999 -0.094256
19.800000 -0.012881
19.849999 0.102281
19.900000 -0.064427
19.949999 -0.132825
