0.000000 -0.332770
0.050000 0.679919
0.100000 0.208122
0.150000 -0.667393
0.200000 -0.202357
0.250000 1.888917
0.300000 1.299177
0.350000 0.138667
0.400000 -0.155466
0.450000 1.019210
0.500000 0.712430
0.550000 0.225204
0.600000 1.729561
0.650000 0.978107
0.700000 3.806056
0.750000 -1.575476
0.800000 -0.000061
0.850000 -1.271913
0.900000 -1.065076
0.950000 1.715490
1.000000 -0.617912
1.050000 1.386180
1.100000 1.348819
1.150000 1.538912
1.200000 1.072713
1.250000 2.129602
1.300000 2.058534
1.350000 -1.175979
1.400000 -1.995791
1.450000 0.608438
1.500000 0.778605
1.550000 0.525307
1.600000 -0.809423
1.650000 -2.917084
1.700000 -0.800987
1.750000 0.679704
1.800000 0.227249
1.850000 1.301472
1.900000 -3.147379
1.950000 -0.299629
2.000000 -2.310218
2.050000 1.946198
2.100000 -1.062488
2.150000 0.763999
2.200000 -0.348936
2.250000 0.756380
2.300000 1.304792
2.350000 -1.409209
2.400000 -0.077478
2.450000 1.467704
2.500000 0.692671
2.550000 0.880640
2.600000 -0.655976
2.650000 0.883478
2.700000 0.872303
2.750000 0.778424
2.800000 -1.493701
2.850000 2.541993
2.900000 -0.210071
2.950000 0.261768
3.000000 1.215194
3.050000 -0.223349
3.100000 -0.788648
3.150000 -0.103119
3.200000 2.030658
3.250000 -0.892838
3.300000 -0.594192
3.350000 -0.283632
3.400000 -2.223808
3.450000 -1.737214
3.500000 -0.426562
3.550000 -1.017225
3.600000 -2.743819
3.650000 0.172403
3.700000 -3.745956
3.750000 -1.333483
3.800000 0.242935
3.850000 1.542742
3.900000 1.329100
3.950000 3.653042
4.000000 3.843874
4.050000 5.712971
4.100000 7.298213
4.150000 8.139883
4.200000 3.478457
4.250000 4.490119
4.300000 3.422298
4.350000 3.053794
4.400000 -5.411600
4.450000 -7.113324
4.500000 -8.271351
4.550000 -11.905619
4.600000 -7.488130
4.650000 -9.907787
4.700000 -6.318684
4.750000 -4.111519
4.800000 -2.198933
4.850000 0.135148
4.900000 4.361081
4.950000 8.888947
5.000000 8.677065
5.050000 12.571596
5.100000 8.372022
5.150000 8.291526
5.200000 6.334327
5.250000 5.069162
5.300000 4.161819
5.350000 -0.636746
5.400000 -1.041523
5.450000 -2.368248
5.500000 -3.879490
5.550000 -4.424002
5.600000 -5.036816
5.650000 -5.487813
5.700000 -2.790306
5.750000 -2.548433
5.800000 -3.988936
5.850000 -1.084844
5.900000 -1.266969
5.950000 5.657057
6.000000 6.215239
6.050000 6.776291
6.100000 4.069260
6.150000 7.249513
6.200000 7.303554
6.250000 4.715203
6.300000 1.701652
6.350000 0.021777
6.400000 0.440617
6.450000 -3.593810
6.500000 -2.138575
6.550000 -4.661020
6.600000 -5.589520
6.650000 -3.409305
6.700000 -2.676746
6.750000 -4.396453
6.800000 -0.902130
6.850000 0.069428
6.900000 1.381244
6.950000 3.685949
7.000000 2.968369
7.050000 3.902622
7.100000 4.532040
7.150000 2.004660
7.200000 3.657538
7.250000 0.772909
7.300000 0.578792
7.350000 1.924026
7.400000 -1.971350
7.450000 -2.070924
7.500000 0.755998
7.550000 -3.231597
7.600000 -0.036005
7.650000 -3.002033
7.700000 -3.067484
7.750000 -3.294242
7.800000 -3.045536
7.850000 -1.221060
7.900000 3.257211
7.950000 4.605448
7.999999 0.130504
8.049999 2.106859
8.100000 0.665701
8.150000 1.922007
8.200000 0.948782
8.250000 1.127000
8.300000 0.496191
8.350000 1.352239
8.400000 -0.430117
8.450000 0.888662
8.500000 0.709737
8.549999 -3.672663
8.599999 -0.071567
8.650000 0.359187
8.700000 1.313429
8.750000 0.938920
8.800000 1.850931
8.850000 4.163779
8.900000 0.571374
8.950000 2.958152
9.000000 2.740498
9.050000 -0.859647
9.099999 1.722676
9.149999 -0.094898
9.200000 1.770681
9.250000 0.736975
9.300000 -0.556532
9.350000 -0.265557
9.400000 1.507805
9.450000 -0.018101
9.500000 -3.532848
9.550000 0.046781
9.600000 -0.681593
9.649999 -1.114868
9.699999 -0.603994
9.750000 1.684316
9.800000 1.309081
9.850000 2.814764
9.900000 1.709743
9.950000 0.779665
10.000000 2.966911
10.050000 1.010687
10.100000 1.843372
10.150000 0.231469
10.199999 -1.404610
10.249999 -1.291592
10.300000 2.059974
10.350000 1.181501
10.400000 1.101331
10.450000 -2.144233
10.500000 -0.277972
10.550000 0.485688
10.600000 -0.075976
10.650000 -0.283504
10.700000 1.874717
10.749999 2.811230
10.799999 2.801973
10.849999 0.929480
10.900000 3.333508
10.950000 -0.154465
11.000000 1.178039
11.050000 -1.831664
11.100000 1.272664
11.150000 -1.916088
11.200000 -1.789223
11.250000 2.700810
11.299999 -1.463951
11.349999 -0.989747
11.399999 -0.382249
11.450000 2.974562
11.500000 0.727847
11.550000 1.378243
11.600000 0.760383
11.650000 -0.074466
11.700000 -1.710805
11.750000 -0.350482
11.800000 1.390494
11.849999 1.405619
11.899999 -0.433499
11.949999 -1.860921
12.000000 -3.102730
12.050000 1.204201
12.100000 -0.735553
12.150000 -1.990829
12.200000 -1.953578
12.250000 0.058643
12.300000 -0.226146
12.350000 -0.624321
12.399999 2.465321
12.449999 0.597938
12.499999 0.597135
12.550000 -0.654657
12.600000 -1.137093
12.650000 0.959894
12.700000 1.414515
12.750000 -1.379580
12.800000 2.762215
12.850000 1.555384
12.900000 0.915640
12.949999 4.040140
12.999999 1.989666
13.049999 -1.578814
13.100000 -0.204567
13.150000 -0.241572
13.200000 3.040353
13.250000 0.249448
13.300000 3.155085
13.350000 -0.295075
13.400000 0.905798
13.450000 -1.498931
13.499999 -1.513096
13.549999 -0.102594
13.599999 -3.233453
13.650000 -0.065666
13.700000 1.046847
13.750000 2.604342
13.800000 -0.100980
13.850000 3.778680
13.900000 -1.193441
13.950000 3.610721
14.000000 -0.813461
14.049999 2.615351
14.099999 -1.016923
14.149999 -0.919999
14.200000 -0.767482
14.250000 -1.001015
14.300000 0.316928
14.350000 0.842581
14.400000 -4.357189
14.450000 2.503594
14.500000 0.379997
14.549999 -2.070854
14.599999 -2.101396
14.649999 -0.206784
14.699999 2.720194
14.750000 1.210154
14.800000 0.831303
14.850000 2.450100
14.900000 0.541398
14.950000 -0.303133
15.000000 0.091213
15.050000 -0.296887
15.099999 1.145341
15.149999 1.406930
15.199999 1.701503
15.249999 1.404444
15.299999 -0.909681
15.350000 -0.815249
15.400000 0.023320
15.450000 -0.532295
15.500000 -0.428013
15.550000 -2.103752
15.600000 0.333459
15.650000 0.300975
15.699999 -0.341672
15.750000 -1.194047
15.799999 -1.874492
15.850000 0.046350
15.899999 1.887296
15.950000 -0.528001
15.999999 -0.565152
16.050000 -1.637976
16.099999 0.550380
16.150000 0.078219
16.200000 2.876403
16.249999 -0.123681
16.300000 -0.113759
16.349999 -1.936916
16.400000 1.205650
16.449999 0.294685
16.500000 -2.887265
16.549999 -1.399072
16.600000 0.884470
16.649999 -1.313386
16.700000 -0.222288
16.750000 2.156012
16.799999 -1.861990
16.850000 0.482746
16.899999 -0.820892
16.950000 0.796130
16.999999 -0.123638
17.050000 -2.147366
17.099999 -0.338160
17.150000 -2.742526
17.199999 -0.774611
17.250000 -0.330009
17.300000 -2.845619
17.349999 -3.241664
17.400000 -2.739316
17.449999 -1.581144
17.500000 -2.919259
17.549999 -1.162941
17.600000 1.050686
17.649999 -2.336290
17.700000 -0.218278
17.749999 -0.653855
17.800000 -1.568029
17.850000 -0.603201
17.899999 -0.913821
17.950000 -0.272857
17.999999 1.685723
18.050000 0.020275
18.099999 -1.410925
18.150000 1.165859
18.199999 -1.071478
18.250000 -1.219396
18.299999 -2.998885
18.350000 -0.088798
18.400000 0.728269
18.449999 1.359021
18.500000 -1.778724
18.549999 1.644653
18.600000 -0.409480
18.649999 -1.066975
18.700000 -0.708315
18.749999 -0.247861
18.800000 0.375813
18.849999 1.870627
18.900000 2.640191
18.950000 0.006859
18.999999 -0.156751
19.050000 -0.412766
19.099999 2.193223
19.150000 -0.974362
19.199999 0.342396
19.250000 1.635741
19.299999 -1.759966
19.350000 -0.425415
19.399999 1.754980
19.450000 0.010337
19.500000 1.046121
19.549999 -1.351021
19.600000 -2.600087
19.649999 -0.372940
19.700000 -2.635392
19.749999 1.100658
19.800000 -3.449614
19.849999 -1.643747
19.900000 -2.128635
19.949999 -0.471212
