0.000000 -0.075666
0.050000 -0.403500
0.100000 -0.007744
0.150000 0.009008
0.200000 0.329379
0.250000 -0.272090
0.300000 0.006525
0.350000 -0.190501
0.400000 0.023233
0.450000 0.198524
0.500000 -0.237286
0.550000 -0.033443
0.600000 0.298343
0.650000 -0.092391
0.700000 0.060636
0.750000 -0.126424
0.800000 -0.015901
0.850000 -0.024054
0.900000 0.060840
0.950000 0.095890
1.000000 -0.077718
1.050000 0.212205
1.100000 0.141702
1.150000 0.192735
1.200000 -0.005012
1.250000 -0.288734
1.300000 0.026059
1.350000 -0.039918
1.400000 0.054696
1.450000 0.065277
1.500000 0.221827
1.550000 -0.028488
1.600000 0.208695
1.650000 -0.055254
1.700000 0.049040
1.750000 0.094291
1.800000 0.096617
1.850000 0.111803
1.900000 -0.290434
1.950000 -0.133012
2.000000 0.019329
2.050000 0.072199
2.100000 0.074629
2.150000 -0.036339
2.200000 -0.195680
2.250000 -0.151341
2.300000 -0.031769
2.350000 -0.188025
2.400000 -0.419183
2.450000 -0.002110
2.500000 0.052018
2.550000 0.066586
2.600000 0.416187
2.650000 0.277418
2.700000 -0.150665
2.750000 -0.052679
2.800000 -0.408940
2.850000 -0.588671
2.900000 -0.732321
2.950000 -0.856469
3.000000 -0.445683
3.050000 0.244858
3.100000 0.531040
3.150000 0.877022
3.200000 0.658600
3.250000 0.404119
3.300000 -0.169511
3.350000 -0.702962
3.400000 -0.907743
3.450000 -0.497148
3.500000 -0.240153
3.550000 0.447053
3.600000 0.717002
3.650000 1.083887
3.700000 0.806647
3.750000 0.658774
3.800000 -0.149189
3.850000 -0.602408
3.900000 -0.901588
3.950000 -0.592118
4.000000 -0.150353
4.050000 0.532137
4.100000 0.531484
4.150000 0.840349
4.200000 0.737465
4.250000 -0.027201
4.300000 -0.528918
4.350000 -0.603911
4.400000 -0.611592
4.450000 -0.585512
4.500000 0.198675
4.550000 0.539628
4.600000 0.799677
4.650000 0.335922
4.700000 0.240523
4.750000 -0.148634
4.800000 -0.425598
4.850000 -0.764482
4.900000 -0.645301
4.950000 -0.378784
5.000000 0.163372
5.050000 0.774522
5.100000 0.370785
5.150000 0.396194
5.200000 0.078340
5.250000 -0.755060
5.300000 -0.140381
5.350000 -0.546216
5.400000 -0.346689
5.450000 0.195099
5.500000 0.136255
5.550000 0.496736
5.600000 0.460001
5.650000 0.137395
5.700000 -0.194040
5.750000 0.063502
5.800000 0.004441
5.850000 -0.072920
5.900000 -0.356880
5.950000 0.160534
6.000000 0.333155
6.050000 0.065275
6.100000 0.114646
6.150000 0.001049
6.200000 -0.229118
6.250000 0.106264
6.300000 0.007894
6.350000 0.044878
6.400000 -0.124959
6.450000 -0.043465
6.500000 0.112298
6.550000 0.038361
6.600000 -0.326190
6.650000 -0.186036
6.700000 -0.319929
6.750000 -0.054324
6.800000 0.137514
6.850000 0.178365
6.900000 0.065407
6.950000 0.071189
7.000000 -0.001527
7.050000 0.269050
7.100000 0.021527
7.150000 -0.185616
7.200000 -0.381568
7.250000 0.136741
7.300000 0.035889
7.350000 -0.116226
7.400000 -0.085796
7.450000 -0.076595
7.500000 -0.054890
7.550000 -0.283365
7.600000 -0.018135
7.650000 0.077962
7.700000 0.071669
7.750000 0.212436
7.800000 -0.283264
7.850000 -0.003147
7.900000 0.107677
7.950000 0.358201
8.000000 -0.127633
8.050000 0.289802
8.100000 0.013028
8.150000 -0.092362
8.200000 -0.210446
8.250000 0.021497
8.300000 -0.040202
8.350000 0.151806
8.400000 -0.068405
8.450000 0.325015
8.500000 -0.081417
8.550000 0.188133
8.600000 -0.191770
8.650000 -0.293521
8.700000 -0.085419
8.750000 -0.163571
8.800000 -0.044169
8.850000 -0.242100
8.900000 0.215646
8.950000 0.184733
9.000000 0.108513
9.050000 0.188932
9.100000 -0.221153
9.150000 -0.063496
9.200000 -0.201451
9.250000 -0.306103
9.300000 -0.164295
9.350000 0.088009
9.400000 -0.126460
9.450000 0.274556
9.500000 0.276682
9.550000 0.247692
9.600000 0.129169
9.650000 -0.089964
9.700000 0.107859
9.750000 -0.155428
9.800000 0.185699
9.850000 0.122671
9.900000 -0.208913
9.950000 0.080424
10.000000 -0.199555
10.050000 -0.105731
10.100000 0.006465
10.150000 0.040510
10.200000 0.022148
10.250000 0.266047
10.300000 0.177138
10.350000 -0.222217
10.400000 0.205860
10.450000 0.130925
10.500000 0.261179
10.550000 0.112627
10.600000 0.162912
10.650000 -0.193812
10.700000 0.189857
10.750000 0.162256
10.800000 0.175649
10.850000 -0.187576
10.900000 -0.027281
10.950000 -0.013738
11.000000 -0.262576
11.050000 -0.181321
11.100000 -0.266216
11.150000 -0.274617
11.200000 0.011879
11.250000 -0.134816
11.300000 -0.067445
11.350000 -0.031433
11.400000 -0.010015
11.450000 0.016448
11.500000 -0.059584
11.550000 -0.058169
11.600000 -0.235835
11.650000 -0.019832
11.700000 -0.143593
11.750000 -0.050267
11.800000 -0.171518
11.850000 -0.167036
11.900000 0.190670
11.950000 -0.152096
12.000000 -0.045567
12.050000 -0.207670
12.100000 -0.061250
12.150000 -0.238807
12.200000 0.012592
12.250000 0.168056
12.300000 -0.074780
12.350000 0.101824
12.400000 -0.065192
12.450000 -0.160732
12.500000 0.131885
12.550000 -0.168896
12.600000 -0.104695
12.650000 -0.116846
12.700000 -0.042634
12.750000 -0.008120
12.800000 0.031817
12.850000 0.016500
12.900000 0.279160
12.950000 0.065576
13.000000 -0.145405
13.050000 -0.217406
13.100000 -0.003524
13.150000 -0.417277
13.200000 0.081324
13.250000 0.168679
13.300000 -0.058623
13.350000 0.267095
13.400000 -0.029721
13.450000 0.135765
13.500000 0.213400
13.550000 -0.202840
13.600000 -0.337327
13.650000 -0.179492
13.700000 -0.163254
13.750000 -0.003903
13.800000 0.278623
13.850000 -0.047077
13.900000 -0.097141
13.950000 0.091174
14.000000 -0.221792
14.050000 -0.156291
14.100000 -0.127235
14.150000 -0.370714
14.200000 -0.037643
14.250000 0.009771
14.300000 0.178967
14.350000 0.040091
14.400000 0.058952
14.450000 0.075661
14.500000 0.083216
14.550000 0.013288
14.600000 -0.433517
14.650000 -0.277537
14.700000 -0.071432
14.750000 -0.147438
14.800000 0.069183
14.850000 -0.228979
14.900000 -0.102500
14.950000 0.048094
15.000000 0.107125
15.050000 -0.429291
15.100000 0.427964
15.150000 0.125469
15.200000 0.290884
15.250000 -0.121364
15.300000 0.091998
15.350000 -0.188937
15.400000 0.362507
15.450000 0.043641
15.500000 0.096652
15.550000 -0.114660
15.600000 -0.001999
15.650000 -0.095273
15.700000 -0.007019
15.750000 0.061336
15.800000 -0.260503
15.850000 -0.271097
15.900000 -0.011338
15.950000 0.065418
16.000000 -0.061544
16.050000 -0.038573
16.100000 -0.037889
16.150000 -0.087710
16.200000 -0.087923
16.250000 0.180696
16.300000 0.141323
16.350000 0.220009
16.400000 0.163823
16.450000 0.014302
16.500000 -0.036897
16.550000 -0.068609
16.600000 -0.084084
16.650000 0.248034
16.700000 0.025376
16.750000 0.042143
16.800000 -0.215962
16.850000 -0.059598
16.900000 -0.050030
16.950000 0.027394
17.000000 0.072845
17.050000 -0.188350
17.100000 -0.092856
17.150000 0.159461
17.200000 -0.093449
17.250000 0.056706
17.300000 0.114773
17.350000 0.101000
17.400000 -0.054954
17.450000 0.217313
17.500000 -0.067751
17.550000 0.037067
17.600000 0.227690
17.650000 0.220084
17.700000 0.029182
17.750000 0.193346
17.800000 0.094475
17.850000 -0.143943
17.900000 -0.164942
17.950000 -0.164706
18.000000 0.068036
18.050000 -0.057257
18.100000 -0.069696
18.150000 -0.110904
18.200000 0.202557
18.250000 0.143243
18.300000 0.000706
18.350000 0.163738
18.400000 0.122657
18.450000 -0.141332
18.500000 -0.285642
18.550000 -0.035785
18.600000 -0.280005
18.650000 0.059668
18.700000 -0.129763
18.750000 0.272187
18.800000 -0.103575
18.850000 -0.249579
18.900000 -0.067076
18.950000 -0.068500
19.000000 0.089319
19.050000 -0.071743
19.100000 -0.141435
19.150000 0.118234
19.200000 0.032397
19.250000 -0.073546
19.300000 0.126155
19.350000 -0.029977
19.400000 -0.125994
19.450000 -0.099147
19.500000 -0.074099
19.550000 -0.124594
19.600000 0.001204
19.650000 0.086286
19.700000 0.002362
19.750000 0.021384
19.799999 -0.111248
19.849999 -0.050136
19.899999 -0.233856
19.949999 -0.381989
