0.000000 0.628607
0.050000 -0.710377
0.100000 0.276484
0.150000 -2.604663
0.200000 -0.709756
0.250000 -0.925421
0.300000 -0.058073
0.350000 0.620216
0.400000 1.570376
0.450000 0.548619
0.500000 -1.159201
0.550000 0.360466
0.600000 0.440025
0.650000 0.778929
0.700000 0.673320
0.750000 0.278474
0.800000 -0.262670
0.850000 -0.277970
0.900000 0.703172
0.950000 -0.138765
1.000000 1.474106
1.050000 1.443682
1.100000 -0.553453
1.150000 -1.458590
1.200000 0.411981
1.250000 2.933242
1.300000 1.436561
1.350000 -1.279397
1.400000 -0.593563
1.450000 1.601037
1.500000 -0.072266
1.550000 0.269178
1.600000 0.593442
1.650000 -0.018024
1.700000 -0.523720
1.750000 -0.235399
1.800000 0.025865
1.850000 -1.011710
1.900000 0.059416
1.950000 -1.046366
2.000000 0.956573
2.050000 -2.007009
2.100000 -0.674424
2.150000 -2.573548
2.200000 -2.056588
2.250000 -2.229429
2.300000 1.852826
2.350000 1.183030
2.400000 5.478995
2.450000 6.619029
2.500000 4.817137
2.550000 1.637537
2.600000 -3.787837
2.650000 -8.068739
2.700000 -9.773332
2.750000 -10.839880
2.800000 -7.263587
2.850000 -0.516757
2.900000 6.858080
2.950000 10.490238
3.000000 12.006594
3.050000 9.928238
3.100000 3.598001
3.150000 -6.040447
3.200000 -11.109602
3.250000 -12.107926
3.300000 -7.645698
3.350000 -2.569374
3.400000 6.378558
3.450000 15.128062
3.500000 11.721250
3.550000 9.459354
3.600000 1.064852
3.650000 -7.690651
3.700000 -11.300847
3.750000 -12.952489
3.800000 -8.907166
3.850000 1.954530
3.900000 9.550657
3.950000 14.109240
4.000000 12.609200
4.050000 5.085162
4.100000 -2.578927
4.150000 -9.487842
4.200000 -9.738331
4.250000 -7.766771
4.300000 -1.357910
4.350000 3.932235
4.400000 7.219036
4.450000 9.209006
4.500000 4.952715
4.550000 1.917182
4.600000 -2.745770
4.650000 -7.075270
4.700000 -6.567546
4.750000 -2.345329
4.800000 0.479336
4.850000 5.417855
4.900000 4.267877
4.950000 4.364030
5.000000 -0.545459
5.050000 -2.554940
5.100000 -2.486130
5.150000 -2.008930
5.200000 0.312742
5.250000 -0.302166
5.300000 3.937390
5.350000 3.202331
5.400000 2.824585
5.450000 -0.907469
5.500000 -3.520131
5.550000 -1.755193
5.600000 -0.461327
5.650000 -0.489672
5.700000 -0.655064
5.750000 1.919797
5.800000 2.201929
5.850000 2.764299
5.900000 -0.710878
5.950000 -0.154483
6.000000 -3.240669
6.050000 -2.292660
6.100000 -1.007337
6.150000 -0.151185
6.200000 0.494314
6.250000 2.528885
6.300000 1.782390
6.350000 0.473294
6.400000 -2.000057
6.450000 -1.573938
6.500000 0.326665
6.550000 -2.743495
6.600000 -1.670436
6.650000 -0.308002
6.700000 -0.129263
6.750000 3.354027
6.800000 0.552189
6.850000 -0.115126
6.900000 -0.849397
6.950000 -0.107348
7.000000 -2.861783
7.050000 -1.062125
7.100000 1.076784
7.150000 0.541575
7.200000 1.303599
7.250000 -0.574926
7.300000 0.154671
7.350000 1.508919
7.400000 0.519260
7.450000 -0.817895
7.500000 0.156537
7.550000 1.681739
7.600000 -0.801932
7.650000 -1.790032
7.700000 -0.001550
7.750000 -1.288401
7.800000 0.877822
7.850000 -0.367570
7.900000 -0.770680
7.950000 0.811192
8.000000 0.068109
8.050000 2.512551
8.100000 -2.170218
8.150000 -1.823451
8.200000 0.053686
8.250000 2.919172
8.300000 -0.879183
8.350000 0.099414
8.400000 1.492494
8.450000 -1.046296
8.500000 -0.401069
8.550000 -2.361758
8.600000 -0.028480
8.650000 0.823694
8.700000 1.111143
8.750000 1.379753
8.800000 0.997137
8.850000 -0.063370
8.900000 0.546718
8.950000 -0.501107
9.000000 -0.316614
9.050000 -2.460303
9.100000 -0.523464
9.150000 -1.921024
9.200000 1.273818
9.250000 -0.195717
9.300000 1.633394
9.350000 1.106008
9.400000 -1.746189
9.450000 0.784853
9.500000 1.005230
9.550000 -0.173938
9.600000 0.415055
9.650000 -0.018143
9.700000 1.265465
9.750000 -1.734318
9.800000 2.194887
9.850000 -0.194230
9.900000 -1.247781
9.950000 -0.147975
10.000000 0.060297
10.050000 1.328960
10.100000 -1.704000
10.150000 0.512604
10.200000 0.307292
10.250000 1.785440
10.300000 0.574267
10.350000 0.214087
10.400000 0.184997
10.450000 1.080525
10.500000 2.022274
10.550000 1.380786
10.600000 1.874341
10.650000 1.382375
10.700000 0.550048
10.750000 -0.796022
10.800000 0.663914
10.850000 -0.200528
10.900000 -1.295172
10.950000 -0.967991
11.000000 2.308133
11.050000 0.054185
11.100000 -0.088846
11.150000 0.396818
11.200000 0.191364
11.250000 1.082026
11.300000 -0.199402
11.350000 -1.184811
11.400000 -1.930200
11.450000 -0.447433
11.500000 -0.238764
11.550000 0.163799
11.600000 0.423257
11.650000 -0.962926
11.700000 1.132683
11.750000 1.213267
11.800000 1.698714
11.850000 1.136837
11.900000 -0.471877
11.950000 1.412984
12.000000 -0.237703
12.050000 -0.932215
12.100000 0.620052
12.150000 -0.196770
12.200000 -0.056361
12.250000 -0.504064
12.300000 -0.349602
12.350000 0.188498
12.400000 -1.403591
12.450000 -1.080930
12.500000 0.420069
12.550000 -1.788154
12.600000 -0.987985
12.650000 0.081303
12.700000 0.932614
12.750000 -0.380253
12.800000 0.700805
12.850000 1.673888
12.900000 0.866634
12.950000 0.772505
13.000000 -1.146448
13.050000 -1.204505
13.100000 0.819639
13.150000 0.317423
13.200000 0.505110
13.250000 1.139002
13.300000 1.277831
13.350000 -1.049673
13.400000 -0.923597
13.450000 -1.028689
13.500000 2.349741
13.550000 -0.547221
13.600000 0.091870
13.650000 0.384760
13.700000 2.030171
13.750000 2.305172
13.800000 1.535179
13.850000 0.752231
13.900000 -1.376587
13.950000 -0.319774
14.000000 0.173546
14.050000 1.296946
14.100000 -1.693401
14.150000 0.137407
14.200000 -0.968068
14.250000 -0.696954
14.300000 0.764413
14.350000 -2.070511
14.400000 -1.989137
14.450000 -0.688438
14.500000 1.665852
14.550000 0.026047
14.600000 -0.814694
14.650000 -1.456899
14.700000 1.663479
14.750000 -2.192637
14.800000 1.421628
14.850000 -1.058642
14.900000 -0.156636
14.950000 1.487028
15.000000 1.585058
15.050000 0.466840
15.100000 1.562856
15.150000 2.713941
15.200000 0.805956
15.250000 1.248330
15.300000 -0.115274
15.350000 -1.044108
15.400000 -2.651616
15.450000 0.928010
15.500000 1.350869
15.550000 1.820154
15.600000 -0.171706
15.650000 -1.343589
15.700000 -1.587382
15.750000 0.735534
15.800000 0.633986
15.850000 1.162094
15.900000 -0.142890
15.950000 0.710714
16.000000 2.200217
16.050000 0.956646
16.100000 0.811754
16.150000 -1.320896
16.200000 -0.869606
16.250000 -2.114158
16.300000 -0.749304
16.350000 2.094378
16.400000 0.894824
16.450000 1.487972
16.500000 2.862945
16.550000 -0.271055
16.600000 0.206371
16.650000 -0.930861
16.700000 0.293450
16.750000 -0.115561
16.800000 0.986248
16.850000 1.384067
16.900000 0.569545
16.950000 1.147190
17.000000 1.352104
17.050000 -0.409097
17.100000 0.445416
17.150000 -1.601051
17.200000 0.106906
17.250000 0.123016
17.300000 -0.496332
17.350000 -1.843204
17.400000 -0.858892
17.450000 0.515902
17.500000 1.320155
17.550000 2.102819
17.600000 0.743377
17.650000 -2.533019
17.700000 -0.210696
17.750000 0.394207
17.800000 -1.417404
17.850000 -0.406647
17.900000 -1.308955
17.950000 0.822278
18.000000 1.343189
18.050000 -1.281643
18.100000 0.498028
18.150000 1.377021
18.200000 1.029327
18.250000 -0.995265
18.300000 0.081548
18.350000 -0.344789
18.400000 -1.745653
18.450000 0.940093
18.500000 2.630501
18.550000 1.387267
18.600000 -0.953643
18.650000 0.866848
18.700000 2.720724
18.750000 -0.323566
18.800000 0.887413
18.850000 2.670061
18.900000 -0.777119
18.950000 0.518083
19.000000 -0.005678
19.050000 -1.801673
19.100000 1.121672
19.150000 2.562472
19.200000 0.500661
19.250000 -1.103084
19.300000 0.674322
19.350000 0.835082
19.400000 0.571064
19.450000 1.092808
19.500000 2.804893
19.550000 0.895297
19.600000 -1.249503
19.650000 0.167388
19.700000 1.255238
19.750000 -1.234638
19.799999 4.334198
19.849999 2.293933
19.899999 0.141823
19.949999 1.393416
