0.000000 0.487879
0.050000 -7.041881
0.100000 -3.302836
0.150000 -4.369363
0.200000 -5.214258
0.250000 -1.161068
0.300000 1.037141
0.350000 0.852962
0.400000 3.007754
0.450000 1.863406
0.500000 0.130047
0.550000 2.982560
0.600000 -2.422180
0.650000 -1.152701
0.700000 -2.092484
0.750000 -3.647539
0.800000 0.207430
0.850000 -3.063051
0.900000 -3.180727
0.950000 0.175036
1.000000 -1.516926
1.050000 -0.418977
1.100000 3.084974
1.150000 -0.383672
1.200000 -2.508643
1.250000 -0.584194
1.300000 0.268826
1.350000 -4.602833
1.400000 -2.606050
1.450000 -4.832646
1.500000 -2.438160
1.550000 -1.430138
1.600000 -1.209015
1.650000 1.153511
1.700000 5.262702
1.750000 1.069754
1.800000 4.287315
1.850000 2.686202
1.900000 2.340940
1.950000 -3.723872
2.000000 -0.622028
2.050000 -4.231143
2.100000 -2.435028
2.150000 -0.426632
2.200000 3.566303
2.250000 1.195505
2.300000 0.205067
2.350000 4.335176
2.400000 0.075442
2.450000 -2.612199
2.500000 -8.640606
2.550000 -5.426729
2.600000 -9.360385
2.650000 -10.165321
2.700000 -10.340737
2.750000 -6.443659
2.800000 1.746430
2.850000 8.661097
2.900000 14.716960
2.950000 17.434669
3.000000 16.503036
3.050000 9.025581
3.100000 3.155549
3.150000 -3.923439
3.200000 -12.067412
3.250000 -21.783533
3.300000 -19.729937
3.350000 -18.244303
3.400000 -11.015959
3.450000 -4.315438
3.500000 5.729836
3.550000 16.516691
3.600000 19.266716
3.650000 15.817164
3.700000 14.178663
3.750000 8.536759
3.800000 -0.423078
3.850000 -9.928341
3.900000 -14.992990
3.950000 -19.302382
4.000000 -17.514566
4.050000 -12.463114
4.100000 -10.582353
4.150000 -3.667534
4.200000 6.215327
4.250000 9.289742
4.300000 13.844136
4.350000 16.425287
4.400000 11.048856
4.450000 3.623823
4.500000 -0.089704
4.550000 -10.903586
4.600000 -10.693272
4.650000 -12.153416
4.700000 -10.515923
4.750000 -13.991524
4.800000 -1.933360
4.850000 5.710414
4.900000 8.285480
4.950000 10.192617
5.000000 13.190184
5.050000 10.649838
5.100000 4.514113
5.150000 1.825152
5.200000 -3.349548
5.250000 -10.299119
5.300000 -14.202478
5.350000 -13.247391
5.400000 -11.136416
5.450000 -2.650742
5.500000 -1.468775
5.550000 6.126906
5.600000 13.368613
5.650000 12.558284
5.700000 11.948453
5.750000 8.672360
5.800000 5.998728
5.850000 0.002252
5.900000 2.856695
5.950000 -5.236378
6.000000 -7.090632
6.050000 -3.751945
6.100000 4.604136
6.150000 -2.084119
6.200000 3.689926
6.250000 6.790618
6.300000 1.843654
6.350000 0.303302
6.400000 3.535340
6.450000 2.000178
6.500000 1.574658
6.550000 -4.206704
6.600000 -3.352316
6.650000 -5.737492
6.700000 -1.268330
6.750000 2.344805
6.800000 -1.050306
6.850000 5.193117
6.900000 2.091930
6.950000 3.227248
7.000000 2.168661
7.050000 3.334870
7.100000 1.971497
7.150000 -2.256308
7.200000 -2.527450
7.250000 0.815645
7.300000 -1.311395
7.350000 -1.211438
7.400000 -3.541742
7.450000 -4.440690
7.500000 3.509603
7.550000 2.311356
7.600000 5.674687
7.650000 3.561458
7.700000 1.309877
7.750000 -0.694821
7.800000 0.056556
7.850000 0.661903
7.900000 0.052966
7.950000 -1.651512
7.999999 -0.526292
8.049999 0.064408
8.100000 0.896738
8.150000 1.956073
8.200000 2.546138
8.250000 3.109380
8.300000 3.559463
8.350000 1.285180
8.400000 -3.045812
8.450000 -2.666970
8.500000 -1.422002
8.549999 -4.962537
8.599999 -6.965188
8.650000 -1.802943
8.700000 0.648169
8.750000 -0.041051
8.800000 -2.177271
8.850000 -0.945158
8.900000 -2.227269
8.950000 -3.883115
9.000000 4.470226
9.050000 0.892139
9.099999 1.380268
9.149999 1.142373
9.200000 2.423284
9.250000 -0.720392
9.300000 -3.348118
9.350000 0.670947
9.400000 2.593797
9.450000 0.741539
9.500000 0.262856
9.550000 -0.817302
9.600000 -2.361899
9.649999 -1.312619
9.699999 -1.546392
9.750000 -1.772476
9.800000 -1.971649
9.850000 -3.802806
9.900000 -0.023658
9.950000 -0.168996
10.000000 -2.025454
10.050000 0.358056
10.100000 -0.993525
10.150000 -2.795232
10.199999 -1.429260
10.249999 6.464207
10.300000 -0.760290
10.350000 -3.112903
10.400000 -2.047579
10.450000 -2.269027
10.500000 0.532686
10.550000 -1.330229
10.600000 1.294854
10.650000 -1.429899
10.700000 -2.613687
10.749999 -0.923546
10.799999 -0.714696
10.849999 -0.100816
10.900000 -2.021337
10.950000 0.599585
11.000000 -3.481987
11.050000 1.441951
11.100000 -0.162653
11.150000 -0.122662
11.200000 0.576153
11.250000 -1.538032
11.299999 4.506660
11.349999 -0.908187
11.399999 1.636146
11.450000 -0.107090
11.500000 1.359476
11.550000 1.338400
11.600000 0.133292
11.650000 0.818562
11.700000 3.469639
11.750000 -1.182639
11.800000 2.777993
11.849999 2.340925
11.899999 -0.535308
11.949999 1.040633
12.000000 1.222355
12.050000 5.676202
12.100000 1.430528
12.150000 0.145474
12.200000 0.046219
12.250000 -0.139962
12.300000 2.121078
12.350000 0.972853
12.399999 1.317863
12.449999 4.387177
12.499999 1.903345
12.550000 0.643253
12.600000 -1.359797
12.650000 -1.277515
12.700000 1.869380
12.750000 2.684839
12.800000 2.179868
12.850000 -0.121522
12.900000 -0.446984
12.949999 2.550765
12.999999 -1.000030
13.049999 2.761958
13.100000 2.532094
13.150000 2.489763
13.200000 -0.025529
13.250000 3.868088
13.300000 -1.625942
13.350000 -1.063867
13.400000 1.989115
13.450000 -0.891717
13.499999 1.788317
13.549999 1.205770
13.599999 1.850903
13.650000 1.968950
13.700000 -1.096594
13.750000 2.468752
13.800000 1.902774
13.850000 1.927907
13.900000 4.153625
13.950000 -1.605915
14.000000 -5.076138
14.049999 -1.542499
14.099999 -0.650638
14.149999 0.084716
14.200000 -1.624837
14.250000 2.051649
14.300000 0.242918
14.350000 -1.127394
14.400000 3.343172
14.450000 -1.365472
14.500000 3.302276
14.549999 -0.125054
14.599999 1.693004
14.649999 2.494412
14.699999 0.955512
14.750000 1.098957
14.800000 -0.247577
14.850000 0.926261
14.900000 1.930210
14.950000 3.724196
15.000000 -0.429100
15.050000 2.913778
15.099999 -3.608929
15.149999 1.940884
15.199999 0.280136
15.249999 -1.623587
15.299999 1.504924
15.350000 -1.593767
15.400000 0.583875
15.450000 3.882611
15.500000 1.901490
15.550000 2.479349
15.600000 -0.834462
15.650000 -0.772153
15.699999 -2.304247
15.750000 2.349395
15.799999 1.499507
15.850000 0.062043
15.899999 -4.342159
15.950000 2.855093
15.999999 -1.857005
16.050000 0.338281
16.099999 -0.186069
16.150000 -2.753030
16.200000 1.719742
16.249999 -1.420272
16.300000 1.465850
16.349999 -0.488527
16.400000 -1.713071
16.449999 -2.985676
16.500000 -0.929757
16.549999 0.760040
16.600000 2.388539
16.649999 -1.304448
16.700000 -2.551997
16.750000 1.411682
16.799999 2.279181
16.850000 -0.352138
16.899999 -1.878546
16.950000 7.258471
16.999999 -3.422694
17.050000 3.388381
17.099999 -0.468199
17.150000 -0.203161
17.199999 -2.967825
17.250000 0.293037
17.300000 0.179080
17.349999 2.811892
17.400000 0.347908
17.449999 -4.436851
17.500000 3.371445
17.549999 2.697385
17.600000 3.635398
17.649999 -0.828630
17.700000 -1.328892
17.749999 -0.879957
17.800000 2.943057
17.850000 0.785137
17.899999 -1.054637
17.950000 0.859993
17.999999 2.023064
18.050000 1.037174
18.099999 2.431854
18.150000 1.355750
18.199999 1.270307
18.250000 0.002580
18.299999 1.495759
18.350000 -2.507616
18.400000 1.065827
18.449999 0.788958
18.500000 -2.698462
18.549999 0.677773
18.600000 1.211518
18.649999 -0.119840
18.700000 3.821453
18.749999 0.612812
18.800000 2.119471
18.849999 0.784715
18.900000 -2.586112
18.950000 1.040514
18.999999 -1.297986
19.050000 -0.030671
19.099999 0.216948
19.150000 -4.507797
19.199999 2.610190
19.250000 -0.851599
19.299999 -2.159574
19.350000 0.898031
19.399999 2.034573
19.450000 2.217061
19.500000 0.991506
19.549999 -1.975455
19.600000 0.241202
19.649999 -1.376982
19.700000 1.186371
19.749999 -1.958518
19.800000 -0.397408
19.849999 3.181070
19.900000 -3.834251
19.949999 -4.910607
