0.000000 0.004866
0.050000 -0.018556
0.100000 -0.008790
0.150000 -0.022228
0.200000 0.007071
0.250000 0.022699
0.300000 0.055621
0.350000 0.026774
0.400000 0.021624
0.450000 -0.056380
0.500000 0.018437
0.550000 0.002480
0.600000 -0.007401
0.650000 -0.022625
0.700000 0.033963
0.750000 0.015753
0.800000 -0.032760
0.850000 0.037259
0.900000 -0.039989
0.950000 0.045473
1.000000 0.015938
1.050000 -0.037792
1.100000 -0.026694
1.150000 0.024125
1.200000 0.024920
1.250000 0.048669
1.300000 -0.029462
1.350000 0.052390
1.400000 -0.004142
1.450000 -0.025264
1.500000 0.035013
1.550000 0.034509
1.600000 0.001179
1.650000 -0.017184
1.700000 -0.001203
1.750000 -0.018517
1.800000 -0.025097
1.850000 -0.022752
1.900000 0.015392
1.950000 0.018119
2.000000 0.032220
2.050000 -0.005294
2.100000 -0.003816
2.150000 0.039712
2.200000 0.046948
2.250000 0.002600
2.300000 0.053565
2.350000 0.041282
2.400000 -0.016271
2.450000 0.023526
2.500000 -0.014636
2.550000 -0.023843
2.600000 -0.007085
2.650000 -0.002358
2.700000 0.024381
2.750000 0.005002
2.800000 0.018007
2.850000 -0.035409
2.900000 -0.014153
2.950000 -0.019149
3.000000 -0.022284
3.050000 -0.017275
3.100000 0.038841
3.150000 0.009656
3.200000 0.070056
3.250000 0.056380
3.300000 0.007842
3.350000 -0.003404
3.400000 -0.032039
3.450000 -0.033881
3.500000 0.001553
3.550000 0.031683
3.600000 0.036970
3.650000 0.043398
3.700000 -0.000514
3.750000 0.030127
3.800000 0.000966
3.850000 0.008494
3.900000 -0.008779
3.950000 0.025012
4.000000 0.031194
4.050000 -0.007123
4.100000 0.013246
4.150000 -0.000591
4.200000 0.010916
4.250000 0.052130
4.300000 -0.019978
4.350000 -0.008007
4.400000 0.026083
4.450000 -0.022512
4.500000 -0.004946
4.550000 -0.007437
4.600000 -0.011131
4.650000 0.043663
4.700000 0.002014
4.750000 0.004373
4.800000 -0.021115
4.850000 -0.017169
4.900000 -0.011487
4.950000 -0.025503
5.000000 0.032955
5.050000 0.002355
5.100000 -0.023084
5.150000 0.044992
5.200000 0.032514
5.250000 0.031482
5.300000 -0.004371
5.350000 0.000613
5.400000 -0.004198
5.450000 0.000194
5.500000 0.021323
5.550000 -0.044825
5.600000 0.006303
5.650000 -0.005620
5.700000 0.024027
5.750000 0.057910
5.800000 -0.010943
5.850000 0.037513
5.900000 0.007724
5.950000 -0.012038
6.000000 0.003663
6.050000 0.019634
6.100000 0.033523
6.150000 -0.006270
6.200000 -0.019693
6.250000 -0.013607
6.300000 -0.000186
6.350000 0.003425
6.400000 -0.046180
6.450000 -0.007628
6.500000 0.041320
6.550000 -0.017944
6.600000 -0.068498
6.650000 -0.051242
6.700000 -0.015954
6.750000 0.023462
6.800000 0.026100
6.850000 -0.002993
6.900000 -0.008665
6.950000 0.053211
7.000000 -0.013174
7.050000 -0.014950
7.100000 -0.024301
7.150000 -0.072613
7.200000 -0.000882
7.250000 0.024953
7.300000 -0.001807
7.350000 -0.015855
7.400000 0.014205
7.450000 0.000122
7.500000 0.046562
7.550000 -0.029570
7.600000 0.029201
7.650000 0.041276
7.700000 -0.015397
7.750000 0.005502
7.800000 0.042666
7.850000 -0.034534
7.900000 -0.015676
7.950000 -0.025423
7.999999 -0.011723
8.049999 0.036387
8.100000 0.014143
8.150000 0.041038
8.200000 0.047687
8.250000 -0.017178
8.300000 -0.027996
8.350000 -0.021165
8.400000 0.001873
8.450000 0.020931
8.500000 0.028383
8.549999 -0.007968
8.599999 -0.004061
8.650000 0.011276
8.700000 -0.030275
8.750000 0.018918
8.800000 0.006094
8.850000 0.096493
8.900000 0.012738
8.950000 -0.005405
9.000000 0.051483
9.050000 0.004823
9.099999 -0.024254
9.149999 0.021592
9.200000 -0.014016
9.250000 -0.004985
9.300000 -0.001343
9.350000 0.032524
9.400000 0.014283
9.450000 -0.015806
9.500000 -0.001652
9.550000 -0.021791
9.600000 -0.041858
9.649999 0.004575
9.699999 0.028225
9.750000 -0.005287
9.800000 0.026142
9.850000 -0.008467
9.900000 0.004495
9.950000 -0.007660
10.000000 -0.017409
10.050000 -0.037925
10.100000 0.035558
10.150000 -0.000518
10.199999 -0.008382
10.249999 0.024682
10.300000 -0.010105
10.350000 0.027155
10.400000 -0.021452
10.450000 0.026364
10.500000 0.021050
10.550000 0.003347
10.600000 0.028143
10.650000 0.040367
10.700000 -0.033306
10.749999 0.061014
10.799999 0.018350
10.849999 -0.038052
10.900000 0.002125
10.950000 -0.007141
11.000000 0.026283
11.050000 0.024969
11.100000 -0.040405
11.150000 0.003046
11.200000 -0.004807
11.250000 -0.024858
11.299999 -0.016752
11.349999 0.026834
11.399999 0.004446
11.450000 -0.023991
11.500000 0.017894
11.550000 0.008475
11.600000 0.025891
11.650000 -0.020337
11.700000 0.015220
11.750000 -0.021943
11.800000 0.006111
11.849999 0.017112
11.899999 -0.017299
11.949999 -0.028715
12.000000 0.046363
12.050000 0.019823
12.100000 -0.000268
12.150000 0.003592
12.200000 -0.050196
12.250000 0.045939
12.300000 0.034452
12.350000 0.020231
12.399999 0.015769
12.449999 0.013984
12.499999 -0.009763
12.550000 0.038293
12.600000 0.024359
12.650000 -0.033016
12.700000 0.022998
12.750000 -0.039051
12.800000 -0.016303
12.850000 0.035209
12.900000 0.013455
12.949999 -0.006088
12.999999 0.012658
13.049999 -0.013046
13.100000 0.045389
13.150000 0.001221
13.200000 0.021365
13.250000 0.024505
13.300000 0.017567
13.350000 0.034936
13.400000 0.007410
13.450000 -0.018244
13.499999 -0.023221
13.549999 -0.004737
13.599999 0.039391
13.650000 -0.002150
13.700000 -0.023040
13.750000 -0.000923
13.800000 0.000535
13.850000 0.017340
13.900000 0.006451
13.950000 -0.047676
14.000000 -0.007154
14.049999 -0.011891
14.099999 -0.023985
14.149999 0.003637
14.200000 0.034222
14.250000 0.052936
14.300000 -0.002159
14.350000 0.031178
14.400000 -0.002827
14.450000 0.002832
14.500000 -0.023146
14.549999 -0.003152
14.599999 -0.053571
14.649999 0.030513
14.699999 0.022431
14.750000 0.008365
14.800000 0.014353
14.850000 0.038715
14.900000 0.031218
14.950000 -0.005801
15.000000 0.022740
15.050000 -0.016504
15.099999 -0.028077
15.149999 0.005331
15.199999 -0.016573
15.249999 0.030513
15.299999 0.046128
15.350000 -0.006082
15.400000 -0.011924
15.450000 0.024777
15.500000 -0.063853
15.550000 0.021032
15.600000 0.020587
15.650000 -0.014145
15.699999 0.022898
15.750000 0.027723
15.799999 0.020853
15.850000 0.001348
15.899999 0.005292
15.950000 -0.016333
15.999999 -0.011602
16.050000 -0.026560
16.099999 0.005752
16.150000 0.019482
16.200000 -0.007198
16.249999 0.003389
16.300000 0.034710
16.349999 -0.001559
16.400000 -0.027305
16.449999 0.018355
16.500000 -0.025443
16.549999 0.041701
16.600000 -0.018484
16.649999 0.021261
16.700000 0.019912
16.750000 0.000143
16.799999 -0.020861
16.850000 -0.026480
16.899999 0.015981
16.950000 -0.027689
16.999999 -0.006214
17.050000 -0.037153
17.099999 0.042654
17.150000 0.017502
17.199999 0.070195
17.250000 0.015931
17.300000 0.025365
17.349999 0.010699
17.400000 0.009672
17.449999 0.009821
17.500000 -0.037860
17.549999 -0.005029
17.600000 0.039650
17.649999 -0.012193
17.700000 -0.010626
17.749999 0.023204
17.800000 0.045050
17.850000 -0.012480
17.899999 -0.014739
17.950000 0.034767
17.999999 -0.009244
18.050000 -0.005801
18.099999 -0.015087
18.150000 0.012499
18.199999 -0.002669
18.250000 0.011416
18.299999 0.029924
18.350000 0.021959
18.400000 0.012336
18.449999 0.030052
18.500000 -0.035006
18.549999 0.020637
18.600000 0.063601
18.649999 0.002257
18.700000 -0.030091
18.749999 -0.018019
18.800000 0.001816
18.849999 0.006709
18.900000 -0.003874
18.950000 -0.003702
18.999999 0.017574
19.050000 0.039876
19.099999 -0.032867
19.150000 -0.000931
19.199999 0.026416
19.250000 -0.036981
19.299999 0.035440
19.350000 -0.001382
19.399999 0.022814
19.450000 -0.015740
19.500000 0.029779
19.549999 -0.022482
19.600000 -0.022825
19.649999 -0.015555
19.700000 0.053681
19.749999 0.059602
19.800000 -0.050248
19.849999 0.044322
19.900000 0.037044
19.949999 -0.007915
