0.000000 21.476658
0.050000 17.679159
0.100000 -9.191926
0.150000 37.462814
0.200000 -18.823298
0.250000 8.881845
0.300000 14.368244
0.350000 -6.979327
0.400000 -29.549044
0.450000 11.286015
0.500000 -24.265635
0.550000 5.227572
0.600000 16.037230
0.650000 -42.206951
0.700000 -47.725788
0.750000 -33.729321
0.800000 -38.318703
0.850000 -34.801109
0.900000 -36.184814
0.950000 -48.047321
1.000000 -17.732328
1.050000 -5.566843
1.100000 -37.248283
1.150000 -35.584988
1.200000 -45.549213
1.250000 0.911645
1.300000 -34.594364
1.350000 23.248827
1.400000 25.351559
1.450000 78.588463
1.500000 173.601425
1.550000 185.967056
1.600000 179.683487
1.650000 -52.328606
1.700000 -260.120758
1.750000 -392.498047
1.800000 -298.397064
1.850000 81.516167
1.900000 392.196136
1.950000 315.389435
2.000000 16.221483
2.050000 -177.101120
2.100000 54.219543
2.150000 318.664642
2.200000 334.726562
2.250000 56.110943
2.300000 -167.368851
2.350000 -149.627808
2.400000 -54.478325
2.450000 -53.173565
2.500000 -5.469379
2.550000 13.124548
2.600000 9.659894
2.650000 14.205887
2.700000 -110.238342
2.750000 -86.514076
2.800000 -47.037914
2.850000 6.502944
2.900000 -4.872060
2.950000 -76.287079
3.000000 -143.554367
3.050000 -62.542103
3.100000 88.360603
3.150000 112.839294
3.200000 -13.817771
3.250000 -56.982655
3.300000 -53.191620
3.350000 -15.327661
3.400000 42.118839
3.450000 31.147243
3.500000 -49.572056
3.550000 -74.332535
3.600000 -39.216724
3.650000 4.510956
3.700000 77.255135
3.750000 17.351177
3.800000 -19.776096
3.850000 -22.427523
3.900000 9.301070
3.950000 -28.275368
4.000000 -7.601490
4.050000 14.030556
4.100000 -37.970757
4.150000 3.206286
4.200000 -20.049072
4.250000 7.163688
4.300000 -43.782589
4.350000 -13.849361
4.400000 7.585093
4.450000 36.754219
4.500000 27.925077
4.550000 -14.114012
4.600000 9.495827
4.650000 7.062965
4.700000 21.289570
4.750000 -34.839046
4.800000 -25.420546
4.850000 6.201276
4.900000 13.220282
4.950000 12.779568
5.000000 7.967211
5.050000 53.632401
5.100000 -9.595710
5.150000 27.781441
5.200000 39.875549
5.250000 46.281689
5.300000 10.678962
5.350000 7.064394
5.400000 23.677465
5.450000 20.961403
5.500000 7.522386
5.550000 -32.569653
5.600000 -42.231205
5.650000 -55.732418
5.700000 24.194761
5.750000 9.867727
5.800000 -0.850874
5.850000 -0.349755
5.900000 -33.495041
5.950000 -41.946938
6.000000 -11.747297
6.050000 13.443985
6.100000 -16.498564
6.150000 -25.075438
6.200000 -53.688824
6.250000 9.590449
6.300000 7.057043
6.350000 -8.555590
6.400000 53.352158
6.450000 -20.372578
6.500000 -18.722755
6.550000 -20.341518
6.600000 -75.625702
6.650000 -39.263966
6.700000 2.696478
6.750000 8.846551
6.800000 51.421848
6.850000 -13.968642
6.900000 61.488564
6.950000 -9.585134
7.000000 -12.678421
7.050000 6.622685
7.100000 -3.127375
7.150000 23.225130
7.200000 33.624458
7.250000 26.926134
7.300000 14.444975
7.350000 26.093468
7.400000 36.238338
7.450000 62.510208
7.500000 28.586617
7.550000 -42.760918
7.600000 -10.230846
7.650000 -20.837114
7.700000 1.771870
7.750000 13.556220
7.800000 31.616367
7.850000 29.582993
7.900000 39.003277
7.950000 39.731766
7.999999 -13.219437
8.049999 40.886311
8.100000 2.380779
8.150000 23.674299
8.200000 56.859749
8.250000 20.759596
8.300000 23.862530
8.350000 22.330236
8.400000 18.427416
8.450000 32.800911
8.500000 -12.282224
8.549999 41.227425
8.599999 4.872087
8.650000 29.928383
8.700000 -7.189214
8.750000 11.548873
8.800000 25.215229
8.850000 45.508877
8.900000 28.404556
8.950000 53.072094
9.000000 7.494506
9.050000 13.310651
9.099999 16.796124
9.149999 -23.782337
9.200000 20.355629
9.250000 -1.211658
9.300000 56.791740
9.350000 14.752972
9.400000 -11.598680
9.450000 -36.453362
9.500000 -18.032721
9.550000 40.912346
9.600000 42.225456
9.649999 15.696609
9.699999 94.789558
9.750000 18.563591
9.800000 29.916460
9.850000 -3.991873
9.900000 -21.892223
9.950000 14.249415
10.000000 -34.190586
10.050000 9.409532
10.100000 -32.364994
10.150000 -4.791173
10.199999 17.712496
10.249999 -22.160803
10.300000 21.447454
10.350000 -13.221916
10.400000 23.156189
10.450000 31.836990
10.500000 -0.123695
10.550000 6.571311
10.600000 43.788300
10.650000 31.198099
10.700000 18.382244
10.749999 -25.438929
10.799999 33.485115
10.849999 19.479082
10.900000 8.072502
10.950000 8.065440
11.000000 6.152277
11.050000 20.000715
11.100000 25.911331
11.150000 15.834912
11.200000 15.365117
11.250000 36.023937
11.299999 51.396114
11.349999 -5.337242
11.399999 22.584133
11.450000 -42.469997
11.500000 -8.070361
11.550000 13.175014
11.600000 20.887041
11.650000 1.482005
11.700000 -2.580667
11.750000 28.115597
11.800000 -23.082884
11.849999 11.502714
11.899999 -24.102983
11.949999 5.123606
12.000000 3.530641
12.050000 26.655603
12.100000 48.130737
12.150000 26.130619
12.200000 43.372967
12.250000 3.067251
12.300000 16.291672
12.350000 39.136333
12.399999 65.476891
12.449999 -11.641388
12.499999 34.197334
12.550000 -32.143818
12.600000 24.052809
12.650000 -36.959789
12.700000 -6.352802
12.750000 9.368313
12.800000 -22.365458
12.850000 21.214777
12.900000 6.331036
12.949999 -4.508689
12.999999 -30.897768
13.049999 10.359659
13.100000 26.542189
13.150000 42.523361
13.200000 -4.810071
13.250000 -59.614811
13.300000 35.983242
13.350000 23.111097
13.400000 25.755949
13.450000 47.510880
13.499999 -20.088623
13.549999 3.259721
13.599999 -14.627371
13.650000 23.716927
13.700000 27.592253
13.750000 -35.450844
13.800000 1.337543
13.850000 32.690228
13.900000 -7.766189
13.950000 10.311350
14.000000 42.202099
14.049999 16.401514
14.099999 13.571193
14.149999 35.597603
14.200000 -8.998472
14.250000 6.820343
14.300000 0.552042
14.350000 -6.652698
14.400000 -6.959012
14.450000 52.287525
14.500000 40.112080
14.549999 23.719786
14.599999 29.263294
14.649999 25.369154
14.699999 6.195852
14.750000 -45.119038
14.800000 -15.242571
14.850000 14.485399
14.900000 5.635752
14.950000 29.835535
15.000000 14.036783
15.050000 11.861244
15.099999 42.764381
15.149999 22.870193
15.199999 53.676342
15.249999 12.671767
15.299999 27.292324
15.350000 -31.876314
15.400000 -3.798488
15.450000 -15.177561
15.500000 -11.948516
15.550000 -12.522882
15.600000 7.855643
15.650000 -22.192398
15.699999 -16.417152
15.750000 -30.766726
15.799999 -34.133667
15.850000 -8.576133
15.899999 7.916873
15.950000 13.013184
15.999999 -4.361025
16.050000 -4.971554
16.099999 -8.109416
16.150000 -0.226762
16.200000 -10.423631
16.249999 -5.264718
16.300000 9.539495
16.349999 13.008393
16.400000 7.949433
16.449999 22.708572
16.500000 -9.676857
16.549999 15.119114
16.600000 1.013395
16.649999 -1.186030
16.700000 30.177958
16.750000 13.802059
16.799999 17.802504
16.850000 -10.410886
16.899999 -26.838953
16.950000 16.833647
16.999999 50.823269
17.050000 5.827215
17.099999 16.681696
17.150000 -7.587105
17.199999 6.208719
17.250000 28.694363
17.300000 19.466505
17.349999 -24.260761
17.400000 33.852322
17.449999 26.631632
17.500000 34.120049
17.549999 -15.666501
17.600000 -27.325062
17.649999 -20.106903
17.700000 4.526557
17.749999 -29.064316
17.800000 -7.895880
17.850000 -2.399877
17.899999 11.155462
17.950000 9.311625
17.999999 -9.011389
18.050000 -10.599826
18.099999 33.359653
18.150000 38.070610
18.199999 26.844421
18.250000 27.363758
18.299999 12.108620
18.350000 -15.256171
18.400000 4.361617
18.449999 14.955801
18.500000 -19.332518
18.549999 -10.460590
18.600000 -25.675444
18.649999 -40.104836
18.700000 -14.178397
18.749999 -11.561842
18.800000 -20.285723
18.849999 14.419979
18.900000 33.061626
18.950000 17.241722
18.999999 -22.860319
19.050000 -21.535831
19.099999 -14.404765
19.150000 -32.660305
19.199999 10.585079
19.250000 -52.554226
19.299999 -0.123022
19.350000 -26.472315
19.399999 -16.671083
19.450000 -23.534050
19.500000 -3.559299
19.549999 -34.609562
19.600000 18.125690
19.649999 -47.085701
19.700000 -8.695265
19.749999 13.012106
19.800000 -22.112520
19.849999 -36.231083
19.900000 29.219660
19.949999 -39.074799
