0.000000 9.946301
0.050000 -0.406459
0.100000 4.979027
0.150000 10.032146
0.200000 3.129895
0.250000 -2.222046
0.300000 0.379730
0.350000 -4.877402
0.400000 -1.366567
0.450000 -0.406603
0.500000 6.471674
0.550000 6.791258
0.600000 15.460712
0.650000 4.193424
0.700000 3.847994
0.750000 5.426928
0.800000 -3.253785
0.850000 1.835555
0.900000 1.952745
0.950000 2.695423
1.000000 2.315480
1.050000 -3.518804
1.100000 3.373956
1.150000 -1.122502
1.200000 7.718286
1.250000 7.369226
1.300000 0.563366
1.350000 1.157268
1.400000 6.010608
1.450000 9.379588
1.500000 -8.249194
1.550000 -3.430296
1.600000 0.918857
1.650000 -6.533869
1.700000 -0.829909
1.750000 -5.146408
1.800000 -2.434449
1.850000 4.143118
1.900000 1.875701
1.950000 -0.054876
2.000000 -8.845011
2.050000 6.038740
2.100000 5.266655
2.150000 0.783931
2.200000 -0.589160
2.250000 -11.099332
2.300000 -11.766596
2.350000 -17.742016
2.400000 -17.015886
2.450000 -6.137256
2.500000 8.377950
2.550000 21.135201
2.600000 35.909233
2.650000 48.989162
2.700000 35.535568
2.750000 16.559938
2.800000 -14.266863
2.850000 -50.197720
2.900000 -68.747871
2.950000 -61.797234
3.000000 -35.927464
3.050000 -1.051145
3.100000 27.630070
3.150000 54.815201
3.200000 66.901817
3.250000 55.492645
3.300000 33.226601
3.350000 -5.259025
3.400000 -40.863987
3.450000 -52.483654
3.500000 -50.214481
3.550000 -36.179386
3.600000 -8.980686
3.650000 16.173134
3.700000 39.132065
3.750000 38.872940
3.800000 32.321835
3.850000 15.723333
3.900000 -2.695758
3.950000 -15.140050
4.000000 -23.043238
4.050000 -21.800531
4.100000 -7.635959
4.150000 -0.322743
4.200000 19.243008
4.250000 25.633047
4.300000 23.792776
4.350000 7.206171
4.400000 3.324871
4.450000 -7.215009
4.500000 -19.147041
4.550000 -10.796014
4.600000 -11.512457
4.650000 -4.036178
4.700000 7.334138
4.750000 9.978542
4.800000 11.594210
4.850000 2.462343
4.900000 -0.059708
4.950000 -2.034604
5.000000 -1.123213
5.050000 2.006569
5.100000 -4.801540
5.150000 2.954176
5.200000 3.243766
5.250000 -5.138454
5.300000 0.128572
5.350000 10.916323
5.400000 6.127316
5.450000 4.632035
5.500000 -5.862904
5.550000 -3.963482
5.600000 -0.113187
5.650000 7.864508
5.700000 1.571273
5.750000 6.584469
5.800000 6.700857
5.850000 9.386317
5.900000 -0.998946
5.950000 -1.009193
6.000000 -3.672488
6.050000 -4.934809
6.100000 -2.692922
6.150000 -6.821019
6.200000 0.266833
6.250000 3.326996
6.300000 11.645115
6.350000 1.069548
6.400000 5.130588
6.450000 4.680781
6.500000 -5.188415
6.550000 1.979851
6.600000 -5.781610
6.650000 -8.253766
6.700000 -2.614483
6.750000 -3.537311
6.800000 -2.445191
6.850000 -0.360714
6.900000 15.217331
6.950000 1.362983
7.000000 4.733049
7.050000 12.003102
7.100000 -4.561043
7.150000 -3.373749
7.200000 -1.717487
7.250000 0.146091
7.300000 2.132025
7.350000 1.012979
7.400000 5.587524
7.450000 -0.749505
7.500000 -1.765993
7.550000 2.080510
7.600000 -0.791811
7.650000 3.283380
7.700000 -6.772702
7.750000 -3.654474
7.800000 -3.494222
7.850000 -2.477331
7.900000 6.623529
7.950000 4.245758
8.000000 -0.794077
8.050000 2.714704
8.100000 -3.516811
8.150000 4.917799
8.200000 7.994749
8.250000 4.601420
8.300000 -3.096653
8.350000 -5.854939
8.400000 -5.031521
8.450000 7.039542
8.500000 0.521348
8.550000 -2.416167
8.600000 1.609033
8.650000 -5.283691
8.700000 -2.216160
8.750000 0.199308
8.800000 -9.858459
8.850000 -3.029792
8.900000 -1.096978
8.950000 0.374248
9.000000 3.766636
9.050000 1.259435
9.100000 7.828690
9.150000 2.183174
9.200000 -1.319882
9.250000 -2.522442
9.300000 -13.006507
9.350000 -7.653103
9.400000 -3.485180
9.450000 -0.316396
9.500000 10.473101
9.550000 2.255111
9.600000 0.884329
9.650000 4.383435
9.700000 11.474502
9.750000 -1.686122
9.800000 4.368065
9.850000 -1.329469
9.900000 2.461665
9.950000 -3.922498
10.000000 -4.929722
10.050000 3.114697
10.100000 -5.831503
10.150000 -1.509442
10.200000 3.659535
10.250000 4.665217
10.300000 -3.363238
10.350000 1.979906
10.400000 1.521532
10.450000 -1.433761
10.500000 4.373333
10.550000 2.757380
10.600000 -3.143712
10.650000 8.069210
10.700000 2.898708
10.750000 -4.748914
10.800000 5.734760
10.850000 6.011081
10.900000 -1.596194
10.950000 1.242064
11.000000 -2.404882
11.050000 1.819409
11.100000 -5.502758
11.150000 6.403214
11.200000 5.826103
11.250000 0.116653
11.300000 -6.230212
11.350000 -0.009942
11.400000 4.365930
11.450000 3.093630
11.500000 4.872941
11.550000 -5.754015
11.600000 0.015137
11.650000 -3.211977
11.700000 1.569064
11.750000 4.437168
11.800000 -0.668736
11.850000 6.269557
11.900000 2.288681
11.950000 3.197094
12.000000 -0.694673
12.050000 6.740336
12.100000 0.523340
12.150000 -1.025381
12.200000 -7.069815
12.250000 -7.411729
12.300000 1.949715
12.350000 -1.530831
12.400000 0.224186
12.450000 -1.472807
12.500000 9.400752
12.550000 2.236040
12.600000 1.005232
12.650000 6.382940
12.700000 2.937200
12.750000 -5.044643
12.800000 4.729406
12.850000 0.574667
12.900000 -2.212824
12.950000 -1.935570
13.000000 0.160595
13.050000 -8.110795
13.100000 0.973066
13.150000 -2.978336
13.200000 -7.062410
13.250000 2.594511
13.300000 4.071165
13.350000 1.619467
13.400000 0.597118
13.450000 -2.153907
13.500000 2.717127
13.550000 -1.098753
13.600000 -6.231600
13.650000 -3.633721
13.700000 -2.623755
13.750000 -5.421875
13.800000 -0.588069
13.850000 -4.237869
13.900000 8.364923
13.950000 7.966480
14.000000 2.246740
14.050000 5.971618
14.100000 -2.594622
14.150000 -8.896698
14.200000 -0.661479
14.250000 -0.270575
14.300000 0.497308
14.350000 -2.313062
14.400000 2.699069
14.450000 3.198154
14.500000 1.807683
14.550000 4.648054
14.600000 5.014047
14.650000 1.207464
14.700000 6.898628
14.750000 -3.077265
14.800000 -0.410612
14.850000 -5.364592
14.900000 -6.519273
14.950000 -1.247706
15.000000 0.257528
15.050000 6.369213
15.100000 1.529905
15.150000 7.914379
15.200000 6.304270
15.250000 1.852163
15.300000 -1.483737
15.350000 -1.186678
15.400000 -1.087389
15.450000 -4.990176
15.500000 -10.325488
15.550000 2.409468
15.600000 5.277305
15.650000 7.188221
15.700000 6.474237
15.750000 7.955613
15.800000 4.370402
15.850000 1.160726
15.900000 -11.502430
15.950000 -7.749717
16.000000 -7.250239
16.050000 -2.265146
16.100000 -3.171189
16.150000 9.086083
16.200000 3.906401
16.250000 14.586133
16.300000 0.394964
16.350000 6.117452
16.400000 2.236982
16.450000 2.471889
16.500000 0.669315
16.550000 4.724321
16.600000 0.263878
16.650000 1.336038
16.700000 -0.393812
16.750000 -0.114353
16.800000 4.622867
16.850000 -2.032341
16.900000 1.275588
16.950000 4.302037
17.000000 -1.498121
17.050000 -3.534406
17.100000 2.820219
17.150000 -1.832344
17.200000 8.759985
17.250000 1.139133
17.300000 0.285424
17.350000 4.761462
17.400000 0.031993
17.450000 -2.132148
17.500000 1.475383
17.550000 -5.160830
17.600000 -2.097966
17.650000 8.078681
17.700000 3.985124
17.750000 3.231988
17.800000 -1.232698
17.850000 -4.258087
17.900000 -1.827043
17.950000 -7.679723
18.000000 4.449197
18.050000 -10.471514
18.100000 -6.297251
18.150000 -3.063713
18.200000 -6.618975
18.250000 -1.727062
18.300000 6.998025
18.350000 8.532632
18.400000 -0.750860
18.450000 5.756752
18.500000 6.661478
18.550000 -2.283809
18.600000 2.692570
18.650000 -6.143125
18.700000 -1.369083
18.750000 -1.794374
18.800000 -5.257155
18.850000 -3.877092
18.900000 1.581775
18.950000 3.557469
19.000000 -2.742002
19.050000 6.034381
19.100000 2.407917
19.150000 -4.817144
19.200000 -7.251130
19.250000 1.418787
19.300000 -2.242073
19.350000 -2.779999
19.400000 -4.928361
19.450000 0.254938
19.500000 -0.188887
19.550000 4.765339
19.600000 -1.149449
19.650000 -1.447670
19.700000 -3.986091
19.750000 0.398217
19.799999 -0.073661
19.849999 1.678079
19.899999 -10.673703
19.949999 3.759041
