0.000000 13.140759
0.050000 -0.017550
0.100000 16.737459
0.150000 -12.611035
0.200000 0.840016
0.250000 -10.035194
0.300000 1.268761
0.350000 -5.867924
0.400000 4.413939
0.450000 -5.411193
0.500000 -0.095377
0.550000 4.306053
0.600000 7.061673
0.650000 5.185637
0.700000 10.059977
0.750000 15.402528
0.800000 -8.336652
0.850000 0.948116
0.900000 15.198338
0.950000 -2.647037
1.000000 -0.023417
1.050000 0.085681
1.100000 4.394935
1.150000 11.152091
1.200000 6.005982
1.250000 14.606839
1.300000 -13.092650
1.350000 2.102124
1.400000 -12.454432
1.450000 -13.282267
1.500000 -7.972054
1.550000 8.219450
1.600000 5.218776
1.650000 10.402604
1.700000 13.521037
1.750000 7.989614
1.800000 8.620866
1.850000 1.715579
1.900000 2.754863
1.950000 -10.790401
2.000000 1.062625
2.050000 -1.970965
2.100000 9.695358
2.150000 8.219208
2.200000 -4.016319
2.250000 15.656667
2.300000 -13.686262
2.350000 -14.044192
2.400000 -10.407203
2.450000 -8.101586
2.500000 -19.568106
2.550000 -33.136509
2.600000 -35.029545
2.650000 -30.015635
2.700000 -29.670319
2.750000 -42.528641
2.800000 -21.763115
2.850000 -2.411397
2.900000 12.247042
2.950000 55.669491
3.000000 72.961334
3.050000 102.787621
3.100000 131.091995
3.150000 124.752197
3.200000 134.156097
3.250000 110.552246
3.300000 85.065269
3.350000 39.220490
3.400000 -11.058606
3.450000 -50.143562
3.500000 -108.874283
3.550000 -117.428505
3.600000 -148.491531
3.650000 -161.673782
3.700000 -142.509995
3.750000 -99.165482
3.800000 -66.309914
3.850000 -27.942671
3.900000 11.704746
3.950000 67.237808
4.000000 87.022240
4.050000 114.046242
4.100000 107.961029
4.150000 94.182968
4.200000 74.211067
4.250000 44.946243
4.300000 22.679716
4.350000 2.196790
4.400000 -28.442818
4.450000 -45.453671
4.500000 -40.728695
4.550000 -51.788109
4.600000 -40.618370
4.650000 -29.576012
4.700000 -25.421186
4.750000 3.682062
4.800000 18.317791
4.850000 28.885883
4.900000 30.043232
4.950000 27.751415
5.000000 33.838566
5.050000 7.886748
5.100000 15.611082
5.150000 8.373861
5.200000 -11.122605
5.250000 -3.818020
5.300000 -39.508492
5.350000 -30.951435
5.400000 -2.298683
5.450000 1.385174
5.500000 13.022295
5.550000 15.825174
5.600000 15.978039
5.650000 9.162430
5.700000 17.846682
5.750000 27.268986
5.800000 13.712719
5.850000 17.253643
5.900000 10.861844
5.950000 9.902358
6.000000 2.502909
6.050000 16.348095
6.100000 -10.695607
6.150000 -0.875933
6.200000 1.593367
6.250000 -1.648523
6.300000 13.073497
6.350000 17.711002
6.400000 3.491099
6.450000 15.028389
6.500000 0.905822
6.550000 17.447174
6.600000 5.243834
6.650000 14.279182
6.700000 2.521818
6.750000 -6.854113
6.800000 -7.957345
6.850000 -0.318337
6.900000 1.418090
6.950000 -4.378289
7.000000 -9.609565
7.050000 -9.592877
7.100000 2.807777
7.150000 4.251534
7.200000 -4.835967
7.250000 -6.005622
7.300000 -5.983680
7.350000 -18.537861
7.400000 -9.531669
7.450000 -18.173166
7.500000 -13.510232
7.550000 -17.999693
7.600000 -19.739744
7.650000 -1.467380
7.700000 -2.125710
7.750000 1.290315
7.800000 10.636902
7.850000 21.365063
7.900000 15.832824
7.950000 9.907484
7.999999 5.162056
8.049999 11.352001
8.100000 -2.231068
8.150000 18.372976
8.200000 -4.872983
8.250000 6.614130
8.300000 5.277797
8.350000 -10.552435
8.400000 -2.265732
8.450000 -9.343755
8.500000 1.875980
8.549999 -8.441648
8.599999 -9.349122
8.650000 -8.470557
8.700000 3.181856
8.750000 1.186970
8.800000 -5.246669
8.850000 10.701105
8.900000 23.342857
8.950000 16.933088
9.000000 2.564336
9.050000 12.022017
9.099999 9.170069
9.149999 2.878470
9.200000 13.510637
9.250000 -1.962219
9.300000 -6.828561
9.350000 -5.722713
9.400000 -9.801088
9.450000 -7.097142
9.500000 -1.382681
9.550000 6.944623
9.600000 4.587721
9.649999 0.682949
9.699999 7.170229
9.750000 -5.598211
9.800000 3.591891
9.850000 8.738072
9.900000 17.419449
9.950000 0.556210
10.000000 -4.632726
10.050000 7.653901
10.100000 11.503222
10.150000 -2.599526
10.199999 -2.379434
10.249999 -0.745129
10.300000 -3.037678
10.350000 3.425953
10.400000 -4.749685
10.450000 -0.777422
10.500000 19.114422
10.550000 2.908423
10.600000 -9.311309
10.650000 -5.330472
10.700000 7.392035
10.749999 2.296507
10.799999 10.410268
10.849999 -3.516796
10.900000 9.798582
10.950000 -0.530117
11.000000 3.330537
11.050000 -13.289851
11.100000 -14.997900
11.150000 -7.651768
11.200000 -7.108620
11.250000 -12.314626
11.299999 -10.758999
11.349999 -1.536214
11.399999 8.864381
11.450000 9.699704
11.500000 -10.851818
11.550000 3.910046
11.600000 19.751751
11.650000 -6.217367
11.700000 4.849978
11.750000 6.459080
11.800000 3.574315
11.849999 12.306070
11.899999 4.370629
11.949999 0.525380
12.000000 -1.852576
12.050000 7.094886
12.100000 -4.733487
12.150000 7.485943
12.200000 -7.745666
12.250000 -8.434476
12.300000 -16.981289
12.350000 -6.405205
12.399999 -13.206330
12.449999 -13.042208
12.499999 -5.421619
12.550000 -16.438028
12.600000 1.426209
12.650000 -6.015849
12.700000 5.749293
12.750000 7.442931
12.800000 15.587557
12.850000 -4.719426
12.900000 17.339624
12.949999 17.559881
12.999999 20.053938
13.049999 6.499949
13.100000 -8.316286
13.150000 24.709517
13.200000 5.305531
13.250000 14.703870
13.300000 -18.722425
13.350000 6.032840
13.400000 -6.817300
13.450000 -12.954758
13.499999 -11.340306
13.549999 -11.788516
13.599999 -5.549209
13.650000 -1.013314
13.700000 5.648352
13.750000 3.626975
13.800000 2.848396
13.850000 -7.176721
13.900000 0.575713
13.950000 7.926392
14.000000 -6.104616
14.049999 12.318668
14.099999 -6.662825
14.149999 2.440638
14.200000 -0.683066
14.250000 3.778134
14.300000 1.510167
14.350000 -11.444386
14.400000 -0.864927
14.450000 -8.374865
14.500000 5.797154
14.549999 3.122737
14.599999 -5.585834
14.649999 -4.499351
14.699999 0.602687
14.750000 2.165752
14.800000 16.214794
14.850000 3.113128
14.900000 -5.687117
14.950000 -6.624836
15.000000 -10.336805
15.050000 9.765906
15.099999 -4.844819
15.149999 18.099358
15.199999 10.353862
15.249999 16.385542
15.299999 -8.404540
15.350000 -0.117417
15.400000 8.781654
15.450000 -11.499883
15.500000 -4.871119
15.550000 -7.938994
15.600000 1.022644
15.650000 2.800013
15.699999 -3.183651
15.750000 12.337570
15.799999 -7.262821
15.850000 6.692838
15.899999 -6.619268
15.950000 7.431198
15.999999 3.941367
16.050000 -0.193787
16.099999 3.992896
16.150000 6.422583
16.200000 6.880004
16.249999 7.011486
16.300000 16.167912
16.349999 4.036492
16.400000 11.639084
16.449999 -3.311879
16.500000 11.293981
16.549999 -20.423483
16.600000 -9.855913
16.649999 11.771661
16.700000 -10.128564
16.750000 10.567386
16.799999 -14.362265
16.850000 4.659787
16.899999 0.633719
16.950000 6.890308
16.999999 6.699256
17.050000 7.756358
17.099999 13.134073
17.150000 6.804317
17.199999 -2.450012
17.250000 1.780814
17.300000 10.384236
17.349999 -3.858096
17.400000 -2.875149
17.449999 -1.889058
17.500000 -21.098644
17.549999 -12.920857
17.600000 -24.095844
17.649999 -18.201818
17.700000 -4.892580
17.749999 -10.681931
17.800000 18.801950
17.850000 3.651741
17.899999 2.920772
17.950000 14.772796
17.999999 -4.542687
18.050000 0.216771
18.099999 10.918835
18.150000 9.462022
18.199999 42.435627
18.250000 8.019921
18.299999 8.060485
18.350000 14.253733
18.400000 -4.610780
18.449999 18.538574
18.500000 22.331940
18.549999 6.297730
18.600000 -3.710377
18.649999 -2.570090
18.700000 -3.649154
18.749999 -5.530366
18.800000 -29.759546
18.849999 -11.879960
18.900000 -4.319209
18.950000 3.245050
18.999999 2.322124
19.050000 5.959806
19.099999 15.784494
19.150000 5.615260
19.199999 8.568178
19.250000 8.168896
19.299999 7.462689
19.350000 6.159359
19.399999 -0.308895
19.450000 -9.341038
19.500000 -24.285004
19.549999 -19.410774
19.600000 -2.071870
19.649999 -6.563691
19.700000 -7.161710
19.749999 -22.483253
19.800000 2.054751
19.849999 -18.413713
19.900000 -1.110243
19.949999 -11.143041
