0.000000 -19.458344
0.050000 -16.381218
0.100000 -15.839858
0.150000 -20.312916
0.200000 4.521844
0.250000 -33.524906
0.300000 -10.599475
0.350000 -3.592064
0.400000 0.063928
0.450000 7.375754
0.500000 14.901101
0.550000 -5.922753
0.600000 5.043353
0.650000 14.858604
0.700000 -13.566694
0.750000 1.896118
0.800000 -7.288036
0.850000 11.399728
0.900000 23.249186
0.950000 1.048899
1.000000 3.601391
1.050000 28.926483
1.100000 8.842659
1.150000 18.800423
1.200000 -2.700553
1.250000 17.960726
1.300000 5.496893
1.350000 -5.196616
1.400000 -10.471995
1.450000 -10.181793
1.500000 -13.266727
1.550000 -2.355946
1.600000 5.819326
1.650000 -4.542850
1.700000 31.494118
1.750000 9.643614
1.800000 -8.734229
1.850000 -17.063374
1.900000 -26.784691
1.950000 4.453187
2.000000 0.929356
2.050000 4.152013
2.100000 1.417091
2.150000 13.506638
2.200000 11.966121
2.250000 12.045035
2.300000 16.244665
2.350000 33.221165
2.400000 -19.862194
2.450000 -21.059561
2.500000 9.442924
2.550000 -5.088270
2.600000 -27.723267
2.650000 11.700281
2.700000 -7.884755
2.750000 26.978189
2.800000 35.166420
2.850000 26.785772
2.900000 17.151886
2.950000 42.622696
3.000000 13.022734
3.050000 62.702801
3.100000 25.336594
3.150000 17.397581
3.200000 4.782271
3.250000 -20.973871
3.300000 -17.359861
3.350000 -59.270733
3.400000 -47.995224
3.450000 -22.484900
3.500000 -51.282074
3.550000 -59.523323
3.600000 -86.869972
3.650000 -74.554329
3.700000 -67.532913
3.750000 -47.968403
3.800000 -42.908096
3.850000 -45.610664
3.900000 1.493359
3.950000 15.796787
4.000000 51.648895
4.050000 103.193062
4.100000 87.270691
4.150000 133.035095
4.200000 163.167648
4.250000 146.363586
4.300000 167.133240
4.350000 171.459122
4.400000 139.914230
4.450000 151.298111
4.500000 139.467804
4.550000 82.052956
4.600000 73.974983
4.650000 17.909048
4.700000 -3.389477
4.750000 -20.476515
4.800000 -77.766441
4.850000 -50.613388
4.900000 -113.499847
4.950000 -124.687111
5.000000 -168.235504
5.050000 -162.518829
5.100000 -185.963486
5.150000 -151.708466
5.200000 -165.656845
5.250000 -139.035583
5.300000 -118.506386
5.350000 -111.669777
5.400000 -76.350975
5.450000 -48.863667
5.500000 -22.707010
5.550000 26.239656
5.600000 43.397728
5.650000 57.947792
5.700000 77.174797
5.750000 91.942268
5.800000 90.734894
5.850000 106.809792
5.900000 107.508240
5.950000 102.805931
6.000000 78.773888
6.050000 69.408165
6.100000 62.177017
6.150000 71.127090
6.200000 64.895912
6.250000 16.761755
6.300000 4.624449
6.350000 9.592653
6.400000 -9.960997
6.450000 -22.903694
6.500000 -50.251717
6.550000 -32.912838
6.600000 -46.644497
6.650000 -35.900887
6.700000 -40.357868
6.750000 -23.420208
6.800000 -34.746857
6.850000 -29.070663
6.900000 -29.106636
6.950000 -9.643806
7.000000 -5.894772
7.050000 -8.685363
7.100000 -1.333762
7.150000 -14.301714
7.200000 35.118557
7.250000 5.442507
7.300000 13.098209
7.350000 1.715888
7.400000 30.717014
7.450000 20.555080
7.500000 26.994688
7.550000 12.294059
7.600000 0.224331
7.650000 1.236661
7.700000 23.596182
7.750000 -3.436794
7.800000 -12.189331
7.850000 -3.703938
7.900000 -22.934561
7.950000 -11.783296
7.999999 12.180566
8.049999 21.314688
8.100000 -7.918655
8.150000 -25.939131
8.200000 -8.190458
8.250000 2.331990
8.300000 -15.664132
8.350000 -25.723362
8.400000 -16.907614
8.450000 -17.598463
8.500000 -30.530931
8.549999 -19.130671
8.599999 -2.017369
8.650000 -7.695641
8.700000 0.337740
8.750000 -0.131386
8.800000 2.095462
8.850000 11.007725
8.900000 -3.523674
8.950000 39.391411
9.000000 41.475811
9.050000 -3.694175
9.099999 -8.353065
9.149999 39.485817
9.200000 -3.149215
9.250000 16.089094
9.300000 -7.751678
9.350000 -18.972631
9.400000 4.497214
9.450000 15.867081
9.500000 -5.813919
9.550000 -7.918968
9.600000 -4.098721
9.649999 -7.291425
9.699999 17.010275
9.750000 -5.178623
9.800000 8.428720
9.850000 -21.514530
9.900000 6.239423
9.950000 -0.433079
10.000000 -12.060057
10.050000 12.679214
10.100000 -12.016666
10.150000 7.238695
10.199999 -11.069803
10.249999 11.741979
10.300000 11.531843
10.350000 13.707318
10.400000 15.574623
10.450000 4.671725
10.500000 18.455162
10.550000 -3.006197
10.600000 -2.439118
10.650000 26.675461
10.700000 0.015529
10.749999 11.351277
10.799999 1.434267
10.849999 -4.086311
10.900000 21.434456
10.950000 16.887238
11.000000 -8.164182
11.050000 9.397245
11.100000 -25.399799
11.150000 -32.095364
11.200000 -25.746424
11.250000 2.516889
11.299999 -5.130658
11.349999 14.867940
11.399999 -3.573090
11.450000 -9.467619
11.500000 9.984923
11.550000 7.991458
11.600000 19.896341
11.650000 12.606234
11.700000 -3.679842
11.750000 -26.270153
11.800000 -4.656000
11.849999 13.958073
11.899999 -5.042270
11.949999 13.166762
12.000000 -1.974025
12.050000 9.958539
12.100000 2.843610
12.150000 2.531846
12.200000 12.588990
12.250000 9.095128
12.300000 4.701966
12.350000 15.720517
12.399999 -6.100394
12.449999 -11.030598
12.499999 -17.220558
12.550000 -8.631216
12.600000 -30.333019
12.650000 -6.576555
12.700000 37.584343
12.750000 -9.846167
12.800000 6.807755
12.850000 -4.937340
12.900000 8.006441
12.949999 23.705252
12.999999 8.798991
13.049999 10.983094
13.100000 -6.258995
13.150000 15.757436
13.200000 -12.569410
13.250000 5.670802
13.300000 6.318587
13.350000 15.615771
13.400000 8.432137
13.450000 2.527959
13.499999 14.770833
13.549999 -10.458065
13.599999 17.740011
13.650000 -7.313887
13.700000 15.442259
13.750000 11.709585
13.800000 14.425529
13.850000 14.005486
13.900000 3.370945
13.950000 15.697421
14.000000 -7.893558
14.049999 -17.347172
14.099999 -13.511873
14.149999 0.347970
14.200000 -18.429552
14.250000 -3.182206
14.300000 -25.169348
14.350000 17.961199
14.400000 2.911381
14.450000 -16.163546
14.500000 3.998828
14.549999 8.906466
14.599999 -5.908730
14.649999 -16.028418
14.699999 -1.113353
14.750000 -20.628967
14.800000 -13.651162
14.850000 -18.650597
14.900000 -10.071027
14.950000 -29.688229
15.000000 -9.293236
15.050000 5.866745
15.099999 1.647008
15.149999 -4.437908
15.199999 -2.765705
15.249999 13.913079
15.299999 9.192170
15.350000 14.856522
15.400000 7.024982
15.450000 9.720822
15.500000 12.045102
15.550000 9.675578
15.600000 -0.442189
15.650000 0.339702
15.699999 1.755367
15.750000 9.487482
15.799999 8.491073
15.850000 22.147270
15.899999 15.297609
15.950000 -21.480972
15.999999 9.349614
16.050000 -18.499979
16.099999 11.593369
16.150000 -19.929737
16.200000 -53.200310
16.249999 -12.246883
16.300000 -20.231531
16.349999 -21.939066
16.400000 11.382856
16.449999 5.728715
16.500000 12.227081
16.549999 30.275055
16.600000 12.553516
16.649999 -3.613234
16.700000 23.426769
16.750000 1.713471
16.799999 8.030255
16.850000 20.781944
16.899999 16.913557
16.950000 12.571621
16.999999 14.596767
17.050000 -16.653105
17.099999 -11.440830
17.150000 22.230045
17.199999 11.359108
17.250000 26.159063
17.300000 -9.011530
17.349999 9.562432
17.400000 11.048620
17.449999 0.521694
17.500000 4.148514
17.549999 -2.733612
17.600000 1.670897
17.649999 -11.700362
17.700000 -13.462181
17.749999 0.356014
17.800000 -8.809223
17.850000 -0.253583
17.899999 -22.647013
17.950000 -2.684721
17.999999 -10.747516
18.050000 1.702049
18.099999 -1.981453
18.150000 -3.823120
18.199999 28.954676
18.250000 24.099577
18.299999 19.462204
18.350000 -11.679955
18.400000 13.329863
18.449999 23.130741
18.500000 13.823128
18.549999 22.634163
18.600000 10.411315
18.649999 34.257687
18.700000 -21.791204
18.749999 0.243153
18.800000 4.215066
18.849999 -12.915892
18.900000 -1.529679
18.950000 -27.993626
18.999999 -12.949752
19.050000 10.255498
19.099999 8.071821
19.150000 -21.385927
19.199999 -1.019835
19.250000 -14.523738
19.299999 -12.722421
19.350000 -9.367933
19.399999 -1.096354
19.450000 -4.488821
19.500000 17.396807
19.549999 17.870123
19.600000 16.974398
19.649999 10.946932
19.700000 27.283482
19.749999 15.757642
19.800000 29.760054
19.849999 9.908519
19.900000 13.719719
19.949999 -0.260427
