0.000000 -0.085063
0.050000 -0.111418
0.100000 -0.160512
0.150000 0.003881
0.200000 -0.249695
0.250000 0.307997
0.300000 0.033689
0.350000 0.245201
0.400000 -0.407816
0.450000 0.268730
0.500000 0.013496
0.550000 0.529863
0.600000 0.347375
0.650000 -0.002589
0.700000 0.029511
0.750000 0.040440
0.800000 0.074974
0.850000 -0.160806
0.900000 0.209693
0.950000 -0.595697
1.000000 -0.586698
1.050000 -0.575759
1.100000 -0.188136
1.150000 -0.611830
1.200000 0.242514
1.250000 0.044703
1.300000 0.386571
1.350000 -0.217383
1.400000 0.196329
1.450000 -0.226683
1.500000 -0.347717
1.550000 -0.573179
1.600000 0.324532
1.650000 -0.135218
1.700000 0.098258
1.750000 0.206875
1.800000 0.374502
1.850000 0.282194
1.900000 0.593339
1.950000 0.519726
2.000000 0.090646
2.050000 0.649740
2.100000 -0.103577
2.150000 0.284214
2.200000 -0.152817
2.250000 -0.617720
2.300000 -0.620775
2.350000 -0.243627
2.400000 0.103761
2.450000 -0.522852
2.500000 0.062536
2.550000 0.049510
2.600000 0.112195
2.650000 0.110526
2.700000 -0.079843
2.750000 0.320724
2.800000 -0.252261
2.850000 0.456989
2.900000 -0.202852
2.950000 0.001963
3.000000 -0.039729
3.050000 0.407172
3.100000 -0.379978
3.150000 0.129639
3.200000 0.131936
3.250000 0.121405
3.300000 0.189961
3.350000 0.194818
3.400000 -0.345996
3.450000 -0.352366
3.500000 -0.665818
3.550000 -0.508910
3.600000 -0.491439
3.650000 -0.277502
3.700000 -0.609521
3.750000 -0.033670
3.800000 0.017340
3.850000 1.175076
3.900000 0.696291
3.950000 0.600190
4.000000 0.683990
4.050000 1.593587
4.100000 0.979139
4.150000 0.733796
4.200000 0.895205
4.250000 1.140650
4.300000 0.222991
4.350000 0.155515
4.400000 0.038894
4.450000 -0.209936
4.500000 -0.416275
4.550000 -0.520673
4.600000 -0.938301
4.650000 -1.563120
4.700000 -1.063395
4.750000 -1.724928
4.800000 -1.771858
4.850000 -1.569863
4.900000 -0.739906
4.950000 -0.572430
5.000000 -0.735963
5.050000 0.274292
5.100000 0.830831
5.150000 1.101375
5.200000 1.679161
5.250000 1.993063
5.300000 1.818883
5.350000 2.213596
5.400000 1.849275
5.450000 1.698554
5.500000 1.911230
5.550000 1.047370
5.600000 0.944978
5.650000 0.110356
5.700000 0.229916
5.750000 -0.506147
5.800000 -0.448370
5.850000 -0.969717
5.900000 -1.386608
5.950000 -1.844739
6.000000 -2.198838
6.050000 -1.829104
6.100000 -1.841988
6.150000 -1.879098
6.200000 -1.330364
6.250000 -0.774886
6.300000 -0.371268
6.350000 0.131516
6.400000 0.356815
6.450000 1.143500
6.500000 1.549226
6.550000 1.548525
6.600000 1.759078
6.650000 1.632620
6.700000 1.770559
6.750000 1.654914
6.800000 1.179220
6.850000 1.241745
6.900000 0.915357
6.950000 0.047261
7.000000 0.018664
7.050000 -0.316721
7.100000 -0.671951
7.150000 -0.856303
7.200000 -1.529740
7.250000 -1.527680
7.300000 -1.635880
7.350000 -1.229364
7.400000 -1.682956
7.450000 -1.366315
7.500000 -0.885969
7.550000 -0.004223
7.600000 -0.153764
7.650000 0.551835
7.700000 1.208305
7.750000 1.285072
7.800000 1.619835
7.850000 1.733366
7.900000 1.466796
7.950000 1.256954
8.000000 0.917026
8.050000 0.478864
8.100000 0.626283
8.150000 0.198917
8.200000 -0.524456
8.250000 -0.447457
8.300000 -0.339276
8.350000 -0.640814
8.400000 -0.750498
8.450000 -1.015411
8.500000 -0.702119
8.550000 -0.757055
8.600000 -0.228720
8.650000 -0.572226
8.700000 0.197284
8.750000 0.032688
8.800000 -0.167791
8.850000 0.826263
8.900000 0.556210
8.950000 0.518583
9.000000 0.719593
9.050000 0.131056
9.100000 0.488197
9.150000 0.463220
9.200000 0.865617
9.250000 0.199975
9.300000 0.006300
9.350000 0.061694
9.400000 0.129897
9.450000 -0.588394
9.500000 -0.491518
9.550000 -0.577562
9.600000 -0.240094
9.650000 -0.216179
9.700000 -0.479824
9.750000 -0.384207
9.800000 -0.557224
9.850000 0.239252
9.900000 0.323387
9.950000 0.130295
10.000000 0.297351
10.050000 0.579946
10.100000 0.751179
10.150000 0.724143
10.200000 0.673959
10.250000 0.393128
10.300000 0.412018
10.350000 0.297194
10.400000 0.118649
10.450000 0.227273
10.500000 -0.073958
10.550000 -0.421331
10.600000 -0.076296
10.650000 -0.390154
10.700000 -0.549356
10.750000 -0.451889
10.800000 -0.350514
10.850000 -0.672151
10.900000 0.031632
10.950000 -0.213059
11.000000 -0.060339
11.050000 -0.096811
11.100000 -0.021426
11.150000 -0.263730
11.200000 -0.006718
11.250000 0.029851
11.300000 0.240813
11.350000 0.426584
11.400000 0.098699
11.450000 0.226345
11.500000 0.314784
11.550000 0.151702
11.600000 -0.198793
11.650000 0.160397
11.700000 0.152020
11.750000 -0.191245
11.800000 -0.069027
11.850000 0.261263
11.900000 0.040725
11.950000 0.343037
12.000000 0.002008
12.050000 -0.070574
12.100000 0.064015
12.150000 -0.095624
12.200000 -0.188528
12.250000 -0.132796
12.300000 -0.256344
12.350000 -0.232527
12.400000 -0.020769
12.450000 -0.107999
12.500000 0.293652
12.550000 0.108067
12.600000 0.448150
12.650000 0.350993
12.700000 0.295668
12.750000 -0.130312
12.800000 0.361278
12.850000 -0.116328
12.900000 -0.154966
12.950000 0.355581
13.000000 0.423095
13.050000 0.638052
13.100000 0.031902
13.150000 -0.149381
13.200000 -0.239733
13.250000 -0.064434
13.300000 0.085834
13.350000 -0.154153
13.400000 -0.403312
13.450000 -0.332015
13.500000 0.182211
13.550000 -0.172651
13.600000 0.108350
13.650000 0.024493
13.700000 0.051193
13.750000 -0.041007
13.800000 -0.103913
13.850000 0.427652
13.900000 0.394936
13.950000 0.296493
14.000000 0.376583
14.050000 -0.074710
14.100000 -0.030356
14.150000 0.567657
14.200000 0.455779
14.250000 0.314014
14.300000 0.299700
14.350000 0.255746
14.400000 0.122582
14.450000 0.931530
14.500000 -0.021701
14.550000 -0.187120
14.600000 -0.044813
14.650000 -0.152109
14.700000 -0.107986
14.750000 -0.014367
14.800000 -0.330695
14.850000 -0.072352
14.900000 -0.071669
14.950000 0.110418
15.000000 -0.197739
15.050000 0.022045
15.100000 -0.148427
15.150000 0.354162
15.200000 0.760462
15.250000 0.502077
15.300000 -0.125167
15.350000 0.684147
15.400000 0.073866
15.450000 0.359415
15.500000 0.294236
15.550000 0.419035
15.600000 -0.252168
15.650000 0.565630
15.700000 -0.026807
15.750000 -0.189883
15.800000 -0.402187
15.850000 -0.503903
15.900000 0.105508
15.950000 -0.301174
16.000000 -0.451481
16.050000 0.106651
16.100000 -0.176378
16.150000 0.153787
16.200000 -0.041315
16.250000 -0.211007
16.300000 -0.093989
16.350000 -0.021577
16.400000 0.100223
16.450000 -0.001029
16.500000 0.524699
16.550000 0.487401
16.600000 0.039730
16.650000 0.391993
16.700000 0.226091
16.750000 0.132919
16.800000 -0.035461
16.850000 0.209212
16.900000 0.544850
16.950000 0.005133
17.000000 0.375929
17.050000 -0.045921
17.100000 -0.635237
17.150000 -0.307160
17.200000 -0.270702
17.250000 -0.364665
17.300000 -0.317646
17.350000 -0.252673
17.400000 -0.168552
17.450000 0.025414
17.500000 0.031133
17.550000 0.033203
17.600000 -0.407355
17.650000 -0.091544
17.700000 0.262570
17.750000 -0.026756
17.800000 0.181341
17.850000 0.616770
17.900000 0.686369
17.950000 -0.004825
18.000000 0.625602
18.050000 0.000613
18.100000 0.226181
18.150000 0.296231
18.200000 -0.111631
18.250000 0.258187
18.300000 0.294544
18.350000 -0.301022
18.400000 -0.214948
18.450000 0.093158
18.500000 -0.213344
18.550000 -0.354292
18.600000 -0.514861
18.650000 0.045656
18.700000 -0.474322
18.750000 -0.333347
18.800000 0.031115
18.850000 0.251097
18.900000 -0.170726
18.950000 -0.149884
19.000000 0.245111
19.050000 -0.386339
19.100000 0.018990
19.150000 -0.163751
19.200000 0.400416
19.250000 -0.150655
19.300000 0.447848
19.350000 -0.126157
19.400000 0.315425
19.450000 0.319288
19.500000 0.394309
19.550000 0.194730
19.600000 0.279702
19.650000 -0.091310
19.700000 -0.101608
19.750000 0.044591
19.799999 -0.023822
19.849999 -0.173077
19.899999 -0.272224
19.949999 0.027046
