0.000000 0.851794
0.050000 0.571274
0.100000 -0.141848
0.150000 -1.675469
0.200000 -0.736222
0.250000 -0.615630
0.300000 0.465521
0.350000 -0.339230
0.400000 -0.833318
0.450000 0.109181
0.500000 1.281742
0.550000 -1.153815
0.600000 1.748521
0.650000 -0.541380
0.700000 -0.562181
0.750000 -2.664428
0.800000 -0.671028
0.850000 0.257956
0.900000 -0.168733
0.950000 0.362463
1.000000 0.577136
1.050000 -0.441024
1.100000 2.487749
1.150000 -0.746361
1.200000 -0.369457
1.250000 0.665843
1.300000 0.857507
1.350000 -0.171981
1.400000 -1.180878
1.450000 -1.076880
1.500000 -1.029547
1.550000 0.276661
1.600000 0.298647
1.650000 0.067383
1.700000 -1.826633
1.750000 -0.439291
1.800000 -1.018913
1.850000 1.271000
1.900000 -1.397860
1.950000 -1.086498
2.000000 1.117615
2.050000 -1.005390
2.100000 0.328369
2.150000 -2.061235
2.200000 2.091647
2.250000 0.100772
2.300000 2.438111
2.350000 1.269564
2.400000 0.564300
2.450000 1.341230
2.500000 3.005598
2.550000 -0.312320
2.600000 0.492098
2.650000 0.590441
2.700000 1.308933
2.750000 -0.015141
2.800000 3.562992
2.850000 1.777813
2.900000 4.143246
2.950000 0.049986
3.000000 3.211755
3.050000 4.105246
3.100000 5.530521
3.150000 2.737875
3.200000 3.291121
3.250000 2.218328
3.300000 1.080878
3.350000 2.905780
3.400000 1.375808
3.450000 -1.262075
3.500000 -3.958691
3.550000 -3.166546
3.600000 -4.915441
3.650000 -6.984840
3.700000 -8.255815
3.750000 -8.673174
3.800000 -10.540509
3.850000 -8.884156
3.900000 -11.076821
3.950000 -9.689536
4.000000 -9.006380
4.050000 -8.033435
4.100000 -2.172810
4.150000 -1.098991
4.200000 2.876358
4.250000 6.573789
4.300000 9.061352
4.350000 12.066580
4.400000 13.732159
4.450000 16.115458
4.500000 15.802808
4.550000 15.010798
4.600000 14.444433
4.650000 14.268082
4.700000 10.580104
4.750000 10.822261
4.800000 9.242077
4.850000 4.470224
4.900000 5.109859
4.950000 3.223227
5.000000 0.458647
5.050000 -0.539031
5.100000 -2.433033
5.150000 -3.348155
5.200000 -5.703122
5.250000 -7.542718
5.300000 -6.821422
5.350000 -10.650648
5.400000 -11.635906
5.450000 -9.686538
5.500000 -8.100254
5.550000 -10.445731
5.600000 -9.965405
5.650000 -9.435535
5.700000 -8.114751
5.750000 -9.385720
5.800000 -8.452585
5.850000 -4.372172
5.900000 -3.720515
5.950000 -2.597335
6.000000 -1.255376
6.050000 -0.875610
6.100000 1.133929
6.150000 4.317153
6.200000 4.281208
6.250000 6.258871
6.300000 6.241906
6.350000 6.769056
6.400000 5.978774
6.450000 7.248685
6.500000 5.032359
6.550000 6.307188
6.600000 6.701303
6.650000 5.691249
6.700000 5.904397
6.750000 4.791517
6.800000 4.419657
6.850000 5.304049
6.900000 2.013012
6.950000 3.830766
7.000000 0.469213
7.050000 0.720266
7.100000 -0.593590
7.150000 -0.039467
7.200000 -4.037916
7.250000 -0.641894
7.300000 -0.265107
7.350000 -3.215224
7.400000 -2.812068
7.450000 -4.155742
7.500000 -4.594028
7.550000 -1.792195
7.600000 -1.180830
7.650000 -0.865780
7.700000 -0.060690
7.750000 -1.517374
7.800000 2.170627
7.850000 -1.726206
7.900000 -0.276472
7.950000 0.910986
7.999999 -0.199672
8.049999 0.312398
8.100000 0.176921
8.150000 1.039271
8.200000 -1.522927
8.250000 -0.404689
8.300000 -0.725216
8.350000 -0.818309
8.400000 0.008178
8.450000 -0.678045
8.500000 0.519824
8.549999 -0.338641
8.599999 2.915179
8.650000 -1.962688
8.700000 -1.242597
8.750000 -1.394363
8.800000 -1.829646
8.850000 1.020977
8.900000 -0.735168
8.950000 0.308582
9.000000 1.194864
9.050000 0.465568
9.099999 0.380602
9.149999 1.309963
9.200000 1.833357
9.250000 -0.675008
9.300000 0.684743
9.350000 1.159243
9.400000 0.187389
9.450000 1.445050
9.500000 0.081698
9.550000 1.665524
9.600000 1.344155
9.649999 2.083560
9.699999 1.625428
9.750000 -0.031477
9.800000 1.062281
9.850000 1.424133
9.900000 -0.610866
9.950000 -0.640557
10.000000 -1.371139
10.050000 -1.601498
10.100000 -3.054289
10.150000 -0.690364
10.199999 1.297524
10.249999 -0.201909
10.300000 0.704258
10.350000 -0.699998
10.400000 0.830914
10.450000 0.582247
10.500000 -0.422881
10.550000 0.954537
10.600000 -0.428741
10.650000 -1.310580
10.700000 -0.145118
10.749999 0.298449
10.799999 1.398846
10.849999 -0.529309
10.900000 2.012757
10.950000 -0.103357
11.000000 -1.721766
11.050000 -0.200667
11.100000 3.053506
11.150000 -0.498469
11.200000 2.570450
11.250000 2.773749
11.299999 0.900886
11.349999 0.429290
11.399999 0.813627
11.450000 1.529335
11.500000 0.028213
11.550000 0.302446
11.600000 0.137816
11.650000 -0.576450
11.700000 -0.048538
11.750000 -0.166288
11.800000 -0.346630
11.849999 -0.672496
11.899999 -1.542456
11.949999 1.977968
12.000000 0.327041
12.050000 1.675167
12.100000 0.267067
12.150000 -0.846738
12.200000 0.441096
12.250000 -2.577329
12.300000 -1.116123
12.350000 -0.962145
12.399999 -0.418217
12.449999 -0.171799
12.499999 -0.392815
12.550000 -2.397862
12.600000 1.059680
12.650000 -0.562402
12.700000 0.880541
12.750000 -0.510492
12.800000 0.179361
12.850000 -1.124931
12.900000 -1.972849
12.949999 0.517371
12.999999 0.105140
13.049999 -1.531472
13.100000 1.517998
13.150000 -0.356945
13.200000 -1.298032
13.250000 1.291208
13.300000 -0.853769
13.350000 -0.746732
13.400000 -0.909587
13.450000 0.237536
13.499999 0.531045
13.549999 1.996502
13.599999 1.021755
13.650000 0.186868
13.700000 -0.811152
13.750000 1.255464
13.800000 -0.170392
13.850000 -0.410563
13.900000 1.206644
13.950000 -1.823847
14.000000 -0.457194
14.049999 0.532470
14.099999 0.330290
14.149999 -0.238215
14.200000 1.989216
14.250000 0.969057
14.300000 1.475562
14.350000 0.857641
14.400000 -0.199349
14.450000 0.497766
14.500000 1.846551
14.549999 0.673249
14.599999 0.691010
14.649999 -0.735973
14.699999 0.933061
14.750000 -0.234044
14.800000 -1.851440
14.850000 -1.464394
14.900000 -0.488079
14.950000 -0.264855
15.000000 1.511575
15.050000 0.279020
15.099999 0.324667
15.149999 1.194159
15.199999 0.502355
15.249999 -0.904694
15.299999 0.401241
15.350000 -0.514883
15.400000 -0.723181
15.450000 -0.647661
15.500000 -1.158844
15.550000 -2.372011
15.600000 -1.405478
15.650000 -1.042660
15.699999 -0.577285
15.750000 -0.129996
15.799999 -2.097538
15.850000 -0.140735
15.899999 -2.833386
15.950000 -0.110510
15.999999 -0.588353
16.050000 0.072460
16.099999 0.300126
16.150000 -0.686759
16.200000 -2.258148
16.249999 0.547342
16.300000 1.050143
16.349999 -3.037890
16.400000 -1.120376
16.449999 -3.163041
16.500000 -2.242666
16.549999 -2.423357
16.600000 -3.906543
16.649999 -3.459511
16.700000 -0.497169
16.750000 -2.086782
16.799999 -1.040752
16.850000 -0.060412
16.899999 -1.133778
16.950000 0.436976
16.999999 -0.513859
17.050000 0.248296
17.099999 0.200649
17.150000 2.068659
17.199999 -0.831235
17.250000 0.554995
17.300000 -0.209580
17.349999 0.274654
17.400000 1.602188
17.449999 3.640865
17.500000 -0.583879
17.549999 0.718450
17.600000 -1.763876
17.649999 0.347061
17.700000 -1.896648
17.749999 -0.148453
17.800000 -1.510497
17.850000 0.117483
17.899999 1.026850
17.950000 0.002036
17.999999 -0.007306
18.050000 -0.402943
18.099999 -0.046972
18.150000 -2.994331
18.199999 -1.648775
18.250000 -1.803710
18.299999 -0.939565
18.350000 0.796656
18.400000 -0.455160
18.449999 0.813587
18.500000 0.427722
18.549999 -0.250525
18.600000 1.379426
18.649999 0.969711
18.700000 1.159725
18.749999 0.655500
18.800000 0.278226
18.849999 -0.713413
18.900000 2.483610
18.950000 -1.633714
18.999999 0.709107
19.050000 -0.941182
19.099999 -1.008610
19.150000 -0.945225
19.199999 -0.419894
19.250000 -1.592547
19.299999 -0.293567
19.350000 0.656624
19.399999 -1.266578
19.450000 -0.181726
19.500000 0.509189
19.549999 -0.324147
19.600000 2.065796
19.649999 -0.448372
19.700000 0.459449
19.749999 0.903095
19.800000 2.129709
19.849999 2.073387
19.900000 0.671236
19.949999 2.960877
