0.000000 8.203462
0.050000 1.159643
0.100000 4.580292
0.150000 3.738212
0.200000 5.225345
0.250000 3.380442
0.300000 -3.403136
0.350000 -5.646281
0.400000 -0.040619
0.450000 -1.137147
0.500000 -6.775433
0.550000 -0.322475
0.600000 3.184316
0.650000 -2.065626
0.700000 -1.619949
0.750000 -0.789769
0.800000 1.594397
0.850000 2.095530
0.900000 0.444142
0.950000 4.065299
1.000000 -0.251751
1.050000 -2.328828
1.100000 3.975746
1.150000 -0.824974
1.200000 -2.403583
1.250000 3.995307
1.300000 3.833533
1.350000 -0.356079
1.400000 -3.865824
1.450000 1.117344
1.500000 3.355737
1.550000 -3.938344
1.600000 -4.927392
1.650000 -7.841185
1.700000 0.346815
1.750000 -2.851703
1.800000 5.682642
1.850000 6.440073
1.900000 -2.005687
1.950000 8.273766
2.000000 3.851933
2.050000 -1.599801
2.100000 8.022843
2.150000 6.119046
2.200000 3.165734
2.250000 8.516826
2.300000 6.650090
2.350000 9.365620
2.400000 11.419156
2.450000 -2.460922
2.500000 -0.374673
2.550000 -2.185586
2.600000 -7.875951
2.650000 -17.659449
2.700000 -22.196987
2.750000 -29.102100
2.800000 -39.296524
2.850000 -41.104877
2.900000 -40.569084
2.950000 -41.994297
3.000000 -20.100616
3.050000 -4.877137
3.100000 9.602201
3.150000 33.253014
3.200000 42.934761
3.250000 62.167770
3.300000 61.545265
3.350000 60.721531
3.400000 52.734974
3.450000 43.661636
3.500000 22.993877
3.550000 11.950873
3.600000 -5.171619
3.650000 -15.763274
3.700000 -22.085939
3.750000 -24.191723
3.800000 -21.138693
3.850000 -29.087700
3.900000 -21.208841
3.950000 -14.880214
4.000000 -6.575531
4.050000 -4.478554
4.100000 -0.030849
4.150000 -5.319097
4.200000 3.317608
4.250000 -0.354594
4.300000 1.873108
4.350000 -9.211863
4.400000 -13.161771
4.450000 -15.042090
4.500000 -12.820942
4.550000 -20.525803
4.600000 -18.898989
4.650000 -5.045225
4.700000 -9.096902
4.750000 -3.290648
4.800000 1.941130
4.850000 9.054103
4.900000 19.578102
4.950000 26.654764
5.000000 19.092089
5.050000 20.859430
5.100000 24.185129
5.150000 24.587366
5.200000 16.218145
5.250000 24.904991
5.300000 5.981546
5.350000 -1.857497
5.400000 -12.171901
5.450000 -10.248307
5.500000 -18.659603
5.550000 -14.438307
5.600000 -12.959946
5.650000 -5.003958
5.700000 -2.810546
5.750000 -4.721550
5.800000 9.661592
5.850000 12.491421
5.900000 14.552118
5.950000 13.356334
6.000000 11.385730
6.050000 4.381675
6.100000 5.346521
6.150000 8.050354
6.200000 1.062859
6.250000 -5.189456
6.300000 -4.683503
6.350000 -3.979185
6.400000 0.035894
6.450000 -9.248383
6.500000 -9.012204
6.550000 -5.991887
6.600000 -4.885359
6.650000 0.200286
6.700000 -2.215648
6.750000 -3.707199
6.800000 -1.053617
6.850000 7.651076
6.900000 -0.349443
6.950000 0.875719
7.000000 1.512673
7.050000 4.633819
7.100000 5.946205
7.150000 -1.807071
7.200000 -0.371859
7.250000 -0.632632
7.300000 -0.055220
7.350000 -4.193107
7.400000 -5.944867
7.450000 -2.799878
7.500000 -1.617896
7.550000 -1.867056
7.600000 -3.425505
7.650000 -4.091002
7.700000 0.908608
7.750000 6.668180
7.800000 0.111597
7.850000 8.850065
7.900000 3.505924
7.950000 8.690862
7.999999 5.321950
8.049999 -1.288006
8.100000 4.329291
8.150000 0.270231
8.200000 -6.215963
8.250000 0.255195
8.300000 -2.780593
8.350000 0.678444
8.400000 2.071477
8.450000 7.641387
8.500000 9.020203
8.549999 5.681123
8.599999 2.715403
8.650000 3.236731
8.700000 -4.137167
8.750000 -8.198866
8.800000 0.782397
8.850000 -6.609195
8.900000 -2.046016
8.950000 -3.112318
9.000000 -0.464620
9.050000 -1.709278
9.099999 -1.668305
9.149999 -3.027626
9.200000 0.281895
9.250000 -1.481216
9.300000 5.695740
9.350000 0.247831
9.400000 -1.158445
9.450000 -4.723485
9.500000 3.558637
9.550000 6.979480
9.600000 -5.532761
9.649999 9.883277
9.699999 1.697759
9.750000 -1.128069
9.800000 11.352491
9.850000 -0.156915
9.900000 3.405796
9.950000 8.456365
10.000000 -3.005771
10.050000 0.422806
10.100000 -3.068725
10.150000 -1.652765
10.199999 -2.564245
10.249999 -2.123167
10.300000 0.156258
10.350000 -0.699440
10.400000 0.350947
10.450000 -6.702610
10.500000 -7.125734
10.550000 0.019455
10.600000 4.464838
10.650000 4.302701
10.700000 0.319508
10.749999 3.872318
10.799999 -4.838382
10.849999 1.520056
10.900000 3.743680
10.950000 3.524093
11.000000 0.221165
11.050000 2.774002
11.100000 5.160325
11.150000 4.319777
11.200000 3.296990
11.250000 2.085881
11.299999 -1.625225
11.349999 3.052058
11.399999 5.174706
11.450000 7.005267
11.500000 1.289270
11.550000 6.985843
11.600000 2.687730
11.650000 -1.148372
11.700000 7.586792
11.750000 3.172801
11.800000 0.923588
11.849999 2.375413
11.899999 0.430575
11.949999 0.920701
12.000000 -1.469386
12.050000 1.098829
12.100000 -0.351443
12.150000 0.400311
12.200000 1.517864
12.250000 -4.091788
12.300000 -2.183621
12.350000 0.421727
12.399999 0.060318
12.449999 -0.023710
12.499999 9.149322
12.550000 1.029707
12.600000 0.637265
12.650000 4.736055
12.700000 -4.790618
12.750000 -3.227656
12.800000 -0.243453
12.850000 -5.453172
12.900000 -5.672388
12.949999 -6.483724
12.999999 -2.502839
13.049999 1.358124
13.100000 2.436753
13.150000 2.809613
13.200000 5.420407
13.250000 4.458869
13.300000 1.466991
13.350000 3.118329
13.400000 -1.389097
13.450000 4.119709
13.499999 -1.041597
13.549999 -7.768496
13.599999 1.776665
13.650000 -7.407822
13.700000 0.912902
13.750000 -0.699884
13.800000 -0.628005
13.850000 1.108197
13.900000 -6.327369
13.950000 -0.476263
14.000000 -1.332339
14.049999 -5.431746
14.099999 -5.450679
14.149999 -0.836757
14.200000 -1.027990
14.250000 1.749285
14.300000 0.985880
14.350000 2.138263
14.400000 1.100340
14.450000 4.391719
14.500000 1.377234
14.549999 -1.615028
14.599999 2.642104
14.649999 0.713610
14.699999 0.943701
14.750000 -3.584245
14.800000 1.817603
14.850000 10.940600
14.900000 4.594555
14.950000 7.538671
15.000000 -0.406969
15.050000 4.423858
15.099999 -2.830965
15.149999 -4.077805
15.199999 0.164386
15.249999 -1.067122
15.299999 -3.694323
15.350000 -3.185421
15.400000 -3.105545
15.450000 -0.881995
15.500000 -4.366446
15.550000 4.934901
15.600000 -3.510154
15.650000 -5.174045
15.699999 1.147605
15.750000 8.059765
15.799999 -0.841425
15.850000 -0.511341
15.899999 -1.652522
15.950000 4.624719
15.999999 -4.199018
16.050000 -0.706139
16.099999 2.054418
16.150000 4.043930
16.200000 0.100451
16.249999 -1.576655
16.300000 6.053762
16.349999 -0.718445
16.400000 6.927553
16.449999 11.376794
16.500000 -0.613134
16.549999 0.387615
16.600000 0.685710
16.649999 -6.424947
16.700000 -6.323015
16.750000 -1.552402
16.799999 -7.097173
16.850000 -3.799413
16.899999 -4.697650
16.950000 9.578184
16.999999 2.163719
17.050000 1.098754
17.099999 3.791542
17.150000 5.088899
17.199999 1.991914
17.250000 -3.321259
17.300000 3.309153
17.349999 -2.328505
17.400000 3.907217
17.449999 5.358734
17.500000 -2.037953
17.549999 2.152373
17.600000 3.586399
17.649999 -1.890898
17.700000 0.223723
17.749999 -2.670311
17.800000 -7.296044
17.850000 1.813913
17.899999 2.344790
17.950000 -2.829033
17.999999 -1.817122
18.050000 -7.642861
18.099999 1.171650
18.150000 -4.735763
18.199999 -2.567872
18.250000 5.540224
18.299999 5.099059
18.350000 4.403261
18.400000 5.311913
18.449999 5.437758
18.500000 -1.533941
18.549999 9.674563
18.600000 8.621226
18.649999 2.272968
18.700000 1.419246
18.749999 -0.507285
18.800000 -1.720589
18.849999 -2.539514
18.900000 -0.039960
18.950000 0.208237
18.999999 -6.429484
19.050000 0.541349
19.099999 -1.367413
19.150000 5.894598
19.199999 8.926801
19.250000 5.777422
19.299999 0.695562
19.350000 5.253309
19.399999 4.586914
19.450000 7.194491
19.500000 4.306496
19.549999 -1.514995
19.600000 -2.098390
19.649999 -3.539715
19.700000 -1.881617
19.749999 -3.136653
19.800000 -5.919989
19.849999 2.153988
19.900000 -1.623105
19.949999 -4.896491
