0.000000 -1.308847
0.050000 0.485169
0.100000 1.237683
0.150000 6.363899
0.200000 2.761057
0.250000 2.431853
0.300000 2.132372
0.350000 1.121408
0.400000 -0.995666
0.450000 -1.185027
0.500000 -1.322387
0.550000 2.461441
0.600000 4.436691
0.650000 -3.535705
0.700000 1.314328
0.750000 -1.012495
0.800000 4.080875
0.850000 4.797565
0.900000 3.211152
0.950000 0.354493
1.000000 -3.754563
1.050000 -3.506310
1.100000 -0.937859
1.150000 0.810701
1.200000 -1.937786
1.250000 1.681243
1.300000 0.421937
1.350000 1.980857
1.400000 -0.989191
1.450000 2.780213
1.500000 -2.539788
1.550000 -3.328351
1.600000 -3.548246
1.650000 1.427679
1.700000 4.896625
1.750000 1.311292
1.800000 1.843155
1.850000 -1.372584
1.900000 3.726664
1.950000 0.217299
2.000000 0.495290
2.050000 -0.534005
2.100000 0.692533
2.150000 2.746726
2.200000 1.571161
2.250000 -0.730780
2.300000 0.087279
2.350000 2.257638
2.400000 -4.396114
2.450000 -2.524196
2.500000 2.374331
2.550000 -4.950788
2.600000 0.196057
2.650000 1.259823
2.700000 1.362149
2.750000 0.654598
2.800000 -2.099845
2.850000 -4.902771
2.900000 -4.382754
2.950000 -11.360447
3.000000 -3.188794
3.050000 5.447968
3.100000 3.952891
3.150000 10.630337
3.200000 18.180489
3.250000 17.084263
3.300000 14.850898
3.350000 15.798954
3.400000 7.499544
3.450000 0.773263
3.500000 -6.021670
3.550000 -9.655350
3.600000 -19.905617
3.650000 -24.527313
3.700000 -29.264692
3.750000 -26.241804
3.800000 -13.032245
3.850000 -4.628741
3.900000 -1.030849
3.950000 11.666353
4.000000 11.135503
4.050000 22.092348
4.100000 21.423862
4.150000 18.681105
4.200000 14.400645
4.250000 16.579494
4.300000 5.088869
4.350000 -2.026912
4.400000 -5.339051
4.450000 -11.230308
4.500000 -11.228701
4.550000 -14.062815
4.600000 -16.270216
4.650000 -16.646633
4.700000 -9.175782
4.750000 -2.897753
4.800000 3.119169
4.850000 3.065726
4.900000 7.591620
4.950000 7.821323
5.000000 12.841324
5.050000 8.031556
5.100000 4.164108
5.150000 9.322417
5.200000 4.583170
5.250000 5.371937
5.300000 -1.437180
5.350000 -5.152858
5.400000 -7.737742
5.450000 -7.969815
5.500000 -5.303527
5.550000 -5.684468
5.600000 -2.337498
5.650000 -1.975627
5.700000 1.447671
5.750000 5.834093
5.800000 6.884041
5.850000 4.790998
5.900000 11.882812
5.950000 7.616701
6.000000 7.415914
6.050000 3.392167
6.100000 5.774257
6.150000 1.892417
6.200000 -3.546470
6.250000 -6.361336
6.300000 -3.938718
6.350000 -6.026221
6.400000 -2.071063
6.450000 4.153760
6.500000 -1.164740
6.550000 2.150982
6.600000 4.830905
6.650000 0.938207
6.700000 3.805854
6.750000 -1.286914
6.800000 -0.964751
6.850000 -2.453354
6.900000 -2.197108
6.950000 -2.796268
7.000000 -2.723287
7.050000 0.302027
7.100000 -6.818813
7.150000 -2.723301
7.200000 -4.031572
7.250000 2.997267
7.300000 -0.816289
7.350000 -2.012133
7.400000 1.960355
7.450000 -2.043445
7.500000 -3.406957
7.550000 2.829854
7.600000 0.349463
7.650000 -0.010674
7.700000 -1.724375
7.750000 -0.709806
7.800000 5.497336
7.850000 0.349186
7.900000 -0.851413
7.950000 3.184885
8.000000 -0.187710
8.050000 0.979208
8.100000 2.362856
8.150000 -2.698964
8.200000 3.747948
8.250000 -1.945509
8.300000 -1.513029
8.350000 -1.039107
8.400000 -5.704965
8.450000 0.455457
8.500000 1.011557
8.550000 1.207385
8.600000 -1.488110
8.650000 0.839416
8.700000 0.620811
8.750000 -0.474447
8.800000 -2.414365
8.850000 6.330390
8.900000 2.351292
8.950000 -1.735929
9.000000 2.324935
9.050000 -2.777045
9.100000 4.657023
9.150000 -1.681080
9.200000 -1.407731
9.250000 -4.608995
9.300000 -1.392754
9.350000 0.853468
9.400000 -0.931577
9.450000 -4.059687
9.500000 -1.966984
9.550000 -5.193576
9.600000 -1.060416
9.650000 -2.474921
9.700000 1.183261
9.750000 4.047125
9.800000 4.480844
9.850000 5.282651
9.900000 -1.775581
9.950000 -0.817156
10.000000 0.553125
10.050000 -3.472692
10.100000 1.130901
10.150000 -0.150342
10.200000 1.283058
10.250000 -5.171404
10.300000 -1.914922
10.350000 -0.661300
10.400000 1.069694
10.450000 -0.553953
10.500000 1.372642
10.550000 -0.950853
10.600000 1.063074
10.650000 2.893555
10.700000 -2.118577
10.750000 -0.657927
10.800000 0.943242
10.850000 -2.648691
10.900000 -2.711800
10.950000 3.877686
11.000000 -2.697973
11.050000 0.081473
11.100000 3.704479
11.150000 -4.349482
11.200000 -3.263711
11.250000 0.092335
11.300000 -2.309131
11.350000 -2.097031
11.400000 1.311154
11.450000 1.289753
11.500000 1.002376
11.550000 0.603132
11.600000 -2.953142
11.650000 2.996673
11.700000 -3.290758
11.750000 -1.502881
11.800000 -3.259999
11.850000 -2.843091
11.900000 2.707789
11.950000 1.137655
12.000000 1.559746
12.050000 -6.498202
12.100000 0.872252
12.150000 0.220641
12.200000 1.401150
12.250000 -4.666646
12.300000 0.016255
12.350000 -2.781655
12.400000 -1.972503
12.450000 0.140427
12.500000 -2.546743
12.550000 -1.426524
12.600000 -5.066606
12.650000 -1.935118
12.700000 -0.302717
12.750000 2.608281
12.800000 3.433818
12.850000 6.821228
12.900000 -3.193921
12.950000 -0.170291
13.000000 3.318401
13.050000 -2.441422
13.100000 2.751307
13.150000 -0.880443
13.200000 -0.776138
13.250000 3.119507
13.300000 -2.656111
13.350000 -1.134419
13.400000 1.292094
13.450000 0.049825
13.500000 0.406469
13.550000 2.446502
13.600000 -3.284199
13.650000 -0.683404
13.700000 -0.629954
13.750000 0.859891
13.800000 0.567386
13.850000 4.996103
13.900000 -1.714922
13.950000 1.122252
14.000000 1.505871
14.050000 -2.968657
14.100000 2.374018
14.150000 -0.649422
14.200000 -1.602016
14.250000 -0.251418
14.300000 -0.815213
14.350000 -3.434576
14.400000 -3.120304
14.450000 -4.728230
14.500000 -3.231810
14.550000 -0.763109
14.600000 1.620435
14.650000 -1.119172
14.700000 -1.635629
14.750000 3.463140
14.800000 -3.610824
14.850000 3.423340
14.900000 -1.829067
14.950000 0.102716
15.000000 -0.305936
15.050000 1.359963
15.100000 -5.087625
15.150000 -4.272802
15.200000 0.535844
15.250000 -1.989632
15.300000 2.243168
15.350000 0.756191
15.400000 1.413108
15.450000 4.265372
15.500000 -3.150530
15.550000 -0.545057
15.600000 -2.100241
15.650000 -3.588523
15.700000 2.580595
15.750000 4.411294
15.800000 1.055343
15.850000 0.815049
15.900000 0.422137
15.950000 2.369641
16.000000 4.694301
16.050000 1.567063
16.100000 -0.667204
16.150000 4.909893
16.200000 2.279233
16.250000 2.185391
16.300000 -1.184342
16.350000 -0.344573
16.400000 2.114907
16.450000 -0.890595
16.500000 -4.057580
16.550000 -0.736726
16.600000 -1.838879
16.650000 -3.665078
16.700000 2.162658
16.750000 -0.898059
16.800000 -1.382126
16.850000 0.545585
16.900000 -2.973104
16.950000 -0.990320
17.000000 1.302996
17.050000 1.482883
17.100000 1.215087
17.150000 -3.228993
17.200000 -2.035168
17.250000 1.243404
17.300000 1.047328
17.350000 1.599122
17.400000 0.994112
17.450000 4.617789
17.500000 -1.561205
17.550000 -2.386088
17.600000 1.693604
17.650000 -0.011736
17.700000 -3.749027
17.750000 -2.039275
17.800000 -0.585517
17.850000 -2.118291
17.900000 2.332745
17.950000 -1.506065
18.000000 -2.989557
18.050000 1.084091
18.100000 -0.449328
18.150000 -4.125424
18.200000 0.060084
18.250000 0.935771
18.300000 2.381654
18.350000 0.114906
18.400000 0.318059
18.450000 2.170007
18.500000 1.783857
18.550000 1.092880
18.600000 0.235127
18.650000 -2.721618
18.700000 -1.734152
18.750000 3.013145
18.800000 -0.305565
18.850000 -3.847006
18.900000 -4.329098
18.950000 -4.264270
19.000000 -5.101480
19.050000 -0.373657
19.100000 2.814161
19.150000 1.432065
19.200000 5.493845
19.250000 -2.273299
19.300000 3.148820
19.350000 2.343227
19.400000 -0.691482
19.450000 0.536673
19.500000 -0.292520
19.550000 -3.104024
19.600000 1.418301
19.650000 -2.985014
19.700000 -4.145884
19.750000 1.746662
19.799999 -0.903761
19.849999 -4.349694
19.899999 -2.996910
19.949999 0.632277
