0.000000 6.145004
0.050000 -11.686095
0.100000 1.416728
0.150000 17.291800
0.200000 -21.065432
0.250000 8.560439
0.300000 14.195830
0.350000 -12.485636
0.400000 -1.867100
0.450000 -10.420717
0.500000 10.965287
0.550000 -2.107483
0.600000 1.981931
0.650000 -3.477398
0.700000 -0.423179
0.750000 -16.968702
0.800000 5.857605
0.850000 -12.670405
0.900000 -12.995895
0.950000 -4.629557
1.000000 20.330759
1.050000 -9.677231
1.100000 -9.726819
1.150000 11.604692
1.200000 -33.699585
1.250000 2.817502
1.300000 -2.727961
1.350000 -8.529282
1.400000 -15.623888
1.450000 -19.953964
1.500000 1.875121
1.550000 13.929960
1.600000 36.863056
1.650000 20.715647
1.700000 40.151775
1.750000 71.282028
1.800000 43.290722
1.850000 16.983871
1.900000 -30.499043
1.950000 -83.261986
2.000000 -118.798553
2.050000 -111.963921
2.100000 -51.881348
2.150000 51.622276
2.200000 148.837296
2.250000 202.603943
2.300000 152.155502
2.350000 54.260799
2.400000 -111.058372
2.450000 -226.808578
2.500000 -217.577988
2.550000 -122.040581
2.600000 54.980648
2.650000 145.764313
2.700000 187.901749
2.750000 115.556862
2.800000 16.031643
2.850000 -69.272141
2.900000 -114.113464
2.950000 -93.775780
3.000000 -35.930683
3.050000 44.591259
3.100000 80.634941
3.150000 66.439995
3.200000 27.227547
3.250000 -39.607849
3.300000 -81.097946
3.350000 -69.605400
3.400000 0.634443
3.450000 45.587315
3.500000 70.882378
3.550000 71.389153
3.600000 12.593183
3.650000 -20.805107
3.700000 -72.967789
3.750000 -52.351498
3.800000 -40.959251
3.850000 13.442887
3.900000 59.342499
3.950000 69.841675
4.000000 29.258890
4.050000 6.677699
4.100000 -22.702423
4.150000 -35.327118
4.200000 -49.216736
4.250000 -6.205997
4.300000 -7.073456
4.350000 6.413052
4.400000 12.504092
4.450000 20.589365
4.500000 14.544726
4.550000 16.802841
4.600000 -29.556084
4.650000 -16.974226
4.700000 -28.834528
4.750000 -13.151836
4.800000 25.092142
4.850000 14.587351
4.900000 25.430008
4.950000 27.445389
5.000000 -4.506755
5.050000 -31.931376
5.100000 -11.111556
5.150000 -16.640480
5.200000 -7.031800
5.250000 15.359617
5.300000 14.869369
5.350000 23.558134
5.400000 36.544777
5.450000 17.932112
5.500000 -5.689949
5.550000 -15.494960
5.600000 -7.673535
5.650000 -6.692357
5.700000 -12.596541
5.750000 -0.768535
5.800000 8.266068
5.850000 23.379568
5.900000 3.121116
5.950000 -11.590870
6.000000 7.566007
6.050000 -2.009350
6.100000 -2.381768
6.150000 -16.294397
6.200000 12.377621
6.250000 38.594536
6.300000 -6.719416
6.350000 3.087806
6.400000 5.115882
6.450000 -13.154069
6.500000 -35.719563
6.550000 -16.805271
6.600000 4.676366
6.650000 19.270931
6.700000 10.821707
6.750000 29.276321
6.800000 11.524127
6.850000 3.022844
6.900000 -12.541952
6.950000 7.453450
7.000000 -4.314740
7.050000 5.469565
7.100000 14.392745
7.150000 9.628057
7.200000 -1.261977
7.250000 -4.322253
7.300000 1.800824
7.350000 -39.198006
7.400000 -39.687389
7.450000 -7.808843
7.500000 34.743629
7.550000 13.737267
7.600000 11.453960
7.650000 -9.811769
7.700000 -14.910639
7.750000 -7.133252
7.800000 -9.652537
7.850000 -13.594848
7.900000 24.163433
7.950000 34.981750
7.999999 28.786499
8.049999 1.826791
8.100000 -3.057985
8.150000 0.435507
8.200000 11.389807
8.250000 -5.293793
8.300000 -18.405731
8.350000 -10.001151
8.400000 0.119770
8.450000 3.764369
8.500000 2.289526
8.549999 -19.992962
8.599999 6.179451
8.650000 12.401144
8.700000 7.657311
8.750000 4.911611
8.800000 -11.478421
8.850000 18.333122
8.900000 -11.810976
8.950000 23.934666
9.000000 -3.801598
9.050000 22.231529
9.099999 -7.245198
9.149999 16.335634
9.200000 -8.688036
9.250000 31.124249
9.300000 -9.360915
9.350000 10.871319
9.400000 -9.058345
9.450000 4.285284
9.500000 -2.297549
9.550000 -29.636679
9.600000 21.346344
9.649999 22.595020
9.699999 -0.802709
9.750000 2.850337
9.800000 20.607641
9.850000 -12.666465
9.900000 14.509769
9.950000 -3.353865
10.000000 -27.424431
10.050000 -7.603382
10.100000 22.239559
10.150000 2.416330
10.199999 13.297294
10.249999 -4.711273
10.300000 -12.485068
10.350000 -12.559690
10.400000 3.672505
10.450000 -7.162249
10.500000 27.110943
10.550000 6.261041
10.600000 9.473755
10.650000 -27.398230
10.700000 -38.270809
10.749999 5.221038
10.799999 -10.471632
10.849999 -5.503016
10.900000 4.828178
10.950000 11.989161
11.000000 23.513357
11.050000 2.727854
11.100000 -18.971874
11.150000 -9.372710
11.200000 -8.132029
11.250000 13.973853
11.299999 -6.752297
11.349999 33.152237
11.399999 7.891463
11.450000 -6.248576
11.500000 8.888811
11.550000 18.654333
11.600000 25.149946
11.650000 4.059538
11.700000 8.197708
11.750000 16.555729
11.800000 7.702729
11.849999 8.092017
11.899999 -6.501783
11.949999 37.581440
12.000000 1.027355
12.050000 18.470737
12.100000 -6.380167
12.150000 -26.787651
12.200000 5.588644
12.250000 23.045086
12.300000 -16.306313
12.350000 -7.484509
12.399999 26.144178
12.449999 -19.918179
12.499999 39.351143
12.550000 20.604288
12.600000 -15.729454
12.650000 -14.102443
12.700000 -16.193531
12.750000 0.157846
12.800000 6.490016
12.850000 8.400205
12.900000 8.721898
12.949999 15.787931
12.999999 17.806969
13.049999 11.258676
13.100000 24.524361
13.150000 -18.246973
13.200000 -7.030808
13.250000 -6.073036
13.300000 -14.657446
13.350000 7.654858
13.400000 27.101505
13.450000 15.684880
13.499999 9.348946
13.549999 -16.819746
13.599999 -13.086908
13.650000 3.790751
13.700000 20.394882
13.750000 -0.302665
13.800000 -29.741381
13.850000 23.890697
13.900000 15.936715
13.950000 6.150167
14.000000 -18.879890
14.049999 -18.018820
14.099999 -16.599983
14.149999 -1.995587
14.200000 9.331637
14.250000 11.617217
14.300000 4.465916
14.350000 -8.329338
14.400000 -41.334545
14.450000 -18.135565
14.500000 -40.147556
14.549999 -6.609107
14.599999 8.761558
14.649999 -5.685694
14.699999 20.363155
14.750000 32.266113
14.800000 11.951838
14.850000 -9.811032
14.900000 -2.542781
14.950000 -7.130888
15.000000 4.728477
15.050000 -26.206671
15.099999 -28.128664
15.149999 1.461172
15.199999 9.047418
15.249999 0.595012
15.299999 -1.936989
15.350000 -15.503962
15.400000 29.305876
15.450000 26.858185
15.500000 5.221271
15.550000 9.012473
15.600000 19.906370
15.650000 -12.430049
15.699999 1.174247
15.750000 -3.186607
15.799999 -1.528372
15.850000 4.676476
15.899999 8.000314
15.950000 16.993668
15.999999 -4.599640
16.050000 -2.104495
16.099999 -7.993416
16.150000 2.617664
16.200000 2.441017
16.249999 0.075893
16.300000 10.963192
16.349999 37.721085
16.400000 3.469569
16.449999 9.395941
16.500000 20.586464
16.549999 0.508816
16.600000 -32.694801
16.649999 -12.778891
16.700000 13.766993
16.750000 22.299501
16.799999 24.416090
16.850000 11.557068
16.899999 -3.771712
16.950000 15.390812
16.999999 -23.909187
17.050000 -3.473171
17.099999 -15.226118
17.150000 23.693180
17.199999 -14.098007
17.250000 7.497869
17.300000 -27.118811
17.349999 5.154923
17.400000 1.240278
17.449999 -11.101762
17.500000 14.837730
17.549999 -5.907507
17.600000 12.390194
17.649999 -19.278540
17.700000 -16.060694
17.749999 18.501831
17.800000 3.411367
17.850000 15.982928
17.899999 5.224227
17.950000 -15.512171
17.999999 -5.768921
18.050000 8.597380
18.099999 15.457695
18.150000 11.493365
18.199999 11.594869
18.250000 29.502975
18.299999 -3.394842
18.350000 -8.116874
18.400000 0.819197
18.449999 -16.912249
18.500000 -11.022122
18.549999 3.004770
18.600000 27.552073
18.649999 21.124754
18.700000 -10.903801
18.749999 -13.855394
18.800000 13.042634
18.849999 -8.300503
18.900000 -23.072258
18.950000 10.257141
18.999999 3.870919
19.050000 -8.552334
19.099999 -0.395219
19.150000 12.352283
19.199999 7.850420
19.250000 -18.240976
19.299999 -1.362012
19.350000 -13.954939
19.399999 24.915194
19.450000 -20.026880
19.500000 27.562733
19.549999 2.626997
19.600000 2.745954
19.649999 19.121187
19.700000 15.101826
19.749999 -35.670143
19.800000 10.029883
19.849999 -4.247597
19.900000 -3.828416
19.949999 25.922138
