0.000000 34.480679
0.050000 23.341333
0.100000 5.585198
0.150000 2.855960
0.200000 -6.179064
0.250000 17.614153
0.300000 8.972105
0.350000 15.536029
0.400000 5.279673
0.450000 -3.137359
0.500000 8.635327
0.550000 11.544147
0.600000 30.128811
0.650000 -6.350156
0.700000 -14.448298
0.750000 -6.636088
0.800000 3.391159
0.850000 -13.871784
0.900000 -11.722941
0.950000 6.798017
1.000000 -4.788535
1.050000 0.972436
1.100000 1.609635
1.150000 -12.589320
1.200000 -7.919563
1.250000 20.620312
1.300000 17.274420
1.350000 2.007770
1.400000 -4.699959
1.450000 6.707355
1.500000 -6.997299
1.550000 -13.749370
1.600000 -29.941544
1.650000 -6.405492
1.700000 11.006750
1.750000 4.220485
1.800000 42.115929
1.850000 57.430645
1.900000 62.279774
1.950000 66.922684
2.000000 72.769196
2.050000 51.695976
2.100000 -17.966194
2.150000 -70.718170
2.200000 -127.865005
2.250000 -181.040741
2.300000 -149.838425
2.350000 -43.954178
2.400000 33.883934
2.450000 151.490036
2.500000 208.181488
2.550000 198.545944
2.600000 123.634674
2.650000 40.253071
2.700000 -87.859299
2.750000 -187.922791
2.800000 -192.149628
2.850000 -164.513290
2.900000 -70.356071
2.950000 -3.173519
3.000000 67.598045
3.050000 98.995583
3.100000 99.646767
3.150000 70.909904
3.200000 -5.351566
3.250000 -28.076912
3.300000 -60.393692
3.350000 -59.094849
3.400000 -54.375130
3.450000 -14.897426
3.500000 4.077835
3.550000 18.119894
3.600000 42.624031
3.650000 26.052134
3.700000 33.759060
3.750000 -0.421338
3.800000 -8.719953
3.850000 -2.732568
3.900000 -0.443656
3.950000 -2.870602
4.000000 -11.834154
4.050000 8.396889
4.100000 -2.219680
4.150000 -1.206516
4.200000 18.071178
4.250000 4.645322
4.300000 0.097129
4.350000 -21.801474
4.400000 -22.054455
4.450000 -34.437279
4.500000 21.022247
4.550000 6.320945
4.600000 -4.270132
4.650000 7.168697
4.700000 5.952319
4.750000 1.738938
4.800000 20.006727
4.850000 1.592467
4.900000 -1.709795
4.950000 -11.021799
5.000000 -11.477181
5.050000 6.749912
5.100000 -1.347141
5.150000 29.780809
5.200000 2.549265
5.250000 20.536547
5.300000 4.215283
5.350000 0.793531
5.400000 -23.202456
5.450000 -3.264521
5.500000 4.345097
5.550000 5.132851
5.600000 -4.289169
5.650000 17.011126
5.700000 -2.971330
5.750000 21.451035
5.800000 -7.844041
5.850000 -16.964327
5.900000 -24.767426
5.950000 -14.898266
6.000000 -22.627226
6.050000 3.014868
6.100000 17.230623
6.150000 -12.561710
6.200000 27.384842
6.250000 25.845982
6.300000 26.969013
6.350000 23.329702
6.400000 -3.568769
6.450000 -18.253263
6.500000 12.439399
6.550000 -1.778915
6.600000 10.391400
6.650000 27.797510
6.700000 -16.280819
6.750000 4.795477
6.800000 33.285446
6.850000 -4.349255
6.900000 22.726900
6.950000 13.487180
7.000000 -0.596765
7.050000 -12.354946
7.100000 -8.609861
7.150000 -18.762506
7.200000 0.073666
7.250000 -14.901414
7.300000 5.237453
7.350000 21.565914
7.400000 7.051882
7.450000 17.413128
7.500000 -2.346416
7.550000 3.720531
7.600000 -9.395397
7.650000 3.541334
7.700000 -19.408119
7.750000 -17.425190
7.800000 13.306949
7.850000 19.424391
7.900000 4.339176
7.950000 -19.201063
7.999999 -15.680713
8.049999 -25.483496
8.100000 -6.302126
8.150000 -3.235624
8.200000 4.218090
8.250000 2.138440
8.300000 20.306347
8.350000 14.953921
8.400000 32.527966
8.450000 15.017945
8.500000 -11.836251
8.549999 -15.336581
8.599999 -8.971191
8.650000 -7.253391
8.700000 8.275340
8.750000 7.920222
8.800000 18.283682
8.850000 16.177217
8.900000 -2.717216
8.950000 2.313614
9.000000 17.917990
9.050000 -9.855843
9.099999 -0.989542
9.149999 4.865722
9.200000 3.345510
9.250000 -7.742548
9.300000 -23.419754
9.350000 -32.216339
9.400000 -17.283392
9.450000 -7.997990
9.500000 -9.361767
9.550000 7.719178
9.600000 6.313230
9.649999 15.374698
9.699999 10.815377
9.750000 14.903579
9.800000 -27.897095
9.850000 14.092770
9.900000 -3.757128
9.950000 11.120757
10.000000 13.366748
10.050000 -1.818522
10.100000 5.550341
10.150000 27.493086
10.199999 7.799343
10.249999 12.252447
10.300000 10.828576
10.350000 -12.196362
10.400000 -9.722175
10.450000 -11.345321
10.500000 1.215976
10.550000 2.125322
10.600000 4.572583
10.650000 0.473407
10.700000 -2.304052
10.749999 4.488298
10.799999 -3.283013
10.849999 7.213871
10.900000 2.916545
10.950000 -11.600459
11.000000 -40.724068
11.050000 -9.776169
11.100000 -1.935042
11.150000 -4.767618
11.200000 -1.806426
11.250000 8.661484
11.299999 23.411509
11.349999 -3.919858
11.399999 -0.803253
11.450000 19.893335
11.500000 -18.093992
11.550000 -2.609113
11.600000 3.967180
11.650000 1.870625
11.700000 10.352206
11.750000 2.613706
11.800000 1.065395
11.849999 -11.407597
11.899999 -2.726697
11.949999 7.172908
12.000000 -7.603989
12.050000 13.376873
12.100000 -12.712151
12.150000 -17.126663
12.200000 -3.287518
12.250000 3.979935
12.300000 9.902331
12.350000 -29.018940
12.399999 -21.137335
12.449999 1.913077
12.499999 -1.049670
12.550000 21.178951
12.600000 -11.943677
12.650000 23.838570
12.700000 6.554832
12.750000 7.421671
12.800000 17.579008
12.850000 0.371694
12.900000 -18.844006
12.949999 0.766262
12.999999 -9.121058
13.049999 0.082886
13.100000 -14.024327
13.150000 2.126430
13.200000 10.336207
13.250000 23.583963
13.300000 -11.355145
13.350000 30.485033
13.400000 8.238162
13.450000 -23.127701
13.499999 3.086313
13.549999 -15.245645
13.599999 -11.092046
13.650000 -7.913128
13.700000 14.251283
13.750000 7.184642
13.800000 10.640504
13.850000 19.015743
13.900000 19.490234
13.950000 14.392656
14.000000 -17.705812
14.049999 9.263638
14.099999 0.453675
14.149999 -5.439620
14.200000 -14.871649
14.250000 3.457471
14.300000 -3.394700
14.350000 -12.181200
14.400000 17.155693
14.450000 25.157160
14.500000 9.769268
14.549999 -6.014953
14.599999 12.314137
14.649999 12.421310
14.699999 -5.167243
14.750000 -3.319138
14.800000 -8.814054
14.850000 2.101805
14.900000 -8.440000
14.950000 -1.689004
15.000000 13.208438
15.050000 21.531996
15.099999 8.642456
15.149999 4.249463
15.199999 -2.178702
15.249999 -2.960536
15.299999 -22.073973
15.350000 -29.241907
15.400000 -13.641301
15.450000 22.327858
15.500000 23.166260
15.550000 -0.103369
15.600000 -18.506033
15.650000 -6.259707
15.699999 6.040355
15.750000 -1.145886
15.799999 -10.295761
15.850000 -0.008752
15.899999 8.223611
15.950000 -0.334441
15.999999 15.075968
16.050000 13.120237
16.099999 4.388368
16.150000 11.128493
16.200000 13.579589
16.249999 21.016855
16.300000 5.500628
16.349999 -7.384520
16.400000 -14.571558
16.449999 7.771559
16.500000 -7.773371
16.549999 -6.560292
16.600000 0.316762
16.649999 -2.576689
16.700000 18.491747
16.750000 -16.845205
16.799999 -4.141829
16.850000 0.818454
16.899999 -18.345747
16.950000 -4.060595
16.999999 -0.833366
17.050000 6.630340
17.099999 5.008934
17.150000 14.283799
17.199999 14.875830
17.250000 9.473798
17.300000 20.737947
17.349999 -10.836658
17.400000 -5.500355
17.449999 0.099492
17.500000 -1.466490
17.549999 -22.380266
17.600000 -2.748331
17.649999 -8.634893
17.700000 29.529516
17.749999 -8.948996
17.800000 17.783232
17.850000 -9.696241
17.899999 2.989499
17.950000 -2.866643
17.999999 -32.346748
18.050000 -2.758550
18.099999 5.958190
18.150000 17.633263
18.199999 -11.564224
18.250000 -2.778502
18.299999 3.699247
18.350000 -6.645132
18.400000 29.824583
18.449999 -3.859012
18.500000 2.135986
18.549999 -28.104115
18.600000 14.706180
18.649999 -5.383249
18.700000 4.979120
18.749999 9.646691
18.800000 18.627176
18.849999 18.918776
18.900000 -4.880802
18.950000 -0.520955
18.999999 -11.938629
19.050000 -7.988691
19.099999 -13.651178
19.150000 -6.333376
19.199999 -22.366526
19.250000 -5.684870
19.299999 -0.418142
19.350000 17.940277
19.399999 13.317506
19.450000 29.754725
19.500000 2.565843
19.549999 3.657055
19.600000 -21.268526
19.649999 -29.783272
19.700000 -14.010880
19.749999 8.849556
19.800000 -14.521449
19.849999 -1.523927
19.900000 20.065042
19.949999 35.782177
