0.000000 1.866301
0.050000 1.157335
0.100000 2.329118
0.150000 -1.419376
0.200000 0.565159
0.250000 -0.898211
0.300000 -0.538746
0.350000 0.246967
0.400000 0.834001
0.450000 0.024980
0.500000 1.892470
0.550000 0.998125
0.600000 0.527945
0.650000 -1.439230
0.700000 -1.865212
0.750000 -0.364759
0.800000 0.653184
0.850000 0.900006
0.900000 1.058105
0.950000 1.520990
1.000000 0.675124
1.050000 -0.489651
1.100000 -0.034957
1.150000 0.406348
1.200000 1.170520
1.250000 1.765273
1.300000 0.662531
1.350000 0.139447
1.400000 0.869035
1.450000 -1.699021
1.500000 -1.143114
1.550000 -2.267916
1.600000 -1.122360
1.650000 -0.669172
1.700000 -1.307829
1.750000 -2.303265
1.800000 0.046270
1.850000 0.363827
1.900000 -1.325928
1.950000 0.099424
2.000000 -0.254125
2.050000 -0.165303
2.100000 -4.237826
2.150000 -5.289427
2.200000 -4.290854
2.250000 -3.233857
2.300000 2.345379
2.350000 7.576680
2.400000 9.091082
2.450000 4.984952
2.500000 -2.590477
2.550000 -7.825451
2.600000 -8.895109
2.650000 -1.992621
2.700000 4.067697
2.750000 8.272542
2.800000 7.898068
2.850000 0.468760
2.900000 -7.282748
2.950000 -11.242311
3.000000 -7.702998
3.050000 -1.608134
3.100000 8.902832
3.150000 13.520440
3.200000 9.896020
3.250000 0.125013
3.300000 -9.423460
3.350000 -13.263476
3.400000 -8.122497
3.450000 -1.772151
3.500000 7.882836
3.550000 10.864558
3.600000 6.224619
3.650000 -1.819990
3.700000 -5.326353
3.750000 -8.144329
3.800000 -2.789822
3.850000 2.494663
3.900000 6.714877
3.950000 6.233978
4.000000 3.608892
4.050000 -2.791745
4.100000 -6.241766
4.150000 -4.762613
4.200000 -3.245787
4.250000 0.716561
4.300000 3.737144
4.350000 5.333597
4.400000 0.918630
4.450000 -1.270799
4.500000 -3.755846
4.550000 -0.838153
4.600000 -2.192968
4.650000 1.548208
4.700000 2.531293
4.750000 1.444740
4.800000 1.843886
4.850000 -1.700597
4.900000 0.064691
4.950000 -1.195785
5.000000 0.658359
5.050000 1.140029
5.100000 2.033863
5.150000 -1.572181
5.200000 -1.860606
5.250000 -0.486811
5.300000 -1.866636
5.350000 1.122827
5.400000 0.353916
5.450000 1.624373
5.500000 0.023085
5.550000 -1.697255
5.600000 -0.957043
5.650000 -0.084343
5.700000 0.372841
5.750000 -0.590185
5.800000 1.640367
5.850000 -0.614885
5.900000 -1.092469
5.950000 -1.460124
6.000000 1.354419
6.050000 0.252807
6.100000 0.030670
6.150000 0.050051
6.200000 -0.849405
6.250000 -0.798287
6.300000 -0.102625
6.350000 -0.023775
6.400000 -0.253698
6.450000 -0.039993
6.500000 2.760878
6.550000 -0.565059
6.600000 -0.079646
6.650000 -0.781374
6.700000 1.942344
6.750000 0.456947
6.800000 -1.700282
6.850000 -0.771624
6.900000 0.910390
6.950000 -0.078533
7.000000 -0.099228
7.050000 -1.798793
7.100000 1.136035
7.150000 -0.499730
7.200000 1.686004
7.250000 0.853876
7.300000 0.298001
7.350000 -0.698233
7.400000 0.517899
7.450000 -0.303625
7.500000 0.018855
7.550000 1.103673
7.600000 0.817565
7.650000 2.247618
7.700000 0.483323
7.750000 0.845172
7.800000 0.403686
7.850000 -1.305954
7.900000 -0.740291
7.950000 0.500291
8.000000 0.572645
8.050000 1.917122
8.100000 0.790277
8.150000 -0.749544
8.200000 -1.170863
8.250000 0.241010
8.300000 -1.048781
8.350000 -1.489745
8.400000 0.990173
8.450000 1.194309
8.500000 1.683281
8.550000 0.910058
8.600000 -0.260849
8.650000 0.537169
8.700000 -2.449172
8.750000 -1.422583
8.800000 0.412656
8.850000 1.125047
8.900000 -0.395623
8.950000 -0.607661
9.000000 0.658434
9.050000 -1.482282
9.100000 0.558842
9.150000 1.565203
9.200000 -1.253466
9.250000 -0.667326
9.300000 0.170702
9.350000 0.011652
9.400000 -1.978575
9.450000 -0.360803
9.500000 1.329147
9.550000 0.742233
9.600000 0.867830
9.650000 0.213965
9.700000 0.214617
9.750000 -0.259089
9.800000 0.316861
9.850000 1.688355
9.900000 1.811557
9.950000 -0.586781
10.000000 -0.663428
10.050000 -1.371269
10.100000 -0.794264
10.150000 0.375216
10.200000 0.517681
10.250000 0.301775
10.300000 0.557878
10.350000 -0.070201
10.400000 -0.108234
10.450000 0.806145
10.500000 1.351457
10.550000 0.541983
10.600000 1.360681
10.650000 1.096778
10.700000 0.171468
10.750000 0.002124
10.800000 -0.573900
10.850000 0.184283
10.900000 0.968315
10.950000 0.657402
11.000000 2.265629
11.050000 1.022446
11.100000 -1.830163
11.150000 2.063237
11.200000 -0.502599
11.250000 -0.842583
11.300000 2.175802
11.350000 0.024917
11.400000 -0.248105
11.450000 0.842138
11.500000 0.925196
11.550000 0.120173
11.600000 -0.397422
11.650000 1.498325
11.700000 0.867756
11.750000 -1.079400
11.800000 -0.651865
11.850000 0.653636
11.900000 0.308271
11.950000 -2.201428
12.000000 -1.487188
12.050000 0.892817
12.100000 0.384404
12.150000 0.331324
12.200000 -0.664814
12.250000 -3.068806
12.300000 -2.132066
12.350000 0.577839
12.400000 -0.334297
12.450000 1.039284
12.500000 -1.545490
12.550000 -1.998781
12.600000 -0.996229
12.650000 1.478252
12.700000 -2.420588
12.750000 1.495238
12.800000 -2.225164
12.850000 -0.802190
12.900000 1.592909
12.950000 -0.815196
13.000000 -0.373842
13.050000 -0.384825
13.100000 -0.336128
13.150000 0.020861
13.200000 -1.763391
13.250000 -0.497313
13.300000 1.453204
13.350000 -1.591828
13.400000 -1.535170
13.450000 -0.241447
13.500000 -0.623196
13.550000 0.989140
13.600000 1.058007
13.650000 -0.794531
13.700000 -0.830342
13.750000 0.305323
13.800000 -0.236082
13.850000 0.582069
13.900000 -1.906764
13.950000 -1.318490
14.000000 1.344398
14.050000 -1.283892
14.100000 -2.799624
14.150000 -0.898274
14.200000 -0.126308
14.250000 -1.354330
14.300000 -1.724261
14.350000 -0.663795
14.400000 -0.040888
14.450000 -1.643925
14.500000 -1.362815
14.550000 -1.828254
14.600000 2.217719
14.650000 -0.506253
14.700000 0.178711
14.750000 -0.316914
14.800000 0.982014
14.850000 -2.018498
14.900000 -0.423589
14.950000 1.813852
15.000000 0.288405
15.050000 0.093116
15.100000 0.971505
15.150000 -0.339864
15.200000 0.467113
15.250000 0.429262
15.300000 -0.653333
15.350000 0.117790
15.400000 -0.094751
15.450000 1.074082
15.500000 -0.439448
15.550000 -0.064248
15.600000 0.385935
15.650000 0.771679
15.700000 0.618910
15.750000 -0.623994
15.800000 1.583629
15.850000 2.034516
15.900000 2.612514
15.950000 0.824301
16.000000 1.472137
16.050000 0.176748
16.100000 1.226094
16.150000 0.766539
16.200000 -0.150735
16.250000 1.740760
16.300000 -0.117866
16.350000 -0.804098
16.400000 0.743149
16.450000 1.427676
16.500000 0.779710
16.550000 0.390065
16.600000 2.382612
16.650000 1.213369
16.700000 0.595571
16.750000 -0.072444
16.800000 1.008099
16.850000 -0.195861
16.900000 1.228369
16.950000 0.238769
17.000000 -1.717168
17.050000 -0.602900
17.100000 -0.691224
17.150000 -0.482384
17.200000 0.252370
17.250000 0.795553
17.300000 0.534195
17.350000 -0.995621
17.400000 0.247572
17.450000 0.125646
17.500000 0.844086
17.550000 -0.806854
17.600000 2.799179
17.650000 -0.516574
17.700000 0.208460
17.750000 -1.104779
17.800000 -1.078515
17.850000 -0.440170
17.900000 -0.422681
17.950000 0.020689
18.000000 -0.575519
18.050000 0.758485
18.100000 -0.093809
18.150000 -0.496201
18.200000 -0.536390
18.250000 0.010962
18.300000 0.220621
18.350000 1.897908
18.400000 -0.602427
18.450000 -0.309844
18.500000 0.665739
18.550000 0.505480
18.600000 0.457743
18.650000 0.009367
18.700000 0.467807
18.750000 1.167847
18.800000 0.509923
18.850000 1.352854
18.900000 0.256502
18.950000 0.670157
19.000000 0.512294
19.050000 -0.696390
19.100000 0.307860
19.150000 1.128321
19.200000 -1.365851
19.250000 1.174075
19.300000 1.195350
19.350000 -1.095691
19.400000 -0.028918
19.450000 -0.213521
19.500000 1.299932
19.550000 -0.013991
19.600000 0.610599
19.650000 -1.265857
19.700000 -1.934343
19.750000 -0.302044
19.799999 -0.598090
19.849999 0.243420
19.899999 1.690877
19.949999 -1.202900
