0.000000 6.390827
0.050000 -4.806897
0.100000 -36.148262
0.150000 33.486462
0.200000 -14.074403
0.250000 -3.092346
0.300000 -35.345757
0.350000 -27.691839
0.400000 33.816639
0.450000 34.147682
0.500000 -18.509338
0.550000 8.817413
0.600000 3.660062
0.650000 24.292948
0.700000 -15.743782
0.750000 -10.702069
0.800000 -27.262266
0.850000 -16.790821
0.900000 -23.999598
0.950000 5.101924
1.000000 -17.899323
1.050000 -28.810108
1.100000 15.930051
1.150000 -17.777519
1.200000 -14.450834
1.250000 -4.074351
1.300000 8.133276
1.350000 26.632282
1.400000 60.729462
1.450000 78.137253
1.500000 29.794685
1.550000 -37.100433
1.600000 -102.236382
1.650000 -166.834824
1.700000 -128.281464
1.750000 -5.694252
1.800000 176.115891
1.850000 222.410263
1.900000 34.290989
1.950000 -47.626915
2.000000 22.078676
2.050000 213.580292
2.100000 148.010864
2.150000 5.156630
2.200000 -63.264080
2.250000 -19.197172
2.300000 23.650335
2.350000 -30.086153
2.400000 -86.159805
2.450000 -49.756691
2.500000 58.615330
2.550000 13.470045
2.600000 -40.357445
2.650000 -71.930473
2.700000 -27.189775
2.750000 50.641788
2.800000 22.653049
2.850000 -33.071709
2.900000 -45.000008
2.950000 -39.005867
3.000000 11.592062
3.050000 26.751520
3.100000 0.877052
3.150000 -0.444637
3.200000 -4.402253
3.250000 -28.126040
3.300000 27.982998
3.350000 -41.736725
3.400000 -30.523882
3.450000 -3.107818
3.500000 -1.545717
3.550000 16.516058
3.600000 25.690117
3.650000 -25.133905
3.700000 -12.933081
3.750000 -24.584772
3.800000 -19.919113
3.850000 33.944962
3.900000 -25.142029
3.950000 9.733145
4.000000 5.781308
4.050000 -20.913153
4.100000 12.631169
4.150000 23.232168
4.200000 21.054270
4.250000 19.838211
4.300000 4.515643
4.350000 -3.385942
4.400000 24.929974
4.450000 40.551685
4.500000 22.414778
4.550000 -8.001144
4.600000 -17.523993
4.650000 -1.805727
4.700000 -42.842827
4.750000 7.243550
4.800000 -0.168974
4.850000 -26.383575
4.900000 -0.173735
4.950000 -14.237654
5.000000 13.486681
5.050000 -5.592053
5.100000 8.741532
5.150000 9.753483
5.200000 -5.927272
5.250000 -26.862265
5.300000 13.961664
5.350000 -12.700168
5.400000 2.485148
5.450000 20.386072
5.500000 -62.301125
5.550000 -2.230345
5.600000 3.963946
5.650000 3.871308
5.700000 2.907476
5.750000 -15.120488
5.800000 -22.356136
5.850000 6.347445
5.900000 11.724757
5.950000 -11.884144
6.000000 -22.117094
6.050000 -2.044304
6.100000 -11.294293
6.150000 25.613708
6.200000 -34.098591
6.250000 3.837933
6.300000 3.906911
6.350000 45.048851
6.400000 11.546749
6.450000 4.119723
6.500000 38.759674
6.550000 -11.698685
6.600000 -1.963628
6.650000 49.414055
6.700000 17.053841
6.750000 30.675402
6.800000 21.499937
6.850000 -1.038457
6.900000 -0.676871
6.950000 22.826221
7.000000 13.234043
7.050000 27.470819
7.100000 4.799218
7.150000 14.789613
7.200000 -4.293741
7.250000 -18.400671
7.300000 -12.274035
7.350000 -0.724050
7.400000 -24.330677
7.450000 -48.468624
7.500000 -8.929151
7.550000 20.023272
7.600000 -20.786976
7.650000 -19.631386
7.700000 0.079062
7.750000 12.280161
7.800000 24.645435
7.850000 1.625695
7.900000 -7.401457
7.950000 7.807459
7.999999 18.575277
8.049999 29.655376
8.100000 -9.959805
8.150000 28.617016
8.200000 -22.095047
8.250000 6.581182
8.300000 -15.099555
8.350000 18.420485
8.400000 -2.523390
8.450000 17.386896
8.500000 8.253386
8.549999 8.879562
8.599999 -9.759214
8.650000 -5.225612
8.700000 8.489932
8.750000 36.542435
8.800000 12.721143
8.850000 26.142267
8.900000 8.791220
8.950000 -0.185534
9.000000 25.931435
9.050000 6.929709
9.099999 13.980095
9.149999 33.819443
9.200000 -0.165804
9.250000 10.111814
9.300000 -8.591721
9.350000 15.577479
9.400000 -1.214293
9.450000 21.629433
9.500000 29.236160
9.550000 9.690278
9.600000 -12.082504
9.649999 -1.653998
9.699999 4.236630
9.750000 -17.233503
9.800000 0.966124
9.850000 3.538555
9.900000 6.109536
9.950000 29.001516
10.000000 31.605303
10.050000 -8.335572
10.100000 -1.088381
10.150000 -30.761545
10.199999 -9.274108
10.249999 -3.420914
10.300000 -8.991219
10.350000 -1.311950
10.400000 19.278284
10.450000 -18.880579
10.500000 7.777514
10.550000 -0.954594
10.600000 -13.579973
10.650000 -30.483961
10.700000 -5.256269
10.749999 -1.888490
10.799999 -6.350029
10.849999 11.053647
10.900000 28.443863
10.950000 -2.916596
11.000000 16.374342
11.050000 7.128346
11.100000 9.168063
11.150000 26.971605
11.200000 5.838154
11.250000 -21.580357
11.299999 -24.087660
11.349999 -7.186380
11.399999 34.344700
11.450000 39.869194
11.500000 -21.749861
11.550000 1.114080
11.600000 -5.213352
11.650000 2.132818
11.700000 35.324825
11.750000 14.126707
11.800000 25.655535
11.849999 1.672991
11.899999 -6.812323
11.949999 -19.938644
12.000000 14.506551
12.050000 -6.748252
12.100000 38.861485
12.150000 23.183939
12.200000 -24.621395
12.250000 14.583142
12.300000 15.051267
12.350000 -14.396128
12.399999 0.102211
12.449999 -5.416828
12.499999 14.154453
12.550000 6.569307
12.600000 9.879749
12.650000 -4.402790
12.700000 9.555774
12.750000 41.729500
12.800000 -2.501591
12.850000 -2.038291
12.900000 7.735218
12.949999 -5.926878
12.999999 14.813103
13.049999 16.650543
13.100000 -2.599620
13.150000 8.460992
13.200000 -16.672270
13.250000 5.774419
13.300000 4.672423
13.350000 40.837406
13.400000 12.970063
13.450000 -1.478683
13.499999 -17.094671
13.549999 13.201561
13.599999 -8.300309
13.650000 -22.091715
13.700000 9.775222
13.750000 -13.247074
13.800000 -11.219310
13.850000 7.257770
13.900000 27.444839
13.950000 10.063539
14.000000 13.095467
14.049999 -9.062694
14.099999 13.544333
14.149999 -18.283533
14.200000 -15.903543
14.250000 -4.614393
14.300000 -7.349679
14.350000 12.542024
14.400000 -6.487984
14.450000 -16.867891
14.500000 -32.492123
14.549999 -12.432268
14.599999 -2.819580
14.649999 -24.346384
14.699999 16.605913
14.750000 -25.021055
14.800000 -7.908951
14.850000 -6.261206
14.900000 -14.244283
14.950000 0.954004
15.000000 18.713930
15.050000 49.654686
15.099999 -17.275299
15.149999 -1.552838
15.199999 -14.852839
15.249999 33.285847
15.299999 -0.014232
15.350000 34.166527
15.400000 10.946841
15.450000 -34.597630
15.500000 -13.889742
15.550000 -10.361286
15.600000 -15.887873
15.650000 4.415549
15.699999 3.877942
15.750000 -1.709740
15.799999 6.504951
15.850000 -18.980648
15.899999 -4.999406
15.950000 -1.563374
15.999999 16.080282
16.050000 9.965144
16.099999 -27.099751
16.150000 -13.476429
16.200000 -4.203694
16.249999 -21.870478
16.300000 8.271255
16.349999 19.963493
16.400000 -4.607786
16.449999 -13.094265
16.500000 22.617163
16.549999 11.805240
16.600000 -8.577970
16.649999 16.525406
16.700000 4.800509
16.750000 -32.225601
16.799999 -33.686939
16.850000 25.374987
16.899999 7.071778
16.950000 45.610653
16.999999 16.177164
17.050000 24.452711
17.099999 22.429495
17.150000 13.356515
17.199999 -6.859855
17.250000 7.387523
17.300000 -7.308846
17.349999 -7.715685
17.400000 22.244516
17.449999 -14.346458
17.500000 0.297351
17.549999 16.822107
17.600000 -26.338165
17.649999 -30.104677
17.700000 -19.000225
17.749999 -4.893855
17.800000 20.853453
17.850000 37.397575
17.899999 -16.957188
17.950000 -2.802674
17.999999 22.692129
18.050000 13.494627
18.099999 4.034066
18.150000 -13.324707
18.199999 24.798538
18.250000 17.515200
18.299999 5.441126
18.350000 22.401373
18.400000 -33.590622
18.449999 -6.703595
18.500000 -5.787615
18.549999 -10.752577
18.600000 1.177847
18.649999 25.905153
18.700000 0.146374
18.749999 4.840992
18.800000 -16.106857
18.849999 -27.963686
18.900000 21.424067
18.950000 -11.772448
18.999999 5.788684
19.050000 -32.636742
19.099999 -28.395969
19.150000 -25.755671
19.199999 -5.192721
19.250000 -8.623718
19.299999 6.753226
19.350000 -2.697111
19.399999 13.054962
19.450000 -34.675701
19.500000 18.306583
19.549999 -11.217983
19.600000 26.162334
19.649999 -11.324238
19.700000 37.573654
19.749999 0.707621
19.800000 17.902441
19.849999 3.508147
19.900000 -22.486809
19.949999 18.621881
