0.000000 -28.313538
0.050000 25.263639
0.100000 0.367354
0.150000 21.812176
0.200000 13.450032
0.250000 4.070934
0.300000 18.202421
0.350000 -3.175593
0.400000 9.611997
0.450000 8.430995
0.500000 -6.007767
0.550000 10.127030
0.600000 11.803498
0.650000 -8.788363
0.700000 -6.229175
0.750000 43.024292
0.800000 -8.807373
0.850000 12.471024
0.900000 -6.628097
0.950000 -15.406946
1.000000 -3.601840
1.050000 5.527116
1.100000 1.151085
1.150000 -25.242971
1.200000 23.199556
1.250000 12.685871
1.300000 -6.951326
1.350000 2.541008
1.400000 -15.809032
1.450000 -9.686962
1.500000 -36.497540
1.550000 -9.173403
1.600000 -17.488432
1.650000 6.462064
1.700000 38.478462
1.750000 11.595729
1.800000 19.476347
1.850000 21.509268
1.900000 -38.324417
1.950000 -72.667053
2.000000 -83.701805
2.050000 -62.929024
2.100000 9.829523
2.150000 100.859802
2.200000 162.929184
2.250000 167.528809
2.300000 51.186440
2.350000 -87.923546
2.400000 -187.805847
2.450000 -208.911407
2.500000 -80.012657
2.550000 50.695923
2.600000 191.023392
2.650000 178.504196
2.700000 127.462212
2.750000 -10.491858
2.800000 -141.089783
2.850000 -151.686966
2.900000 -95.624542
2.950000 10.074661
3.000000 118.190094
3.050000 132.595596
3.100000 48.153400
3.150000 -47.181816
3.200000 -134.704971
3.250000 -147.354492
3.300000 -73.123253
3.350000 52.027401
3.400000 83.930725
3.450000 80.324059
3.500000 23.116879
3.550000 -74.733971
3.600000 -105.821693
3.650000 -96.659691
3.700000 -27.563564
3.750000 60.340157
3.800000 66.501648
3.850000 67.856239
3.900000 14.127144
3.950000 -35.468697
4.000000 -80.754227
4.050000 -49.566761
4.100000 5.287941
4.150000 16.818605
4.200000 51.190990
4.250000 41.184376
4.300000 29.100769
4.350000 -22.315533
4.400000 -33.066067
4.450000 -23.920849
4.500000 -13.914981
4.550000 25.912792
4.600000 34.891003
4.650000 24.114370
4.700000 20.761555
4.750000 15.935059
4.800000 5.120013
4.850000 -5.049622
4.900000 9.652452
4.950000 -12.860542
5.000000 -7.031598
5.050000 -6.312802
5.100000 15.093185
5.150000 -16.930346
5.200000 6.639691
5.250000 -3.494287
5.300000 20.218733
5.350000 -1.100511
5.400000 -2.279280
5.450000 12.371837
5.500000 -12.749775
5.550000 5.760173
5.600000 5.050538
5.650000 -7.009470
5.700000 -17.730461
5.750000 -12.487646
5.800000 -14.876825
5.850000 8.375666
5.900000 1.979794
5.950000 -17.228477
6.000000 2.207654
6.050000 -22.930489
6.100000 -17.045959
6.150000 -2.805573
6.200000 21.290529
6.250000 -42.060658
6.300000 10.871853
6.350000 -14.700438
6.400000 -4.141258
6.450000 -11.197649
6.500000 4.919272
6.550000 15.067058
6.600000 -7.054193
6.650000 -1.988553
6.700000 30.763412
6.750000 21.236742
6.800000 -3.730037
6.850000 3.774081
6.900000 5.515813
6.950000 8.304299
7.000000 21.455988
7.050000 13.983503
7.100000 9.840521
7.150000 -5.278375
7.200000 -25.141411
7.250000 6.948925
7.300000 -15.258186
7.350000 22.206827
7.400000 10.051828
7.450000 36.711605
7.500000 -3.164107
7.550000 9.193764
7.600000 -0.877899
7.650000 -22.668152
7.700000 -32.003601
7.750000 8.836209
7.800000 -9.556000
7.850000 14.037675
7.900000 -4.131251
7.950000 8.729305
7.999999 -8.939316
8.049999 -24.107710
8.100000 -18.001865
8.150000 -50.060905
8.200000 5.784427
8.250000 0.400681
8.300000 -2.228266
8.350000 -5.198718
8.400000 -36.441158
8.450000 -5.208816
8.500000 9.198469
8.549999 -22.013054
8.599999 26.956577
8.650000 26.897961
8.700000 5.588057
8.750000 13.178046
8.800000 -5.467668
8.850000 15.039387
8.900000 -11.174630
8.950000 -4.141344
9.000000 4.195974
9.050000 5.998946
9.099999 48.389423
9.149999 14.629175
9.200000 3.929870
9.250000 22.326284
9.300000 -3.720135
9.350000 -22.705074
9.400000 10.762998
9.450000 13.314241
9.500000 20.600935
9.550000 22.501759
9.600000 -6.563848
9.649999 -29.822956
9.699999 -16.519823
9.750000 -11.583861
9.800000 -8.854974
9.850000 -12.945533
9.900000 -13.343987
9.950000 -24.868710
10.000000 23.758051
10.050000 3.509890
10.100000 -0.048668
10.150000 -6.137590
10.199999 -6.678536
10.249999 3.353287
10.300000 8.759970
10.350000 -18.123953
10.400000 9.620700
10.450000 6.843536
10.500000 0.979190
10.550000 -3.721006
10.600000 19.753834
10.650000 -16.992483
10.700000 0.940857
10.749999 -15.499839
10.799999 9.279800
10.849999 23.900852
10.900000 34.711273
10.950000 3.786235
11.000000 5.085204
11.050000 8.707501
11.100000 20.999655
11.150000 10.196487
11.200000 2.330328
11.250000 13.347065
11.299999 16.205210
11.349999 21.320871
11.399999 -6.322367
11.450000 -21.630695
11.500000 -6.470422
11.550000 10.853623
11.600000 3.038624
11.650000 -4.844546
11.700000 -20.938913
11.750000 12.734890
11.800000 -2.662815
11.849999 -4.979288
11.899999 19.174028
11.949999 23.202110
12.000000 2.355050
12.050000 -7.815681
12.100000 -8.724430
12.150000 -12.491442
12.200000 -31.644302
12.250000 -20.968044
12.300000 -4.385707
12.350000 -1.014560
12.399999 12.527217
12.449999 -2.918966
12.499999 -23.739832
12.550000 -1.717526
12.600000 11.731745
12.650000 -24.685190
12.700000 -10.072450
12.750000 32.839390
12.800000 -8.952229
12.850000 17.134192
12.900000 -1.702148
12.949999 -23.718365
12.999999 17.093079
13.049999 -19.481039
13.100000 7.789404
13.150000 -12.506222
13.200000 -16.037209
13.250000 -1.991990
13.300000 -5.524259
13.350000 3.357087
13.400000 2.296508
13.450000 -4.033847
13.499999 14.868977
13.549999 -6.033746
13.599999 -10.082404
13.650000 -14.015860
13.700000 5.898843
13.750000 -24.887594
13.800000 -2.214164
13.850000 18.458675
13.900000 21.297991
13.950000 -18.664820
14.000000 13.051300
14.049999 -21.551460
14.099999 32.072388
14.149999 17.978384
14.200000 7.702422
14.250000 8.053713
14.300000 -7.597322
14.350000 1.878027
14.400000 -12.964678
14.450000 19.438486
14.500000 22.434004
14.549999 10.378110
14.599999 -6.234641
14.649999 36.759731
14.699999 12.777998
14.750000 -9.975266
14.800000 6.387562
14.850000 8.994574
14.900000 13.214935
14.950000 -6.386239
15.000000 17.633677
15.050000 -25.241013
15.099999 14.497462
15.149999 24.864059
15.199999 1.369428
15.249999 12.794159
15.299999 -4.700577
15.350000 -9.730584
15.400000 1.508239
15.450000 16.657396
15.500000 33.175854
15.550000 26.008303
15.600000 7.294311
15.650000 -15.003035
15.699999 -27.984680
15.750000 16.747046
15.799999 14.843102
15.850000 27.517979
15.899999 20.917669
15.950000 -8.492261
15.999999 4.964528
16.050000 -10.304100
16.099999 13.373009
16.150000 13.301268
16.200000 -9.187426
16.249999 13.046952
16.300000 17.900230
16.349999 16.269609
16.400000 22.162170
16.449999 11.029272
16.500000 25.366699
16.549999 -5.398395
16.600000 -16.807991
16.649999 7.259852
16.700000 20.945887
16.750000 -3.477045
16.799999 49.813099
16.850000 -12.230757
16.899999 22.060545
16.950000 -9.302835
16.999999 15.208658
17.050000 -12.884982
17.099999 4.025751
17.150000 6.463352
17.199999 21.974695
17.250000 22.802757
17.300000 17.818331
17.349999 16.961304
17.400000 2.782038
17.449999 -10.567504
17.500000 16.560442
17.549999 11.157953
17.600000 -13.481029
17.649999 1.913128
17.700000 -15.749749
17.749999 7.862554
17.800000 -9.851225
17.850000 5.120106
17.899999 24.611704
17.950000 -5.932907
17.999999 18.497480
18.050000 8.426895
18.099999 6.707054
18.150000 37.281422
18.199999 49.332104
18.250000 -9.426133
18.299999 9.430472
18.350000 14.032660
18.400000 1.695823
18.449999 -0.776508
18.500000 27.103239
18.549999 10.362236
18.600000 2.818190
18.649999 5.041307
18.700000 -17.164663
18.749999 -14.948637
18.800000 -10.465161
18.849999 9.799520
18.900000 2.735548
18.950000 20.884863
18.999999 30.124477
19.050000 -10.727915
19.099999 14.851076
19.150000 -4.191875
19.199999 -11.941146
19.250000 -1.685351
19.299999 -23.948767
19.350000 2.660468
19.399999 -2.368799
19.450000 27.998480
19.500000 28.237534
19.549999 -24.245840
19.600000 -4.199002
19.649999 -16.553593
19.700000 -7.920811
19.749999 26.113640
19.800000 7.163363
19.849999 -8.925570
19.900000 2.875376
19.949999 -3.024517
