0.000000 0.006887
0.050000 0.006152
0.100000 -0.025244
0.150000 -0.085398
0.200000 -0.056092
0.250000 0.059420
0.300000 0.013235
0.350000 0.077267
0.400000 -0.019227
0.450000 0.044247
0.500000 0.017429
0.550000 -0.034426
0.600000 -0.031154
0.650000 -0.215292
0.700000 -0.029486
0.750000 -0.084699
0.800000 -0.024980
0.850000 -0.042908
0.900000 -0.087782
0.950000 -0.000570
1.000000 0.039959
1.050000 0.041717
1.100000 0.070677
1.150000 0.103677
1.200000 0.022535
1.250000 -0.113115
1.300000 -0.075259
1.350000 0.126836
1.400000 0.068352
1.450000 0.056647
1.500000 0.108041
1.550000 0.047354
1.600000 -0.054454
1.650000 -0.063411
1.700000 0.088455
1.750000 -0.014668
1.800000 -0.019065
1.850000 -0.025629
1.900000 -0.090206
1.950000 -0.067950
2.000000 -0.150982
2.050000 0.011254
2.100000 0.056019
2.150000 0.010931
2.200000 0.199095
2.250000 0.024816
2.300000 -0.044686
2.350000 -0.215262
2.400000 -0.079769
2.450000 -0.057294
2.500000 0.053795
2.550000 0.034869
2.600000 0.136007
2.650000 0.118495
2.700000 -0.146135
2.750000 -0.192039
2.800000 -0.109860
2.850000 0.064127
2.900000 0.031501
2.950000 0.301093
3.000000 0.045286
3.050000 0.095433
3.100000 0.029443
3.150000 -0.130563
3.200000 0.010506
3.250000 -0.048089
3.300000 0.070107
3.350000 0.029807
3.400000 0.137813
3.450000 -0.082585
3.500000 -0.080600
3.550000 -0.155357
3.600000 -0.119554
3.650000 0.081477
3.700000 0.040925
3.750000 0.154297
3.800000 0.114603
3.850000 0.056135
3.900000 -0.176539
3.950000 0.021826
4.000000 0.023872
4.050000 -0.011572
4.100000 0.065051
4.150000 0.034429
4.200000 0.079428
4.250000 -0.057680
4.300000 -0.074215
4.350000 0.031184
4.400000 -0.001353
4.450000 0.124160
4.500000 -0.048186
4.550000 -0.141078
4.600000 -0.064929
4.650000 0.098499
4.700000 0.023884
4.750000 0.044468
4.800000 0.115034
4.850000 0.072108
4.900000 0.060478
4.950000 0.086897
5.000000 -0.018180
5.050000 -0.136335
5.100000 -0.030554
5.150000 0.025671
5.200000 -0.052239
5.250000 -0.064458
5.300000 -0.064202
5.350000 0.068398
5.400000 -0.041614
5.450000 0.010215
5.500000 -0.024237
5.550000 0.046843
5.600000 0.085491
5.650000 -0.097613
5.700000 -0.005817
5.750000 -0.120460
5.800000 -0.008707
5.850000 0.054682
5.900000 -0.093254
5.950000 -0.016500
6.000000 -0.026224
6.050000 0.025466
6.100000 0.085422
6.150000 0.084518
6.200000 0.040880
6.250000 0.002848
6.300000 0.026981
6.350000 -0.008497
6.400000 -0.043613
6.450000 0.029844
6.500000 0.089113
6.550000 0.038793
6.600000 -0.000479
6.650000 0.032525
6.700000 0.075568
6.750000 -0.030630
6.800000 0.069476
6.850000 0.006991
6.900000 -0.061609
6.950000 0.045380
7.000000 -0.008196
7.050000 -0.108125
7.100000 -0.001465
7.150000 -0.093297
7.200000 0.073646
7.250000 -0.078232
7.300000 -0.077640
7.350000 0.182710
7.400000 -0.051658
7.450000 0.044966
7.500000 0.227348
7.550000 -0.008893
7.600000 -0.019320
7.650000 -0.053044
7.700000 0.023798
7.750000 -0.007234
7.800000 0.155247
7.850000 -0.001867
7.900000 -0.009455
7.950000 0.043611
7.999999 -0.049035
8.049999 -0.162561
8.100000 -0.037625
8.150000 0.018104
8.200000 -0.065320
8.250000 -0.125363
8.300000 -0.019431
8.350000 -0.148270
8.400000 -0.088689
8.450000 0.089946
8.500000 0.100984
8.549999 0.015607
8.599999 0.052852
8.650000 0.143852
8.700000 -0.100133
8.750000 -0.040518
8.800000 0.077212
8.850000 0.075548
8.900000 -0.072538
8.950000 0.056620
9.000000 0.030442
9.050000 0.082984
9.099999 0.025360
9.149999 -0.026855
9.200000 -0.052365
9.250000 -0.026332
9.300000 0.043049
9.350000 -0.080791
9.400000 0.024399
9.450000 -0.092617
9.500000 0.001516
9.550000 -0.067023
9.600000 -0.006995
9.649999 -0.015533
9.699999 -0.107061
9.750000 0.122814
9.800000 -0.040092
9.850000 -0.102316
9.900000 0.108033
9.950000 0.027154
10.000000 0.033892
10.050000 -0.002656
10.100000 0.092815
10.150000 0.087299
10.199999 -0.130282
10.249999 -0.021099
10.300000 0.100671
10.350000 -0.110878
10.400000 -0.073456
10.450000 -0.115905
10.500000 -0.057081
10.550000 0.016571
10.600000 -0.124823
10.650000 -0.031742
10.700000 0.016120
10.749999 -0.174779
10.799999 -0.091180
10.849999 0.037129
10.900000 -0.012499
10.950000 0.095292
11.000000 0.072773
11.050000 0.115292
11.100000 0.118851
11.150000 -0.010546
11.200000 0.059291
11.250000 0.008503
11.299999 -0.009761
11.349999 0.043521
11.399999 0.113436
11.450000 0.086161
11.500000 0.016844
11.550000 0.000530
11.600000 0.091266
11.650000 -0.003817
11.700000 -0.128749
11.750000 -0.093609
11.800000 0.244705
11.849999 -0.077260
11.899999 -0.036381
11.949999 0.036026
12.000000 0.067226
12.050000 -0.018490
12.100000 0.090229
12.150000 0.037603
12.200000 -0.012842
12.250000 0.016361
12.300000 -0.023763
12.350000 -0.023384
12.399999 -0.010133
12.449999 0.084430
12.499999 0.006389
12.550000 -0.142127
12.600000 -0.042348
12.650000 0.045623
12.700000 -0.059050
12.750000 -0.007702
12.800000 0.080985
12.850000 0.107697
12.900000 -0.101627
12.949999 -0.112132
12.999999 0.031334
13.049999 -0.102811
13.100000 -0.042547
13.150000 0.109345
13.200000 0.043423
13.250000 -0.053957
13.300000 0.023634
13.350000 -0.034682
13.400000 0.140884
13.450000 -0.005406
13.499999 -0.039185
13.549999 0.013543
13.599999 -0.045050
13.650000 0.031659
13.700000 0.055356
13.750000 -0.021553
13.800000 0.040981
13.850000 -0.059643
13.900000 -0.014465
13.950000 0.053318
14.000000 -0.122505
14.049999 0.057387
14.099999 0.004484
14.149999 -0.094494
14.200000 -0.014146
14.250000 0.046917
14.300000 0.036230
14.350000 0.013762
14.400000 0.084908
14.450000 0.009810
14.500000 -0.015642
14.549999 -0.028167
14.599999 -0.005733
14.649999 -0.021746
14.699999 0.042309
14.750000 -0.139655
14.800000 -0.103798
14.850000 0.150929
14.900000 -0.091671
14.950000 0.014838
15.000000 0.026956
15.050000 -0.012150
15.099999 0.008633
15.149999 -0.079452
15.199999 0.045766
15.249999 -0.039343
15.299999 0.061754
15.350000 -0.023213
15.400000 0.061084
15.450000 0.037912
15.500000 0.051951
15.550000 -0.116843
15.600000 -0.079002
15.650000 0.047672
15.699999 0.010600
15.750000 -0.026270
15.799999 -0.138525
15.850000 0.069736
15.899999 0.164803
15.950000 -0.031490
15.999999 0.078279
16.050000 -0.010157
16.099999 0.094969
16.150000 0.055328
16.200000 -0.049869
16.249999 -0.109778
16.300000 0.012350
16.349999 -0.027414
16.400000 0.038339
16.449999 -0.063760
16.500000 -0.043921
16.549999 0.167212
16.600000 0.005842
16.649999 0.090378
16.700000 -0.045383
16.750000 0.129802
16.799999 -0.064320
16.850000 0.140989
16.899999 -0.037254
16.950000 0.009036
16.999999 0.019644
17.050000 0.052961
17.099999 -0.016429
17.150000 -0.090860
17.199999 0.099958
17.250000 0.052721
17.300000 -0.082117
17.349999 0.078031
17.400000 -0.002873
17.449999 -0.096906
17.500000 0.024889
17.549999 -0.035706
17.600000 -0.086019
17.649999 -0.018726
17.700000 -0.023238
17.749999 0.181362
17.800000 0.119821
17.850000 -0.015410
17.899999 -0.004781
17.950000 -0.103281
17.999999 -0.025115
18.050000 0.172243
18.099999 -0.014686
18.150000 0.008793
18.199999 0.100576
18.250000 0.008734
18.299999 0.124210
18.350000 -0.009613
18.400000 0.125495
18.449999 0.152628
18.500000 0.106493
18.549999 0.051757
18.600000 -0.082420
18.649999 -0.011192
18.700000 0.080277
18.749999 -0.042727
18.800000 -0.180984
18.849999 0.124657
18.900000 -0.054978
18.950000 -0.029905
18.999999 -0.084552
19.050000 -0.026577
19.099999 -0.020036
19.150000 0.038109
19.199999 -0.118745
19.250000 0.060660
19.299999 0.057369
19.350000 -0.029657
19.399999 0.033140
19.450000 -0.072716
19.500000 -0.048890
19.549999 -0.151249
19.600000 0.059827
19.649999 -0.101480
19.700000 -0.003724
19.749999 0.059515
19.800000 -0.009273
19.849999 -0.097265
19.900000 0.084648
19.949999 0.070359
