0.000000 -1.909198
0.050000 -2.254123
0.100000 -1.767654
0.150000 -1.836080
0.200000 0.646698
0.250000 -0.949213
0.300000 2.345736
0.350000 0.308448
0.400000 2.816888
0.450000 -1.149898
0.500000 2.254547
0.550000 2.150388
0.600000 3.112000
0.650000 1.276830
0.700000 3.729506
0.750000 1.060890
0.800000 0.679517
0.850000 -0.691472
0.900000 0.584786
0.950000 -1.618170
1.000000 -0.577457
1.050000 1.942842
1.100000 0.154736
1.150000 -2.072171
1.200000 -0.314597
1.250000 0.389391
1.300000 0.504183
1.350000 -0.473622
1.400000 1.115439
1.450000 -0.921685
1.500000 -0.064494
1.550000 -2.585729
1.600000 -1.215815
1.650000 -0.686164
1.700000 1.048009
1.750000 0.216432
1.800000 0.254149
1.850000 -1.199425
1.900000 1.259315
1.950000 0.531748
2.000000 -0.572637
2.050000 -0.507449
2.100000 -3.232188
2.150000 0.128384
2.200000 0.432840
2.250000 -0.513326
2.300000 -0.800672
2.350000 -1.845548
2.400000 -0.877630
2.450000 -2.100460
2.500000 1.308192
2.550000 1.477853
2.600000 0.476187
2.650000 0.748759
2.700000 0.632519
2.750000 2.320569
2.800000 0.006216
2.850000 3.789516
2.900000 1.462780
2.950000 3.328002
3.000000 0.627069
3.050000 1.882885
3.100000 2.881703
3.150000 5.841701
3.200000 9.367277
3.250000 6.559508
3.300000 5.970770
3.350000 6.461885
3.400000 5.290624
3.450000 4.623661
3.500000 10.802844
3.550000 8.805629
3.600000 5.795904
3.650000 5.226376
3.700000 8.315162
3.750000 7.469539
3.800000 6.279467
3.850000 3.030615
3.900000 2.655667
3.950000 1.331568
4.000000 -2.495135
4.050000 -6.974813
4.100000 -12.782326
4.150000 -12.133538
4.200000 -17.608391
4.250000 -19.120960
4.300000 -21.525257
4.350000 -23.437225
4.400000 -21.912111
4.450000 -22.671175
4.500000 -23.312407
4.550000 -20.061195
4.600000 -16.640350
4.650000 -16.345230
4.700000 -14.801499
4.750000 -12.887087
4.800000 -11.512045
4.850000 -7.830551
4.900000 -5.552462
4.950000 -2.150552
5.000000 -0.028146
5.050000 1.624660
5.100000 6.667864
5.150000 7.581171
5.200000 10.344555
5.250000 11.033487
5.300000 11.030726
5.350000 11.551515
5.400000 17.609016
5.450000 14.298176
5.500000 14.908438
5.550000 15.924296
5.600000 18.583675
5.650000 16.565676
5.700000 14.763269
5.750000 17.168774
5.800000 16.432711
5.850000 14.977030
5.900000 15.971881
5.950000 14.576474
6.000000 13.199114
6.050000 12.402666
6.100000 9.121386
6.150000 11.644050
6.200000 8.552332
6.250000 5.936811
6.300000 6.825898
6.350000 6.407639
6.400000 6.838579
6.450000 4.091359
6.500000 3.042614
6.550000 -1.693025
6.600000 -4.190200
6.650000 -3.474774
6.700000 -5.431137
6.750000 -4.785191
6.800000 -6.383402
6.850000 -7.975066
6.900000 -6.488950
6.950000 -6.877797
7.000000 -10.427630
7.050000 -7.394716
7.100000 -8.964750
7.150000 -10.644342
7.200000 -8.387895
7.250000 -6.791864
7.300000 -9.801114
7.350000 -8.215835
7.400000 -10.095069
7.450000 -7.697133
7.500000 -11.753682
7.550000 -6.885637
7.600000 -8.495307
7.650000 -4.577089
7.700000 -6.181376
7.750000 -5.762743
7.800000 -6.220232
7.850000 -4.232023
7.900000 -6.431791
7.950000 -4.381042
7.999999 -6.098094
8.049999 -4.976085
8.100000 -2.960373
8.150000 -4.570949
8.200000 -1.220825
8.250000 -0.030847
8.300000 -1.969432
8.350000 -1.157277
8.400000 2.095256
8.450000 2.963321
8.500000 2.223885
8.549999 5.735972
8.599999 4.004914
8.650000 5.265802
8.700000 8.109477
8.750000 7.212559
8.800000 6.630474
8.850000 4.788362
8.900000 2.156626
8.950000 4.763620
9.000000 8.426932
9.050000 4.980929
9.099999 4.059804
9.149999 5.431576
9.200000 4.949608
9.250000 6.141496
9.300000 4.598910
9.350000 2.380986
9.400000 2.279144
9.450000 2.976902
9.500000 2.142562
9.550000 2.988308
9.600000 2.924299
9.649999 2.497391
9.699999 1.956030
9.750000 3.100944
9.800000 -0.126907
9.850000 2.394735
9.900000 1.961304
9.950000 0.545546
10.000000 1.473177
10.050000 0.374674
10.100000 2.764306
10.150000 3.002679
10.199999 -0.059092
10.249999 0.540809
10.300000 2.476528
10.350000 -1.203230
10.400000 -1.340010
10.450000 -3.569564
10.500000 -3.085638
10.550000 -2.179914
10.600000 -3.324111
10.650000 -2.497282
10.700000 -3.641224
10.749999 -2.993344
10.799999 -2.555332
10.849999 -5.027700
10.900000 -5.716545
10.950000 -5.906572
11.000000 -5.347884
11.050000 -2.219853
11.100000 2.099502
11.150000 0.339235
11.200000 2.302572
11.250000 4.360772
11.299999 3.693782
11.349999 -0.283314
11.399999 1.210347
11.450000 1.158146
11.500000 3.348763
11.550000 -0.284571
11.600000 0.537481
11.650000 1.866319
11.700000 -0.908627
11.750000 0.529665
11.800000 0.796463
11.849999 1.796564
11.899999 3.093461
11.949999 0.061581
12.000000 -0.621369
12.050000 0.362567
12.100000 -1.885677
12.150000 -0.149098
12.200000 1.791818
12.250000 3.568130
12.300000 0.904157
12.350000 -0.408783
12.399999 2.340667
12.449999 2.210008
12.499999 3.357892
12.550000 2.624286
12.600000 5.100310
12.650000 2.438218
12.700000 1.999515
12.750000 0.981282
12.800000 2.201882
12.850000 0.943676
12.900000 2.287024
12.949999 1.378740
12.999999 -0.074120
13.049999 0.576797
13.100000 1.081267
13.150000 4.314411
13.200000 0.535868
13.250000 -0.054626
13.300000 1.739523
13.350000 2.020958
13.400000 3.488297
13.450000 -0.550210
13.499999 2.073172
13.549999 -0.147948
13.599999 -0.014325
13.650000 2.740074
13.700000 2.293194
13.750000 -0.214193
13.800000 0.278879
13.850000 0.630424
13.900000 -2.001591
13.950000 -0.765961
14.000000 0.897431
14.049999 -0.831628
14.099999 -0.146587
14.149999 1.283527
14.200000 -3.273504
14.250000 -2.763407
14.300000 -0.448414
14.350000 -4.244853
14.400000 -0.706448
14.450000 -1.072127
14.500000 -5.625124
14.549999 -2.931074
14.599999 -0.516776
14.649999 -1.036981
14.699999 0.747307
14.750000 2.623647
14.800000 0.495658
14.850000 0.964617
14.900000 0.025721
14.950000 -0.549817
15.000000 2.880449
15.050000 2.015642
15.099999 2.999479
15.149999 0.249185
15.199999 3.123662
15.249999 1.106248
15.299999 0.915925
15.350000 -0.007238
15.400000 -0.515245
15.450000 -0.385135
15.500000 -2.212992
15.550000 0.136013
15.600000 -2.052533
15.650000 0.275344
15.699999 -1.052463
15.750000 1.562623
15.799999 1.960126
15.850000 0.015137
15.899999 0.486509
15.950000 2.757932
15.999999 3.207832
16.050000 1.993005
16.099999 2.568888
16.150000 3.068069
16.200000 1.636777
16.249999 0.639764
16.300000 1.808189
16.349999 0.353321
16.400000 0.452850
16.449999 2.301999
16.500000 0.387717
16.549999 -1.397455
16.600000 -2.016815
16.649999 -1.246834
16.700000 -0.065880
16.750000 -2.994637
16.799999 -2.074210
16.850000 -4.520474
16.899999 -0.609348
16.950000 -2.514411
16.999999 -3.900123
17.050000 -3.413701
17.099999 -2.547210
17.150000 -1.494911
17.199999 -1.868265
17.250000 -2.612266
17.300000 -3.582459
17.349999 -1.189514
17.400000 -2.532526
17.449999 -3.578781
17.500000 -3.150811
17.549999 -1.664298
17.600000 0.227945
17.649999 -5.169418
17.700000 0.213569
17.749999 -1.609812
17.800000 1.523664
17.850000 0.110730
17.899999 0.418127
17.950000 1.367418
17.999999 1.690548
18.050000 1.759011
18.099999 -1.133306
18.150000 0.129912
18.199999 1.436585
18.250000 -1.184020
18.299999 -1.436530
18.350000 2.130543
18.400000 0.239084
18.449999 0.734705
18.500000 1.863711
18.549999 0.942197
18.600000 2.083059
18.649999 3.524235
18.700000 0.642509
18.749999 0.383135
18.800000 4.532879
18.849999 4.235821
18.900000 3.622997
18.950000 4.789186
18.999999 1.282399
19.050000 5.204824
19.099999 3.866749
19.150000 3.756309
19.199999 0.147731
19.250000 0.869385
19.299999 2.479928
19.350000 2.221385
19.399999 -2.511812
19.450000 -1.463866
19.500000 -1.939479
19.549999 1.270064
19.600000 -2.772436
19.649999 -1.122943
19.700000 -0.835462
19.749999 0.325384
19.800000 0.953369
19.849999 -1.372825
19.900000 1.795194
19.949999 3.526618
