0.000000 0.038239
0.050000 -0.020826
0.100000 -0.010092
0.150000 -0.022844
0.200000 0.033530
0.250000 -0.002324
0.300000 -0.028119
0.350000 -0.032640
0.400000 0.009028
0.450000 -0.008261
0.500000 -0.049611
0.550000 -0.027312
0.600000 0.017775
0.650000 0.008903
0.700000 -0.033329
0.750000 0.058127
0.800000 -0.019523
0.850000 0.028191
0.900000 -0.035835
0.950000 -0.014000
1.000000 0.029694
1.050000 -0.081575
1.100000 -0.014443
1.150000 -0.044668
1.200000 -0.035615
1.250000 -0.010595
1.300000 0.084023
1.350000 -0.007795
1.400000 0.024044
1.450000 0.020369
1.500000 -0.039942
1.550000 0.010858
1.600000 0.010323
1.650000 0.004125
1.700000 0.033646
1.750000 0.022540
1.800000 -0.002756
1.850000 0.003007
1.900000 0.008686
1.950000 0.070048
2.000000 0.004875
2.050000 -0.001954
2.100000 0.020345
2.150000 -0.019812
2.200000 -0.088855
2.250000 0.021337
2.300000 -0.012775
2.350000 0.004878
2.400000 -0.044112
2.450000 0.001448
2.500000 -0.027882
2.550000 -0.034886
2.600000 -0.006673
2.650000 0.037435
2.700000 0.009972
2.750000 0.034222
2.800000 -0.000095
2.850000 -0.020830
2.900000 -0.013580
2.950000 0.007581
3.000000 -0.027598
3.050000 0.005446
3.100000 -0.021426
3.150000 -0.005587
3.200000 0.029105
3.250000 0.070754
3.300000 -0.006506
3.350000 0.049011
3.400000 -0.056928
3.450000 0.007136
3.500000 0.043323
3.550000 -0.040705
3.600000 -0.037517
3.650000 -0.012251
3.700000 -0.034910
3.750000 0.008469
3.800000 0.002795
3.850000 0.025791
3.900000 0.023423
3.950000 -0.013453
4.000000 0.072489
4.050000 0.060648
4.100000 0.037245
4.150000 0.054084
4.200000 0.085868
4.250000 0.026397
4.300000 0.008010
4.350000 -0.006668
4.400000 0.035641
4.450000 0.014360
4.500000 -0.062290
4.550000 -0.044172
4.600000 -0.016062
4.650000 -0.085684
4.700000 -0.043554
4.750000 -0.093939
4.800000 -0.072675
4.850000 -0.074800
4.900000 -0.145022
4.950000 -0.071059
5.000000 -0.078795
5.050000 0.027066
5.100000 -0.005235
5.150000 0.033566
5.200000 0.037514
5.250000 0.071973
5.300000 0.122568
5.350000 0.062360
5.400000 0.110607
5.450000 0.107751
5.500000 0.106996
5.550000 0.087543
5.600000 0.061004
5.650000 0.010852
5.700000 -0.002789
5.750000 0.006145
5.800000 0.041482
5.850000 -0.085961
5.900000 -0.100368
5.950000 -0.068957
6.000000 -0.091267
6.050000 -0.153768
6.100000 -0.118756
6.150000 -0.086114
6.200000 -0.028708
6.250000 -0.036390
6.300000 -0.032815
6.350000 0.002522
6.400000 0.036457
6.450000 0.019506
6.500000 0.036543
6.550000 0.041379
6.600000 0.092509
6.650000 0.111041
6.700000 0.087460
6.750000 0.084498
6.800000 0.056649
6.850000 0.102088
6.900000 0.060075
6.950000 -0.041386
7.000000 -0.022269
7.050000 -0.071079
7.100000 -0.051251
7.150000 -0.077499
7.200000 -0.093659
7.250000 -0.108259
7.300000 -0.077537
7.350000 -0.065815
7.400000 -0.046073
7.450000 -0.025666
7.500000 -0.044313
7.550000 0.024397
7.600000 -0.001714
7.650000 0.001606
7.700000 0.044113
7.750000 0.058962
7.800000 0.059821
7.850000 0.044180
7.900000 0.116809
7.950000 0.060370
8.000000 0.052126
8.050000 0.036973
8.100000 0.044810
8.150000 -0.019288
8.200000 0.018177
8.250000 0.024166
8.300000 -0.055121
8.350000 -0.017449
8.400000 -0.017559
8.450000 -0.097854
8.500000 -0.036973
8.550000 0.033857
8.600000 -0.068859
8.650000 -0.022238
8.700000 0.001730
8.750000 -0.022134
8.800000 0.018050
8.850000 0.043821
8.900000 0.038415
8.950000 0.088931
9.000000 0.051974
9.050000 0.087365
9.100000 0.029652
9.150000 0.075687
9.200000 0.049248
9.250000 0.025575
9.300000 0.017564
9.350000 -0.026930
9.400000 0.008389
9.450000 -0.045524
9.500000 0.019475
9.550000 -0.105458
9.600000 -0.023828
9.650000 -0.055071
9.700000 -0.028729
9.750000 -0.030436
9.800000 -0.011313
9.850000 -0.013874
9.900000 0.035233
9.950000 0.031761
10.000000 -0.013638
10.050000 0.023878
10.100000 0.004919
10.150000 0.082853
10.200000 0.022578
10.250000 0.032178
10.300000 0.054028
10.350000 0.013846
10.400000 0.028114
10.450000 0.026121
10.500000 -0.022099
10.550000 -0.020678
10.600000 -0.034361
10.650000 -0.033517
10.700000 -0.022808
10.750000 0.025505
10.800000 -0.042378
10.850000 -0.034055
10.900000 -0.027478
10.950000 -0.006054
11.000000 -0.050864
11.050000 -0.054887
11.100000 0.006333
11.150000 -0.033192
11.200000 -0.029956
11.250000 0.057517
11.300000 0.052481
11.350000 0.021069
11.400000 0.018797
11.450000 0.035645
11.500000 0.028730
11.550000 -0.042379
11.600000 0.060931
11.650000 0.025861
11.700000 -0.036062
11.750000 0.074372
11.800000 -0.022032
11.850000 0.031646
11.900000 0.036378
11.950000 -0.002307
12.000000 -0.018950
12.050000 -0.044769
12.100000 0.039650
12.150000 -0.019363
12.200000 0.008134
12.250000 0.001294
12.300000 -0.022639
12.350000 0.014913
12.400000 0.015383
12.450000 0.017489
12.500000 0.009390
12.550000 0.009227
12.600000 0.039637
12.650000 0.003838
12.700000 0.033499
12.750000 0.050010
12.800000 -0.008258
12.850000 -0.034785
12.900000 -0.043346
12.950000 0.042425
13.000000 0.041194
13.050000 -0.006193
13.100000 0.000093
13.150000 0.071722
13.200000 -0.004580
13.250000 0.016503
13.300000 -0.006700
13.350000 0.040289
13.400000 -0.015228
13.450000 0.040791
13.500000 -0.070293
13.550000 0.032834
13.600000 -0.034719
13.650000 -0.035153
13.700000 0.065935
13.750000 -0.000512
13.800000 -0.025635
13.850000 0.010508
13.900000 0.062595
13.950000 0.001928
14.000000 0.009481
14.050000 0.008083
14.100000 0.024438
14.150000 0.030569
14.200000 -0.027846
14.250000 0.016433
14.300000 0.007745
14.350000 0.005105
14.400000 -0.006441
14.450000 -0.013059
14.500000 0.025564
14.550000 0.056601
14.600000 0.028979
14.650000 0.026175
14.700000 -0.017655
14.750000 -0.008357
14.800000 -0.025275
14.850000 0.044988
14.900000 0.038433
14.950000 -0.007552
15.000000 -0.020284
15.050000 0.004564
15.100000 -0.022317
15.150000 -0.000324
15.200000 0.042447
15.250000 0.089634
15.300000 -0.045499
15.350000 -0.012961
15.400000 0.012614
15.450000 -0.023464
15.500000 0.036562
15.550000 -0.026142
15.600000 0.031987
15.650000 0.023766
15.700000 0.017567
15.750000 -0.025219
15.800000 0.004139
15.850000 0.012129
15.900000 -0.029015
15.950000 0.005565
16.000000 -0.008384
16.050000 -0.025172
16.100000 0.010612
16.150000 -0.065421
16.200000 0.002479
16.250000 0.066856
16.300000 0.001276
16.350000 0.024720
16.400000 0.047865
16.450000 0.030646
16.500000 -0.008346
16.550000 -0.000032
16.600000 0.036688
16.650000 -0.002386
16.700000 0.053172
16.750000 0.009096
16.800000 0.065129
16.850000 -0.007509
16.900000 0.026455
16.950000 -0.026266
17.000000 -0.036828
17.050000 -0.030784
17.100000 -0.039345
17.150000 0.003860
17.200000 -0.031804
17.250000 0.012674
17.300000 0.038146
17.350000 -0.030113
17.400000 -0.003045
17.450000 0.012125
17.500000 -0.038564
17.550000 0.020786
17.600000 -0.002105
17.650000 -0.018578
17.700000 0.028929
17.750000 -0.041392
17.800000 0.007685
17.850000 0.025946
17.900000 0.064435
17.950000 -0.044035
18.000000 -0.041960
18.050000 -0.016822
18.100000 -0.001805
18.150000 0.016818
18.200000 0.016444
18.250000 -0.001852
18.300000 0.010095
18.350000 0.059689
18.400000 0.032669
18.450000 0.000297
18.500000 -0.065211
18.550000 -0.040869
18.600000 0.032502
18.650000 -0.081923
18.700000 -0.032598
18.750000 -0.029034
18.800000 0.018381
18.850000 -0.003465
18.900000 0.053844
18.950000 -0.024183
19.000000 -0.038271
19.050000 0.014472
19.100000 -0.019163
19.150000 -0.015172
19.200000 0.030600
19.250000 0.041222
19.300000 -0.033579
19.350000 0.004248
19.400000 -0.003947
19.450000 0.065174
19.500000 -0.017445
19.550000 0.103387
19.600000 -0.020485
19.650000 0.037995
19.700000 0.008260
19.750000 0.008637
19.799999 -0.055444
19.849999 -0.060848
19.899999 0.009839
19.949999 0.004034
