0.000000 0.227406
0.050000 0.553505
0.100000 -0.034075
0.150000 -0.442880
0.200000 -0.125756
0.250000 0.009743
0.300000 -0.642065
0.350000 -0.003360
0.400000 -0.000642
0.450000 0.098925
0.500000 0.546284
0.550000 0.061963
0.600000 0.270848
0.650000 -0.088844
0.700000 -0.428658
0.750000 -0.091789
0.800000 0.114836
0.850000 -0.248649
0.900000 -0.269661
0.950000 -0.019944
1.000000 -0.159055
1.050000 0.140893
1.100000 0.252006
1.150000 0.247217
1.200000 0.243346
1.250000 0.672114
1.300000 0.070083
1.350000 0.150993
1.400000 -0.153180
1.450000 -0.093134
1.500000 0.083238
1.550000 -0.094816
1.600000 0.882963
1.650000 -0.034799
1.700000 0.181051
1.750000 0.171311
1.800000 0.402513
1.850000 -0.339638
1.900000 -0.290753
1.950000 -0.157982
2.000000 -0.184251
2.050000 0.192703
2.100000 0.114152
2.150000 -0.024923
2.200000 0.157606
2.250000 0.014140
2.300000 0.201102
2.350000 0.038508
2.400000 0.080506
2.450000 0.157631
2.500000 -0.394999
2.550000 0.099548
2.600000 0.321512
2.650000 -0.280654
2.700000 0.190148
2.750000 0.074749
2.800000 0.539309
2.850000 -0.027398
2.900000 -0.305589
2.950000 0.528674
3.000000 -0.040450
3.050000 -0.153202
3.100000 0.357353
3.150000 0.170139
3.200000 0.503576
3.250000 0.212978
3.300000 0.053142
3.350000 0.044486
3.400000 0.476383
3.450000 -0.174478
3.500000 -0.048905
3.550000 -0.174613
3.600000 0.374758
3.650000 -0.126448
3.700000 0.286498
3.750000 0.063967
3.800000 -0.271499
3.850000 0.159809
3.900000 0.165679
3.950000 -0.106167
4.000000 -0.371158
4.050000 0.108797
4.100000 -0.360113
4.150000 -0.313277
4.200000 -0.107262
4.250000 -0.271907
4.300000 -0.359459
4.350000 -0.463095
4.400000 -0.840746
4.450000 -0.112885
4.500000 -0.640793
4.550000 0.111510
4.600000 -0.067975
4.650000 0.237817
4.700000 0.087802
4.750000 0.060426
4.800000 -0.727711
4.850000 -0.096985
4.900000 -0.068183
4.950000 0.368250
5.000000 0.053132
5.050000 0.096761
5.100000 0.523657
5.150000 -0.255334
5.200000 0.588497
5.250000 0.642592
5.300000 0.665926
5.350000 0.303563
5.400000 0.309028
5.450000 0.655909
5.500000 1.014014
5.550000 0.748532
5.600000 0.522321
5.650000 0.841781
5.700000 0.872466
5.750000 0.246057
5.800000 0.451102
5.850000 -0.175697
5.900000 0.557971
5.950000 0.256141
6.000000 0.192270
6.050000 -0.146757
6.100000 -0.275509
6.150000 -0.597995
6.200000 -0.252794
6.250000 -0.401554
6.300000 -0.844559
6.350000 -0.045825
6.400000 -0.940658
6.450000 -0.613722
6.500000 -0.931356
6.550000 -1.213790
6.600000 -0.390137
6.650000 -0.735201
6.700000 -1.191263
6.750000 -0.395560
6.800000 -0.518025
6.850000 -0.843757
6.900000 -1.054402
6.950000 0.214168
7.000000 0.161961
7.050000 0.078247
7.100000 0.484225
7.150000 -0.142122
7.200000 -0.002482
7.250000 0.159370
7.300000 0.205313
7.350000 0.670378
7.400000 0.882302
7.450000 0.829948
7.500000 0.222373
7.550000 0.163405
7.600000 1.011818
7.650000 0.933865
7.700000 1.102449
7.750000 0.419798
7.800000 0.586983
7.850000 0.165451
7.900000 0.877177
7.950000 0.441511
7.999999 0.554513
8.049999 -0.038924
8.100000 0.276956
8.150000 0.269583
8.200000 0.566871
8.250000 -0.417247
8.300000 -0.230440
8.350000 0.316880
8.400000 -0.052964
8.450000 -0.104428
8.500000 -0.380685
8.549999 -0.442788
8.599999 -0.434313
8.650000 -0.436951
8.700000 -1.145659
8.750000 -0.046943
8.800000 -0.412114
8.850000 -0.344521
8.900000 -0.661640
8.950000 -0.390482
9.000000 -0.183517
9.050000 -0.611607
9.099999 -0.278693
9.149999 -0.535223
9.200000 0.052473
9.250000 -0.387448
9.300000 -0.494197
9.350000 0.516944
9.400000 0.109297
9.450000 0.288388
9.500000 0.334395
9.550000 -0.117928
9.600000 0.249993
9.649999 0.074276
9.699999 0.085226
9.750000 0.352865
9.800000 0.265757
9.850000 0.098940
9.900000 0.841337
9.950000 -0.147104
10.000000 0.027353
10.050000 0.314646
10.100000 0.145979
10.150000 0.219807
10.199999 0.626448
10.249999 -0.149526
10.300000 -0.220684
10.350000 0.172374
10.400000 -0.347910
10.450000 0.440546
10.500000 0.018190
10.550000 -0.024062
10.600000 -0.391710
10.650000 -0.145694
10.700000 0.093884
10.749999 -0.216001
10.799999 -0.415364
10.849999 0.239374
10.900000 -0.320903
10.950000 -0.092034
11.000000 -0.865885
11.050000 0.527912
11.100000 0.013126
11.150000 -0.077287
11.200000 0.485248
11.250000 0.044273
11.299999 -0.188668
11.349999 0.192562
11.399999 -0.322546
11.450000 -0.544527
11.500000 -0.292672
11.550000 0.183234
11.600000 -0.059028
11.650000 -0.007152
11.700000 -0.193275
11.750000 -0.296956
11.800000 0.272358
11.849999 -0.381523
11.899999 0.233661
11.949999 0.346497
12.000000 0.156021
12.050000 -0.109672
12.100000 0.548669
12.150000 0.092878
12.200000 -0.658496
12.250000 -0.118340
12.300000 0.318496
12.350000 0.360571
12.399999 -0.470790
12.449999 0.352227
12.499999 -0.464819
12.550000 -0.327909
12.600000 0.112854
12.650000 0.005369
12.700000 0.049423
12.750000 -0.291888
12.800000 0.137627
12.850000 0.168040
12.900000 -0.175057
12.949999 -0.276370
12.999999 0.026544
13.049999 0.190890
13.100000 -0.090140
13.150000 0.134740
13.200000 -0.006495
13.250000 -0.041679
13.300000 -0.415767
13.350000 -0.333010
13.400000 0.112450
13.450000 -0.601987
13.499999 -0.001136
13.549999 0.085849
13.599999 0.201167
13.650000 0.325393
13.700000 0.312843
13.750000 -0.020466
13.800000 -0.366078
13.850000 0.132660
13.900000 -0.357741
13.950000 0.195066
14.000000 0.103579
14.049999 -0.097462
14.099999 -0.354079
14.149999 -0.188118
14.200000 0.623282
14.250000 0.381582
14.300000 0.369960
14.350000 0.153420
14.400000 0.435281
14.450000 -0.156146
14.500000 -0.226132
14.549999 -0.075027
14.599999 0.102430
14.649999 -0.046286
14.699999 -0.053844
14.750000 0.299903
14.800000 -0.286561
14.850000 -0.088356
14.900000 -0.186479
14.950000 0.474557
15.000000 0.490500
15.050000 -0.201314
15.099999 0.141689
15.149999 -0.034491
15.199999 -0.101807
15.249999 -0.211004
15.299999 0.067538
15.350000 -0.088997
15.400000 -0.058104
15.450000 0.268468
15.500000 -0.180139
15.550000 -0.267869
15.600000 -0.247672
15.650000 0.385947
15.699999 0.107322
15.750000 0.131271
15.799999 -0.441155
15.850000 0.354230
15.899999 -0.438494
15.950000 -0.216471
15.999999 0.127593
16.050000 -0.161070
16.099999 -0.138614
16.150000 0.003121
16.200000 0.501369
16.249999 0.011949
16.300000 -0.188601
16.349999 -0.020890
16.400000 0.670320
16.449999 -0.177866
16.500000 0.131911
16.549999 -0.173840
16.600000 0.467755
16.649999 -0.049837
16.700000 0.156680
16.750000 0.230059
16.799999 0.517162
16.850000 0.570476
16.899999 0.163673
16.950000 0.159121
16.999999 0.053112
17.050000 0.412434
17.099999 -0.039944
17.150000 -0.056199
17.199999 0.000461
17.250000 -0.451528
17.300000 0.078445
17.349999 0.666826
17.400000 0.188765
17.449999 0.577890
17.500000 -0.499578
17.549999 -0.240853
17.600000 0.357796
17.649999 -0.125350
17.700000 0.066593
17.749999 -0.417749
17.800000 0.287202
17.850000 0.000565
17.899999 -0.324209
17.950000 -0.170948
17.999999 -0.214453
18.050000 0.479365
18.099999 -0.637798
18.150000 0.173620
18.199999 0.015752
18.250000 0.278763
18.299999 -0.255149
18.350000 -0.449675
18.400000 0.332307
18.449999 -0.264578
18.500000 0.185714
18.549999 -0.057466
18.600000 0.159795
18.649999 -0.365473
18.700000 -0.108986
18.749999 0.121769
18.800000 0.081894
18.849999 -0.331802
18.900000 0.245954
18.950000 -0.096047
18.999999 0.408029
19.050000 0.563838
19.099999 0.038213
19.150000 -0.161216
19.199999 0.257841
19.250000 0.060987
19.299999 0.307153
19.350000 0.159049
19.399999 0.184545
19.450000 -0.407129
19.500000 0.786152
19.549999 0.304953
19.600000 -0.190260
19.649999 0.345700
19.700000 -0.285165
19.749999 -0.721695
19.800000 0.066010
19.849999 0.371921
19.900000 -0.628967
19.949999 0.124804
