0.000000 0.203207
0.050000 0.676909
0.100000 -0.114551
0.150000 0.271250
0.200000 0.233382
0.250000 0.706986
0.300000 -0.253437
0.350000 0.167730
0.400000 -0.290583
0.450000 0.464559
0.500000 0.121002
0.550000 0.386363
0.600000 0.899064
0.650000 0.350637
0.700000 0.505748
0.750000 -0.153370
0.800000 0.261709
0.850000 0.331070
0.900000 0.018489
0.950000 -0.378590
1.000000 -0.515740
1.050000 -0.318385
1.100000 -0.142960
1.150000 -0.435272
1.200000 -0.378056
1.250000 0.274065
1.300000 -0.444282
1.350000 0.370127
1.400000 -0.159189
1.450000 0.138011
1.500000 0.146104
1.550000 -0.132052
1.600000 -0.391305
1.650000 -0.453811
1.700000 -0.050006
1.750000 -0.051421
1.800000 -0.070386
1.850000 0.213536
1.900000 0.242454
1.950000 -0.062832
2.000000 0.888933
2.050000 0.619454
2.100000 0.195157
2.150000 -0.195038
2.200000 -0.906560
2.250000 -1.450191
2.300000 -3.068247
2.350000 -2.644617
2.400000 -1.974983
2.450000 -0.062592
2.500000 1.758846
2.550000 3.468757
2.600000 4.534391
2.650000 2.755026
2.700000 0.812339
2.750000 -1.188962
2.800000 -3.375383
2.850000 -3.300079
2.900000 -1.994816
2.950000 -0.094629
3.000000 2.036814
3.050000 2.811911
3.100000 2.597656
3.150000 1.292033
3.200000 -0.641217
3.250000 -1.235892
3.300000 -1.302230
3.350000 -0.598700
3.400000 0.494542
3.450000 1.067483
3.500000 1.120695
3.550000 1.021132
3.600000 -0.069895
3.650000 -0.296782
3.700000 -1.277183
3.750000 -1.559255
3.800000 0.296630
3.850000 0.600933
3.900000 0.659981
3.950000 0.430461
4.000000 0.001826
4.050000 -0.457827
4.100000 -1.305363
4.150000 -0.534188
4.200000 0.275549
4.250000 0.505078
4.300000 1.096668
4.350000 0.668021
4.400000 0.105716
4.450000 0.101476
4.500000 0.029473
4.550000 -0.296709
4.600000 -0.016701
4.650000 0.548570
4.700000 0.737841
4.750000 -0.431033
4.800000 -0.051339
4.850000 -0.544382
4.900000 -0.414798
4.950000 -0.589585
5.000000 -0.159005
5.050000 0.244220
5.100000 0.808874
5.150000 0.352418
5.200000 -0.109475
5.250000 0.259998
5.300000 0.303847
5.350000 -0.053803
5.400000 -0.169253
5.450000 0.566549
5.500000 0.141419
5.550000 0.287585
5.600000 -0.169924
5.650000 -0.272448
5.700000 -0.260115
5.750000 -0.332212
5.800000 0.479274
5.850000 0.204336
5.900000 -0.097581
5.950000 0.082387
6.000000 -0.307450
6.050000 -0.536263
6.100000 -0.916820
6.150000 -0.057227
6.200000 -0.153639
6.250000 -0.085800
6.300000 -0.263505
6.350000 -0.421410
6.400000 -0.042530
6.450000 0.216190
6.500000 -0.097138
6.550000 0.209343
6.600000 0.192109
6.650000 -0.163703
6.700000 -0.189992
6.750000 -0.358744
6.800000 -0.331723
6.850000 0.236481
6.900000 0.202950
6.950000 0.264813
7.000000 0.473628
7.050000 0.076446
7.100000 0.515367
7.150000 -0.053499
7.200000 0.217193
7.250000 -0.135042
7.300000 -0.409819
7.350000 -0.543383
7.400000 -0.159188
7.450000 -0.208938
7.500000 0.276221
7.550000 -0.050982
7.600000 -0.478362
7.650000 -0.247559
7.700000 -0.228319
7.750000 -0.059748
7.800000 -0.081311
7.850000 -0.308348
7.900000 -0.365928
7.950000 0.036359
7.999999 0.200288
8.049999 0.409118
8.100000 -0.373810
8.150000 -0.007368
8.200000 -0.244597
8.250000 -0.415427
8.300000 0.501938
8.350000 0.446603
8.400000 0.282845
8.450000 -0.040447
8.500000 0.120489
8.549999 0.192609
8.599999 0.517569
8.650000 -0.131745
8.700000 -0.021679
8.750000 -0.272058
8.800000 -0.530921
8.850000 0.566284
8.900000 -0.100691
8.950000 -0.172243
9.000000 0.050142
9.050000 -0.100808
9.099999 -0.280652
9.149999 0.264217
9.200000 0.324529
9.250000 0.045423
9.300000 0.265627
9.350000 0.185256
9.400000 0.776480
9.450000 0.858606
9.500000 0.731929
9.550000 0.288537
9.600000 -0.036346
9.649999 0.278645
9.699999 -0.238282
9.750000 0.831510
9.800000 -0.571258
9.850000 0.235619
9.900000 0.158496
9.950000 0.492142
10.000000 0.167482
10.050000 0.606515
10.100000 -0.167475
10.150000 -0.047019
10.199999 -0.431424
10.249999 0.067973
10.300000 0.097059
10.350000 -0.096560
10.400000 -0.003859
10.450000 0.124693
10.500000 0.149370
10.550000 0.124561
10.600000 -0.018637
10.650000 -0.249869
10.700000 -0.052887
10.749999 0.108062
10.799999 -0.328128
10.849999 -0.007558
10.900000 -0.205887
10.950000 0.068546
11.000000 -0.268925
11.050000 -0.528943
11.100000 -0.110150
11.150000 -0.375646
11.200000 0.245148
11.250000 0.118767
11.299999 -0.032260
11.349999 0.023070
11.399999 -0.069460
11.450000 0.365733
11.500000 0.092661
11.550000 0.107301
11.600000 -0.300137
11.650000 -0.188078
11.700000 -0.408616
11.750000 0.389595
11.800000 0.462367
11.849999 0.004489
11.899999 0.041053
11.949999 0.365518
12.000000 -0.290809
12.050000 0.177843
12.100000 0.169353
12.150000 -0.240732
12.200000 -0.655259
12.250000 -0.308484
12.300000 -0.409641
12.350000 -0.551192
12.399999 0.352179
12.449999 -0.499657
12.499999 0.000429
12.550000 -0.186513
12.600000 -0.220933
12.650000 0.446620
12.700000 -0.778207
12.750000 0.679980
12.800000 0.265802
12.850000 0.232727
12.900000 -0.046684
12.949999 0.230510
12.999999 0.253068
13.049999 0.144349
13.100000 -0.299447
13.150000 0.535497
13.200000 0.103078
13.250000 -0.121007
13.300000 -0.239251
13.350000 0.198184
13.400000 0.275629
13.450000 -0.048470
13.499999 0.106221
13.549999 0.675094
13.599999 -0.018460
13.650000 -0.179717
13.700000 0.153781
13.750000 0.297199
13.800000 0.078308
13.850000 0.152868
13.900000 0.255092
13.950000 0.039392
14.000000 0.010815
14.049999 0.358261
14.099999 -0.205422
14.149999 0.181075
14.200000 -0.337612
14.250000 0.234599
14.300000 -0.246315
14.350000 -0.420732
14.400000 0.138824
14.450000 0.600512
14.500000 0.018351
14.549999 0.049946
14.599999 0.280934
14.649999 -0.084564
14.699999 -0.160066
14.750000 -0.288860
14.800000 -0.386999
14.850000 -1.048579
14.900000 -0.543745
14.950000 0.418416
15.000000 -0.209795
15.050000 0.146105
15.099999 -0.221190
15.149999 0.029759
15.199999 0.165377
15.249999 -0.576029
15.299999 -0.135963
15.350000 -0.206399
15.400000 -0.286192
15.450000 0.233537
15.500000 0.036867
15.550000 0.442206
15.600000 0.376085
15.650000 0.557507
15.699999 0.035344
15.750000 0.717296
15.799999 -0.013002
15.850000 -0.064900
15.899999 -0.084954
15.950000 -0.022002
15.999999 0.416962
16.050000 0.251321
16.099999 0.321367
16.150000 0.197805
16.200000 0.261344
16.249999 0.061986
16.300000 0.316959
16.349999 -0.075692
16.400000 -0.068449
16.449999 0.142400
16.500000 0.118586
16.549999 0.164190
16.600000 0.276471
16.649999 0.420298
16.700000 -0.004568
16.750000 0.513751
16.799999 -0.600957
16.850000 0.027262
16.899999 0.632459
16.950000 -0.070874
16.999999 -0.458844
17.050000 0.126425
17.099999 0.501433
17.150000 0.083949
17.199999 0.227222
17.250000 -0.098124
17.300000 -0.021510
17.349999 -0.504665
17.400000 -0.243472
17.449999 -0.465909
17.500000 -0.293570
17.549999 -0.439399
17.600000 -0.062917
17.649999 -0.187855
17.700000 -0.289186
17.749999 0.204320
17.800000 0.288350
17.850000 -0.159831
17.899999 -0.365555
17.950000 0.066592
17.999999 -0.140622
18.050000 0.389092
18.099999 0.242297
18.150000 0.269896
18.199999 0.161051
18.250000 0.175116
18.299999 -0.132726
18.350000 0.287951
18.400000 0.515205
18.449999 0.333859
18.500000 0.268997
18.549999 0.170706
18.600000 0.583862
18.649999 0.521059
18.700000 -0.095672
18.749999 0.161586
18.800000 0.159093
18.849999 -0.106759
18.900000 -0.081468
18.950000 -0.365767
18.999999 0.440461
19.050000 0.171087
19.099999 -0.277770
19.150000 0.050536
19.199999 0.228205
19.250000 0.278295
19.299999 -0.507128
19.350000 0.038226
19.399999 -0.184544
19.450000 0.085009
19.500000 0.229830
19.549999 0.257739
19.600000 0.150308
19.649999 -0.163351
19.700000 0.386761
19.749999 0.004558
19.800000 0.040942
19.849999 0.299098
19.900000 0.246046
19.949999 0.065568
