0.000000 5.745328
0.050000 -1.613833
0.100000 -3.188508
0.150000 -4.432967
0.200000 -5.039500
0.250000 -10.251217
0.300000 5.266238
0.350000 -3.313116
0.400000 -3.848991
0.450000 9.931677
0.500000 9.975915
0.550000 11.804547
0.600000 16.677092
0.650000 12.408331
0.700000 -1.515013
0.750000 0.920704
0.800000 -4.080428
0.850000 -2.794593
0.900000 -4.642786
0.950000 0.497516
1.000000 -6.182961
1.050000 -5.357298
1.100000 10.921776
1.150000 3.203738
1.200000 4.684357
1.250000 -1.088881
1.300000 -2.183363
1.350000 6.382537
1.400000 -2.532318
1.450000 0.409843
1.500000 0.573525
1.550000 4.934603
1.600000 -3.231376
1.650000 -6.514013
1.700000 1.300406
1.750000 -0.493777
1.800000 2.698199
1.850000 9.488479
1.900000 6.458388
1.950000 -0.030602
2.000000 9.536317
2.050000 -14.145898
2.100000 -3.061552
2.150000 1.741828
2.200000 3.793150
2.250000 -7.336539
2.300000 3.042665
2.350000 6.785401
2.400000 -9.561704
2.450000 -10.974858
2.500000 -18.926783
2.550000 -23.925682
2.600000 -29.925098
2.650000 -35.413322
2.700000 -44.709732
2.750000 -30.189199
2.800000 -4.698407
2.850000 19.212578
2.900000 52.636230
2.950000 71.069305
3.000000 84.411102
3.050000 82.268723
3.100000 88.056511
3.150000 73.834526
3.200000 29.207058
3.250000 -4.114975
3.300000 -54.853691
3.350000 -79.781471
3.400000 -108.355553
3.450000 -107.719513
3.500000 -87.750259
3.550000 -56.039261
3.600000 -21.503649
3.650000 9.791614
3.700000 43.538845
3.750000 68.433998
3.800000 63.504063
3.850000 62.666943
3.900000 51.596962
3.950000 25.502668
4.000000 -17.551495
4.050000 -21.386171
4.100000 -43.444950
4.150000 -50.806923
4.200000 -28.758690
4.250000 -32.768406
4.300000 -1.528737
4.350000 -2.717141
4.400000 19.493950
4.450000 31.069393
4.500000 34.686131
4.550000 23.722996
4.600000 18.287592
4.650000 12.064994
4.700000 4.571366
4.750000 -10.089335
4.800000 -18.708536
4.850000 -15.807986
4.900000 -7.006354
4.950000 -6.433787
5.000000 1.987121
5.050000 6.066389
5.100000 11.550622
5.150000 5.989411
5.200000 10.842592
5.250000 16.983322
5.300000 28.561510
5.350000 8.741408
5.400000 4.811234
5.450000 5.557740
5.500000 5.676762
5.550000 -3.085903
5.600000 2.823892
5.650000 5.911809
5.700000 1.197368
5.750000 3.769867
5.800000 8.013819
5.850000 12.719672
5.900000 1.455467
5.950000 4.220433
6.000000 2.913434
6.050000 -2.420994
6.100000 -1.934337
6.150000 5.579089
6.200000 -1.298477
6.250000 -1.423042
6.300000 4.454238
6.350000 9.528921
6.400000 0.260286
6.450000 4.083694
6.500000 0.942807
6.550000 0.962306
6.600000 1.536702
6.650000 -6.229186
6.700000 3.589795
6.750000 -1.356670
6.800000 -1.813528
6.850000 5.059995
6.900000 8.020432
6.950000 14.836713
7.000000 7.700126
7.050000 -2.927499
7.100000 2.476887
7.150000 4.505063
7.200000 -4.380073
7.250000 -1.540057
7.300000 -9.862304
7.350000 -9.926372
7.400000 -5.401560
7.450000 -1.315378
7.500000 0.764390
7.550000 0.413623
7.600000 12.516549
7.650000 12.610886
7.700000 17.716703
7.750000 5.605627
7.800000 20.045940
7.850000 10.447675
7.900000 4.761362
7.950000 14.347109
7.999999 -8.089598
8.049999 -11.675980
8.100000 -0.682899
8.150000 0.833700
8.200000 -2.278867
8.250000 -6.194520
8.300000 -2.571977
8.350000 2.205870
8.400000 8.430408
8.450000 1.117615
8.500000 16.636274
8.549999 -3.085244
8.599999 -1.878446
8.650000 9.579043
8.700000 -4.407841
8.750000 1.145553
8.800000 -14.203913
8.850000 7.595506
8.900000 -1.696460
8.950000 6.361158
9.000000 7.426172
9.050000 3.406551
9.099999 1.367844
9.149999 -2.700132
9.200000 -2.377099
9.250000 -7.775885
9.300000 -10.846671
9.350000 -3.514271
9.400000 5.328794
9.450000 -6.651688
9.500000 -4.814744
9.550000 -0.168562
9.600000 4.495331
9.649999 2.000549
9.699999 -3.752170
9.750000 8.247567
9.800000 5.072729
9.850000 -2.580806
9.900000 -13.306397
9.950000 -3.030490
10.000000 1.088161
10.050000 -6.373122
10.100000 -6.711659
10.150000 -13.606105
10.199999 5.321105
10.249999 -4.469708
10.300000 5.236478
10.350000 11.380293
10.400000 1.304132
10.450000 -1.444563
10.500000 -12.935118
10.550000 -7.319340
10.600000 -6.013046
10.650000 -2.073978
10.700000 -1.802016
10.749999 -0.872777
10.799999 -0.239764
10.849999 -2.237808
10.900000 3.821434
10.950000 10.942860
11.000000 0.474611
11.050000 3.618869
11.100000 -4.920234
11.150000 -0.906575
11.200000 -8.886569
11.250000 -8.780450
11.299999 -5.004995
11.349999 -1.199751
11.399999 -11.865206
11.450000 -5.309799
11.500000 -1.765634
11.550000 5.148808
11.600000 0.560617
11.650000 4.103286
11.700000 0.209451
11.750000 2.135735
11.800000 5.068086
11.849999 3.214274
11.899999 6.737806
11.949999 2.900527
12.000000 10.833015
12.050000 4.382391
12.100000 7.521799
12.150000 8.999243
12.200000 10.884683
12.250000 9.423176
12.300000 0.621171
12.350000 1.742379
12.399999 -3.271279
12.449999 0.707834
12.499999 -4.257085
12.550000 7.394925
12.600000 5.494433
12.650000 8.499541
12.700000 -1.388559
12.750000 3.025938
12.800000 -0.770979
12.850000 8.427467
12.900000 1.313376
12.949999 3.565488
12.999999 -4.357854
13.049999 4.132778
13.100000 8.233636
13.150000 -4.100914
13.200000 -3.233885
13.250000 3.626840
13.300000 1.381411
13.350000 -0.465824
13.400000 3.373732
13.450000 -5.951102
13.499999 1.609597
13.549999 -0.795703
13.599999 -3.287196
13.650000 0.670341
13.700000 0.906583
13.750000 3.053889
13.800000 19.349918
13.850000 -2.162704
13.900000 8.336462
13.950000 1.533777
14.000000 7.294990
14.049999 -5.522385
14.099999 0.967620
14.149999 1.199036
14.200000 -5.032384
14.250000 -0.305143
14.300000 7.957430
14.350000 5.078651
14.400000 -3.665485
14.450000 9.291452
14.500000 -2.794236
14.549999 2.951758
14.599999 1.308454
14.649999 -0.784434
14.699999 -2.050328
14.750000 2.249741
14.800000 -14.593395
14.850000 -4.160975
14.900000 -0.857233
14.950000 -6.699769
15.000000 8.431075
15.050000 3.861001
15.099999 4.440191
15.149999 0.534830
15.199999 3.546297
15.249999 8.202838
15.299999 1.476158
15.350000 -1.575002
15.400000 -3.649423
15.450000 5.357683
15.500000 -3.421457
15.550000 11.880727
15.600000 6.248620
15.650000 -12.012580
15.699999 8.991472
15.750000 6.356637
15.799999 5.131954
15.850000 3.202886
15.899999 9.634591
15.950000 -0.532630
15.999999 -0.835305
16.050000 -4.054110
16.099999 -4.316989
16.150000 2.634172
16.200000 5.651989
16.249999 3.919312
16.300000 4.256835
16.349999 3.102072
16.400000 6.513939
16.449999 -4.824415
16.500000 2.414911
16.549999 -0.507162
16.600000 -0.065780
16.649999 0.679271
16.700000 18.830202
16.750000 2.095166
16.799999 -7.014702
16.850000 3.226657
16.899999 4.434672
16.950000 -7.584411
16.999999 -0.299319
17.050000 1.122701
17.099999 13.501573
17.150000 5.135924
17.199999 9.090693
17.250000 -6.282475
17.300000 -9.740565
17.349999 -2.765491
17.400000 -4.506343
17.449999 -3.267545
17.500000 -3.913549
17.549999 1.969717
17.600000 -4.173985
17.649999 1.297750
17.700000 -6.955359
17.749999 4.903704
17.800000 3.566313
17.850000 7.158073
17.899999 5.263869
17.950000 8.052072
17.999999 -0.044408
18.050000 14.287981
18.099999 -0.889394
18.150000 6.023112
18.199999 3.908599
18.250000 1.915392
18.299999 9.967132
18.350000 -4.394312
18.400000 -1.580586
18.449999 -3.879304
18.500000 -9.446446
18.549999 -10.625747
18.600000 -12.662096
18.649999 -18.211786
18.700000 -6.839202
18.749999 0.011307
18.800000 -2.869771
18.849999 9.356238
18.900000 -7.991917
18.950000 -1.473843
18.999999 3.722304
19.050000 9.229261
19.099999 4.207916
19.150000 1.687908
19.199999 -0.394957
19.250000 6.078757
19.299999 -3.433121
19.350000 -11.943032
19.399999 -7.652958
19.450000 -1.680331
19.500000 -11.149693
19.549999 -2.318545
19.600000 -1.639788
19.649999 1.196379
19.700000 2.248627
19.749999 6.458824
19.800000 5.709359
19.849999 10.935028
19.900000 10.208996
19.949999 9.308208
