0.000000 0.052243
0.050000 -0.804177
0.100000 -0.222810
0.150000 0.974852
0.200000 -0.983589
0.250000 -0.430658
0.300000 0.465849
0.350000 0.519567
0.400000 -0.709487
0.450000 0.890463
0.500000 -0.579256
0.550000 0.449767
0.600000 1.964586
0.650000 0.484050
0.700000 -1.521383
0.750000 0.383554
0.800000 0.141324
0.850000 0.650349
0.900000 0.329393
0.950000 0.940668
1.000000 -1.301504
1.050000 1.170430
1.100000 -0.904898
1.150000 1.588304
1.200000 0.419284
1.250000 -1.829347
1.300000 1.087256
1.350000 -0.223573
1.400000 0.535738
1.450000 -0.193262
1.500000 2.399378
1.550000 -0.805646
1.600000 -0.823622
1.650000 -0.396997
1.700000 1.392503
1.750000 0.109097
1.800000 0.189892
1.850000 -2.069624
1.900000 2.557418
1.950000 1.246960
2.000000 -0.775677
2.050000 -1.546061
2.100000 -1.633283
2.150000 1.135799
2.200000 -0.295849
2.250000 0.430773
2.300000 -0.818796
2.350000 0.890999
2.400000 3.685370
2.450000 4.680924
2.500000 1.870225
2.550000 -1.460217
2.600000 -6.377428
2.650000 -5.032510
2.700000 -6.370280
2.750000 -0.355573
2.800000 4.825746
2.850000 6.977892
2.900000 7.883196
2.950000 1.176396
3.000000 -4.278116
3.050000 -8.423512
3.100000 -11.319224
3.150000 -3.603163
3.200000 3.743081
3.250000 7.576106
3.300000 7.440030
3.350000 2.959308
3.400000 -3.731941
3.450000 -8.250982
3.500000 -9.081660
3.550000 -4.174078
3.600000 4.837747
3.650000 7.559374
3.700000 9.435411
3.750000 2.248950
3.800000 -2.847939
3.850000 -8.340668
3.900000 -8.770629
3.950000 -2.225173
4.000000 2.746467
4.050000 9.082822
4.100000 4.945489
4.150000 2.703730
4.200000 -5.330013
4.250000 -8.304759
4.300000 -5.200021
4.350000 -2.529554
4.400000 5.785000
4.450000 5.384582
4.500000 4.639255
4.550000 0.023538
4.600000 -4.440544
4.650000 -5.888385
4.700000 -3.313528
4.750000 -0.785537
4.800000 2.732169
4.850000 3.844124
4.900000 3.122129
4.950000 -1.955955
5.000000 -2.808055
5.050000 -2.073684
5.100000 -0.615622
5.150000 2.219703
5.200000 2.375437
5.250000 1.659362
5.300000 1.571557
5.350000 -0.125637
5.400000 -1.448744
5.450000 -2.714906
5.500000 1.364189
5.550000 1.573214
5.600000 2.383018
5.650000 1.342573
5.700000 -1.452882
5.750000 -3.112143
5.800000 -1.531682
5.850000 -0.552364
5.900000 -0.423580
5.950000 0.219257
6.000000 1.741485
6.050000 -0.063924
6.100000 -1.007431
6.150000 -1.288283
6.200000 0.734881
6.250000 -0.119139
6.300000 1.419416
6.350000 0.614132
6.400000 1.161111
6.450000 -0.764005
6.500000 -2.190929
6.550000 0.181002
6.600000 -1.554062
6.650000 0.244845
6.700000 -0.472606
6.750000 0.697055
6.800000 -0.371872
6.850000 -1.500051
6.900000 -1.836246
6.950000 -1.983542
7.000000 0.289789
7.050000 -0.538502
7.100000 -0.507021
7.150000 0.114023
7.200000 0.909473
7.250000 -0.206551
7.300000 0.149561
7.350000 1.000355
7.400000 2.088011
7.450000 -0.855579
7.500000 -0.159553
7.550000 0.263606
7.600000 -0.198652
7.650000 -1.148255
7.700000 1.563232
7.750000 0.537424
7.800000 -0.267846
7.850000 -1.084179
7.900000 0.640816
7.950000 -0.170392
8.000000 -0.498540
8.050000 -0.076629
8.100000 0.858560
8.150000 -0.476205
8.200000 1.331002
8.250000 0.393819
8.300000 -0.180933
8.350000 0.800627
8.400000 1.360540
8.450000 0.946139
8.500000 0.990053
8.550000 -0.414851
8.600000 -0.413284
8.650000 -0.472622
8.700000 -2.525892
8.750000 -1.821888
8.800000 0.001484
8.850000 1.246995
8.900000 1.311280
8.950000 0.399563
9.000000 -0.559684
9.050000 -0.511797
9.100000 0.355412
9.150000 -0.606829
9.200000 0.947897
9.250000 -0.195156
9.300000 -0.593149
9.350000 1.847137
9.400000 -0.744546
9.450000 -0.203050
9.500000 0.368810
9.550000 0.170852
9.600000 1.104470
9.650000 1.421622
9.700000 1.458257
9.750000 1.070924
9.800000 0.434205
9.850000 -0.926140
9.900000 -0.102259
9.950000 0.485435
10.000000 0.327038
10.050000 -0.471797
10.100000 1.069825
10.150000 -0.690549
10.200000 -0.423287
10.250000 0.282662
10.300000 0.967289
10.350000 0.618748
10.400000 -1.049444
10.450000 -0.024344
10.500000 -0.005640
10.550000 -0.765445
10.600000 -1.409840
10.650000 -1.779622
10.700000 -0.246085
10.750000 0.540912
10.800000 -0.961700
10.850000 0.319325
10.900000 -0.307283
10.950000 -2.162273
11.000000 -0.065589
11.050000 -0.597371
11.100000 0.623101
11.150000 0.053932
11.200000 -0.026574
11.250000 -0.665895
11.300000 -0.247106
11.350000 -1.060155
11.400000 1.079633
11.450000 1.302087
11.500000 1.077697
11.550000 1.475400
11.600000 0.727475
11.650000 1.275825
11.700000 0.574772
11.750000 0.888253
11.800000 -1.034421
11.850000 0.202559
11.900000 -0.080545
11.950000 1.527115
12.000000 0.708983
12.050000 -0.385848
12.100000 0.072254
12.150000 0.879524
12.200000 0.079994
12.250000 -0.557480
12.300000 -1.279793
12.350000 -0.508501
12.400000 -0.955840
12.450000 0.377994
12.500000 -0.500092
12.550000 -0.743069
12.600000 0.993890
12.650000 0.554468
12.700000 0.593177
12.750000 -0.161650
12.800000 0.674058
12.850000 0.445368
12.900000 -2.555830
12.950000 -0.331961
13.000000 -0.040530
13.050000 -1.126089
13.100000 -0.186730
13.150000 1.462226
13.200000 0.392486
13.250000 -2.204307
13.300000 -1.326036
13.350000 -1.176086
13.400000 0.263716
13.450000 0.037057
13.500000 0.165877
13.550000 0.228621
13.600000 -0.896357
13.650000 -0.958698
13.700000 -0.468415
13.750000 0.501236
13.800000 -2.083175
13.850000 -0.701336
13.900000 -0.723374
13.950000 1.081812
14.000000 0.650830
14.050000 0.747061
14.100000 -0.250456
14.150000 -0.639146
14.200000 0.270428
14.250000 -2.786259
14.300000 -1.354697
14.350000 0.544278
14.400000 -0.403916
14.450000 0.679524
14.500000 -0.791985
14.550000 -0.860979
14.600000 -0.108045
14.650000 0.650159
14.700000 -1.604065
14.750000 -0.168057
14.800000 -0.239604
14.850000 -0.057249
14.900000 1.056757
14.950000 -1.924060
15.000000 1.586756
15.050000 0.836918
15.100000 -0.470852
15.150000 -0.690429
15.200000 0.747422
15.250000 0.567371
15.300000 0.642555
15.350000 -0.910815
15.400000 0.385052
15.450000 1.339815
15.500000 -0.483574
15.550000 -1.489377
15.600000 0.505552
15.650000 -0.181348
15.700000 0.921999
15.750000 -0.401671
15.800000 0.507725
15.850000 1.389365
15.900000 -0.063345
15.950000 -0.815730
16.000000 -0.843397
16.050000 0.702041
16.100000 0.914413
16.150000 -1.860325
16.200000 -1.245066
16.250000 -0.393936
16.300000 3.140610
16.350000 1.863146
16.400000 0.721265
16.450000 0.085954
16.500000 -0.768181
16.550000 -1.488668
16.600000 -0.707930
16.650000 0.184449
16.700000 -0.010417
16.750000 1.589169
16.800000 -1.349041
16.850000 -0.560321
16.900000 1.142398
16.950000 -0.154732
17.000000 1.514809
17.050000 -0.093400
17.100000 -0.490951
17.150000 -1.801646
17.200000 -2.243391
17.250000 -0.104255
17.300000 -0.753966
17.350000 -0.281944
17.400000 2.349140
17.450000 1.018711
17.500000 0.828556
17.550000 0.374200
17.600000 -0.255683
17.650000 0.710199
17.700000 2.029783
17.750000 1.355232
17.800000 1.046878
17.850000 1.924587
17.900000 0.411869
17.950000 0.088636
18.000000 1.301605
18.050000 -1.856749
18.100000 0.367218
18.150000 1.009612
18.200000 0.317024
18.250000 -1.477819
18.300000 0.658116
18.350000 1.215251
18.400000 -0.524307
18.450000 1.268912
18.500000 -0.127984
18.550000 -0.677176
18.600000 -0.293183
18.650000 2.602977
18.700000 1.404096
18.750000 0.614962
18.800000 0.591453
18.850000 2.861170
18.900000 0.761293
18.950000 0.222073
19.000000 -0.207543
19.050000 0.116401
19.100000 0.972526
19.150000 1.493681
19.200000 -0.168285
19.250000 0.421902
19.300000 -0.002180
19.350000 -1.478076
19.400000 -1.160005
19.450000 -0.759271
19.500000 0.179531
19.550000 1.030456
19.600000 1.765123
19.650000 0.808076
19.700000 -0.531280
19.750000 1.437846
19.799999 -0.841869
19.849999 -0.322175
19.899999 0.840680
19.949999 1.399306
