0.000000 -0.249611
0.050000 -0.314213
0.100000 0.414969
0.150000 0.606089
0.200000 -0.251220
0.250000 0.470063
0.300000 0.075385
0.350000 0.018776
0.400000 0.059026
0.450000 1.024081
0.500000 0.513535
0.550000 0.414071
0.600000 0.346891
0.650000 0.539934
0.700000 0.018670
0.750000 0.769859
0.800000 0.024599
0.850000 -0.086006
0.900000 -0.572961
0.950000 0.126343
1.000000 -0.134566
1.050000 -0.018337
1.100000 -0.601705
1.150000 -0.537822
1.200000 0.181666
1.250000 -0.596411
1.300000 -0.918548
1.350000 -1.000246
1.400000 0.044257
1.450000 -0.850802
1.500000 -0.828726
1.550000 0.431675
1.600000 -0.174924
1.650000 -0.263228
1.700000 -0.702493
1.750000 -0.862433
1.800000 0.090650
1.850000 0.617227
1.900000 -0.317809
1.950000 0.193785
2.000000 -0.635212
2.050000 0.036184
2.100000 -0.692666
2.150000 0.766932
2.200000 0.683111
2.250000 0.508384
2.300000 0.471473
2.350000 1.279288
2.400000 1.153610
2.450000 1.317169
2.500000 1.069593
2.550000 0.094630
2.600000 0.782770
2.650000 0.620100
2.700000 1.007212
2.750000 0.536829
2.800000 -0.425683
2.850000 -0.038718
2.900000 -0.601388
2.950000 -0.827409
3.000000 -2.167711
3.050000 -1.443985
3.100000 -3.587816
3.150000 -2.366475
3.200000 -2.794665
3.250000 -2.264375
3.300000 -2.229149
3.350000 -1.616495
3.400000 -0.503808
3.450000 0.659188
3.500000 1.689253
3.550000 1.970001
3.600000 2.959876
3.650000 2.807022
3.700000 3.795370
3.750000 2.602193
3.800000 2.817275
3.850000 2.668628
3.900000 1.864704
3.950000 1.545293
4.000000 1.991164
4.050000 1.541451
4.100000 -0.072899
4.150000 -0.738132
4.200000 -0.732162
4.250000 -0.747983
4.300000 -1.906201
4.350000 -0.934570
4.400000 -2.162386
4.450000 -2.452225
4.500000 -1.866817
4.550000 -2.218607
4.600000 -3.055918
4.650000 -1.496119
4.700000 -2.142281
4.750000 -2.323693
4.800000 -1.516256
4.850000 -1.055572
4.900000 -1.244654
4.950000 -1.285348
5.000000 0.000395
5.050000 0.778039
5.100000 0.943002
5.150000 0.946702
5.200000 1.212028
5.250000 1.054852
5.300000 2.579110
5.350000 1.654767
5.400000 3.404298
5.450000 2.711059
5.500000 1.338892
5.550000 1.956047
5.600000 1.866898
5.650000 1.370843
5.700000 2.015266
5.750000 0.772749
5.800000 0.319391
5.850000 0.992787
5.900000 -0.197548
5.950000 0.262636
6.000000 -0.649956
6.050000 -0.389778
6.100000 -1.201895
6.150000 -1.141000
6.200000 -0.914379
6.250000 -0.493715
6.300000 -1.236778
6.350000 -0.756234
6.400000 -2.038225
6.450000 -0.826072
6.500000 0.110812
6.550000 0.005039
6.600000 0.085351
6.650000 0.665497
6.700000 0.590824
6.750000 0.953760
6.800000 0.293550
6.850000 1.792291
6.900000 1.598351
6.950000 1.758813
7.000000 0.524909
7.050000 0.745841
7.100000 0.138211
7.150000 0.415330
7.200000 0.388684
7.250000 -0.067767
7.300000 -0.682207
7.350000 -1.162797
7.400000 -0.743157
7.450000 -0.696744
7.500000 -0.290517
7.550000 -0.699607
7.600000 -1.348974
7.650000 -0.341461
7.700000 -0.271434
7.750000 0.357572
7.800000 -1.124169
7.850000 0.125377
7.900000 -0.448580
7.950000 0.595612
7.999999 -0.184226
8.049999 -0.523295
8.100000 0.574685
8.150000 1.281705
8.200000 0.700291
8.250000 0.696218
8.300000 0.276327
8.350000 0.025144
8.400000 0.799439
8.450000 -0.094552
8.500000 -0.065527
8.549999 0.146579
8.599999 0.074564
8.650000 0.335625
8.700000 0.094595
8.750000 0.789097
8.800000 -0.012076
8.850000 0.253974
8.900000 0.240613
8.950000 0.056237
9.000000 0.337962
9.050000 -0.762730
9.099999 -0.185096
9.149999 0.293491
9.200000 -0.532134
9.250000 0.342512
9.300000 0.169658
9.350000 -0.437519
9.400000 -0.107165
9.450000 0.337467
9.500000 -0.572187
9.550000 -0.904157
9.600000 -0.878291
9.649999 -0.777442
9.699999 -0.059815
9.750000 -0.050805
9.800000 -0.462465
9.850000 -0.207547
9.900000 0.028413
9.950000 -0.040404
10.000000 0.256871
10.050000 -0.144429
10.100000 1.379547
10.150000 0.780058
10.199999 0.632800
10.249999 -0.158849
10.300000 0.914813
10.350000 -0.610430
10.400000 0.653135
10.450000 0.654817
10.500000 0.904295
10.550000 0.774214
10.600000 -0.325140
10.650000 -0.304399
10.700000 -0.436592
10.749999 0.346607
10.799999 0.128711
10.849999 -0.509510
10.900000 0.162409
10.950000 0.446164
11.000000 0.459982
11.050000 0.351177
11.100000 -0.369566
11.150000 1.225645
11.200000 -0.326017
11.250000 -0.505003
11.299999 -0.784915
11.349999 -0.412721
11.399999 -0.535334
11.450000 -0.186220
11.500000 0.129208
11.550000 0.684215
11.600000 0.472480
11.650000 0.961064
11.700000 -0.084258
11.750000 0.835798
11.800000 0.885455
11.849999 0.478650
11.899999 1.142905
11.949999 -0.504130
12.000000 -0.198637
12.050000 0.269724
12.100000 1.182938
12.150000 -1.134236
12.200000 -0.059102
12.250000 -0.445489
12.300000 0.258868
12.350000 0.899585
12.399999 -0.516551
12.449999 0.842590
12.499999 -0.051891
12.550000 0.275268
12.600000 -0.345469
12.650000 0.585634
12.700000 0.020788
12.750000 -0.278180
12.800000 -0.074561
12.850000 -0.533520
12.900000 -0.365785
12.949999 -0.290059
12.999999 0.271042
13.049999 -0.051493
13.100000 0.193785
13.150000 -0.230929
13.200000 -0.505904
13.250000 -0.254304
13.300000 0.902139
13.350000 0.907347
13.400000 0.557147
13.450000 0.028419
13.499999 -0.294195
13.549999 0.015448
13.599999 0.903148
13.650000 -0.134043
13.700000 -0.391208
13.750000 0.291395
13.800000 -0.490409
13.850000 0.641430
13.900000 -0.380693
13.950000 0.054320
14.000000 0.399952
14.049999 -0.352806
14.099999 -1.074215
14.149999 0.353436
14.200000 -0.424180
14.250000 -0.234692
14.300000 -0.709099
14.350000 1.012933
14.400000 -0.055329
14.450000 0.410729
14.500000 -0.153774
14.549999 0.130618
14.599999 -0.313150
14.649999 -0.482731
14.699999 -0.147231
14.750000 1.013508
14.800000 0.355489
14.850000 -0.413528
14.900000 -0.271511
14.950000 -0.460435
15.000000 -0.198841
15.050000 0.370524
15.099999 0.324949
15.149999 0.233464
15.199999 0.527539
15.249999 0.045665
15.299999 -0.031027
15.350000 0.012938
15.400000 -0.778923
15.450000 -0.869751
15.500000 -0.440812
15.550000 -0.213533
15.600000 -0.018032
15.650000 -0.772176
15.699999 -0.321951
15.750000 -1.233186
15.799999 0.802578
15.850000 -0.080836
15.899999 -0.265334
15.950000 0.379438
15.999999 0.018842
16.050000 -0.040680
16.099999 -0.805871
16.150000 -0.645931
16.200000 -1.016336
16.249999 -1.277031
16.300000 0.531367
16.349999 -0.621717
16.400000 0.471725
16.449999 0.278302
16.500000 -0.525978
16.549999 0.751817
16.600000 0.549588
16.649999 0.697501
16.700000 -0.613366
16.750000 0.166057
16.799999 -0.176922
16.850000 0.554956
16.899999 1.222626
16.950000 -0.128220
16.999999 -0.538761
17.050000 -0.278695
17.099999 -0.992528
17.150000 0.162584
17.199999 0.665729
17.250000 -0.171901
17.300000 -0.595025
17.349999 -0.844001
17.400000 -0.694290
17.449999 0.257182
17.500000 -1.096023
17.549999 -0.387072
17.600000 -0.321801
17.649999 0.221806
17.700000 0.563177
17.749999 0.078776
17.800000 -0.652603
17.850000 0.704430
17.899999 0.933832
17.950000 0.301756
17.999999 0.123497
18.050000 0.139319
18.099999 0.135505
18.150000 -0.149588
18.199999 0.281519
18.250000 0.167582
18.299999 -0.560836
18.350000 0.358811
18.400000 -1.571390
18.449999 -0.028577
18.500000 -0.454670
18.549999 0.746589
18.600000 0.261346
18.649999 -0.140132
18.700000 0.545214
18.749999 0.145294
18.800000 0.285734
18.849999 0.608897
18.900000 1.159172
18.950000 0.672813
18.999999 0.494242
19.050000 -0.098912
19.099999 0.692576
19.150000 0.481522
19.199999 0.599811
19.250000 -0.540600
19.299999 0.629499
19.350000 0.465640
19.399999 0.528156
19.450000 0.294151
19.500000 0.233159
19.549999 0.263151
19.600000 0.339396
19.649999 0.676857
19.700000 -0.310074
19.749999 -0.358492
19.800000 0.703426
19.849999 0.658180
19.900000 1.588134
19.949999 -0.050892
