0.000000 -0.464121
0.050000 1.647598
0.100000 1.266979
0.150000 0.893775
0.200000 -0.418554
0.250000 1.480270
0.300000 0.034652
0.350000 -2.144689
0.400000 -0.005898
0.450000 -0.362657
0.500000 0.819974
0.550000 -0.495793
0.600000 -0.177030
0.650000 0.971963
0.700000 0.618029
0.750000 -0.032440
0.800000 0.288319
0.850000 -0.039479
0.900000 0.445780
0.950000 0.366035
1.000000 0.371310
1.050000 0.152491
1.100000 -1.994956
1.150000 -0.200216
1.200000 1.736672
1.250000 -0.122335
1.300000 -1.358167
1.350000 -0.050712
1.400000 -0.688845
1.450000 -1.161467
1.500000 1.284543
1.550000 -1.351040
1.600000 1.843546
1.650000 1.768020
1.700000 0.112963
1.750000 -0.740306
1.800000 -0.530322
1.850000 -1.155106
1.900000 -4.667427
1.950000 -3.624008
2.000000 1.064178
2.050000 6.586677
2.100000 6.087681
2.150000 3.100002
2.200000 -4.764742
2.250000 -5.830957
2.300000 -0.666924
2.350000 5.106795
2.400000 7.895594
2.450000 0.352885
2.500000 -4.671716
2.550000 -8.539180
2.600000 -3.896129
2.650000 4.548132
2.700000 9.598425
2.750000 2.576402
2.800000 -4.677828
2.850000 -7.373909
2.900000 -2.694084
2.950000 2.963689
3.000000 4.424283
3.050000 2.620839
3.100000 -2.668206
3.150000 -4.245907
3.200000 -2.012208
3.250000 2.592384
3.300000 4.194154
3.350000 1.441320
3.400000 -1.753367
3.450000 -4.851603
3.500000 -1.167895
3.550000 -0.274526
3.600000 1.723405
3.650000 -0.482832
3.700000 1.536224
3.750000 -0.258284
3.800000 -0.719223
3.850000 1.529612
3.900000 1.474691
3.950000 1.087382
4.000000 -0.263272
4.050000 -0.398032
4.100000 -0.010216
4.150000 0.862741
4.200000 0.564894
4.250000 0.773763
4.300000 1.651981
4.350000 0.297451
4.400000 -0.957542
4.450000 0.109276
4.500000 -0.958396
4.550000 0.267812
4.600000 -0.452129
4.650000 -0.511715
4.700000 -2.087373
4.750000 -0.988935
4.800000 1.122708
4.850000 1.583890
4.900000 -0.920654
4.950000 -0.436350
5.000000 0.127767
5.050000 0.293450
5.100000 0.443407
5.150000 0.586833
5.200000 -1.019848
5.250000 1.227915
5.300000 0.438229
5.350000 1.041117
5.400000 1.199353
5.450000 -0.684587
5.500000 0.307248
5.550000 -1.368090
5.600000 2.508606
5.650000 0.511799
5.700000 0.487255
5.750000 -0.752802
5.800000 -0.286531
5.850000 1.267340
5.900000 -0.477425
5.950000 -0.107329
6.000000 1.749806
6.050000 -0.822007
6.100000 0.038920
6.150000 -0.489093
6.200000 1.149703
6.250000 2.164731
6.300000 -0.310605
6.350000 0.501996
6.400000 0.151922
6.450000 -0.095273
6.500000 0.958121
6.550000 0.915791
6.600000 1.124288
6.650000 0.924251
6.700000 -1.227872
6.750000 -1.505812
6.800000 0.153962
6.850000 -0.577002
6.900000 1.300491
6.950000 0.851038
7.000000 0.681736
7.050000 -0.099856
7.100000 1.396405
7.150000 0.483376
7.200000 -0.484689
7.250000 0.444908
7.300000 0.074685
7.350000 -0.052878
7.400000 -0.116356
7.450000 0.356105
7.500000 -0.593894
7.550000 0.071811
7.600000 0.089348
7.650000 1.340591
7.700000 -0.201463
7.750000 -1.177009
7.800000 0.417450
7.850000 -2.073399
7.900000 0.209929
7.950000 0.398963
7.999999 -0.081554
8.049999 0.699018
8.100000 1.271505
8.150000 0.477216
8.200000 0.701631
8.250000 1.974082
8.300000 0.123169
8.350000 1.253171
8.400000 1.852278
8.450000 -1.009503
8.500000 1.364043
8.549999 0.791176
8.599999 -0.177732
8.650000 1.231979
8.700000 -0.793914
8.750000 1.020453
8.800000 0.409101
8.850000 1.528886
8.900000 1.033737
8.950000 0.082192
9.000000 1.494367
9.050000 1.695516
9.099999 -0.368203
9.149999 1.523088
9.200000 -0.067851
9.250000 0.736884
9.300000 0.370058
9.350000 -0.452121
9.400000 -1.597510
9.450000 -0.425067
9.500000 1.682285
9.550000 1.330816
9.600000 -1.436233
9.649999 1.645906
9.699999 0.230048
9.750000 0.002305
9.800000 0.109945
9.850000 -1.637556
9.900000 0.772840
9.950000 1.197148
10.000000 0.478828
10.050000 0.821093
10.100000 0.640475
10.150000 1.161129
10.199999 1.167468
10.249999 -0.806818
10.300000 -0.711609
10.350000 2.259227
10.400000 -1.544444
10.450000 0.663941
10.500000 -0.840562
10.550000 0.515349
10.600000 -0.671230
10.650000 0.607637
10.700000 0.999216
10.749999 -0.287892
10.799999 -0.857547
10.849999 -0.500362
10.900000 -1.841199
10.950000 0.751236
11.000000 1.263518
11.050000 -1.409730
11.100000 0.163106
11.150000 -2.442728
11.200000 -0.637196
11.250000 1.551129
11.299999 0.752785
11.349999 0.438179
11.399999 -0.056627
11.450000 1.418568
11.500000 0.149594
11.550000 0.270252
11.600000 -1.377566
11.650000 1.269796
11.700000 -0.355220
11.750000 -0.051549
11.800000 -0.539304
11.849999 0.996640
11.899999 -0.912273
11.949999 -1.538080
12.000000 0.878302
12.050000 1.695064
12.100000 1.251084
12.150000 0.584527
12.200000 -1.565707
12.250000 1.151159
12.300000 0.185067
12.350000 0.542841
12.399999 1.267672
12.449999 -1.109965
12.499999 -0.085742
12.550000 -1.674323
12.600000 -0.914905
12.650000 -0.288601
12.700000 -0.018903
12.750000 0.827272
12.800000 0.728237
12.850000 0.183807
12.900000 0.685091
12.949999 -0.696780
12.999999 0.349502
13.049999 -0.645935
13.100000 -0.869890
13.150000 0.832373
13.200000 0.208120
13.250000 1.058123
13.300000 0.375529
13.350000 1.052202
13.400000 1.125115
13.450000 0.092898
13.499999 -2.345764
13.549999 0.491832
13.599999 -0.376477
13.650000 0.054878
13.700000 0.208233
13.750000 -0.174484
13.800000 1.520020
13.850000 1.146110
13.900000 1.063188
13.950000 1.995932
14.000000 1.471107
14.049999 0.518879
14.099999 -0.606544
14.149999 0.036165
14.200000 1.928840
14.250000 -0.500563
14.300000 2.509214
14.350000 -1.482644
14.400000 -2.673873
14.450000 1.064748
14.500000 0.993374
14.549999 0.225301
14.599999 0.998950
14.649999 -0.741121
14.699999 -0.526224
14.750000 1.778408
14.800000 -0.837018
14.850000 0.490602
14.900000 1.738912
14.950000 2.112126
15.000000 1.905695
15.050000 -0.466891
15.099999 2.280498
15.149999 -0.837374
15.199999 1.832879
15.249999 1.939898
15.299999 0.307258
15.350000 1.431981
15.400000 0.312982
15.450000 -0.787141
15.500000 0.441789
15.550000 0.789625
15.600000 -0.837898
15.650000 1.089096
15.699999 -0.718092
15.750000 -0.896886
15.799999 0.709478
15.850000 -0.020283
15.899999 -0.359794
15.950000 -1.379951
15.999999 -0.139666
16.050000 0.485261
16.099999 1.370417
16.150000 -0.435033
16.200000 1.728985
16.249999 -0.292937
16.300000 1.665825
16.349999 -0.097834
16.400000 -0.930809
16.449999 -0.240028
16.500000 -0.199168
16.549999 -0.238159
16.600000 -0.103448
16.649999 1.902499
16.700000 -1.247554
16.750000 -2.180011
16.799999 -2.194095
16.850000 0.125402
16.899999 0.022864
16.950000 0.906639
16.999999 -0.730556
17.050000 -1.642881
17.099999 0.403242
17.150000 0.613494
17.199999 0.894323
17.250000 1.338347
17.300000 0.334381
17.349999 -0.366104
17.400000 1.136335
17.449999 0.964398
17.500000 0.949383
17.549999 -0.497696
17.600000 0.024184
17.649999 1.124187
17.700000 -0.297272
17.749999 0.423558
17.800000 0.660241
17.850000 0.751540
17.899999 1.568648
17.950000 -0.743656
17.999999 -0.051564
18.050000 0.454912
18.099999 1.065280
18.150000 -0.382834
18.199999 -1.490159
18.250000 1.995353
18.299999 0.970982
18.350000 -1.292501
18.400000 -0.559010
18.449999 0.906463
18.500000 0.032180
18.549999 -0.288564
18.600000 -0.163614
18.649999 -0.352419
18.700000 -0.995712
18.749999 0.354353
18.800000 0.218756
18.849999 0.028727
18.900000 -1.632986
18.950000 -0.767304
18.999999 -0.154123
19.050000 -0.758845
19.099999 1.016181
19.150000 0.434436
19.199999 -0.165150
19.250000 0.340914
19.299999 0.472009
19.350000 0.903328
19.399999 -1.524605
19.450000 -0.109215
19.500000 -1.563531
19.549999 0.512782
19.600000 1.847268
19.649999 0.329006
19.700000 -0.831289
19.749999 -0.208396
19.800000 0.123150
19.849999 1.079731
19.900000 0.824964
19.949999 0.434313
