0.000000 0.018347
0.050000 0.386194
0.100000 0.485890
0.150000 0.086196
0.200000 -0.059783
0.250000 0.311345
0.300000 -0.305697
0.350000 0.226798
0.400000 -0.512275
0.450000 -0.012677
0.500000 -0.152926
0.550000 0.006194
0.600000 0.064584
0.650000 -0.413532
0.700000 -0.834279
0.750000 -0.192404
0.800000 0.204155
0.850000 1.086955
0.900000 -0.135662
0.950000 -0.219338
1.000000 -0.199772
1.050000 -0.584797
1.100000 -0.656760
1.150000 -0.549465
1.200000 -0.263411
1.250000 0.463604
1.300000 0.505426
1.350000 -0.401173
1.400000 -0.414749
1.450000 -0.478771
1.500000 -0.436015
1.550000 -0.639333
1.600000 -0.145111
1.650000 0.769329
1.700000 0.298782
1.750000 0.591579
1.800000 -0.352491
1.850000 0.363940
1.900000 -0.983863
1.950000 -0.542929
2.000000 -0.817744
2.050000 -2.027728
2.100000 -1.574296
2.150000 -0.761182
2.200000 1.063403
2.250000 1.710640
2.300000 3.190091
2.350000 3.359864
2.400000 1.649570
2.450000 -1.173651
2.500000 -4.175530
2.550000 -5.934621
2.600000 -2.883251
2.650000 1.133371
2.700000 5.112010
2.750000 5.883370
2.800000 4.383483
2.850000 0.756068
2.900000 -3.382791
2.950000 -5.491011
3.000000 -5.441455
3.050000 -2.094874
3.100000 2.197592
3.150000 5.550458
3.200000 4.418653
3.250000 2.473140
3.300000 -1.227717
3.350000 -3.394923
3.400000 -4.390338
3.450000 -2.474759
3.500000 0.834772
3.550000 2.922148
3.600000 3.596681
3.650000 2.712195
3.700000 -0.031252
3.750000 -2.682618
3.800000 -3.550075
3.850000 -2.513725
3.900000 -0.111438
3.950000 2.136636
4.000000 2.922993
4.050000 1.230767
4.100000 0.561333
4.150000 -1.726957
4.200000 -2.939749
4.250000 -2.360364
4.300000 -0.816881
4.350000 1.275003
4.400000 1.892729
4.450000 1.922774
4.500000 0.519183
4.550000 -1.327558
4.600000 -1.596575
4.650000 -1.385526
4.700000 -1.198586
4.750000 0.288859
4.800000 1.702781
4.850000 1.589267
4.900000 1.271401
4.950000 0.348927
5.000000 -1.261037
5.050000 -1.270596
5.100000 -1.380817
5.150000 -1.005433
5.200000 0.456012
5.250000 -0.623026
5.300000 0.076240
5.350000 0.333471
5.400000 0.544217
5.450000 0.326593
5.500000 0.138513
5.550000 -0.427801
5.600000 -0.122206
5.650000 0.341668
5.700000 -0.145704
5.750000 -0.150642
5.800000 -0.506045
5.850000 -0.294013
5.900000 0.715545
5.950000 0.335760
6.000000 -0.352351
6.050000 0.317318
6.100000 -0.317156
6.150000 -0.287652
6.200000 -0.270484
6.250000 0.217610
6.300000 0.555829
6.350000 0.079745
6.400000 -0.422917
6.450000 0.191897
6.500000 -0.279095
6.550000 -0.466915
6.600000 0.381756
6.650000 0.116862
6.700000 -0.456887
6.750000 0.978039
6.800000 0.453520
6.850000 -0.673933
6.900000 -0.731919
6.950000 -0.266463
7.000000 0.437642
7.050000 0.069129
7.100000 0.302747
7.150000 -0.298391
7.200000 0.107817
7.250000 0.019147
7.300000 -0.118382
7.350000 -0.492430
7.400000 -0.064708
7.450000 -0.488831
7.500000 0.700380
7.550000 0.425914
7.600000 0.962114
7.650000 0.382310
7.700000 -0.008926
7.750000 -0.476581
7.800000 -0.745246
7.850000 -0.343169
7.900000 0.205403
7.950000 0.529546
8.000000 0.358526
8.050000 0.181927
8.100000 0.270500
8.150000 -0.021789
8.200000 0.197009
8.250000 -0.522679
8.300000 -0.036460
8.350000 0.178985
8.400000 -0.123118
8.450000 0.109859
8.500000 -0.109411
8.550000 0.162096
8.600000 0.317185
8.650000 0.062449
8.700000 0.302152
8.750000 -0.023647
8.800000 -0.092020
8.850000 0.367865
8.900000 -0.121517
8.950000 0.295128
9.000000 0.008058
9.050000 0.326766
9.100000 -0.360001
9.150000 0.273928
9.200000 0.073111
9.250000 -0.757051
9.300000 0.422113
9.350000 0.040661
9.400000 -0.619885
9.450000 -0.315626
9.500000 -0.094545
9.550000 0.199545
9.600000 -0.014918
9.650000 0.951165
9.700000 0.844040
9.750000 0.297014
9.800000 0.263003
9.850000 0.641736
9.900000 0.156388
9.950000 0.940073
10.000000 -0.199656
10.050000 -0.016504
10.100000 0.305413
10.150000 0.632750
10.200000 -0.381492
10.250000 0.633050
10.300000 -0.016764
10.350000 -0.376459
10.400000 -0.493337
10.450000 -0.830232
10.500000 -0.279699
10.550000 -0.050630
10.600000 1.107936
10.650000 0.006217
10.700000 0.089097
10.750000 -0.422366
10.800000 -0.303350
10.850000 0.378513
10.900000 -0.271038
10.950000 0.332615
11.000000 0.469157
11.050000 0.428716
11.100000 -0.204230
11.150000 -0.257491
11.200000 0.015623
11.250000 -0.557314
11.300000 -0.306044
11.350000 -0.310045
11.400000 0.171448
11.450000 0.212750
11.500000 -0.151449
11.550000 0.298521
11.600000 0.041087
11.650000 -0.364500
11.700000 0.034165
11.750000 -0.299797
11.800000 0.075802
11.850000 -0.201067
11.900000 0.171827
11.950000 -0.087349
12.000000 -0.157451
12.050000 -0.115562
12.100000 -0.103019
12.150000 -0.198868
12.200000 0.378205
12.250000 -0.430093
12.300000 -0.345594
12.350000 -0.199590
12.400000 0.171649
12.450000 -0.106087
12.500000 0.156501
12.550000 -0.293778
12.600000 0.251763
12.650000 0.106511
12.700000 -0.679531
12.750000 -0.891472
12.800000 -0.337332
12.850000 -0.345080
12.900000 -0.099036
12.950000 0.113592
13.000000 -0.079565
13.050000 -0.443078
13.100000 -0.047827
13.150000 -0.691520
13.200000 -0.755263
13.250000 0.806326
13.300000 0.197662
13.350000 -0.114523
13.400000 0.218235
13.450000 0.163713
13.500000 0.066489
13.550000 0.134549
13.600000 -0.276515
13.650000 -0.071771
13.700000 0.054484
13.750000 0.212449
13.800000 -0.350842
13.850000 0.363059
13.900000 0.398430
13.950000 0.556099
14.000000 -0.134344
14.050000 -0.338482
14.100000 0.560047
14.150000 0.645845
14.200000 -0.143729
14.250000 -0.160344
14.300000 -0.633431
14.350000 0.051256
14.400000 -0.218477
14.450000 0.105250
14.500000 0.793808
14.550000 -0.667615
14.600000 -0.620691
14.650000 0.042650
14.700000 0.353489
14.750000 0.108289
14.800000 -0.141971
14.850000 0.078483
14.900000 -0.280455
14.950000 0.022608
15.000000 -0.395962
15.050000 -0.766936
15.100000 0.049827
15.150000 -0.215360
15.200000 -0.337770
15.250000 0.615319
15.300000 0.038870
15.350000 -0.542837
15.400000 -0.526864
15.450000 0.365913
15.500000 0.058510
15.550000 0.237868
15.600000 -0.208771
15.650000 0.089707
15.700000 0.354239
15.750000 -0.344996
15.800000 0.497274
15.850000 -0.495857
15.900000 -0.124505
15.950000 -0.026168
16.000000 -0.757924
16.050000 0.263343
16.100000 -0.345530
16.150000 -0.020265
16.200000 0.066571
16.250000 -0.428148
16.300000 0.063197
16.350000 0.705760
16.400000 0.056907
16.450000 -0.019218
16.500000 0.678852
16.550000 0.068712
16.600000 -0.331251
16.650000 -0.057350
16.700000 -0.497416
16.750000 0.238621
16.800000 0.954213
16.850000 -0.058792
16.900000 -0.237858
16.950000 -0.235956
17.000000 -0.076173
17.050000 -0.115273
17.100000 -0.662759
17.150000 0.203097
17.200000 -0.749072
17.250000 0.705214
17.300000 0.399775
17.350000 0.282854
17.400000 0.395314
17.450000 0.149543
17.500000 -0.630589
17.550000 -0.076290
17.600000 -0.269350
17.650000 -0.019079
17.700000 0.256043
17.750000 -0.289392
17.800000 0.332515
17.850000 0.060287
17.900000 0.778134
17.950000 0.510509
18.000000 0.043753
18.050000 -0.369242
18.100000 0.190497
18.150000 -0.301110
18.200000 0.438168
18.250000 -0.228715
18.300000 0.527376
18.350000 0.648671
18.400000 -0.154930
18.450000 0.699252
18.500000 0.041786
18.550000 0.760889
18.600000 -0.364533
18.650000 0.111916
18.700000 0.414940
18.750000 0.653156
18.800000 0.309601
18.850000 0.372426
18.900000 -0.543912
18.950000 0.149296
19.000000 -0.291127
19.050000 0.471840
19.100000 0.245636
19.150000 0.756268
19.200000 0.623541
19.250000 -0.361777
19.300000 -0.524270
19.350000 -0.090624
19.400000 -0.123906
19.450000 -0.323835
19.500000 0.069646
19.550000 0.005020
19.600000 0.697421
19.650000 0.081613
19.700000 0.966842
19.750000 -0.384294
19.799999 0.204238
19.849999 0.339324
19.899999 -0.123588
19.949999 0.631371
