0.000000 0.201599
0.050000 0.518036
0.100000 0.513699
0.150000 -1.415808
0.200000 1.028869
0.250000 0.969582
0.300000 0.812128
0.350000 1.215081
0.400000 -0.674836
0.450000 1.213689
0.500000 0.035987
0.550000 0.521282
0.600000 0.455993
0.650000 1.044094
0.700000 -1.064748
0.750000 -0.062834
0.800000 -1.104855
0.850000 0.206101
0.900000 0.524475
0.950000 -1.405032
1.000000 -2.907819
1.050000 -1.093260
1.100000 0.611948
1.150000 -0.670361
1.200000 0.335399
1.250000 -0.193305
1.300000 0.092437
1.350000 1.678113
1.400000 -0.068919
1.450000 0.235459
1.500000 -0.700864
1.550000 0.380035
1.600000 1.539975
1.650000 -1.299852
1.700000 -0.185202
1.750000 -1.059537
1.800000 -0.348796
1.850000 -0.581989
1.900000 -0.096639
1.950000 0.081715
2.000000 -2.175496
2.050000 -1.679505
2.100000 0.997220
2.150000 -1.398073
2.200000 -2.381433
2.250000 -0.767464
2.300000 -2.649359
2.350000 -0.266208
2.400000 1.149791
2.450000 0.262061
2.500000 -0.293245
2.550000 0.647961
2.600000 -0.093829
2.650000 -1.790058
2.700000 -0.697263
2.750000 -1.477305
2.800000 -1.369917
2.850000 -0.759471
2.900000 0.770602
2.950000 1.981890
3.000000 0.732459
3.050000 0.573749
3.100000 -1.465900
3.150000 -1.375945
3.200000 -1.724824
3.250000 -1.838596
3.300000 -1.369916
3.350000 -0.377825
3.400000 -0.278021
3.450000 1.240455
3.500000 0.994329
3.550000 -0.655000
3.600000 -0.131998
3.650000 -2.041941
3.700000 -1.039019
3.750000 0.205938
3.800000 -0.476374
3.850000 0.664686
3.900000 2.155906
3.950000 0.636148
4.000000 -0.650171
4.050000 -1.294967
4.100000 1.095742
4.150000 -1.476731
4.200000 -1.570806
4.250000 0.612164
4.300000 -1.903121
4.350000 -2.031056
4.400000 2.890167
4.450000 1.119397
4.500000 -0.255731
4.550000 -0.447782
4.600000 -0.090008
4.650000 1.560847
4.700000 0.622697
4.750000 0.328223
4.800000 0.308551
4.850000 1.436107
4.900000 -0.606081
4.950000 0.595931
5.000000 -0.404182
5.050000 -1.715902
5.100000 1.168452
5.150000 0.969418
5.200000 -2.986286
5.250000 -0.471545
5.300000 -0.012768
5.350000 -0.304840
5.400000 1.227960
5.450000 -1.313330
5.500000 1.408659
5.550000 0.242744
5.600000 -2.242668
5.650000 -1.080763
5.700000 0.171642
5.750000 1.994494
5.800000 -0.564446
5.850000 -0.305114
5.900000 2.343372
5.950000 0.627117
6.000000 -0.193332
6.050000 0.226918
6.100000 1.091321
6.150000 1.487946
6.200000 -0.037324
6.250000 1.167226
6.300000 -0.247928
6.350000 -0.449363
6.400000 0.437577
6.450000 -0.749320
6.500000 -1.200839
6.550000 1.279961
6.600000 -0.816194
6.650000 -1.971741
6.700000 -2.614764
6.750000 1.483035
6.800000 1.131839
6.850000 -1.176829
6.900000 -2.142619
6.950000 0.140184
7.000000 1.236526
7.050000 -1.668864
7.100000 0.816192
7.150000 -0.840994
7.200000 1.538667
7.250000 -0.042180
7.300000 1.582266
7.350000 0.033641
7.400000 0.843505
7.450000 0.910322
7.500000 -1.013291
7.550000 -0.058879
7.600000 0.525075
7.650000 -0.291745
7.700000 1.539675
7.750000 2.022980
7.800000 -1.258899
7.850000 0.361318
7.900000 -1.499925
7.950000 2.716396
7.999999 1.083846
8.049999 -1.567041
8.100000 0.222799
8.150000 0.736362
8.200000 -0.834336
8.250000 -0.628344
8.300000 -0.904729
8.350000 1.146571
8.400000 1.160105
8.450000 -0.570229
8.500000 -0.400143
8.549999 -0.306533
8.599999 -0.728640
8.650000 -0.255321
8.700000 -2.491850
8.750000 0.338210
8.800000 0.021172
8.850000 0.706976
8.900000 -0.115192
8.950000 -0.261214
9.000000 0.543602
9.050000 -0.212649
9.099999 0.312317
9.149999 0.798159
9.200000 0.248555
9.250000 -1.041993
9.300000 0.428219
9.350000 -0.388357
9.400000 0.416705
9.450000 -2.117491
9.500000 -1.045267
9.550000 0.810273
9.600000 0.856627
9.649999 0.047392
9.699999 -0.115165
9.750000 0.494000
9.800000 -2.571437
9.850000 2.315107
9.900000 0.393186
9.950000 -0.774367
10.000000 -0.966798
10.050000 0.659202
10.100000 0.332508
10.150000 -0.861211
10.199999 1.500114
10.249999 0.052248
10.300000 -1.141443
10.350000 1.054516
10.400000 0.597841
10.450000 -0.824623
10.500000 0.121604
10.550000 -0.363884
10.600000 1.655958
10.650000 -1.092386
10.700000 0.148614
10.749999 0.687632
10.799999 1.035199
10.849999 0.251884
10.900000 -0.723728
10.950000 0.561444
11.000000 0.113692
11.050000 -1.172382
11.100000 -0.241325
11.150000 1.009744
11.200000 -1.473704
11.250000 0.122505
11.299999 0.642069
11.349999 0.242716
11.399999 -1.477278
11.450000 0.774775
11.500000 -1.167362
11.550000 -0.467779
11.600000 0.100322
11.650000 -0.973511
11.700000 -0.807436
11.750000 1.661962
11.800000 0.205910
11.849999 -2.131379
11.899999 0.403772
11.949999 -1.322060
12.000000 -1.578418
12.050000 0.126624
12.100000 -0.178709
12.150000 -0.913705
12.200000 -0.785908
12.250000 -1.487346
12.300000 -0.397606
12.350000 -0.344866
12.399999 0.695599
12.449999 0.361563
12.499999 -3.253230
12.550000 1.419872
12.600000 0.658901
12.650000 0.904565
12.700000 -1.253497
12.750000 -2.175986
12.800000 -1.761683
12.850000 1.827329
12.900000 -0.819548
12.949999 -0.404481
12.999999 1.635223
13.049999 -1.518995
13.100000 0.695108
13.150000 -0.407728
13.200000 -1.601037
13.250000 0.062044
13.300000 -0.616558
13.350000 -0.944208
13.400000 1.270685
13.450000 0.103351
13.499999 -1.508600
13.549999 -0.485242
13.599999 1.294559
13.650000 0.531870
13.700000 -0.484805
13.750000 0.878236
13.800000 2.101311
13.850000 -0.641277
13.900000 0.281649
13.950000 -1.179640
14.000000 -1.178877
14.049999 0.554433
14.099999 -0.242224
14.149999 -1.363095
14.200000 0.033014
14.250000 1.258297
14.300000 -2.310660
14.350000 -0.609381
14.400000 -0.254448
14.450000 0.846778
14.500000 -2.567618
14.549999 -0.720400
14.599999 -0.378235
14.649999 0.635083
14.699999 -1.537002
14.750000 -1.533728
14.800000 -0.134700
14.850000 -0.670553
14.900000 0.403772
14.950000 -0.617049
15.000000 -0.331116
15.050000 -2.008847
15.099999 -1.515829
15.149999 -1.444564
15.199999 -1.980636
15.249999 -0.316437
15.299999 -0.423880
15.350000 -1.463773
15.400000 0.769457
15.450000 0.957004
15.500000 0.363692
15.550000 1.992585
15.600000 -0.886012
15.650000 2.239804
15.699999 0.765118
15.750000 1.452259
15.799999 -0.172544
15.850000 0.576286
15.899999 -1.528817
15.950000 -1.615715
15.999999 -0.822114
16.050000 -0.038197
16.099999 1.995940
16.150000 -0.602343
16.200000 -1.136204
16.249999 -0.854145
16.300000 -0.986224
16.349999 -0.237313
16.400000 -0.535253
16.449999 -1.076724
16.500000 0.564091
16.549999 -0.759743
16.600000 -0.180264
16.649999 -0.041663
16.700000 0.003001
16.750000 -1.322307
16.799999 1.575855
16.850000 0.607527
16.899999 0.398862
16.950000 -0.397606
16.999999 0.327432
17.050000 -0.263233
17.099999 1.100517
17.150000 2.128486
17.199999 -1.209761
17.250000 -0.552058
17.300000 2.136070
17.349999 0.320637
17.400000 -1.281872
17.449999 -0.558525
17.500000 -0.230903
17.549999 0.312073
17.600000 -1.750088
17.649999 1.564886
17.700000 0.638767
17.749999 -0.918752
17.800000 -1.009690
17.850000 -1.590477
17.899999 -0.031131
17.950000 -1.335758
17.999999 -0.179199
18.050000 0.142448
18.099999 0.438068
18.150000 -0.836492
18.199999 -2.390737
18.250000 0.861566
18.299999 0.092028
18.350000 -0.554786
18.400000 0.497845
18.449999 -0.790873
18.500000 0.019071
18.549999 -0.709486
18.600000 0.489114
18.649999 0.130144
18.700000 -0.145476
18.749999 -0.775294
18.800000 0.005048
18.849999 0.048811
18.900000 -0.428573
18.950000 -2.352512
18.999999 0.158082
19.050000 -0.435421
19.099999 -2.108378
19.150000 0.951383
19.199999 -0.422870
19.250000 1.416599
19.299999 1.144907
19.350000 1.733444
19.399999 0.373568
19.450000 -0.336464
19.500000 2.347930
19.549999 -1.109056
19.600000 -0.983088
19.649999 1.569851
19.700000 2.379660
19.749999 -1.681552
19.800000 -1.905223
19.849999 -0.158900
19.900000 -1.817915
19.949999 -1.325335
