0.000000 1.493439
0.050000 0.581313
0.100000 -0.252174
0.150000 0.858642
0.200000 0.534389
0.250000 0.119466
0.300000 0.146461
0.350000 1.395499
0.400000 0.358550
0.450000 0.787774
0.500000 0.695885
0.550000 -0.100872
0.600000 1.108006
0.650000 -0.528275
0.700000 -0.695712
0.750000 0.135405
0.800000 0.228362
0.850000 -1.074973
0.900000 0.088142
0.950000 0.289713
1.000000 -1.340446
1.050000 -1.084328
1.100000 -0.114552
1.150000 -0.695906
1.200000 0.446393
1.250000 -0.163707
1.300000 -0.362980
1.350000 0.647499
1.400000 -0.996760
1.450000 0.041615
1.500000 -0.301912
1.550000 0.487582
1.600000 -1.139937
1.650000 -0.466599
1.700000 -0.367912
1.750000 0.286302
1.800000 0.746839
1.850000 0.307183
1.900000 1.751963
1.950000 0.127574
2.000000 -0.155650
2.050000 -2.478761
2.100000 -2.330055
2.150000 -3.536737
2.200000 -4.472168
2.250000 -2.814874
2.300000 -1.736536
2.350000 1.276442
2.400000 5.431277
2.450000 8.744727
2.500000 9.116143
2.550000 7.136939
2.600000 2.731800
2.650000 -2.590803
2.700000 -8.148983
2.750000 -10.019985
2.800000 -6.836966
2.850000 -2.541785
2.900000 2.866817
2.950000 4.175297
3.000000 4.969192
3.050000 4.246577
3.100000 0.757526
3.150000 -2.353377
3.200000 -4.723129
3.250000 -3.189085
3.300000 -1.103395
3.350000 1.315733
3.400000 2.974515
3.450000 2.943146
3.500000 1.749163
3.550000 -0.608667
3.600000 -2.587892
3.650000 -1.143137
3.700000 -0.854387
3.750000 0.733996
3.800000 0.961302
3.850000 2.783003
3.900000 3.284225
3.950000 1.607328
4.000000 -0.165378
4.050000 -1.227119
4.100000 -2.208508
4.150000 -2.283053
4.200000 -0.766595
4.250000 0.671820
4.300000 0.795343
4.350000 0.473991
4.400000 0.355283
4.450000 -0.827305
4.500000 -1.949052
4.550000 -1.853651
4.600000 -1.938466
4.650000 -0.023260
4.700000 0.167082
4.750000 1.359721
4.800000 0.628839
4.850000 0.239668
4.900000 -0.683288
4.950000 -1.343366
5.000000 0.378233
5.050000 1.009254
5.100000 0.591993
5.150000 1.052995
5.200000 1.292179
5.250000 -0.763531
5.300000 -0.308676
5.350000 -0.716701
5.400000 -1.240121
5.450000 -0.664947
5.500000 -0.662660
5.550000 0.889647
5.600000 0.082847
5.650000 1.624311
5.700000 0.432850
5.750000 -0.264460
5.800000 -1.723307
5.850000 -0.892656
5.900000 -1.704173
5.950000 0.217634
6.000000 -0.445451
6.050000 0.093003
6.100000 0.598420
6.150000 0.185621
6.200000 -0.069330
6.250000 -0.486863
6.300000 1.237355
6.350000 0.764050
6.400000 0.801855
6.450000 -0.682851
6.500000 -0.733855
6.550000 1.033634
6.600000 0.325579
6.650000 0.208128
6.700000 -0.133969
6.750000 -1.430268
6.800000 0.380141
6.850000 -0.082426
6.900000 1.263090
6.950000 -0.123842
7.000000 0.014399
7.050000 0.928897
7.100000 -0.796005
7.150000 0.389462
7.200000 0.278854
7.250000 1.032178
7.300000 0.005413
7.350000 1.314567
7.400000 0.746626
7.450000 0.179180
7.500000 -0.179944
7.550000 -0.697197
7.600000 -0.546603
7.650000 -0.451694
7.700000 -0.628698
7.750000 0.339667
7.800000 0.846024
7.850000 0.508706
7.900000 -0.393824
7.950000 0.097980
7.999999 0.190221
8.049999 -0.663052
8.100000 1.082313
8.150000 0.133107
8.200000 1.150409
8.250000 1.647024
8.300000 0.663255
8.350000 0.533474
8.400000 0.877867
8.450000 0.594226
8.500000 -1.358623
8.549999 0.267955
8.599999 -0.601721
8.650000 -0.009341
8.700000 1.808924
8.750000 1.038412
8.800000 0.500968
8.850000 0.686323
8.900000 0.298260
8.950000 1.089692
9.000000 -0.242179
9.050000 0.090442
9.099999 -0.333060
9.149999 0.724898
9.200000 -0.026284
9.250000 0.584449
9.300000 0.619267
9.350000 -0.358266
9.400000 0.688904
9.450000 0.177200
9.500000 0.044326
9.550000 0.648039
9.600000 0.942490
9.649999 1.192859
9.699999 0.864723
9.750000 0.186500
9.800000 -0.361613
9.850000 -0.322007
9.900000 -0.090562
9.950000 -0.206115
10.000000 0.535517
10.050000 0.201644
10.100000 -0.476899
10.150000 0.596584
10.199999 -0.411538
10.249999 -1.273714
10.300000 0.649019
10.350000 0.353674
10.400000 0.770891
10.450000 0.385358
10.500000 -0.990903
10.550000 0.108719
10.600000 1.237390
10.650000 0.356977
10.700000 0.290093
10.749999 0.201188
10.799999 0.644389
10.849999 0.193434
10.900000 -0.447180
10.950000 0.053241
11.000000 -0.660512
11.050000 0.028678
11.100000 0.002286
11.150000 -0.247603
11.200000 1.056184
11.250000 0.659608
11.299999 0.800436
11.349999 -0.211282
11.399999 0.081480
11.450000 -0.761748
11.500000 -0.114898
11.550000 0.500593
11.600000 -1.062629
11.650000 0.107032
11.700000 -0.066788
11.750000 0.039230
11.800000 -0.670738
11.849999 0.670485
11.899999 -0.488891
11.949999 0.128841
12.000000 -0.691609
12.050000 -0.081221
12.100000 -0.257995
12.150000 0.401263
12.200000 -0.641789
12.250000 -0.208283
12.300000 0.894107
12.350000 -0.132842
12.399999 -0.436342
12.449999 -0.490654
12.499999 0.653713
12.550000 -0.091063
12.600000 -1.522727
12.650000 0.728927
12.700000 0.387787
12.750000 0.722814
12.800000 -0.013980
12.850000 -0.156952
12.900000 -0.168276
12.949999 0.363962
12.999999 -0.340722
13.049999 0.465283
13.100000 -0.944583
13.150000 -0.434372
13.200000 0.180301
13.250000 1.281028
13.300000 1.046563
13.350000 -0.554891
13.400000 -0.146365
13.450000 -0.972821
13.499999 -0.068023
13.549999 0.343131
13.599999 -0.027886
13.650000 -0.517955
13.700000 1.517355
13.750000 -1.104517
13.800000 0.164505
13.850000 0.930193
13.900000 0.554554
13.950000 -0.508787
14.000000 -0.248668
14.049999 0.054017
14.099999 1.222007
14.149999 -0.563137
14.200000 -0.302246
14.250000 0.693335
14.300000 -0.166410
14.350000 -0.633016
14.400000 0.250091
14.450000 0.408342
14.500000 0.834438
14.549999 0.775222
14.599999 -0.151629
14.649999 -0.366129
14.699999 1.475608
14.750000 -1.199547
14.800000 -0.881253
14.850000 0.115614
14.900000 -0.316733
14.950000 0.807004
15.000000 0.659778
15.050000 -1.288434
15.099999 0.721660
15.149999 -0.335726
15.199999 0.359054
15.249999 0.143773
15.299999 1.131688
15.350000 0.184991
15.400000 0.424591
15.450000 0.124316
15.500000 -0.360331
15.550000 0.061716
15.600000 1.091787
15.650000 -0.000512
15.699999 0.456819
15.750000 -1.217539
15.799999 0.819056
15.850000 -0.363366
15.899999 0.655476
15.950000 0.837709
15.999999 -0.509327
16.050000 -0.602678
16.099999 0.553765
16.150000 0.705194
16.200000 0.324858
16.249999 0.864990
16.300000 1.079174
16.349999 1.352694
16.400000 -0.201071
16.449999 1.273261
16.500000 1.119857
16.549999 -0.478334
16.600000 0.094374
16.649999 0.091521
16.700000 -0.141469
16.750000 -0.178458
16.799999 -0.395999
16.850000 0.630878
16.899999 0.121991
16.950000 0.230011
16.999999 -0.448315
17.050000 0.489160
17.099999 -0.579120
17.150000 -0.125613
17.199999 0.138670
17.250000 0.571540
17.300000 -1.137290
17.349999 -0.929940
17.400000 -0.722569
17.449999 -0.131280
17.500000 1.593348
17.549999 0.155319
17.600000 0.875322
17.649999 0.857665
17.700000 -0.123818
17.749999 -1.613372
17.800000 -0.601387
17.850000 -1.320961
17.899999 -0.159811
17.950000 -0.250703
17.999999 -1.193520
18.050000 0.847118
18.099999 1.057649
18.150000 0.586412
18.199999 0.002730
18.250000 0.523536
18.299999 0.346214
18.350000 0.620490
18.400000 0.557520
18.449999 -0.471724
18.500000 1.444078
18.549999 -0.832917
18.600000 0.773369
18.649999 -0.727977
18.700000 -0.196384
18.749999 0.318222
18.800000 0.372684
18.849999 -0.579577
18.900000 0.947871
18.950000 0.053934
18.999999 -0.046884
19.050000 -0.623813
19.099999 -0.445838
19.150000 1.229947
19.199999 -0.332529
19.250000 0.197641
19.299999 0.518050
19.350000 0.721419
19.399999 0.762833
19.450000 0.051826
19.500000 -0.124623
19.549999 -0.818648
19.600000 -0.872066
19.649999 0.364760
19.700000 -0.882715
19.749999 0.342688
19.800000 -0.527196
19.849999 -0.756942
19.900000 1.756264
19.949999 0.568384
