0.000000 0.118787
0.050000 0.066559
0.100000 0.139602
0.150000 -0.102752
0.200000 0.048410
0.250000 0.067418
0.300000 -0.046762
0.350000 -0.105399
0.400000 0.033204
0.450000 -0.162052
0.500000 -0.048081
0.550000 0.312989
0.600000 -0.137677
0.650000 -0.054892
0.700000 -0.044435
0.750000 0.049115
0.800000 0.062830
0.850000 0.018339
0.900000 0.146832
0.950000 -0.065016
1.000000 -0.090214
1.050000 0.021285
1.100000 -0.103716
1.150000 0.001112
1.200000 -0.074858
1.250000 -0.059449
1.300000 0.069924
1.350000 0.150281
1.400000 -0.141906
1.450000 0.052998
1.500000 -0.047021
1.550000 0.021436
1.600000 0.107784
1.650000 0.109059
1.700000 -0.104517
1.750000 -0.094304
1.800000 -0.025128
1.850000 0.047683
1.900000 0.060683
1.950000 0.270960
2.000000 0.012773
2.050000 -0.081993
2.100000 0.012396
2.150000 -0.020818
2.200000 -0.067753
2.250000 -0.157540
2.300000 -0.080055
2.350000 -0.222761
2.400000 -0.032141
2.450000 -0.080722
2.500000 0.131060
2.550000 0.182361
2.600000 0.310136
2.650000 0.336723
2.700000 0.259545
2.750000 0.130094
2.800000 -0.219896
2.850000 -0.319188
2.900000 -0.324565
2.950000 -0.581657
3.000000 -0.250491
3.050000 0.040037
3.100000 0.252532
3.150000 0.543221
3.200000 0.549557
3.250000 0.337523
3.300000 0.124563
3.350000 -0.123194
3.400000 -0.399092
3.450000 -0.489920
3.500000 -0.311330
3.550000 -0.155888
3.600000 0.080911
3.650000 0.424042
3.700000 0.137924
3.750000 0.168835
3.800000 0.104418
3.850000 0.213819
3.900000 -0.091974
3.950000 -0.169847
4.000000 -0.194279
4.050000 -0.118997
4.100000 0.069595
4.150000 0.164415
4.200000 0.061906
4.250000 0.258091
4.300000 0.064359
4.350000 -0.007455
4.400000 0.043427
4.450000 0.084355
4.500000 -0.080858
4.550000 -0.165354
4.600000 -0.096009
4.650000 -0.127528
4.700000 0.093067
4.750000 -0.016695
4.800000 0.190817
4.850000 0.004578
4.900000 0.007811
4.950000 -0.170578
5.000000 -0.058282
5.050000 -0.007729
5.100000 0.104970
5.150000 -0.052781
5.200000 0.036331
5.250000 -0.124555
5.300000 -0.000143
5.350000 0.005924
5.400000 0.163661
5.450000 0.048173
5.500000 -0.048350
5.550000 -0.180825
5.600000 -0.069293
5.650000 -0.074215
5.700000 0.226805
5.750000 0.082953
5.800000 -0.017601
5.850000 0.056829
5.900000 0.142090
5.950000 0.100396
6.000000 0.001971
6.050000 -0.179404
6.100000 -0.123945
6.150000 0.056659
6.200000 0.061515
6.250000 0.074462
6.300000 0.041160
6.350000 -0.039162
6.400000 0.043566
6.450000 0.213331
6.500000 -0.024124
6.550000 -0.069314
6.600000 0.152021
6.650000 -0.195716
6.700000 0.038144
6.750000 -0.130173
6.800000 -0.119491
6.850000 -0.110770
6.900000 0.205488
6.950000 -0.036373
7.000000 -0.014150
7.050000 -0.092757
7.100000 0.289045
7.150000 -0.168680
7.200000 -0.025897
7.250000 0.055880
7.300000 -0.134223
7.350000 -0.163081
7.400000 -0.068341
7.450000 -0.089597
7.500000 0.025372
7.550000 -0.002970
7.600000 0.017513
7.650000 0.108083
7.700000 -0.095080
7.750000 -0.001149
7.800000 -0.066332
7.850000 0.140477
7.900000 0.035979
7.950000 -0.094726
8.000000 -0.106559
8.050000 -0.050699
8.100000 -0.007508
8.150000 -0.074250
8.200000 -0.023438
8.250000 -0.085528
8.300000 0.237759
8.350000 -0.054548
8.400000 0.208730
8.450000 0.020918
8.500000 -0.018954
8.550000 0.003022
8.600000 0.152039
8.650000 -0.118758
8.700000 -0.196974
8.750000 -0.157535
8.800000 -0.142031
8.850000 0.008972
8.900000 0.046775
8.950000 -0.077510
9.000000 0.057674
9.050000 0.019592
9.100000 -0.037208
9.150000 0.138865
9.200000 0.059703
9.250000 0.025081
9.300000 0.054194
9.350000 -0.212958
9.400000 -0.019506
9.450000 0.106699
9.500000 -0.060833
9.550000 0.016246
9.600000 0.197649
9.650000 0.057884
9.700000 0.008297
9.750000 -0.071737
9.800000 0.084919
9.850000 0.022225
9.900000 -0.090026
9.950000 0.022540
10.000000 -0.288317
10.050000 0.121323
10.100000 0.072340
10.150000 -0.041709
10.200000 0.046935
10.250000 0.260962
10.300000 -0.015782
10.350000 0.056507
10.400000 0.158368
10.450000 -0.144619
10.500000 0.168716
10.550000 -0.200900
10.600000 -0.069966
10.650000 -0.019065
10.700000 -0.153958
10.750000 0.053955
10.800000 0.023731
10.850000 0.057446
10.900000 -0.159757
10.950000 0.022274
11.000000 -0.017319
11.050000 0.043687
11.100000 -0.178377
11.150000 0.029153
11.200000 -0.169897
11.250000 0.135444
11.300000 -0.015574
11.350000 0.073118
11.400000 0.003447
11.450000 0.093426
11.500000 -0.225663
11.550000 0.079309
11.600000 0.007692
11.650000 -0.038615
11.700000 -0.039983
11.750000 0.007152
11.800000 0.039238
11.850000 -0.063052
11.900000 0.025643
11.950000 -0.104846
12.000000 -0.008903
12.050000 0.076840
12.100000 0.038045
12.150000 -0.024765
12.200000 -0.058966
12.250000 -0.083554
12.300000 -0.044424
12.350000 -0.049328
12.400000 0.088833
12.450000 0.031218
12.500000 0.118470
12.550000 0.091649
12.600000 0.145759
12.650000 0.117706
12.700000 -0.000961
12.750000 -0.000878
12.800000 -0.038929
12.850000 0.130382
12.900000 0.044988
12.950000 -0.144649
13.000000 0.091323
13.050000 -0.027120
13.100000 0.072764
13.150000 -0.058636
13.200000 -0.008504
13.250000 0.018989
13.300000 0.224653
13.350000 0.085082
13.400000 -0.124939
13.450000 0.000543
13.500000 0.135746
13.550000 0.062843
13.600000 -0.093861
13.650000 -0.025389
13.700000 -0.100679
13.750000 0.143371
13.800000 -0.082768
13.850000 0.029590
13.900000 0.201681
13.950000 0.235314
14.000000 -0.016448
14.050000 0.031844
14.100000 -0.100702
14.150000 0.020087
14.200000 0.212413
14.250000 0.021719
14.300000 -0.019026
14.350000 0.065990
14.400000 0.142545
14.450000 0.012450
14.500000 -0.033300
14.550000 0.182427
14.600000 -0.056694
14.650000 -0.113315
14.700000 -0.228948
14.750000 -0.079551
14.800000 0.074485
14.850000 -0.042180
14.900000 0.040233
14.950000 0.055413
15.000000 -0.065325
15.050000 -0.103563
15.100000 -0.148682
15.150000 0.009934
15.200000 0.152989
15.250000 0.097798
15.300000 -0.017136
15.350000 0.047221
15.400000 0.186564
15.450000 0.025565
15.500000 -0.067408
15.550000 0.078690
15.600000 0.124535
15.650000 -0.098645
15.700000 0.127185
15.750000 0.037577
15.800000 -0.030732
15.850000 -0.095660
15.900000 -0.052782
15.950000 0.047703
16.000000 -0.027130
16.050000 0.046095
16.100000 -0.004107
16.150000 -0.039301
16.200000 0.249143
16.250000 0.010742
16.300000 -0.067844
16.350000 0.077041
16.400000 0.173568
16.450000 -0.071661
16.500000 -0.181612
16.550000 -0.187816
16.600000 0.027470
16.650000 0.087450
16.700000 0.023863
16.750000 0.071549
16.800000 0.082794
16.850000 0.076722
16.900000 0.011170
16.950000 -0.060956
17.000000 -0.097840
17.050000 -0.040680
17.100000 -0.017546
17.150000 -0.003218
17.200000 0.057766
17.250000 0.080328
17.300000 -0.033841
17.350000 -0.075357
17.400000 -0.014774
17.450000 0.036441
17.500000 -0.163713
17.550000 -0.016388
17.600000 -0.001531
17.650000 -0.060019
17.700000 -0.013832
17.750000 0.077188
17.800000 0.066933
17.850000 0.072539
17.900000 -0.023833
17.950000 -0.106901
18.000000 0.073627
18.050000 -0.139925
18.100000 -0.037925
18.150000 0.102295
18.200000 0.060467
18.250000 0.188040
18.300000 0.091879
18.350000 -0.036781
18.400000 -0.034685
18.450000 0.037478
18.500000 0.154060
18.550000 -0.028614
18.600000 0.007799
18.650000 -0.036040
18.700000 -0.022981
18.750000 0.151572
18.800000 0.051977
18.850000 -0.020988
18.900000 0.009297
18.950000 0.005596
19.000000 0.080961
19.050000 0.111383
19.100000 0.236432
19.150000 -0.065056
19.200000 0.033623
19.250000 -0.055908
19.300000 0.082167
19.350000 -0.170619
19.400000 -0.161039
19.450000 -0.119896
19.500000 -0.119586
19.550000 -0.138083
19.600000 0.055623
19.650000 0.248203
19.700000 0.099256
19.750000 -0.147019
19.799999 -0.018340
19.849999 -0.118677
19.899999 -0.064898
19.949999 0.160068
