0.000000 0.009915
0.050000 -0.007173
0.100000 -0.006692
0.150000 -0.008459
0.200000 -0.003532
0.250000 -0.003140
0.300000 0.001280
0.350000 -0.008367
0.400000 -0.004311
0.450000 -0.006821
0.500000 0.005238
0.550000 0.005862
0.600000 -0.009139
0.650000 -0.003594
0.700000 0.003581
0.750000 0.004366
0.800000 0.013796
0.850000 0.012156
0.900000 0.003291
0.950000 0.004787
1.000000 0.000498
1.050000 -0.002789
1.100000 -0.010876
1.150000 -0.007852
1.200000 -0.022187
1.250000 0.000840
1.300000 0.003269
1.350000 0.004176
1.400000 -0.002370
1.450000 0.009458
1.500000 0.004171
1.550000 -0.002398
1.600000 0.013248
1.650000 -0.001881
1.700000 -0.012420
1.750000 -0.009938
1.800000 -0.006290
1.850000 0.001304
1.900000 0.001956
1.950000 -0.010080
2.000000 0.003329
2.050000 0.011709
2.100000 0.004179
2.150000 0.013132
2.200000 0.005242
2.250000 -0.002892
2.300000 0.006445
2.350000 -0.005749
2.400000 -0.007465
2.450000 -0.010001
2.500000 -0.002691
2.550000 -0.013496
2.600000 0.015104
2.650000 0.005349
2.700000 0.008883
2.750000 0.025186
2.800000 0.018791
2.850000 0.012130
2.900000 0.003939
2.950000 0.000471
3.000000 -0.015829
3.050000 -0.036343
3.100000 -0.029538
3.150000 -0.018061
3.200000 -0.000410
3.250000 -0.006015
3.300000 0.010076
3.350000 0.038123
3.400000 0.029158
3.450000 0.023073
3.500000 0.013055
3.550000 0.000884
3.600000 -0.012102
3.650000 -0.012090
3.700000 -0.038529
3.750000 -0.023981
3.800000 -0.013032
3.850000 -0.004183
3.900000 0.012975
3.950000 0.027943
4.000000 0.008517
4.050000 0.018563
4.100000 0.015723
4.150000 0.009384
4.200000 -0.016045
4.250000 -0.024706
4.300000 -0.023739
4.350000 -0.027883
4.400000 -0.020770
4.450000 -0.003914
4.500000 0.009131
4.550000 0.019417
4.600000 0.042258
4.650000 0.028101
4.700000 0.028481
4.750000 0.013921
4.800000 -0.000001
4.850000 -0.022153
4.900000 -0.017389
4.950000 -0.016912
5.000000 -0.022205
5.050000 -0.002910
5.100000 0.004738
5.150000 0.015088
5.200000 0.020221
5.250000 0.030224
5.300000 0.000928
5.350000 0.013404
5.400000 -0.001188
5.450000 -0.009265
5.500000 -0.015356
5.550000 -0.017321
5.600000 -0.015686
5.650000 -0.008815
5.700000 0.010880
5.750000 0.014328
5.800000 0.003103
5.850000 0.018547
5.900000 0.014250
5.950000 0.022076
6.000000 0.016885
6.050000 -0.006741
6.100000 -0.015083
6.150000 0.000293
6.200000 -0.005977
6.250000 -0.007175
6.300000 -0.003151
6.350000 0.000889
6.400000 0.010619
6.450000 0.005021
6.500000 0.003927
6.550000 0.008086
6.600000 0.005606
6.650000 0.000990
6.700000 -0.021573
6.750000 0.011483
6.800000 -0.007714
6.850000 0.002256
6.900000 0.002122
6.950000 -0.006665
7.000000 0.002952
7.050000 0.010152
7.100000 0.005490
7.150000 0.002268
7.200000 0.010867
7.250000 0.007284
7.300000 0.010255
7.350000 0.001745
7.400000 -0.007790
7.450000 0.002209
7.500000 -0.010222
7.550000 0.015314
7.600000 -0.003023
7.650000 -0.004569
7.700000 0.015157
7.750000 0.001723
7.800000 -0.000882
7.850000 -0.001083
7.900000 0.008945
7.950000 0.015000
8.000000 -0.003418
8.050000 -0.003217
8.100000 0.000649
8.150000 -0.002149
8.200000 0.005185
8.250000 -0.003426
8.300000 -0.006165
8.350000 -0.003281
8.400000 0.004953
8.450000 0.002870
8.500000 0.000645
8.550000 0.001491
8.600000 0.008882
8.650000 -0.006539
8.700000 -0.002365
8.750000 0.008456
8.800000 -0.002695
8.850000 0.004767
8.900000 -0.001628
8.950000 0.003890
9.000000 0.000997
9.050000 0.005008
9.100000 -0.003960
9.150000 0.007851
9.200000 0.002171
9.250000 -0.009415
9.300000 -0.001875
9.350000 0.006066
9.400000 -0.005424
9.450000 -0.020651
9.500000 -0.002048
9.550000 0.010209
9.600000 0.001272
9.650000 -0.015445
9.700000 0.007271
9.750000 -0.006824
9.800000 -0.000548
9.850000 0.007450
9.900000 0.011993
9.950000 -0.004435
10.000000 -0.004663
10.050000 -0.008896
10.100000 -0.000063
10.150000 -0.010440
10.200000 -0.002395
10.250000 -0.000839
10.300000 -0.007891
10.350000 0.010760
10.400000 -0.004710
10.450000 -0.012009
10.500000 -0.001133
10.550000 0.004588
10.600000 -0.000718
10.650000 0.000716
10.700000 -0.004407
10.750000 0.009019
10.800000 0.001476
10.850000 0.000630
10.900000 0.001444
10.950000 -0.001165
11.000000 -0.008832
11.050000 0.005095
11.100000 0.000794
11.150000 0.016107
11.200000 0.007017
11.250000 -0.008438
11.300000 -0.004064
11.350000 -0.003581
11.400000 0.001432
11.450000 0.000102
11.500000 0.007478
11.550000 0.001880
11.600000 -0.002843
11.650000 0.009039
11.700000 0.002090
11.750000 0.008530
11.800000 -0.003875
11.850000 0.003416
11.900000 -0.007677
11.950000 0.010224
12.000000 0.000425
12.050000 -0.002219
12.100000 -0.001194
12.150000 -0.000792
12.200000 -0.009410
12.250000 0.000047
12.300000 -0.007148
12.350000 0.004118
12.400000 0.002443
12.450000 0.002239
12.500000 0.002074
12.550000 -0.006647
12.600000 -0.002756
12.650000 -0.003877
12.700000 0.003724
12.750000 0.002187
12.800000 -0.001750
12.850000 0.017887
12.900000 0.000103
12.950000 0.006165
13.000000 -0.005245
13.050000 0.006806
13.100000 0.006026
13.150000 0.000468
13.200000 -0.004070
13.250000 -0.019117
13.300000 0.004692
13.350000 0.007128
13.400000 0.008184
13.450000 0.000003
13.500000 0.008542
13.550000 0.002746
13.600000 0.000584
13.650000 0.008705
13.700000 0.004508
13.750000 0.006685
13.800000 0.003111
13.850000 -0.010579
13.900000 0.002288
13.950000 -0.007514
14.000000 -0.002537
14.050000 0.013547
14.100000 0.005705
14.150000 -0.006648
14.200000 0.001141
14.250000 0.009686
14.300000 -0.003906
14.350000 0.002429
14.400000 -0.004547
14.450000 -0.005094
14.500000 0.005216
14.550000 0.002913
14.600000 0.004180
14.650000 0.009284
14.700000 0.001228
14.750000 0.014442
14.800000 0.016949
14.850000 -0.005500
14.900000 0.010284
14.950000 -0.008762
15.000000 0.009816
15.050000 -0.005903
15.100000 0.006480
15.150000 -0.003192
15.200000 -0.009434
15.250000 0.003993
15.300000 0.009354
15.350000 0.002632
15.400000 0.010207
15.450000 0.006184
15.500000 -0.004279
15.550000 0.007788
15.600000 -0.002535
15.650000 0.001428
15.700000 -0.004978
15.750000 0.004080
15.800000 -0.000122
15.850000 0.007118
15.900000 -0.005203
15.950000 0.012959
16.000000 -0.008413
16.050000 -0.002894
16.100000 0.011259
16.150000 -0.011129
16.200000 -0.013325
16.250000 -0.003224
16.300000 0.001692
16.350000 -0.007982
16.400000 0.005823
16.450000 0.011821
16.500000 0.003074
16.550000 0.002216
16.600000 -0.000942
16.650000 -0.002412
16.700000 0.006347
16.750000 0.000017
16.800000 -0.007479
16.850000 0.001595
16.900000 -0.004274
16.950000 0.014460
17.000000 0.009055
17.050000 -0.004040
17.100000 -0.003536
17.150000 0.010708
17.200000 0.007969
17.250000 0.000387
17.300000 0.001397
17.350000 -0.001842
17.400000 0.008913
17.450000 0.001559
17.500000 -0.000625
17.550000 -0.014279
17.600000 0.002723
17.650000 0.011803
17.700000 -0.007736
17.750000 0.007697
17.800000 0.002808
17.850000 0.007747
17.900000 0.004941
17.950000 0.009311
18.000000 0.001387
18.050000 -0.013992
18.100000 0.000967
18.150000 0.015293
18.200000 -0.000253
18.250000 -0.004445
18.300000 -0.003293
18.350000 -0.002290
18.400000 -0.003551
18.450000 -0.001786
18.500000 0.007206
18.550000 0.002958
18.600000 0.011897
18.650000 0.000043
18.700000 0.004243
18.750000 0.003482
18.800000 -0.002108
18.850000 0.009069
18.900000 -0.005308
18.950000 0.004856
19.000000 -0.000840
19.050000 0.003432
19.100000 -0.004632
19.150000 0.003971
19.200000 -0.007677
19.250000 0.004452
19.300000 0.004869
19.350000 -0.003240
19.400000 -0.001600
19.450000 -0.000386
19.500000 -0.001858
19.550000 0.003660
19.600000 0.011518
19.650000 -0.004798
19.700000 0.003635
19.750000 0.000926
19.799999 -0.009699
19.849999 0.016485
19.899999 0.004497
19.949999 0.006158
