0.000000 5.046885
0.050000 16.760326
0.100000 11.704852
0.150000 16.648966
0.200000 6.360821
0.250000 9.978806
0.300000 -6.265907
0.350000 8.605927
0.400000 -14.071334
0.450000 6.754594
0.500000 -14.278622
0.550000 0.288366
0.600000 -9.936846
0.650000 2.045656
0.700000 -4.990827
0.750000 -1.266693
0.800000 0.433840
0.850000 2.004370
0.900000 -2.013758
0.950000 0.904283
1.000000 11.901406
1.050000 10.603382
1.100000 3.735674
1.150000 8.423698
1.200000 3.344604
1.250000 -13.096767
1.300000 3.600636
1.350000 -2.861412
1.400000 1.847523
1.450000 2.212553
1.500000 8.147821
1.550000 -3.081259
1.600000 -5.834329
1.650000 -0.075464
1.700000 -0.315890
1.750000 -9.669398
1.800000 -1.394857
1.850000 -0.973049
1.900000 4.619210
1.950000 -4.157108
2.000000 -3.175229
2.050000 0.975966
2.100000 -26.693354
2.150000 -10.556974
2.200000 -0.574605
2.250000 27.985104
2.300000 9.638968
2.350000 10.129411
2.400000 6.841340
2.450000 -5.969584
2.500000 13.110807
2.550000 20.108604
2.600000 14.446849
2.650000 25.186535
2.700000 11.771153
2.750000 -1.159094
2.800000 -32.142277
2.850000 -34.438053
2.900000 -61.804317
2.950000 -69.414986
3.000000 -68.880127
3.050000 -22.735214
3.100000 8.727658
3.150000 21.463556
3.200000 59.970032
3.250000 85.982613
3.300000 109.666084
3.350000 124.862732
3.400000 82.895157
3.450000 71.409332
3.500000 41.446495
3.550000 -9.012262
3.600000 -72.090843
3.650000 -136.681366
3.700000 -160.942444
3.750000 -147.015945
3.800000 -131.261154
3.850000 -118.475975
3.900000 -58.892368
3.950000 -25.424496
4.000000 39.186924
4.050000 71.699371
4.100000 95.742477
4.150000 110.778091
4.200000 103.270775
4.250000 87.841301
4.300000 86.308746
4.350000 24.965660
4.400000 15.072708
4.450000 -23.677353
4.500000 -47.977947
4.550000 -69.332443
4.600000 -62.676895
4.650000 -61.023090
4.700000 -57.978817
4.750000 -30.486015
4.800000 -12.233013
4.850000 11.445462
4.900000 35.275623
4.950000 41.665722
5.000000 47.849087
5.050000 56.223995
5.100000 54.067661
5.150000 37.347969
5.200000 18.121386
5.250000 32.164013
5.300000 3.110976
5.350000 -6.688756
5.400000 -8.810631
5.450000 -36.660332
5.500000 -33.721279
5.550000 -23.121778
5.600000 -12.486090
5.650000 7.398822
5.700000 11.659196
5.750000 18.322203
5.800000 16.654463
5.850000 18.232981
5.900000 28.291805
5.950000 27.054514
6.000000 4.143132
6.050000 11.790514
6.100000 24.119059
6.150000 -9.874233
6.200000 -11.883205
6.250000 -14.274081
6.300000 2.427543
6.350000 -21.951605
6.400000 5.715023
6.450000 -5.332540
6.500000 5.469673
6.550000 20.258596
6.600000 6.893659
6.650000 12.611284
6.700000 6.660144
6.750000 8.101355
6.800000 9.217466
6.850000 -11.116652
6.900000 4.493855
6.950000 -3.056786
7.000000 -8.445842
7.050000 4.320436
7.100000 2.463033
7.150000 7.445096
7.200000 -11.111411
7.250000 -5.497369
7.300000 1.802338
7.350000 9.165243
7.400000 -0.018250
7.450000 14.604489
7.500000 -4.176969
7.550000 5.261849
7.600000 -22.187084
7.650000 -7.931566
7.700000 -11.792764
7.750000 8.638202
7.800000 1.416569
7.850000 6.482082
7.900000 1.475011
7.950000 4.192845
8.000000 39.847672
8.050000 13.896942
8.100000 7.369038
8.150000 7.056170
8.200000 6.551943
8.250000 -2.346275
8.300000 -17.598276
8.350000 -8.822466
8.400000 0.447832
8.450000 -6.278755
8.500000 -6.385920
8.550000 -22.828665
8.600000 -5.220934
8.650000 11.913077
8.700000 -14.532720
8.750000 -13.906077
8.800000 -2.089227
8.850000 8.147761
8.900000 6.801914
8.950000 -4.974022
9.000000 13.670448
9.050000 8.445930
9.100000 9.126536
9.150000 8.684057
9.200000 12.805868
9.250000 2.303258
9.300000 11.877790
9.350000 26.023817
9.400000 0.875996
9.450000 -10.909005
9.500000 -12.654490
9.550000 -11.467360
9.600000 -18.863476
9.650000 -16.032326
9.700000 2.144412
9.750000 11.704664
9.800000 5.499876
9.850000 7.251042
9.900000 15.981408
9.950000 20.478930
10.000000 6.631978
10.050000 18.672390
10.100000 6.315118
10.150000 9.497750
10.200000 22.210028
10.250000 -26.680523
10.300000 -8.985711
10.350000 9.600011
10.400000 -5.332474
10.450000 -16.166901
10.500000 0.208610
10.550000 0.272333
10.600000 7.866983
10.650000 3.880069
10.700000 3.955542
10.750000 15.428055
10.800000 8.978447
10.850000 -6.234690
10.900000 -14.103370
10.950000 -9.346682
11.000000 2.910448
11.050000 6.823961
11.100000 3.744838
11.150000 5.922151
11.200000 -25.212387
11.250000 -30.433582
11.300000 6.881423
11.350000 -2.359727
11.400000 10.698007
11.450000 1.449147
11.500000 -0.113965
11.550000 0.432534
11.600000 18.730753
11.650000 -6.030576
11.700000 -9.884243
11.750000 -25.784403
11.800000 -1.092087
11.850000 9.460908
11.900000 6.734788
11.950000 4.016965
12.000000 -8.384641
12.050000 -5.995796
12.100000 -0.348625
12.150000 -0.681415
12.200000 5.353913
12.250000 -6.627388
12.300000 -1.651954
12.350000 -5.491515
12.400000 12.159369
12.450000 -3.997692
12.500000 -0.751669
12.550000 3.284135
12.600000 -10.440403
12.650000 -2.178822
12.700000 -9.326634
12.750000 -0.369884
12.800000 -2.616287
12.850000 5.426999
12.900000 3.704388
12.950000 -9.630581
13.000000 12.511333
13.050000 20.635105
13.100000 -3.110848
13.150000 -9.206053
13.200000 -15.472123
13.250000 -9.551413
13.300000 -11.086179
13.350000 -13.441390
13.400000 5.523526
13.450000 2.139100
13.500000 28.517878
13.550000 -9.464279
13.600000 -18.828089
13.650000 -22.384186
13.700000 1.441044
13.750000 -30.710447
13.800000 -5.651746
13.850000 -8.036740
13.900000 17.903284
13.950000 -3.437998
14.000000 4.358043
14.050000 15.354115
14.100000 16.086311
14.150000 -8.249759
14.200000 9.841889
14.250000 9.202410
14.300000 8.020872
14.350000 -14.288187
14.400000 1.923905
14.450000 -6.996665
14.500000 2.305043
14.550000 2.270950
14.600000 -1.046658
14.650000 5.922171
14.700000 -1.263339
14.750000 -3.886323
14.800000 3.241833
14.850000 -2.601961
14.900000 6.994571
14.950000 2.411823
15.000000 -12.435769
15.050000 10.112166
15.100000 -15.223695
15.150000 -11.760303
15.200000 -0.677571
15.250000 -10.975022
15.300000 11.811823
15.350000 8.178605
15.400000 -4.928333
15.450000 4.210537
15.500000 1.187193
15.550000 7.815694
15.600000 -14.616363
15.650000 -16.789293
15.700000 3.362809
15.750000 14.438972
15.800000 -4.824939
15.850000 15.254614
15.900000 20.855345
15.950000 8.380342
16.000000 -10.260569
16.050000 3.028759
16.100000 -1.056315
16.150000 -0.574216
16.200000 -2.530462
16.250000 29.079790
16.300000 -9.314951
16.350000 -9.651275
16.400000 -9.867387
16.450000 -20.184975
16.500000 4.040159
16.550000 -10.069314
16.600000 -18.881748
16.650000 -8.429748
16.700000 15.887526
16.750000 3.001169
16.800000 -12.413637
16.850000 -35.885963
16.900000 -13.975202
16.950000 0.482422
17.000000 8.278836
17.050000 3.646599
17.100000 13.058840
17.150000 -0.325031
17.200000 -1.262723
17.250000 -1.365659
17.300000 3.881882
17.350000 7.743967
17.400000 11.556558
17.450000 9.768632
17.500000 -13.487331
17.550000 7.495638
17.600000 -0.616748
17.650000 8.792400
17.700000 3.857980
17.750000 8.840043
17.800000 -4.047029
17.850000 -20.519859
17.900000 -10.797841
17.950000 -7.881860
18.000000 -0.575514
18.050000 21.641895
18.100000 -2.053076
18.150000 1.634390
18.200000 -12.568283
18.250000 5.090239
18.300000 14.006665
18.350000 3.251835
18.400000 10.678155
18.450000 13.605376
18.500000 16.949440
18.550000 12.164431
18.600000 14.865820
18.650000 3.038247
18.700000 -7.246499
18.750000 -22.310198
18.800000 -17.116556
18.850000 -6.282535
18.900000 -21.071768
18.950000 -6.653434
19.000000 -19.370417
19.050000 -10.717966
19.100000 -7.063948
19.150000 4.429785
19.200000 10.441427
19.250000 11.806327
19.300000 25.596462
19.350000 24.172043
19.400000 21.572458
19.450000 -10.035144
19.500000 16.772694
19.550000 -11.286944
19.600000 -17.302305
19.650000 -16.807018
19.700000 -20.382298
19.750000 -17.775751
19.799999 1.905429
19.849999 -1.002455
19.899999 -25.335571
19.949999 -12.329269
