0.000000 -3.862408
0.050000 3.886096
0.100000 -0.368757
0.150000 5.454729
0.200000 -2.356038
0.250000 3.651497
0.300000 -1.834073
0.350000 -4.118715
0.400000 5.675704
0.450000 -2.123320
0.500000 2.233139
0.550000 7.374166
0.600000 0.769907
0.650000 -1.752986
0.700000 7.265923
0.750000 1.916069
0.800000 0.254983
0.850000 -5.042819
0.900000 3.967690
0.950000 6.205232
1.000000 0.424413
1.050000 0.282933
1.100000 -1.275562
1.150000 2.138453
1.200000 -3.400038
1.250000 6.744261
1.300000 6.840357
1.350000 0.559610
1.400000 3.072882
1.450000 5.430704
1.500000 -6.589773
1.550000 -1.806154
1.600000 -1.386277
1.650000 -2.651872
1.700000 2.530875
1.750000 -4.819762
1.800000 -0.192462
1.850000 2.026772
1.900000 1.458316
1.950000 6.238918
2.000000 -2.224443
2.050000 -10.392123
2.100000 -1.628977
2.150000 -9.865358
2.200000 -12.264608
2.250000 -2.180970
2.300000 5.502770
2.350000 18.118277
2.400000 29.764069
2.450000 20.251785
2.500000 4.318931
2.550000 -16.948349
2.600000 -35.769928
2.650000 -33.224476
2.700000 -12.840581
2.750000 15.944219
2.800000 42.118561
2.850000 37.528683
2.900000 10.353864
2.950000 -23.916769
3.000000 -38.426987
3.050000 -34.452671
3.100000 -13.032574
3.150000 16.766554
3.200000 33.596985
3.250000 28.698030
3.300000 0.941968
3.350000 -15.738284
3.400000 -43.864010
3.450000 -28.305584
3.500000 0.677686
3.550000 27.108353
3.600000 36.424175
3.650000 16.099514
3.700000 -11.581159
3.750000 -24.365553
3.800000 -30.766731
3.850000 -10.258868
3.900000 17.616930
3.950000 29.236710
4.000000 19.977987
4.050000 4.233877
4.100000 -19.742380
4.150000 -18.556856
4.200000 -16.240513
4.250000 3.426809
4.300000 15.694882
4.350000 20.827902
4.400000 11.005875
4.450000 -5.810380
4.500000 -15.228312
4.550000 -13.594366
4.600000 5.515975
4.650000 7.858706
4.700000 9.923930
4.750000 2.068985
4.800000 -5.655371
4.850000 -8.736654
4.900000 -1.394015
4.950000 -5.579295
5.000000 4.349896
5.050000 7.189560
5.100000 7.630021
5.150000 -1.779970
5.200000 -2.601539
5.250000 -11.724262
5.300000 0.496961
5.350000 0.913158
5.400000 4.829072
5.450000 3.991724
5.500000 2.999755
5.550000 -2.837912
5.600000 -6.275725
5.650000 -4.541811
5.700000 -1.386242
5.750000 4.468670
5.800000 5.469466
5.850000 -10.045856
5.900000 -0.925687
5.950000 -5.333657
6.000000 1.937682
6.050000 -2.710631
6.100000 2.417000
6.150000 -0.255197
6.200000 -2.571718
6.250000 2.947730
6.300000 -0.235246
6.350000 -0.645970
6.400000 -4.860356
6.450000 -1.103996
6.500000 -1.247325
6.550000 -1.931178
6.600000 2.496427
6.650000 2.303615
6.700000 -1.426839
6.750000 -1.024365
6.800000 4.449344
6.850000 3.147916
6.900000 -2.638723
6.950000 5.165516
7.000000 0.712869
7.050000 -1.450162
7.100000 5.287150
7.150000 3.393324
7.200000 5.555135
7.250000 1.884202
7.300000 0.240679
7.350000 10.521650
7.400000 -1.031164
7.450000 -3.147375
7.500000 2.201972
7.550000 4.420782
7.600000 -2.634717
7.650000 0.664318
7.700000 5.612784
7.750000 2.417736
7.800000 1.528985
7.850000 3.482145
7.900000 4.041894
7.950000 1.691312
8.000000 1.068954
8.050000 8.761623
8.100000 -1.322834
8.150000 1.449929
8.200000 5.717825
8.250000 -5.915264
8.300000 -0.643300
8.350000 -3.767193
8.400000 -5.593288
8.450000 -0.127505
8.500000 2.129929
8.550000 -0.024641
8.600000 -1.866063
8.650000 7.144748
8.700000 -2.458589
8.750000 0.939101
8.800000 7.319371
8.850000 1.138126
8.900000 -0.564796
8.950000 3.979110
9.000000 -3.122429
9.050000 -3.722506
9.100000 0.159750
9.150000 0.636725
9.200000 2.243002
9.250000 0.946108
9.300000 -0.061554
9.350000 4.199096
9.400000 2.893861
9.450000 0.019221
9.500000 4.146969
9.550000 -1.231475
9.600000 1.688622
9.650000 4.211147
9.700000 -2.058573
9.750000 -4.421682
9.800000 6.312376
9.850000 -4.884090
9.900000 -1.643411
9.950000 1.884906
10.000000 5.773669
10.050000 4.276166
10.100000 5.571793
10.150000 -2.707601
10.200000 1.919128
10.250000 -6.263753
10.300000 -3.449250
10.350000 1.144162
10.400000 -1.843997
10.450000 -5.656975
10.500000 -2.898052
10.550000 3.065902
10.600000 0.159464
10.650000 -1.451267
10.700000 -1.657398
10.750000 -0.624761
10.800000 -1.830557
10.850000 0.250763
10.900000 0.916276
10.950000 -0.003121
11.000000 -1.560984
11.050000 -6.256464
11.100000 -0.251879
11.150000 2.063290
11.200000 -1.212625
11.250000 -2.948034
11.300000 -1.718604
11.350000 5.305066
11.400000 3.557326
11.450000 0.144058
11.500000 4.696089
11.550000 -1.216075
11.600000 -2.907590
11.650000 7.736360
11.700000 7.677575
11.750000 -0.484516
11.800000 -6.630723
11.850000 1.645704
11.900000 4.865521
11.950000 0.143943
12.000000 -5.581765
12.050000 -5.300818
12.100000 6.446738
12.150000 7.123442
12.200000 -0.410730
12.250000 -2.693727
12.300000 1.949974
12.350000 -4.833919
12.400000 -2.060940
12.450000 1.977889
12.500000 1.832590
12.550000 8.037522
12.600000 -3.397075
12.650000 -0.128433
12.700000 4.223649
12.750000 -7.636393
12.800000 1.853679
12.850000 -1.414619
12.900000 -0.854878
12.950000 1.007791
13.000000 0.823671
13.050000 -6.832063
13.100000 -3.652781
13.150000 0.641671
13.200000 -1.066017
13.250000 5.333876
13.300000 5.871836
13.350000 -7.134099
13.400000 -3.924733
13.450000 -1.619754
13.500000 0.573718
13.550000 0.371875
13.600000 -1.707388
13.650000 0.341698
13.700000 1.872584
13.750000 1.988564
13.800000 4.905880
13.850000 -5.411984
13.900000 -2.682866
13.950000 -0.980809
14.000000 6.854659
14.050000 -2.273332
14.100000 -3.789288
14.150000 -2.257465
14.200000 1.231606
14.250000 0.662795
14.300000 -2.812379
14.350000 9.512232
14.400000 -3.468646
14.450000 -0.427965
14.500000 0.738336
14.550000 -0.237850
14.600000 5.583341
14.650000 -3.999873
14.700000 -4.118032
14.750000 -0.498129
14.800000 9.173237
14.850000 0.468823
14.900000 0.776858
14.950000 -3.486627
15.000000 -5.163887
15.050000 -0.176889
15.100000 -4.598931
15.150000 7.044024
15.200000 -0.411903
15.250000 -4.572197
15.300000 -3.595728
15.350000 1.380904
15.400000 2.978384
15.450000 1.746807
15.500000 2.895301
15.550000 0.713968
15.600000 -1.182511
15.650000 0.193360
15.700000 4.185381
15.750000 1.177363
15.800000 1.816390
15.850000 8.743791
15.900000 0.124931
15.950000 -0.720604
16.000000 -3.625699
16.050000 1.243869
16.100000 5.307780
16.150000 3.449285
16.200000 -5.624785
16.250000 -4.831522
16.300000 5.648281
16.350000 2.867481
16.400000 1.502792
16.450000 1.789763
16.500000 6.126078
16.550000 3.971121
16.600000 -5.508827
16.650000 -6.349784
16.700000 -0.619029
16.750000 -0.896842
16.800000 -1.266987
16.850000 7.309659
16.900000 11.988701
16.950000 0.074923
17.000000 0.204729
17.050000 5.673963
17.100000 1.207613
17.150000 -4.436799
17.200000 0.895166
17.250000 5.587513
17.300000 4.192879
17.350000 4.990291
17.400000 7.469392
17.450000 6.007415
17.500000 5.962409
17.550000 -1.410982
17.600000 0.162502
17.650000 0.639869
17.700000 1.188567
17.750000 3.364863
17.800000 1.011231
17.850000 1.929427
17.900000 1.104145
17.950000 -1.189553
18.000000 1.887109
18.050000 1.534889
18.100000 3.551138
18.150000 3.174267
18.200000 -1.979683
18.250000 -0.773453
18.300000 -0.913009
18.350000 6.639498
18.400000 5.830420
18.450000 2.861587
18.500000 0.546720
18.550000 -5.971869
18.600000 -1.647063
18.650000 -5.999143
18.700000 5.375442
18.750000 9.640044
18.800000 5.783924
18.850000 -1.166188
18.900000 4.037734
18.950000 -8.106821
19.000000 1.282478
19.050000 -1.278288
19.100000 6.244677
19.150000 6.236237
19.200000 7.378908
19.250000 4.088675
19.300000 3.118309
19.350000 -4.346105
19.400000 -6.197972
19.450000 -3.370364
19.500000 0.601592
19.550000 7.760454
19.600000 5.513939
19.650000 -0.074483
19.700000 -0.322995
19.750000 4.295180
19.799999 0.359396
19.849999 -7.581781
19.899999 1.907305
19.949999 1.012815
