0.000000 -0.350385
0.050000 -0.061063
0.100000 -0.310433
0.150000 -0.693580
0.200000 -0.215016
0.250000 0.160251
0.300000 0.001839
0.350000 0.203994
0.400000 0.397943
0.450000 0.032127
0.500000 0.115580
0.550000 0.146261
0.600000 0.029575
0.650000 -0.216387
0.700000 0.360278
0.750000 -0.547629
0.800000 -0.108349
0.850000 0.350136
0.900000 0.254362
0.950000 -0.090966
1.000000 -0.101660
1.050000 0.097170
1.100000 -0.252354
1.150000 0.088955
1.200000 0.310754
1.250000 0.028068
1.300000 0.258290
1.350000 0.177171
1.400000 0.068817
1.450000 0.622642
1.500000 0.014522
1.550000 0.203171
1.600000 0.346163
1.650000 -0.446845
1.700000 0.081993
1.750000 -0.024777
1.800000 -0.071491
1.850000 -0.595446
1.900000 -0.237848
1.950000 0.258879
2.000000 0.411105
2.050000 -0.165382
2.100000 -0.568259
2.150000 -0.376381
2.200000 -0.345465
2.250000 -0.654854
2.300000 -0.226813
2.350000 -0.101290
2.400000 0.919859
2.450000 0.623982
2.500000 1.247350
2.550000 0.510935
2.600000 1.120720
2.650000 -0.243244
2.700000 -0.585850
2.750000 -1.099331
2.800000 -1.543906
2.850000 -0.934041
2.900000 -0.635338
2.950000 1.174194
3.000000 1.430421
3.050000 2.248200
3.100000 1.417738
3.150000 0.396576
3.200000 -0.599338
3.250000 -1.492132
3.300000 -1.732229
3.350000 -0.595744
3.400000 0.346711
3.450000 1.489759
3.500000 1.373045
3.550000 1.510424
3.600000 0.875208
3.650000 -0.327522
3.700000 -0.677791
3.750000 -1.436944
3.800000 -0.935517
3.850000 0.014453
3.900000 0.183305
3.950000 0.683979
4.000000 0.723112
4.050000 0.288974
4.100000 0.058421
4.150000 -0.507814
4.200000 -0.444013
4.250000 -0.494397
4.300000 0.001523
4.350000 0.532799
4.400000 0.281793
4.450000 0.034154
4.500000 -0.430070
4.550000 -0.259607
4.600000 0.119252
4.650000 -0.483882
4.700000 -0.048961
4.750000 -0.264752
4.800000 0.741201
4.850000 -0.058852
4.900000 0.045475
4.950000 0.176053
5.000000 0.031749
5.050000 -0.181817
5.100000 0.494168
5.150000 0.061152
5.200000 0.573780
5.250000 -0.003062
5.300000 0.372277
5.350000 -0.012754
5.400000 -0.051379
5.450000 0.417550
5.500000 -0.179436
5.550000 0.099573
5.600000 0.215030
5.650000 0.033606
5.700000 0.162772
5.750000 0.137936
5.800000 0.106733
5.850000 0.742053
5.900000 -0.169805
5.950000 -0.161782
6.000000 0.320005
6.050000 0.403908
6.100000 -0.152895
6.150000 0.202820
6.200000 0.091063
6.250000 0.106689
6.300000 -0.298584
6.350000 -0.218843
6.400000 -0.246243
6.450000 -0.367056
6.500000 0.174085
6.550000 -0.086273
6.600000 0.489443
6.650000 0.381712
6.700000 -0.295885
6.750000 0.009743
6.800000 -0.134813
6.850000 -0.166551
6.900000 -0.032091
6.950000 -0.292236
7.000000 -0.133785
7.050000 -0.319500
7.100000 -0.081559
7.150000 -0.435193
7.200000 0.042618
7.250000 0.046716
7.300000 0.096430
7.350000 0.082400
7.400000 -0.320576
7.450000 -0.104655
7.500000 0.565801
7.550000 0.072807
7.600000 0.200204
7.650000 0.253981
7.700000 -0.036901
7.750000 -0.268928
7.800000 0.347551
7.850000 0.121334
7.900000 0.438851
7.950000 0.369238
8.000000 -0.244958
8.050000 -0.053716
8.100000 -0.325027
8.150000 0.185487
8.200000 -0.345231
8.250000 -0.067563
8.300000 0.736015
8.350000 -0.108990
8.400000 0.234814
8.450000 -0.031626
8.500000 0.485207
8.550000 -0.321425
8.600000 -0.273623
8.650000 0.401831
8.700000 0.717640
8.750000 0.640471
8.800000 -0.147423
8.850000 0.002053
8.900000 -0.434298
8.950000 -0.631106
9.000000 -0.399968
9.050000 -0.042548
9.100000 -0.289315
9.150000 0.150362
9.200000 -0.059158
9.250000 -0.080955
9.300000 -0.028381
9.350000 0.189055
9.400000 0.403595
9.450000 -0.106749
9.500000 -0.057610
9.550000 0.179170
9.600000 0.058165
9.650000 0.044320
9.700000 0.008676
9.750000 0.544370
9.800000 -0.013911
9.850000 0.118197
9.900000 -0.239082
9.950000 -0.421289
10.000000 0.086254
10.050000 -0.303248
10.100000 -0.630314
10.150000 -0.367930
10.200000 0.048242
10.250000 -0.194630
10.300000 -0.168795
10.350000 0.312428
10.400000 -0.114218
10.450000 0.097621
10.500000 0.057544
10.550000 0.339911
10.600000 -0.389318
10.650000 -0.437482
10.700000 0.346313
10.750000 -0.187972
10.800000 0.214613
10.850000 0.197817
10.900000 0.278224
10.950000 -0.418345
11.000000 -0.493528
11.050000 0.537733
11.100000 0.183064
11.150000 -0.124217
11.200000 0.107746
11.250000 0.315159
11.300000 0.376583
11.350000 -0.295361
11.400000 0.024453
11.450000 0.043020
11.500000 -0.651708
11.550000 -0.062074
11.600000 -0.460557
11.650000 -0.092483
11.700000 0.339861
11.750000 -0.421613
11.800000 -0.339116
11.850000 -0.119807
11.900000 0.184716
11.950000 -0.072878
12.000000 -0.174334
12.050000 0.285654
12.100000 -0.203116
12.150000 -0.486270
12.200000 -0.257015
12.250000 -0.368734
12.300000 0.181505
12.350000 -0.259243
12.400000 0.238401
12.450000 0.169836
12.500000 0.232757
12.550000 0.012639
12.600000 0.245287
12.650000 -0.506133
12.700000 -0.190402
12.750000 -0.197025
12.800000 0.268827
12.850000 -0.413751
12.900000 -0.191242
12.950000 -0.292944
13.000000 0.067428
13.050000 0.054394
13.100000 0.309069
13.150000 -0.097922
13.200000 0.052050
13.250000 0.001158
13.300000 -0.169230
13.350000 -0.177556
13.400000 0.240440
13.450000 -0.073237
13.500000 -0.085803
13.550000 -0.214123
13.600000 -0.270757
13.650000 0.172105
13.700000 0.500694
13.750000 0.414178
13.800000 -0.455242
13.850000 0.086146
13.900000 -0.204614
13.950000 -0.189845
14.000000 0.241669
14.050000 -0.120286
14.100000 -0.358332
14.150000 -0.065180
14.200000 0.186767
14.250000 -0.304518
14.300000 0.181406
14.350000 0.065715
14.400000 -0.398478
14.450000 -0.145769
14.500000 0.403929
14.550000 0.291099
14.600000 -0.222485
14.650000 -0.136690
14.700000 -0.142108
14.750000 0.191849
14.800000 -0.150771
14.850000 -0.027731
14.900000 0.174883
14.950000 0.232349
15.000000 -0.024899
15.050000 0.463648
15.100000 0.297438
15.150000 0.057355
15.200000 -0.185804
15.250000 -0.484893
15.300000 0.052895
15.350000 0.088123
15.400000 0.130341
15.450000 -0.081560
15.500000 -0.247491
15.550000 0.809561
15.600000 -0.202373
15.650000 -0.029381
15.700000 0.273413
15.750000 0.263618
15.800000 0.445532
15.850000 -0.284566
15.900000 -0.312130
15.950000 -0.729728
16.000000 -0.087807
16.050000 0.027992
16.100000 0.567258
16.150000 -0.267342
16.200000 0.202091
16.250000 -0.281345
16.300000 -0.345867
16.350000 0.495634
16.400000 0.107975
16.450000 -0.643813
16.500000 -0.040985
16.550000 0.112339
16.600000 0.590218
16.650000 -0.161251
16.700000 0.198382
16.750000 0.195675
16.800000 0.078214
16.850000 0.495640
16.900000 -0.320443
16.950000 -0.229118
17.000000 -0.405619
17.050000 0.119470
17.100000 0.037556
17.150000 0.236419
17.200000 0.362489
17.250000 0.116939
17.300000 0.478130
17.350000 0.092922
17.400000 0.018716
17.450000 0.065681
17.500000 0.310605
17.550000 -0.039385
17.600000 -0.135968
17.650000 0.584472
17.700000 0.011693
17.750000 -0.437838
17.800000 0.039401
17.850000 -0.297034
17.900000 0.058739
17.950000 -0.229821
18.000000 0.206479
18.050000 -0.579241
18.100000 -0.294147
18.150000 0.360949
18.200000 0.463982
18.250000 -0.196635
18.300000 -0.194524
18.350000 -0.263239
18.400000 -0.201639
18.450000 -0.191336
18.500000 0.098278
18.550000 -0.199546
18.600000 -0.006619
18.650000 -0.280771
18.700000 0.512919
18.750000 0.596985
18.800000 -0.072857
18.850000 -0.351698
18.900000 0.460684
18.950000 0.681679
19.000000 -0.120378
19.050000 0.280621
19.100000 0.325926
19.150000 0.044273
19.200000 -0.023884
19.250000 0.186087
19.300000 -0.050889
19.350000 0.025068
19.400000 0.037810
19.450000 0.237696
19.500000 0.195903
19.550000 0.000716
19.600000 -0.549743
19.650000 -0.192891
19.700000 -0.181768
19.750000 0.283670
19.799999 -0.503807
19.849999 0.241860
19.899999 -0.074153
19.949999 0.331214
