0.000000 0.335309
0.050000 0.375117
0.100000 0.337407
0.150000 -0.001137
0.200000 -0.058630
0.250000 0.204629
0.300000 0.043352
0.350000 0.309539
0.400000 0.711999
0.450000 0.351619
0.500000 0.668840
0.550000 -0.129560
0.600000 0.263574
0.650000 -0.402325
0.700000 -0.075168
0.750000 -0.044686
0.800000 -0.103242
0.850000 0.492044
0.900000 -0.085634
0.950000 0.096579
1.000000 -0.131742
1.050000 0.066399
1.100000 -0.883346
1.150000 -0.193535
1.200000 -0.309566
1.250000 0.304546
1.300000 -0.328561
1.350000 -0.531752
1.400000 -0.219892
1.450000 -0.448922
1.500000 0.251360
1.550000 0.629426
1.600000 0.149160
1.650000 0.423936
1.700000 -0.144265
1.750000 0.580157
1.800000 -0.808043
1.850000 -0.153464
1.900000 -0.584585
1.950000 -0.097021
2.000000 -0.210394
2.050000 1.215179
2.100000 1.096832
2.150000 0.785616
2.200000 -0.745914
2.250000 -1.270778
2.300000 -1.225257
2.350000 0.214153
2.400000 1.030512
2.450000 1.385121
2.500000 0.552762
2.550000 -1.023542
2.600000 -1.947556
2.650000 -0.701933
2.700000 0.541874
2.750000 2.009073
2.800000 0.807379
2.850000 -0.759830
2.900000 -1.157036
2.950000 -0.599745
3.000000 -0.181239
3.050000 1.441204
3.100000 1.370767
3.150000 0.408570
3.200000 0.034840
3.250000 -0.721398
3.300000 -0.535431
3.350000 0.062076
3.400000 0.495211
3.450000 0.560412
3.500000 0.723002
3.550000 -0.346982
3.600000 -0.017997
3.650000 0.837514
3.700000 -0.068866
3.750000 0.702390
3.800000 0.035950
3.850000 0.196904
3.900000 0.064977
3.950000 -0.513339
4.000000 0.557774
4.050000 0.157267
4.100000 0.302653
4.150000 0.330658
4.200000 0.513345
4.250000 -0.349584
4.300000 0.021899
4.350000 0.501377
4.400000 -0.901606
4.450000 -0.091692
4.500000 0.315984
4.550000 0.123703
4.600000 0.172194
4.650000 0.156450
4.700000 0.304502
4.750000 -0.066256
4.800000 -0.220594
4.850000 -0.472445
4.900000 -0.353668
4.950000 0.151912
5.000000 0.237103
5.050000 -0.223650
5.100000 0.122081
5.150000 0.692997
5.200000 0.458276
5.250000 0.190163
5.300000 -0.267600
5.350000 0.231882
5.400000 0.533469
5.450000 -0.116598
5.500000 0.000242
5.550000 0.179556
5.600000 -0.073178
5.650000 0.670493
5.700000 0.290482
5.750000 0.382785
5.800000 -0.143275
5.850000 -0.544209
5.900000 -0.027291
5.950000 0.326638
6.000000 -0.091715
6.050000 -0.192642
6.100000 0.204571
6.150000 0.609944
6.200000 -0.277625
6.250000 -0.064510
6.300000 0.293022
6.350000 -0.063620
6.400000 0.273577
6.450000 -0.003482
6.500000 -0.068990
6.550000 0.016257
6.600000 -0.163989
6.650000 0.191589
6.700000 0.436584
6.750000 -0.001145
6.800000 0.111469
6.850000 -0.086527
6.900000 0.601941
6.950000 0.984509
7.000000 0.855055
7.050000 0.243159
7.100000 -0.218488
7.150000 -0.227115
7.200000 0.304963
7.250000 -0.297424
7.300000 -0.349836
7.350000 0.046639
7.400000 0.331001
7.450000 0.145517
7.500000 -0.491450
7.550000 0.066320
7.600000 -0.684812
7.650000 0.742466
7.700000 -0.122455
7.750000 0.136959
7.800000 -0.257831
7.850000 -0.360271
7.900000 -0.181229
7.950000 0.233727
7.999999 0.414340
8.049999 -0.305189
8.100000 -0.442159
8.150000 0.032986
8.200000 0.046449
8.250000 0.211179
8.300000 0.422996
8.350000 -0.567712
8.400000 0.198408
8.450000 -0.114553
8.500000 -0.209878
8.549999 -0.392066
8.599999 0.180464
8.650000 -0.214103
8.700000 -0.127303
8.750000 0.259636
8.800000 0.625951
8.850000 0.478917
8.900000 -0.009467
8.950000 0.208933
9.000000 0.728695
9.050000 0.115763
9.099999 0.073883
9.149999 -0.112731
9.200000 -0.085827
9.250000 0.313599
9.300000 0.079771
9.350000 0.412407
9.400000 0.145904
9.450000 0.020889
9.500000 0.305223
9.550000 0.092865
9.600000 0.373244
9.649999 -0.379445
9.699999 -0.151600
9.750000 -0.158866
9.800000 -0.041557
9.850000 -0.613320
9.900000 -0.159691
9.950000 0.090885
10.000000 0.019774
10.050000 0.272698
10.100000 -0.342141
10.150000 0.336612
10.199999 0.946083
10.249999 -0.415209
10.300000 0.271494
10.350000 0.330531
10.400000 0.167177
10.450000 0.568952
10.500000 0.609335
10.550000 -0.307010
10.600000 -0.209904
10.650000 0.663129
10.700000 0.108124
10.749999 0.031009
10.799999 0.022114
10.849999 -0.350930
10.900000 0.699595
10.950000 0.034812
11.000000 -0.017679
11.050000 0.016512
11.100000 0.277419
11.150000 0.056697
11.200000 0.601099
11.250000 0.041771
11.299999 -0.273778
11.349999 -0.267263
11.399999 -0.177474
11.450000 -0.114761
11.500000 0.266309
11.550000 -0.530404
11.600000 0.222815
11.650000 0.079362
11.700000 -0.237402
11.750000 -0.143706
11.800000 0.225648
11.849999 -0.200198
11.899999 0.262977
11.949999 0.082032
12.000000 0.253009
12.050000 0.294520
12.100000 0.343527
12.150000 0.464896
12.200000 -0.602000
12.250000 0.026778
12.300000 -0.467471
12.350000 -0.257685
12.399999 0.529870
12.449999 0.365655
12.499999 -0.194458
12.550000 0.195534
12.600000 -0.242784
12.650000 -0.447131
12.700000 0.115267
12.750000 0.290819
12.800000 -0.416009
12.850000 0.358117
12.900000 0.170853
12.949999 -0.342495
12.999999 -0.486424
13.049999 -0.058074
13.100000 -0.211182
13.150000 -0.121027
13.200000 -0.571419
13.250000 0.498712
13.300000 0.167026
13.350000 -0.003327
13.400000 0.153856
13.450000 0.252197
13.499999 -0.082661
13.549999 0.114542
13.599999 0.322149
13.650000 -0.038865
13.700000 -0.373390
13.750000 -0.013122
13.800000 -0.074215
13.850000 -0.093582
13.900000 -0.168056
13.950000 0.617657
14.000000 0.626731
14.049999 0.068084
14.099999 0.394241
14.149999 0.251189
14.200000 0.601453
14.250000 0.544957
14.300000 0.139077
14.350000 0.361684
14.400000 0.097973
14.450000 0.447053
14.500000 -0.150390
14.549999 0.200538
14.599999 0.808233
14.649999 0.153784
14.699999 -0.326042
14.750000 0.124261
14.800000 -0.137975
14.850000 0.286947
14.900000 0.059182
14.950000 -0.238128
15.000000 0.271003
15.050000 0.625805
15.099999 0.271154
15.149999 0.251853
15.199999 0.353404
15.249999 0.491889
15.299999 -0.521982
15.350000 0.369502
15.400000 0.129636
15.450000 0.065943
15.500000 0.432808
15.550000 -0.221797
15.600000 0.505203
15.650000 0.882180
15.699999 -0.197305
15.750000 -0.138366
15.799999 0.564553
15.850000 -0.320579
15.899999 0.103790
15.950000 0.600583
15.999999 -0.107463
16.050000 0.129649
16.099999 0.090656
16.150000 0.399490
16.200000 -0.040921
16.249999 0.307145
16.300000 -0.246534
16.349999 -0.422503
16.400000 0.405550
16.449999 0.357645
16.500000 -0.111810
16.549999 0.621974
16.600000 -0.553598
16.649999 0.166833
16.700000 0.080547
16.750000 -0.678341
16.799999 0.393830
16.850000 0.003227
16.899999 -0.276958
16.950000 0.136985
16.999999 0.430877
17.050000 0.650724
17.099999 -0.002067
17.150000 -0.379797
17.199999 0.365318
17.250000 0.157718
17.300000 0.001984
17.349999 -0.400127
17.400000 0.051314
17.449999 -0.258197
17.500000 0.079777
17.549999 0.243844
17.600000 -0.000914
17.649999 0.313574
17.700000 0.008022
17.749999 -0.233638
17.800000 -0.007150
17.850000 -0.047899
17.899999 0.097410
17.950000 -0.714986
17.999999 -0.935631
18.050000 0.239209
18.099999 -0.226436
18.150000 0.906030
18.199999 0.156350
18.250000 0.345479
18.299999 0.238475
18.350000 0.274741
18.400000 0.212259
18.449999 0.845631
18.500000 0.089167
18.549999 0.437801
18.600000 0.154934
18.649999 -0.402874
18.700000 -0.226616
18.749999 0.453452
18.800000 -0.503854
18.849999 0.342002
18.900000 0.609343
18.950000 0.072156
18.999999 0.595819
19.050000 0.125419
19.099999 0.023742
19.150000 -0.052868
19.199999 -0.200757
19.250000 -0.453004
19.299999 -0.196019
19.350000 -0.536939
19.399999 0.239256
19.450000 -0.205112
19.500000 -0.303250
19.549999 -0.061988
19.600000 0.411232
19.649999 -0.370678
19.700000 0.307381
19.749999 -0.438826
19.800000 -0.284974
19.849999 0.571864
19.900000 0.228261
19.949999 -0.220556
