0.000000 0.189992
0.050000 -0.182591
0.100000 0.402185
0.150000 0.341960
0.200000 1.899435
0.250000 -0.399746
0.300000 0.785893
0.350000 -0.545266
0.400000 0.632988
0.450000 -0.596351
0.500000 1.775417
0.550000 -0.583755
0.600000 -0.055981
0.650000 -0.714278
0.700000 -0.161179
0.750000 1.029485
0.800000 -2.352909
0.850000 1.949734
0.900000 -0.524279
0.950000 0.122827
1.000000 -1.042790
1.050000 -0.139860
1.100000 -2.330533
1.150000 -2.225704
1.200000 0.060641
1.250000 0.164686
1.300000 0.739817
1.350000 -0.800533
1.400000 0.364017
1.450000 -1.265696
1.500000 -0.106745
1.550000 -0.631021
1.600000 0.380722
1.650000 0.608551
1.700000 -0.323746
1.750000 1.743539
1.800000 -0.102976
1.850000 -0.381729
1.900000 0.301221
1.950000 2.526938
2.000000 -1.148994
2.050000 -1.124265
2.100000 0.831248
2.150000 0.228378
2.200000 1.872183
2.250000 -0.258399
2.300000 0.073178
2.350000 -0.578197
2.400000 -0.249545
2.450000 -0.658406
2.500000 -1.213552
2.550000 0.721111
2.600000 0.968964
2.650000 0.004193
2.700000 -0.703768
2.750000 -0.813059
2.800000 -0.949035
2.850000 1.241766
2.900000 0.445448
2.950000 -0.299985
3.000000 1.378151
3.050000 -0.170322
3.100000 1.437424
3.150000 1.215747
3.200000 -0.398780
3.250000 0.271736
3.300000 -1.310039
3.350000 1.442316
3.400000 0.983488
3.450000 1.692658
3.500000 0.748681
3.550000 0.287618
3.600000 2.080458
3.650000 1.858605
3.700000 0.339754
3.750000 -2.043222
3.800000 3.080372
3.850000 2.182896
3.900000 -0.101490
3.950000 0.883175
4.000000 -0.678183
4.050000 3.058526
4.100000 2.250767
4.150000 -0.219500
4.200000 1.302485
4.250000 1.745174
4.300000 1.666132
4.350000 1.507145
4.400000 0.021551
4.450000 -0.998540
4.500000 0.291961
4.550000 0.455354
4.600000 -0.970541
4.650000 -0.069366
4.700000 -0.316072
4.750000 -0.632954
4.800000 -0.151761
4.850000 -0.293714
4.900000 -1.793075
4.950000 -2.729056
5.000000 -2.726100
5.050000 -1.987261
5.100000 -1.312717
5.150000 -2.067062
5.200000 -3.578128
5.250000 -1.052077
5.300000 -4.511420
5.350000 -2.485609
5.400000 -4.070632
5.450000 -4.282455
5.500000 -3.363983
5.550000 -2.158546
5.600000 -2.960350
5.650000 -3.569539
5.700000 -0.743865
5.750000 -2.752718
5.800000 -0.765311
5.850000 -1.570208
5.900000 -0.123600
5.950000 1.887568
6.000000 0.096772
6.050000 1.028052
6.100000 0.209976
6.150000 3.249521
6.200000 0.810167
6.250000 1.968318
6.300000 3.131442
6.350000 2.621350
6.400000 2.723879
6.450000 4.580984
6.500000 6.476527
6.550000 4.876841
6.600000 5.575164
6.650000 4.114413
6.700000 4.692950
6.750000 4.477233
6.800000 5.037141
6.850000 6.378818
6.900000 4.076834
6.950000 5.926807
7.000000 4.931159
7.050000 4.122350
7.100000 2.968986
7.150000 5.152775
7.200000 3.727494
7.250000 4.329488
7.300000 2.588157
7.350000 0.673292
7.400000 0.575692
7.450000 0.543413
7.500000 -0.963228
7.550000 -0.712963
7.600000 -1.199508
7.650000 -1.553156
7.700000 -2.002093
7.750000 -2.774777
7.800000 -3.858517
7.850000 -4.327444
7.900000 -4.879700
7.950000 -4.186552
7.999999 -5.787175
8.049999 -5.452553
8.100000 -5.749287
8.150000 -4.518587
8.200000 -5.610757
8.250000 -3.910945
8.300000 -4.971870
8.350000 -5.712076
8.400000 -5.561947
8.450000 -4.478324
8.500000 -4.515120
8.549999 -3.357573
8.599999 -3.804887
8.650000 -2.690182
8.700000 -1.624672
8.750000 -2.612741
8.800000 -1.003913
8.850000 -1.183545
8.900000 -0.729002
8.950000 -1.126303
9.000000 1.264896
9.050000 1.947279
9.099999 -0.922405
9.149999 1.584759
9.200000 1.500326
9.250000 2.517443
9.300000 2.956218
9.350000 3.780149
9.400000 5.789926
9.450000 5.428838
9.500000 4.386775
9.550000 5.027015
9.600000 5.921253
9.649999 4.055999
9.699999 6.097718
9.750000 4.914037
9.800000 6.324219
9.850000 2.841377
9.900000 4.051232
9.950000 2.074194
10.000000 5.506491
10.050000 3.595494
10.100000 2.978324
10.150000 1.713525
10.199999 2.736972
10.249999 2.348999
10.300000 1.128204
10.350000 0.799523
10.400000 1.756404
10.450000 0.540571
10.500000 -0.777889
10.550000 0.596231
10.600000 0.914968
10.650000 -0.706860
10.700000 -2.312809
10.749999 -2.128562
10.799999 -1.396392
10.849999 -0.842859
10.900000 -4.766970
10.950000 -3.237089
11.000000 -2.479243
11.050000 -2.376083
11.100000 -3.272315
11.150000 -2.211652
11.200000 -1.588566
11.250000 -2.330426
11.299999 -0.227156
11.349999 -2.248606
11.399999 -1.687464
11.450000 -1.351441
11.500000 -2.063943
11.550000 -2.333669
11.600000 0.609626
11.650000 -0.538788
11.700000 -1.043373
11.750000 -0.116198
11.800000 -1.110985
11.849999 -0.796872
11.899999 0.299046
11.949999 0.586791
12.000000 1.122535
12.050000 -1.488204
12.100000 1.278372
12.150000 -0.129742
12.200000 0.162503
12.250000 -0.795859
12.300000 0.364247
12.350000 2.600629
12.399999 0.565324
12.449999 1.967371
12.499999 -0.300835
12.550000 1.421839
12.600000 0.302965
12.650000 0.779271
12.700000 1.895990
12.750000 1.531823
12.800000 1.093524
12.850000 1.959300
12.900000 0.423844
12.949999 2.521384
12.999999 1.913005
13.049999 1.415197
13.100000 -0.322559
13.150000 1.921239
13.200000 1.075227
13.250000 1.634258
13.300000 -0.145201
13.350000 0.174211
13.400000 0.546791
13.450000 -0.477401
13.499999 0.746033
13.549999 0.637255
13.599999 -0.262609
13.650000 1.260020
13.700000 -1.124809
13.750000 0.035713
13.800000 0.092115
13.850000 -0.498331
13.900000 0.234790
13.950000 -0.174790
14.000000 -0.247459
14.049999 -2.356995
14.099999 -0.510872
14.149999 -0.100208
14.200000 0.258413
14.250000 -1.379021
14.300000 0.378570
14.350000 -0.716993
14.400000 0.148077
14.450000 0.917958
14.500000 0.411458
14.549999 -0.915091
14.599999 0.660576
14.649999 0.202274
14.699999 0.143078
14.750000 0.072562
14.800000 1.364444
14.850000 -0.131944
14.900000 -1.955635
14.950000 -0.017721
15.000000 0.318602
15.050000 -0.024824
15.099999 -1.163030
15.149999 0.320936
15.199999 0.811743
15.249999 -1.151577
15.299999 0.258330
15.350000 -0.552878
15.400000 -0.673527
15.450000 0.078226
15.500000 0.374063
15.550000 -0.417003
15.600000 -0.214140
15.650000 0.950272
15.699999 -2.188071
15.750000 -1.319691
15.799999 -1.231839
15.850000 0.375468
15.899999 0.090746
15.950000 0.084913
15.999999 -0.299998
16.050000 -0.928310
16.099999 -0.114016
16.150000 -0.308125
16.200000 1.718104
16.249999 -0.275847
16.300000 0.332742
16.349999 1.104371
16.400000 1.813883
16.449999 1.316893
16.500000 -1.284101
16.549999 0.641355
16.600000 0.820673
16.649999 0.972327
16.700000 2.618453
16.750000 0.956529
16.799999 2.058194
16.850000 -0.082119
16.899999 -1.061377
16.950000 -1.128512
16.999999 0.588513
17.050000 -0.676669
17.099999 0.572216
17.150000 -0.138110
17.199999 0.752556
17.250000 -2.565691
17.300000 0.372131
17.349999 -0.354599
17.400000 -0.132446
17.449999 0.740575
17.500000 -0.060974
17.549999 -1.548666
17.600000 -2.137471
17.649999 -0.783460
17.700000 -0.600366
17.749999 -1.393656
17.800000 -2.105842
17.850000 0.416784
17.899999 -0.961394
17.950000 -0.324455
17.999999 -0.107463
18.050000 -2.655983
18.099999 -1.856582
18.150000 0.234347
18.199999 -1.386090
18.250000 -0.944295
18.299999 -0.961268
18.350000 -1.328565
18.400000 -1.766011
18.449999 0.049577
18.500000 -0.478789
18.549999 -1.232933
18.600000 0.000447
18.649999 -1.547662
18.700000 0.315558
18.749999 0.339442
18.800000 -1.025800
18.849999 -0.219147
18.900000 0.072352
18.950000 1.512044
18.999999 0.855248
19.050000 1.049904
19.099999 0.751542
19.150000 1.309167
19.199999 0.849906
19.250000 0.422161
19.299999 -0.376606
19.350000 0.962274
19.399999 0.713434
19.450000 0.465290
19.500000 0.915350
19.549999 0.900698
19.600000 1.006551
19.649999 0.623328
19.700000 0.712984
19.749999 0.474690
19.800000 1.395895
19.849999 0.397755
19.900000 -0.536216
19.949999 0.211785
