0.000000 -0.920356
0.050000 2.109073
0.100000 0.831694
0.150000 -1.204129
0.200000 0.817706
0.250000 0.047882
0.300000 -0.421819
0.350000 0.607551
0.400000 -2.684252
0.450000 -0.380616
0.500000 3.229763
0.550000 -2.342318
0.600000 -1.467183
0.650000 -0.819499
0.700000 -0.597043
0.750000 0.087790
0.800000 0.744170
0.850000 -2.241275
0.900000 0.918497
0.950000 1.730750
1.000000 0.817472
1.050000 -0.959354
1.100000 -0.608891
1.150000 0.415728
1.200000 -3.754282
1.250000 -1.441648
1.300000 2.591563
1.350000 -1.921498
1.400000 3.254398
1.450000 -0.876081
1.500000 -2.039918
1.550000 -3.005616
1.600000 -1.219887
1.650000 3.868276
1.700000 5.486679
1.750000 0.876214
1.800000 -4.534938
1.850000 -5.250883
1.900000 -3.686208
1.950000 4.955155
2.000000 6.445550
2.050000 3.990787
2.100000 -2.010685
2.150000 -6.976279
2.200000 -3.046668
2.250000 8.157478
2.300000 6.683541
2.350000 4.814984
2.400000 -6.265258
2.450000 -6.504045
2.500000 -0.098721
2.550000 5.708926
2.600000 6.087518
2.650000 3.166871
2.700000 -3.725370
2.750000 -4.095909
2.800000 -0.796844
2.850000 4.223959
2.900000 5.668399
2.950000 2.589153
3.000000 -1.961459
3.050000 -5.261893
3.100000 -1.026724
3.150000 3.632235
3.200000 5.535856
3.250000 2.787861
3.300000 -4.641407
3.350000 -5.004741
3.400000 -2.038446
3.450000 2.006914
3.500000 2.018815
3.550000 -0.320634
3.600000 -1.485975
3.650000 -1.495756
3.700000 -1.937152
3.750000 -1.099965
3.800000 3.138072
3.850000 1.659026
3.900000 -1.262420
3.950000 1.888530
4.000000 0.906604
4.050000 0.875849
4.100000 -0.556438
4.150000 0.920195
4.200000 -0.209824
4.250000 0.963450
4.300000 -0.225396
4.350000 0.792692
4.400000 1.162305
4.450000 0.830180
4.500000 -2.455467
4.550000 -0.433273
4.600000 -0.239769
4.650000 0.916256
4.700000 2.098293
4.750000 -0.458473
4.800000 -0.098473
4.850000 -0.485005
4.900000 -1.465734
4.950000 4.237910
5.000000 1.913510
5.050000 0.767071
5.100000 -0.546267
5.150000 -1.358194
5.200000 3.386794
5.250000 1.510735
5.300000 1.324652
5.350000 0.800185
5.400000 -0.029735
5.450000 -2.367968
5.500000 -0.292371
5.550000 0.613434
5.600000 -1.150438
5.650000 1.612471
5.700000 1.584194
5.750000 -0.713131
5.800000 2.022474
5.850000 2.551758
5.900000 0.897467
5.950000 1.641795
6.000000 -0.002033
6.050000 0.469712
6.100000 2.301216
6.150000 1.361777
6.200000 0.681443
6.250000 -0.095568
6.300000 -0.234434
6.350000 0.105107
6.400000 2.359303
6.450000 3.024769
6.500000 -0.819322
6.550000 1.281774
6.600000 -0.309285
6.650000 -0.030769
6.700000 1.422657
6.750000 -0.321767
6.800000 2.914573
6.850000 0.920967
6.900000 -0.161526
6.950000 1.436233
7.000000 3.082656
7.050000 -0.015369
7.100000 0.075261
7.150000 -2.262572
7.200000 -1.218811
7.250000 0.070766
7.300000 1.550712
7.350000 0.168644
7.400000 0.470547
7.450000 -1.488752
7.500000 1.581667
7.550000 3.324282
7.600000 1.261976
7.650000 -0.372820
7.700000 -0.151648
7.750000 4.102597
7.800000 2.462654
7.850000 0.722878
7.900000 0.364132
7.950000 0.580132
7.999999 1.584512
8.049999 2.537122
8.100000 2.627815
8.150000 -0.823693
8.200000 -0.000370
8.250000 0.194510
8.300000 1.621576
8.350000 1.538945
8.400000 0.286340
8.450000 -2.219674
8.500000 0.186852
8.549999 -2.578861
8.599999 2.073575
8.650000 -1.983915
8.700000 3.195275
8.750000 -1.311018
8.800000 1.061358
8.850000 0.950543
8.900000 -0.769524
8.950000 -2.296897
9.000000 0.578576
9.050000 1.792099
9.099999 0.796745
9.149999 1.970853
9.200000 2.129846
9.250000 0.252301
9.300000 1.081767
9.350000 -0.173690
9.400000 2.359150
9.450000 1.132855
9.500000 2.687504
9.550000 0.164001
9.600000 -1.196234
9.649999 0.647085
9.699999 1.281545
9.750000 -0.628912
9.800000 -0.258697
9.850000 1.404892
9.900000 0.199009
9.950000 0.102249
10.000000 0.449462
10.050000 -0.922884
10.100000 1.238480
10.150000 0.124221
10.199999 -0.249063
10.249999 -1.458597
10.300000 1.015336
10.350000 -0.908193
10.400000 1.476605
10.450000 -0.285304
10.500000 0.091285
10.550000 -1.975963
10.600000 1.618806
10.650000 0.616825
10.700000 1.922521
10.749999 -0.276590
10.799999 -0.648525
10.849999 -1.420318
10.900000 -0.907741
10.950000 -0.472982
11.000000 0.566620
11.050000 -0.486870
11.100000 2.214451
11.150000 0.678730
11.200000 0.972500
11.250000 0.054977
11.299999 -0.389462
11.349999 1.893703
11.399999 -1.510899
11.450000 0.863868
11.500000 -0.950786
11.550000 0.762089
11.600000 0.612024
11.650000 0.494582
11.700000 -0.226847
11.750000 4.790984
11.800000 -0.547455
11.849999 1.654373
11.899999 2.045671
11.949999 -1.797655
12.000000 -2.166643
12.050000 -0.592450
12.100000 -1.869547
12.150000 0.900734
12.200000 -0.285756
12.250000 1.757223
12.300000 0.155685
12.350000 -1.597781
12.399999 1.482705
12.449999 -0.247432
12.499999 -1.839921
12.550000 -0.120270
12.600000 3.640575
12.650000 0.647306
12.700000 -1.428734
12.750000 3.497527
12.800000 1.523250
12.850000 2.442619
12.900000 -1.628360
12.949999 -1.886054
12.999999 2.193218
13.049999 0.481390
13.100000 -1.085594
13.150000 1.062996
13.200000 3.247665
13.250000 2.788313
13.300000 2.441110
13.350000 0.803636
13.400000 1.503413
13.450000 0.151029
13.499999 1.886113
13.549999 0.506691
13.599999 -1.852458
13.650000 1.633946
13.700000 -0.636818
13.750000 0.377320
13.800000 -0.058245
13.850000 0.894354
13.900000 2.580314
13.950000 -1.178136
14.000000 -0.035555
14.049999 2.468531
14.099999 3.561629
14.149999 1.854143
14.200000 -0.813955
14.250000 -1.471645
14.300000 1.527331
14.350000 2.629569
14.400000 0.518556
14.450000 0.125777
14.500000 1.744815
14.549999 1.966512
14.599999 0.391207
14.649999 2.133114
14.699999 -0.585005
14.750000 0.644664
14.800000 -2.630057
14.850000 1.072726
14.900000 1.748210
14.950000 0.108482
15.000000 0.987747
15.050000 0.588897
15.099999 0.022963
15.149999 0.311970
15.199999 0.977785
15.249999 2.050709
15.299999 0.133608
15.350000 2.801668
15.400000 -2.388422
15.450000 0.633685
15.500000 1.417940
15.550000 1.139429
15.600000 -0.474443
15.650000 1.039493
15.699999 -1.347257
15.750000 -0.455141
15.799999 -0.412604
15.850000 -0.287360
15.899999 0.724236
15.950000 0.151783
15.999999 -1.089528
16.050000 -0.391713
16.099999 -1.826278
16.150000 1.310941
16.200000 -0.398811
16.249999 -0.671549
16.300000 1.031036
16.349999 -2.161945
16.400000 -2.123845
16.449999 -0.207849
16.500000 -0.183176
16.549999 -0.839847
16.600000 0.996193
16.649999 -1.670688
16.700000 -0.064401
16.750000 -0.948727
16.799999 -2.695991
16.850000 -0.762941
16.899999 1.298856
16.950000 0.141952
16.999999 0.995688
17.050000 -1.425992
17.099999 0.301301
17.150000 1.886692
17.199999 1.526650
17.250000 -1.773705
17.300000 1.192703
17.349999 -2.957006
17.400000 1.083917
17.449999 2.492492
17.500000 0.041994
17.549999 -1.749331
17.600000 0.467893
17.649999 -0.585803
17.700000 0.961017
17.749999 4.653306
17.800000 -1.292827
17.850000 -1.859612
17.899999 -1.226866
17.950000 -1.750560
17.999999 -1.693276
18.050000 0.658047
18.099999 0.042902
18.150000 -0.968016
18.199999 -2.061449
18.250000 0.876715
18.299999 -1.724364
18.350000 0.323634
18.400000 -0.334764
18.449999 0.808312
18.500000 -0.811388
18.549999 0.052824
18.600000 -1.889684
18.649999 1.714520
18.700000 -0.726740
18.749999 -0.462786
18.800000 0.541528
18.849999 4.908611
18.900000 -1.365106
18.950000 1.563323
18.999999 2.383315
19.050000 0.673569
19.099999 0.733095
19.150000 -2.867027
19.199999 -0.679856
19.250000 -2.519875
19.299999 0.674299
19.350000 1.938396
19.399999 -1.519194
19.450000 1.545804
19.500000 0.629346
19.549999 0.102614
19.600000 0.476258
19.649999 0.412236
19.700000 -1.071810
19.749999 -1.471796
19.800000 0.041049
19.849999 -0.254969
19.900000 0.617221
19.949999 0.399868
