0.000000 -0.152260
0.050000 -7.531190
0.100000 -3.312031
0.150000 -2.626477
0.200000 27.989908
0.250000 5.994185
0.300000 16.007856
0.350000 15.426102
0.400000 10.504394
0.450000 15.033298
0.500000 0.074885
0.550000 -5.704423
0.600000 7.022728
0.650000 3.283735
0.700000 20.612949
0.750000 0.578575
0.800000 8.919964
0.850000 -6.507932
0.900000 -13.827724
0.950000 -17.768162
1.000000 5.105430
1.050000 6.032528
1.100000 0.995117
1.150000 -25.668108
1.200000 6.563241
1.250000 -6.258682
1.300000 8.046327
1.350000 -13.785533
1.400000 -1.199544
1.450000 24.786139
1.500000 -17.670511
1.550000 27.734783
1.600000 -4.497725
1.650000 0.575544
1.700000 7.382399
1.750000 -13.647035
1.800000 -13.362496
1.850000 25.716135
1.900000 -2.296288
1.950000 4.733433
2.000000 -4.691959
2.050000 0.117759
2.100000 18.713762
2.150000 1.093845
2.200000 5.215325
2.250000 0.017599
2.300000 1.260052
2.350000 -0.831393
2.400000 14.837440
2.450000 -9.100314
2.500000 -0.025263
2.550000 4.765864
2.600000 -20.765915
2.650000 16.045736
2.700000 11.436129
2.750000 -0.456029
2.800000 15.172914
2.850000 22.036215
2.900000 30.882233
2.950000 18.174173
3.000000 15.264950
3.050000 23.034340
3.100000 12.976226
3.150000 -5.337561
3.200000 10.493131
3.250000 4.088666
3.300000 14.886455
3.350000 37.380592
3.400000 12.551604
3.450000 28.993307
3.500000 35.569782
3.550000 46.914410
3.600000 34.706947
3.650000 25.884186
3.700000 7.361340
3.750000 18.570011
3.800000 8.079195
3.850000 0.667367
3.900000 5.247371
3.950000 -30.255156
4.000000 -31.917780
4.050000 -40.277042
4.100000 -49.367867
4.150000 -48.839214
4.200000 -60.328617
4.250000 -73.536011
4.300000 -89.755913
4.350000 -84.856552
4.400000 -132.908966
4.450000 -91.699066
4.500000 -92.567116
4.550000 -96.283470
4.600000 -68.929657
4.650000 -80.198967
4.700000 -37.214287
4.750000 -39.354340
4.800000 -42.715816
4.850000 11.440421
4.900000 5.808542
4.950000 44.119831
5.000000 17.773281
5.050000 70.879341
5.100000 78.228935
5.150000 72.495789
5.200000 88.920135
5.250000 112.067383
5.300000 122.095863
5.350000 103.501945
5.400000 115.878128
5.450000 125.724892
5.500000 104.685905
5.550000 124.282982
5.600000 102.001114
5.650000 86.557076
5.700000 101.018227
5.750000 68.593811
5.800000 53.948608
5.850000 58.147469
5.900000 45.082165
5.950000 45.764515
6.000000 34.042252
6.050000 -3.415954
6.100000 28.682291
6.150000 -1.473871
6.200000 -17.393364
6.250000 -18.376091
6.300000 -44.601685
6.350000 -58.535099
6.400000 -63.375393
6.450000 -89.144264
6.500000 -66.426079
6.550000 -79.833809
6.600000 -103.299698
6.650000 -93.116867
6.700000 -101.157219
6.750000 -94.837418
6.800000 -99.324028
6.850000 -96.647682
6.900000 -81.933510
6.950000 -66.135139
7.000000 -93.325996
7.050000 -64.664299
7.100000 -38.624695
7.150000 -44.573017
7.200000 -41.026768
7.250000 -36.945221
7.300000 2.258553
7.350000 -11.581070
7.400000 2.654983
7.450000 16.140949
7.500000 9.598374
7.550000 15.628612
7.600000 32.850414
7.650000 46.243046
7.700000 44.809067
7.750000 19.395535
7.800000 48.061886
7.850000 77.685760
7.900000 40.597244
7.950000 44.032917
7.999999 55.571674
8.049999 70.356972
8.100000 60.972988
8.150000 60.804672
8.200000 58.358971
8.250000 60.464561
8.300000 76.971107
8.350000 58.049664
8.400000 49.029587
8.450000 39.397964
8.500000 67.370987
8.549999 39.844032
8.599999 28.447025
8.650000 22.839010
8.700000 16.947838
8.750000 3.539701
8.800000 0.832073
8.850000 -8.205050
8.900000 5.224494
8.950000 -0.069268
9.000000 -15.250669
9.050000 -21.631735
9.099999 -23.715876
9.149999 -43.250397
9.200000 -38.141682
9.250000 -53.810379
9.300000 -49.896717
9.350000 -65.420448
9.400000 -45.125931
9.450000 -49.658875
9.500000 -56.423729
9.550000 -11.629965
9.600000 -40.247150
9.649999 -25.276999
9.699999 -12.246758
9.750000 -6.806100
9.800000 -20.019779
9.850000 7.985786
9.900000 31.512363
9.950000 -2.798521
10.000000 -0.867346
10.050000 -6.237365
10.100000 0.880986
10.150000 -2.891259
10.199999 7.808931
10.249999 1.622751
10.300000 4.253922
10.350000 4.495700
10.400000 5.549752
10.450000 12.211363
10.500000 15.598762
10.550000 -4.535942
10.600000 9.687773
10.650000 0.280885
10.700000 18.921194
10.749999 9.558578
10.799999 18.892273
10.849999 -5.192726
10.900000 26.346457
10.950000 1.647544
11.000000 23.402922
11.050000 12.657202
11.100000 -6.487235
11.150000 2.183168
11.200000 12.700850
11.250000 -3.789763
11.299999 -11.789436
11.349999 14.434197
11.399999 -9.344648
11.450000 7.191381
11.500000 19.384649
11.550000 -8.519109
11.600000 -7.471289
11.650000 9.267228
11.700000 -10.792367
11.750000 -0.738186
11.800000 11.611877
11.849999 -12.050678
11.899999 10.541414
11.949999 -9.501020
12.000000 7.430129
12.050000 2.115394
12.100000 2.542270
12.150000 4.177277
12.200000 26.976049
12.250000 17.727280
12.300000 1.921563
12.350000 23.603123
12.399999 0.245448
12.449999 13.753526
12.499999 9.180879
12.550000 13.841414
12.600000 -15.550028
12.650000 -7.550424
12.700000 0.559428
12.750000 16.944897
12.800000 10.860626
12.850000 -5.618596
12.900000 -9.605110
12.949999 1.621607
12.999999 25.334455
13.049999 -1.164467
13.100000 8.297302
13.150000 3.463243
13.200000 -17.533182
13.250000 -27.060369
13.300000 0.062513
13.350000 -24.071566
13.400000 -9.257675
13.450000 5.662488
13.499999 0.982215
13.549999 0.679744
13.599999 8.781743
13.650000 10.249831
13.700000 -17.157690
13.750000 -6.066577
13.800000 0.021511
13.850000 -11.617229
13.900000 1.796318
13.950000 -25.012499
14.000000 9.067005
14.049999 7.804121
14.099999 -0.030017
14.149999 19.468426
14.200000 5.134316
14.250000 -5.122973
14.300000 -7.208888
14.350000 6.816541
14.400000 3.954029
14.450000 -1.770997
14.500000 -8.411276
14.549999 -5.358254
14.599999 12.318895
14.649999 1.519998
14.699999 10.973306
14.750000 2.361354
14.800000 6.363807
14.850000 17.045010
14.900000 29.396711
14.950000 0.902898
15.000000 1.916708
15.050000 1.587466
15.099999 8.594085
15.149999 1.718096
15.199999 -0.683211
15.249999 15.038066
15.299999 6.342633
15.350000 -0.114374
15.400000 -7.736495
15.450000 -22.422838
15.500000 11.281713
15.550000 -20.351725
15.600000 -6.682798
15.650000 -6.100685
15.699999 9.872636
15.750000 -4.581653
15.799999 -23.818111
15.850000 -4.442306
15.899999 13.374212
15.950000 3.259153
15.999999 15.177372
16.050000 13.504281
16.099999 3.718695
16.150000 3.122451
16.200000 5.353589
16.249999 -7.320339
16.300000 -2.390983
16.349999 19.093966
16.400000 15.347299
16.449999 -27.701607
16.500000 -22.218969
16.549999 -4.032834
16.600000 -7.167131
16.649999 7.678755
16.700000 8.919025
16.750000 -27.365770
16.799999 -2.667240
16.850000 -14.228282
16.899999 -2.792956
16.950000 4.350867
16.999999 -0.904702
17.050000 -14.315308
17.099999 -1.954823
17.150000 -12.163182
17.199999 -5.002149
17.250000 12.831797
17.300000 -9.777536
17.349999 3.224114
17.400000 -25.144936
17.449999 -8.005546
17.500000 7.714149
17.549999 2.129034
17.600000 0.487595
17.649999 -3.071134
17.700000 -6.467871
17.749999 -4.575283
17.800000 2.312693
17.850000 -2.659638
17.899999 5.425934
17.950000 21.601091
17.999999 -4.501946
18.050000 18.965925
18.099999 2.370087
18.150000 9.966146
18.199999 -14.194319
18.250000 3.412637
18.299999 -12.622944
18.350000 4.152389
18.400000 4.216954
18.449999 2.806478
18.500000 21.123003
18.549999 -3.326983
18.600000 -6.399357
18.649999 6.710915
18.700000 21.322243
18.749999 19.406466
18.800000 28.613794
18.849999 17.047071
18.900000 -0.925328
18.950000 5.662799
18.999999 31.916828
19.050000 -0.839423
19.099999 -3.115862
19.150000 5.281449
19.199999 -1.726601
19.250000 0.937329
19.299999 8.891816
19.350000 -4.582089
19.399999 6.937398
19.450000 -20.177292
19.500000 -2.276671
19.549999 -6.340842
19.600000 1.486406
19.649999 -8.433945
19.700000 -15.535189
19.749999 -22.378902
19.800000 -8.498252
19.849999 4.973466
19.900000 -14.990248
19.949999 -6.993701
