0.000000 -0.192038
0.050000 -0.308563
0.100000 -0.252043
0.150000 -0.001441
0.200000 0.601479
0.250000 0.650199
0.300000 0.460126
0.350000 0.249899
0.400000 0.131228
0.450000 -0.113302
0.500000 0.478971
0.550000 1.168355
0.600000 -0.135844
0.650000 -0.023960
0.700000 0.423894
0.750000 1.042210
0.800000 0.812644
0.850000 0.614461
0.900000 0.242221
0.950000 0.406395
1.000000 -0.602538
1.050000 0.047336
1.100000 0.532051
1.150000 -0.069848
1.200000 -0.477387
1.250000 -0.333710
1.300000 -0.842426
1.350000 -0.485830
1.400000 -0.374393
1.450000 -0.631338
1.500000 0.606141
1.550000 -0.450786
1.600000 -0.736175
1.650000 -0.700326
1.700000 0.618311
1.750000 0.258679
1.800000 0.612897
1.850000 0.886868
1.900000 0.285657
1.950000 0.569227
2.000000 0.219021
2.050000 0.202088
2.100000 0.547488
2.150000 -0.384468
2.200000 -0.642913
2.250000 0.229612
2.300000 -1.131324
2.350000 -0.501495
2.400000 -0.750517
2.450000 -0.277116
2.500000 -0.880488
2.550000 -0.107916
2.600000 -0.533984
2.650000 -0.003919
2.700000 -1.018264
2.750000 -0.110600
2.800000 -0.416467
2.850000 0.503241
2.900000 0.317026
2.950000 0.805039
3.000000 -0.070098
3.050000 0.111250
3.100000 0.419745
3.150000 0.380350
3.200000 0.066687
3.250000 0.076452
3.300000 0.697065
3.350000 -0.487649
3.400000 0.161406
3.450000 -1.615870
3.500000 -1.021562
3.550000 -2.008137
3.600000 -1.500451
3.650000 -1.347700
3.700000 -0.972392
3.750000 -0.002529
3.800000 0.630508
3.850000 0.002432
3.900000 1.433775
3.950000 1.516735
4.000000 2.213997
4.050000 2.436907
4.100000 2.483434
4.150000 1.660903
4.200000 2.153047
4.250000 1.592414
4.300000 1.829926
4.350000 0.358657
4.400000 -0.266128
4.450000 -0.895124
4.500000 -1.101702
4.550000 -1.781745
4.600000 -3.166975
4.650000 -2.311457
4.700000 -3.893720
4.750000 -4.541049
4.800000 -3.442441
4.850000 -3.841569
4.900000 -3.872905
4.950000 -2.186725
5.000000 -1.610744
5.050000 -0.710290
5.100000 2.425973
5.150000 2.622401
5.200000 2.926207
5.250000 3.163868
5.300000 4.436045
5.350000 4.782513
5.400000 3.858307
5.450000 4.323787
5.500000 3.632628
5.550000 3.268887
5.600000 2.231622
5.650000 2.245633
5.700000 0.197926
5.750000 0.169102
5.800000 -1.033305
5.850000 -1.983920
5.900000 -3.595617
5.950000 -4.347053
6.000000 -5.270046
6.050000 -4.481894
6.100000 -3.892271
6.150000 -4.219808
6.200000 -3.581346
6.250000 -3.079037
6.300000 -1.217735
6.350000 -0.189924
6.400000 2.512090
6.450000 2.052937
6.500000 3.653938
6.550000 3.978545
6.600000 4.025111
6.650000 4.106925
6.700000 3.705638
6.750000 3.022461
6.800000 3.895001
6.850000 1.700623
6.900000 1.580994
6.950000 0.524656
7.000000 -0.555752
7.050000 -1.443748
7.100000 -1.015921
7.150000 -2.511536
7.200000 -3.224414
7.250000 -3.432067
7.300000 -3.646691
7.350000 -3.659687
7.400000 -3.068042
7.450000 -2.440619
7.500000 -1.549761
7.550000 -0.819122
7.600000 1.210137
7.650000 0.687457
7.700000 2.203708
7.750000 3.322669
7.800000 3.420113
7.850000 3.311270
7.900000 3.087439
7.950000 1.471494
8.000000 2.379154
8.050000 1.807656
8.100000 1.223776
8.150000 0.113470
8.200000 0.811999
8.250000 -0.928333
8.300000 -1.640205
8.350000 -0.771338
8.400000 -1.658840
8.450000 -1.732574
8.500000 -1.534188
8.550000 -1.295230
8.600000 -0.880336
8.650000 -0.701578
8.700000 -0.830504
8.750000 0.008465
8.800000 -0.278754
8.850000 0.205538
8.900000 0.851711
8.950000 2.138197
9.000000 2.045835
9.050000 1.573496
9.100000 2.441030
9.150000 1.015536
9.200000 0.955804
9.250000 0.445915
9.300000 -0.033945
9.350000 -0.316769
9.400000 -0.928979
9.450000 -0.829964
9.500000 -1.870743
9.550000 -1.184975
9.600000 -1.245815
9.650000 -0.805307
9.700000 -0.899961
9.750000 -0.432669
9.800000 0.024621
9.850000 0.083612
9.900000 0.653223
9.950000 0.642949
10.000000 0.769206
10.050000 0.201672
10.100000 1.717972
10.150000 2.309282
10.200000 0.731575
10.250000 1.825524
10.300000 0.835620
10.350000 1.142315
10.400000 0.598880
10.450000 0.943317
10.500000 0.249693
10.550000 1.892816
10.600000 0.355029
10.650000 -0.615059
10.700000 -0.556248
10.750000 -0.506974
10.800000 -0.935923
10.850000 -0.853038
10.900000 -1.137272
10.950000 -0.813830
11.000000 -0.657848
11.050000 -0.179868
11.100000 -1.562701
11.150000 -0.154603
11.200000 0.058602
11.250000 -0.053488
11.300000 0.218633
11.350000 1.028017
11.400000 0.560019
11.450000 1.093078
11.500000 0.613158
11.550000 0.486756
11.600000 0.795395
11.650000 0.482617
11.700000 1.136200
11.750000 0.753272
11.800000 1.227226
11.850000 0.098336
11.900000 0.454993
11.950000 -0.327298
12.000000 0.558274
12.050000 -0.432574
12.100000 -0.440778
12.150000 0.386342
12.200000 -0.071700
12.250000 0.296290
12.300000 0.334958
12.350000 -0.993489
12.400000 -0.217314
12.450000 0.103734
12.500000 0.047030
12.550000 1.013822
12.600000 -0.525191
12.650000 1.715665
12.700000 0.346371
12.750000 0.179554
12.800000 0.204829
12.850000 0.217703
12.900000 0.323872
12.950000 0.958473
13.000000 0.515873
13.050000 0.449022
13.100000 0.055531
13.150000 0.143211
13.200000 0.114974
13.250000 0.096461
13.300000 0.193809
13.350000 -0.854760
13.400000 -0.112280
13.450000 -0.800493
13.500000 -0.496448
13.550000 0.601975
13.600000 -0.471964
13.650000 -0.006456
13.700000 0.352239
13.750000 0.160177
13.800000 0.454053
13.850000 0.571946
13.900000 0.501437
13.950000 0.431042
14.000000 0.090282
14.050000 1.135154
14.100000 0.070137
14.150000 0.249301
14.200000 0.351733
14.250000 1.303408
14.300000 0.741856
14.350000 1.261127
14.400000 0.991392
14.450000 0.391642
14.500000 -0.003733
14.550000 -0.487397
14.600000 0.012702
14.650000 -0.441447
14.700000 0.435857
14.750000 0.534631
14.800000 -0.286895
14.850000 0.218188
14.900000 -0.941921
14.950000 0.239115
15.000000 1.392751
15.050000 -0.194488
15.100000 0.211238
15.150000 0.998512
15.200000 0.431361
15.250000 0.333970
15.300000 1.485718
15.350000 0.905093
15.400000 1.472380
15.450000 1.247332
15.500000 0.762055
15.550000 -0.228125
15.600000 0.473781
15.650000 -0.760401
15.700000 -0.191835
15.750000 -0.116309
15.800000 -0.176873
15.850000 -0.420457
15.900000 0.486653
15.950000 -1.152009
16.000000 -0.304289
16.050000 -0.711653
16.100000 -0.190297
16.150000 -0.190979
16.200000 -0.665220
16.250000 -0.259264
16.300000 -0.054946
16.350000 -0.725093
16.400000 -0.635868
16.450000 0.865807
16.500000 -1.157726
16.550000 0.591990
16.600000 -0.241158
16.650000 1.008829
16.700000 0.295805
16.750000 0.698857
16.800000 0.557971
16.850000 -0.651647
16.900000 0.240965
16.950000 0.084210
17.000000 -0.106244
17.050000 0.548337
17.100000 -0.077697
17.150000 0.138244
17.200000 -1.351976
17.250000 -0.812224
17.300000 -0.408730
17.350000 -0.979961
17.400000 0.013410
17.450000 -0.322415
17.500000 0.157325
17.550000 0.065983
17.600000 -1.025726
17.650000 0.902702
17.700000 0.104398
17.750000 -0.025892
17.800000 1.146888
17.850000 0.946970
17.900000 1.279476
17.950000 0.623483
18.000000 1.012135
18.050000 0.598913
18.100000 -0.183069
18.150000 0.350585
18.200000 0.549674
18.250000 0.021859
18.300000 0.626844
18.350000 -0.305188
18.400000 0.183852
18.450000 0.615627
18.500000 -0.409037
18.550000 -0.514335
18.600000 -0.634496
18.650000 -1.312956
18.700000 -0.849776
18.750000 -0.027447
18.800000 -0.080003
18.850000 -0.349874
18.900000 0.821649
18.950000 1.405246
19.000000 -0.292603
19.050000 0.435345
19.100000 0.363344
19.150000 0.269764
19.200000 0.700787
19.250000 0.694707
19.300000 1.031577
19.350000 0.439891
19.400000 1.343647
19.450000 1.274512
19.500000 0.130421
19.550000 1.150191
19.600000 -0.575052
19.650000 0.932206
19.700000 0.122140
19.750000 -0.204919
19.799999 -0.669827
19.849999 -0.334644
19.899999 -1.546238
19.949999 -0.324367
