0.000000 1.040791
0.050000 0.822547
0.100000 0.575201
0.150000 0.083176
0.200000 1.259394
0.250000 0.387618
0.300000 0.670737
0.350000 -0.296311
0.400000 0.380610
0.450000 -0.117869
0.500000 0.090256
0.550000 -0.240219
0.600000 1.054759
0.650000 0.363090
0.700000 0.743034
0.750000 0.948387
0.800000 -0.197555
0.850000 0.322883
0.900000 -0.099861
0.950000 0.322280
1.000000 0.303102
1.050000 0.406930
1.100000 0.095978
1.150000 0.117287
1.200000 -0.311485
1.250000 0.259014
1.300000 -0.210880
1.350000 0.749064
1.400000 0.734348
1.450000 0.048072
1.500000 -0.096626
1.550000 0.424978
1.600000 0.049433
1.650000 -0.216893
1.700000 0.010850
1.750000 -0.576026
1.800000 -0.165705
1.850000 -0.004431
1.900000 -0.271596
1.950000 0.131498
2.000000 0.318482
2.050000 0.562921
2.100000 0.424253
2.150000 0.547804
2.200000 -0.495916
2.250000 -0.677390
2.300000 -2.392509
2.350000 -3.629348
2.400000 -3.423478
2.450000 -2.630227
2.500000 -1.642787
2.550000 0.471160
2.600000 2.410489
2.650000 5.373572
2.700000 6.938424
2.750000 7.091056
2.800000 3.226228
2.850000 -0.277998
2.900000 -4.931932
2.950000 -7.119313
3.000000 -7.348124
3.050000 -5.359093
3.100000 -1.317565
3.150000 2.484496
3.200000 4.412521
3.250000 4.692756
3.300000 4.615354
3.350000 1.664629
3.400000 -0.609418
3.450000 -2.480534
3.500000 -3.686338
3.550000 -2.058906
3.600000 -1.248790
3.650000 0.069372
3.700000 1.200853
3.750000 1.308585
3.800000 1.703437
3.850000 0.675166
3.900000 0.702921
3.950000 -0.016314
4.000000 -0.384095
4.050000 -0.379148
4.100000 0.764302
4.150000 -0.096224
4.200000 -0.069063
4.250000 -0.116567
4.300000 1.197911
4.350000 0.711465
4.400000 0.444692
4.450000 -0.305517
4.500000 0.091145
4.550000 -0.201699
4.600000 0.309219
4.650000 -0.054403
4.700000 -0.328796
4.750000 -0.414781
4.800000 -0.039280
4.850000 0.514836
4.900000 -0.218695
4.950000 0.974006
5.000000 0.079653
5.050000 0.091741
5.100000 -0.301864
5.150000 -0.278000
5.200000 0.066518
5.250000 0.417421
5.300000 0.681102
5.350000 1.491890
5.400000 0.505402
5.450000 0.014165
5.500000 0.425859
5.550000 -0.536228
5.600000 0.426615
5.650000 -1.047314
5.700000 -0.520145
5.750000 -0.464906
5.800000 0.839078
5.850000 0.665645
5.900000 1.005752
5.950000 0.506027
6.000000 0.116033
6.050000 -0.194195
6.100000 -0.292718
6.150000 -0.740791
6.200000 0.016710
6.250000 -0.576570
6.300000 0.669653
6.350000 0.561903
6.400000 1.173225
6.450000 0.360790
6.500000 0.089859
6.550000 -0.158924
6.600000 0.010436
6.650000 -0.369066
6.700000 -0.182998
6.750000 -0.161985
6.800000 -0.083974
6.850000 -0.729378
6.900000 0.023487
6.950000 -0.296131
7.000000 -0.258974
7.050000 0.782186
7.100000 -0.195674
7.150000 0.388971
7.200000 0.413754
7.250000 0.135591
7.300000 -0.106695
7.350000 0.741010
7.400000 0.203073
7.450000 0.383986
7.500000 -0.000083
7.550000 0.423379
7.600000 0.079881
7.650000 0.130950
7.700000 0.393873
7.750000 -0.611090
7.800000 0.343559
7.850000 -0.140251
7.900000 -1.278917
7.950000 0.618380
8.000000 0.352059
8.050000 0.757534
8.100000 -0.546447
8.150000 -0.372957
8.200000 -0.982451
8.250000 0.222744
8.300000 -0.623605
8.350000 -0.289992
8.400000 -0.137421
8.450000 0.977167
8.500000 1.407341
8.550000 0.158096
8.600000 -0.062081
8.650000 0.290305
8.700000 -0.023182
8.750000 -0.361749
8.800000 -0.007897
8.850000 -0.759950
8.900000 -0.086076
8.950000 -0.662088
9.000000 0.162337
9.050000 -0.168456
9.100000 0.239837
9.150000 -0.165562
9.200000 0.168304
9.250000 0.358035
9.300000 -0.389728
9.350000 0.492426
9.400000 0.198340
9.450000 -0.442746
9.500000 0.253087
9.550000 0.334976
9.600000 0.214928
9.650000 0.209667
9.700000 0.166845
9.750000 0.163078
9.800000 0.581126
9.850000 0.360931
9.900000 0.686389
9.950000 -0.436707
10.000000 0.442508
10.050000 0.714922
10.100000 0.164917
10.150000 0.230305
10.200000 0.167115
10.250000 0.207950
10.300000 -0.265546
10.350000 0.414952
10.400000 0.147229
10.450000 0.443248
10.500000 -0.136128
10.550000 0.518206
10.600000 -0.159072
10.650000 -0.406372
10.700000 0.989866
10.750000 -0.139706
10.800000 0.460283
10.850000 0.074391
10.900000 0.210682
10.950000 0.243799
11.000000 0.384142
11.050000 -0.463054
11.100000 1.517480
11.150000 0.821700
11.200000 -0.485014
11.250000 -0.350099
11.300000 -0.453126
11.350000 0.070883
11.400000 0.216513
11.450000 -0.703312
11.500000 -0.147925
11.550000 -0.439230
11.600000 -0.215949
11.650000 -0.305180
11.700000 0.104906
11.750000 0.086902
11.800000 0.343771
11.850000 0.211193
11.900000 -0.016164
11.950000 -0.419617
12.000000 0.207607
12.050000 0.847929
12.100000 0.554547
12.150000 -0.209554
12.200000 -0.639697
12.250000 -0.506272
12.300000 0.399120
12.350000 0.315258
12.400000 0.783486
12.450000 -0.241417
12.500000 0.066188
12.550000 -0.567567
12.600000 0.224688
12.650000 0.596086
12.700000 0.666578
12.750000 0.143332
12.800000 0.005353
12.850000 0.418285
12.900000 -0.059035
12.950000 -0.174164
13.000000 0.168743
13.050000 -0.747154
13.100000 -0.180725
13.150000 -0.540396
13.200000 -0.521652
13.250000 0.255311
13.300000 0.268091
13.350000 0.553803
13.400000 0.217916
13.450000 0.117555
13.500000 0.234598
13.550000 0.080084
13.600000 -0.195385
13.650000 -0.070548
13.700000 -0.805052
13.750000 -0.362396
13.800000 0.607489
13.850000 -0.083806
13.900000 0.078891
13.950000 -0.078561
14.000000 0.608023
14.050000 0.863434
14.100000 0.165728
14.150000 -0.137374
14.200000 0.419453
14.250000 0.263737
14.300000 -0.023547
14.350000 -0.117056
14.400000 0.081132
14.450000 0.574473
14.500000 0.183236
14.550000 0.706106
14.600000 -0.081595
14.650000 0.295174
14.700000 0.828696
14.750000 0.423454
14.800000 -0.086139
14.850000 -0.002458
14.900000 0.257368
14.950000 0.191690
15.000000 -0.743988
15.050000 -0.500461
15.100000 0.281743
15.150000 0.346868
15.200000 0.244741
15.250000 0.420381
15.300000 -0.080725
15.350000 -0.167177
15.400000 0.245205
15.450000 0.384038
15.500000 -0.600000
15.550000 -0.405380
15.600000 -0.195051
15.650000 0.078662
15.700000 -0.135786
15.750000 -0.032859
15.800000 -0.194431
15.850000 0.106107
15.900000 0.872506
15.950000 0.104954
16.000000 0.292698
16.050000 0.320076
16.100000 -0.272768
16.150000 0.551318
16.200000 0.578449
16.250000 0.576920
16.300000 1.031556
16.350000 0.116977
16.400000 0.609451
16.450000 0.510313
16.500000 0.330472
16.550000 0.325434
16.600000 0.612021
16.650000 0.733663
16.700000 0.094076
16.750000 0.711295
16.800000 1.394904
16.850000 -0.326836
16.900000 -0.192305
16.950000 0.483335
17.000000 -0.114010
17.050000 0.277346
17.100000 0.163903
17.150000 -0.128441
17.200000 0.123437
17.250000 0.606734
17.300000 0.015448
17.350000 0.252496
17.400000 0.584794
17.450000 -0.367076
17.500000 -1.169556
17.550000 0.087242
17.600000 -0.558261
17.650000 -0.551544
17.700000 0.430438
17.750000 0.533058
17.800000 0.407390
17.850000 0.552454
17.900000 0.048743
17.950000 -0.768095
18.000000 -0.616001
18.050000 -0.885762
18.100000 -1.091422
18.150000 -0.863406
18.200000 -0.401468
18.250000 -0.553092
18.300000 0.019460
18.350000 0.031564
18.400000 -0.460899
18.450000 0.321189
18.500000 -0.054109
18.550000 0.314784
18.600000 -0.044696
18.650000 0.322735
18.700000 0.464298
18.750000 -0.095317
18.800000 0.239509
18.850000 -0.005450
18.900000 0.543314
18.950000 -0.452639
19.000000 0.011590
19.050000 0.020161
19.100000 0.307374
19.150000 0.061338
19.200000 0.513167
19.250000 0.295319
19.300000 0.667563
19.350000 0.320915
19.400000 0.215515
19.450000 -0.505858
19.500000 0.523159
19.550000 0.758733
19.600000 0.585602
19.650000 0.003861
19.700000 -0.391386
19.750000 -0.952619
19.799999 -0.163102
19.849999 -0.487828
19.899999 0.297404
19.949999 -0.251035
