0.000000 8.345695
0.050000 8.315241
0.100000 4.728513
0.150000 -3.176100
0.200000 -5.566933
0.250000 -9.601535
0.300000 4.185594
0.350000 -0.652328
0.400000 4.506984
0.450000 -0.492787
0.500000 -1.680874
0.550000 1.579077
0.600000 1.606653
0.650000 0.604153
0.700000 -1.480778
0.750000 -0.107268
0.800000 -0.895316
0.850000 -8.649487
0.900000 -5.761906
0.950000 -4.995662
1.000000 -0.017738
1.050000 -4.751988
1.100000 4.878950
1.150000 -1.655348
1.200000 2.918823
1.250000 -1.895312
1.300000 4.813107
1.350000 1.170214
1.400000 2.977372
1.450000 4.105642
1.500000 2.169530
1.550000 0.875625
1.600000 5.597863
1.650000 0.497373
1.700000 0.904229
1.750000 3.632042
1.800000 5.484859
1.850000 3.443128
1.900000 2.585225
1.950000 0.420244
2.000000 -3.223582
2.050000 -1.415977
2.100000 4.961777
2.150000 -4.117105
2.200000 5.365600
2.250000 2.472004
2.300000 0.407494
2.350000 -0.938176
2.400000 -2.101836
2.450000 1.291540
2.500000 1.826521
2.550000 1.163283
2.600000 -0.948418
2.650000 2.017270
2.700000 2.671858
2.750000 6.112123
2.800000 6.839876
2.850000 7.369974
2.900000 3.825809
2.950000 10.192451
3.000000 13.098294
3.050000 7.876958
3.100000 8.806437
3.150000 2.534051
3.200000 2.686848
3.250000 4.347324
3.300000 6.972200
3.350000 -0.181284
3.400000 -5.001030
3.450000 -4.051929
3.500000 -8.661213
3.550000 -8.388207
3.600000 -20.279865
3.650000 -14.379886
3.700000 -24.365311
3.750000 -23.569603
3.800000 -20.419231
3.850000 -23.019876
3.900000 -11.040564
3.950000 -18.343845
4.000000 -10.562108
4.050000 -9.711477
4.100000 -0.967776
4.150000 5.852375
4.200000 15.299091
4.250000 25.356863
4.300000 23.386580
4.350000 32.127396
4.400000 36.993267
4.450000 36.947308
4.500000 38.698799
4.550000 47.390320
4.600000 39.154011
4.650000 37.511005
4.700000 48.164181
4.750000 36.481495
4.800000 33.288227
4.850000 31.894098
4.900000 18.571966
4.950000 25.531191
5.000000 4.589558
5.050000 0.506985
5.100000 -7.921274
5.150000 -20.001217
5.200000 -25.293238
5.250000 -34.994263
5.300000 -44.996624
5.350000 -43.330402
5.400000 -55.893494
5.450000 -55.766636
5.500000 -54.798431
5.550000 -52.995457
5.600000 -55.178661
5.650000 -52.871410
5.700000 -45.164352
5.750000 -35.639271
5.800000 -34.555637
5.850000 -17.511757
5.900000 -11.006934
5.950000 0.294331
6.000000 9.276534
6.050000 18.003803
6.100000 20.900692
6.150000 20.700607
6.200000 29.779385
6.250000 33.880852
6.300000 42.726036
6.350000 41.482693
6.400000 35.795048
6.450000 39.400864
6.500000 36.692204
6.550000 36.366631
6.600000 34.463047
6.650000 29.053896
6.700000 22.185894
6.750000 20.033178
6.800000 18.533430
6.850000 10.780112
6.900000 2.568393
6.950000 -6.919078
7.000000 -10.939370
7.050000 -17.061464
7.100000 -15.404838
7.150000 -22.546829
7.200000 -19.150248
7.250000 -26.139902
7.300000 -22.876518
7.350000 -25.262619
7.400000 -24.136246
7.450000 -18.811142
7.500000 -24.459333
7.550000 -17.038454
7.600000 -12.830985
7.650000 -12.448328
7.700000 -11.314878
7.750000 -1.590107
7.800000 -3.813163
7.850000 -1.797234
7.900000 7.899940
7.950000 11.787342
7.999999 10.680228
8.049999 8.519632
8.100000 12.929551
8.150000 6.516744
8.200000 5.685317
8.250000 11.984075
8.300000 5.646008
8.350000 4.129398
8.400000 16.106741
8.450000 13.124686
8.500000 8.976527
8.549999 4.107738
8.599999 2.406262
8.650000 0.298148
8.700000 -1.349615
8.750000 1.732795
8.800000 -8.307713
8.850000 -1.272786
8.900000 -6.574300
8.950000 -0.986383
9.000000 -8.569449
9.050000 -7.105535
9.099999 0.131084
9.149999 0.041238
9.200000 -5.767283
9.250000 -6.203048
9.300000 -9.856166
9.350000 -6.234826
9.400000 0.657037
9.450000 -3.625515
9.500000 5.042351
9.550000 -4.825829
9.600000 3.551967
9.649999 2.751686
9.699999 12.231678
9.750000 -3.152124
9.800000 -4.017876
9.850000 5.404633
9.900000 5.209218
9.950000 7.414178
10.000000 8.957004
10.050000 2.655785
10.100000 4.217264
10.150000 7.415471
10.199999 8.946118
10.249999 3.208547
10.300000 -6.420196
10.350000 -1.194191
10.400000 -4.357697
10.450000 -3.299114
10.500000 -1.446498
10.550000 -1.696801
10.600000 0.004738
10.650000 2.989046
10.700000 -6.241800
10.749999 5.426505
10.799999 4.208457
10.849999 3.544770
10.900000 1.289556
10.950000 -3.662691
11.000000 -1.407764
11.050000 -3.218513
11.100000 1.218983
11.150000 4.284257
11.200000 -0.826148
11.250000 0.269288
11.299999 -0.321757
11.349999 1.921921
11.399999 -1.750548
11.450000 3.291844
11.500000 2.224746
11.550000 -0.105137
11.600000 5.903483
11.650000 3.146492
11.700000 -1.085309
11.750000 2.190938
11.800000 1.727290
11.849999 -6.928121
11.899999 4.776821
11.949999 -1.735333
12.000000 -2.461936
12.050000 3.845077
12.100000 5.392621
12.150000 0.109562
12.200000 0.862798
12.250000 0.360884
12.300000 -3.645698
12.350000 0.767420
12.399999 0.144919
12.449999 -3.220372
12.499999 0.978125
12.550000 -4.320012
12.600000 -8.485907
12.650000 6.393086
12.700000 -3.237960
12.750000 -3.482795
12.800000 3.515123
12.850000 -3.106013
12.900000 -4.944312
12.949999 0.069141
12.999999 -5.344091
13.049999 -6.558986
13.100000 1.036751
13.150000 2.764341
13.200000 -0.234461
13.250000 -0.110662
13.300000 -3.002108
13.350000 4.037439
13.400000 0.317098
13.450000 2.133466
13.499999 2.602447
13.549999 -4.202787
13.599999 2.297362
13.650000 -1.700372
13.700000 5.463171
13.750000 11.100331
13.800000 -0.238671
13.850000 1.454566
13.900000 -0.081721
13.950000 -0.046927
14.000000 9.236554
14.049999 6.982895
14.099999 1.680593
14.149999 -0.202449
14.200000 0.626820
14.250000 0.036286
14.300000 -3.947658
14.350000 3.068181
14.400000 -5.980710
14.450000 0.078133
14.500000 2.625933
14.549999 -11.604367
14.599999 0.073222
14.649999 1.450791
14.699999 -1.550795
14.750000 0.177372
14.800000 -2.214554
14.850000 -5.090822
14.900000 -0.191662
14.950000 -2.248185
15.000000 3.339419
15.050000 -2.984334
15.099999 -1.896556
15.149999 -1.820976
15.199999 -2.623879
15.249999 0.633138
15.299999 -5.582141
15.350000 0.445499
15.400000 -5.746964
15.450000 -3.922527
15.500000 -2.845750
15.550000 -3.368965
15.600000 -0.809022
15.650000 2.169788
15.699999 -0.258717
15.750000 0.340976
15.799999 -2.527865
15.850000 3.785993
15.899999 5.335650
15.950000 9.732428
15.999999 -3.271379
16.050000 4.436544
16.099999 3.071139
16.150000 -0.482039
16.200000 0.552500
16.249999 0.375761
16.300000 -0.425191
16.349999 -3.496290
16.400000 -1.806507
16.449999 -11.935068
16.500000 -3.838222
16.549999 4.707727
16.600000 -9.625521
16.649999 -5.839451
16.700000 -9.908107
16.750000 -4.842019
16.799999 0.075752
16.850000 -1.901455
16.899999 5.984530
16.950000 -3.141307
16.999999 -1.311361
17.050000 -4.231844
17.099999 -1.373648
17.150000 -7.303082
17.199999 -7.422173
17.250000 -0.419896
17.300000 5.590375
17.349999 7.122718
17.400000 4.464136
17.449999 -2.873194
17.500000 0.334648
17.549999 4.267163
17.600000 -0.900350
17.649999 -3.156283
17.700000 5.303464
17.749999 1.643167
17.800000 0.764649
17.850000 6.478334
17.899999 -1.813190
17.950000 -2.772524
17.999999 3.512161
18.050000 -2.165348
18.099999 -2.443875
18.150000 -3.890939
18.199999 -9.791145
18.250000 -4.303944
18.299999 -1.231085
18.350000 -1.763523
18.400000 -3.409683
18.449999 -4.517175
18.500000 -1.355790
18.549999 0.263717
18.600000 -7.337919
18.649999 -4.147807
18.700000 2.800201
18.749999 1.004611
18.800000 0.969460
18.849999 -7.555728
18.900000 -2.952747
18.950000 9.423309
18.999999 1.987216
19.050000 3.816155
19.099999 -2.509256
19.150000 4.712034
19.199999 3.646685
19.250000 6.602550
19.299999 -5.971107
19.350000 3.964190
19.399999 -3.600707
19.450000 2.465250
19.500000 0.715033
19.549999 -1.085185
19.600000 0.181357
19.649999 3.460843
19.700000 11.777567
19.749999 -1.417302
19.800000 -3.238360
19.849999 1.034885
19.900000 4.854154
19.949999 3.291531
