0.000000 0.159444
0.050000 0.549032
0.100000 -1.210731
0.150000 1.765210
0.200000 0.567502
0.250000 -0.117604
0.300000 0.227234
0.350000 0.806204
0.400000 1.005938
0.450000 0.987895
0.500000 1.165901
0.550000 1.090556
0.600000 -0.556861
0.650000 0.321093
0.700000 0.055348
0.750000 1.076088
0.800000 -1.998121
0.850000 -1.149649
0.900000 -2.094273
0.950000 -2.569189
1.000000 -0.891037
1.050000 -0.590561
1.100000 1.427587
1.150000 0.328188
1.200000 -0.728121
1.250000 -2.290827
1.300000 -1.180400
1.350000 -1.259202
1.400000 -2.239024
1.450000 0.021140
1.500000 -0.347838
1.550000 0.532263
1.600000 2.985253
1.650000 3.870381
1.700000 2.983017
1.750000 -0.464511
1.800000 1.170088
1.850000 -4.223138
1.900000 -6.811628
1.950000 -11.435752
2.000000 -7.201511
2.050000 -1.330306
2.100000 6.338141
2.150000 15.179521
2.200000 14.673979
2.250000 7.299654
2.300000 -2.712741
2.350000 -14.349503
2.400000 -16.781176
2.450000 -9.223889
2.500000 0.243278
2.550000 11.539280
2.600000 15.315649
2.650000 9.643286
2.700000 2.421413
2.750000 -8.579925
2.800000 -12.861656
2.850000 -11.529710
2.900000 0.135074
2.950000 2.854357
3.000000 9.369378
3.050000 6.932168
3.100000 -0.944236
3.150000 -4.259334
3.200000 -7.842673
3.250000 -2.537230
3.300000 1.978776
3.350000 5.742320
3.400000 5.377745
3.450000 3.496710
3.500000 0.252164
3.550000 -3.317496
3.600000 -3.559333
3.650000 -2.368870
3.700000 1.458217
3.750000 3.132443
3.800000 2.524410
3.850000 1.371032
3.900000 -2.894801
3.950000 -5.166626
4.000000 -2.428479
4.050000 -1.928139
4.100000 -0.347143
4.150000 1.736160
4.200000 0.851112
4.250000 0.352988
4.300000 -1.002268
4.350000 -1.227605
4.400000 -0.423583
4.450000 -0.017314
4.500000 0.795760
4.550000 1.561841
4.600000 0.214757
4.650000 -2.084223
4.700000 -2.836777
4.750000 -0.665746
4.800000 0.888023
4.850000 0.545749
4.900000 -0.134357
4.950000 -0.795766
5.000000 -2.606302
5.050000 -1.206386
5.100000 0.284571
5.150000 -0.526709
5.200000 0.794342
5.250000 2.651718
5.300000 2.110276
5.350000 -0.778893
5.400000 -1.480278
5.450000 -0.740609
5.500000 -1.700899
5.550000 0.522050
5.600000 0.929613
5.650000 -1.334805
5.700000 0.351509
5.750000 -0.580260
5.800000 0.505919
5.850000 -1.521575
5.900000 -1.445182
5.950000 -0.730498
6.000000 0.251368
6.050000 0.819615
6.100000 -0.116996
6.150000 1.958484
6.200000 0.571447
6.250000 -1.168591
6.300000 0.076166
6.350000 0.138634
6.400000 2.879725
6.450000 -0.407857
6.500000 -0.012661
6.550000 -1.060784
6.600000 1.790486
6.650000 1.368460
6.700000 -0.858959
6.750000 -1.598032
6.800000 0.574357
6.850000 -0.958295
6.900000 -0.174531
6.950000 0.766918
7.000000 0.387580
7.050000 0.657797
7.100000 1.368526
7.150000 -1.742573
7.200000 -0.006879
7.250000 0.142315
7.300000 -2.506000
7.350000 -1.660652
7.400000 1.441522
7.450000 1.216065
7.500000 -0.987384
7.550000 2.097209
7.600000 0.878556
7.650000 0.608175
7.700000 -0.852102
7.750000 0.455158
7.800000 2.053873
7.850000 -1.282423
7.900000 3.475241
7.950000 1.191662
7.999999 1.043652
8.049999 0.750859
8.100000 -1.403981
8.150000 0.474415
8.200000 0.089561
8.250000 -1.032883
8.300000 0.153024
8.350000 1.915299
8.400000 -0.416748
8.450000 0.693026
8.500000 0.049967
8.549999 0.665928
8.599999 -0.676634
8.650000 -0.646339
8.700000 0.160861
8.750000 -1.668689
8.800000 -0.334640
8.850000 -1.070091
8.900000 -0.138916
8.950000 -0.354932
9.000000 2.642438
9.050000 0.841207
9.099999 -0.110233
9.149999 -0.635604
9.200000 -0.122261
9.250000 2.153839
9.300000 -0.424732
9.350000 -0.798139
9.400000 -0.589548
9.450000 1.832322
9.500000 1.230777
9.550000 -1.771126
9.600000 1.318296
9.649999 2.696831
9.699999 1.283317
9.750000 -1.415134
9.800000 1.183767
9.850000 -0.291780
9.900000 -0.292642
9.950000 -0.290601
10.000000 2.845329
10.050000 0.511134
10.100000 -0.179990
10.150000 -0.091899
10.199999 -0.034976
10.249999 -1.043152
10.300000 -1.124882
10.350000 -0.565490
10.400000 1.349742
10.450000 1.856072
10.500000 0.547704
10.550000 -1.056721
10.600000 0.325806
10.650000 1.200118
10.700000 -0.210522
10.749999 -0.359746
10.799999 0.315020
10.849999 -1.937494
10.900000 0.862383
10.950000 0.767100
11.000000 -0.582010
11.050000 -0.457190
11.100000 -1.778475
11.150000 -0.254304
11.200000 0.398145
11.250000 1.200647
11.299999 0.625182
11.349999 -0.948006
11.399999 0.416988
11.450000 1.098480
11.500000 0.870432
11.550000 -1.453552
11.600000 -1.969415
11.650000 -1.100903
11.700000 0.138657
11.750000 0.349675
11.800000 -1.257006
11.849999 -1.016270
11.899999 1.427846
11.949999 0.672282
12.000000 -0.155066
12.050000 1.315561
12.100000 -1.506392
12.150000 -0.924985
12.200000 -0.259732
12.250000 2.659821
12.300000 0.765113
12.350000 1.409796
12.399999 0.398618
12.449999 -0.426224
12.499999 -2.157432
12.550000 -0.913961
12.600000 -1.897300
12.650000 -1.371161
12.700000 2.523156
12.750000 0.650147
12.800000 1.698533
12.850000 0.562836
12.900000 -0.292383
12.949999 1.482752
12.999999 -0.973314
13.049999 1.633671
13.100000 -0.113742
13.150000 1.036847
13.200000 -0.396027
13.250000 0.808847
13.300000 4.285109
13.350000 -1.671270
13.400000 -0.243451
13.450000 0.882297
13.499999 0.134190
13.549999 -2.670236
13.599999 -0.781128
13.650000 -2.460830
13.700000 0.915594
13.750000 -0.821480
13.800000 -3.127306
13.850000 -0.506219
13.900000 0.471135
13.950000 -0.621982
14.000000 -0.863052
14.049999 1.522208
14.099999 0.230233
14.149999 2.856534
14.200000 2.110993
14.250000 0.267013
14.300000 0.723117
14.350000 -0.734666
14.400000 0.661204
14.450000 0.203430
14.500000 0.756010
14.549999 -1.708699
14.599999 -0.926121
14.649999 1.346628
14.699999 0.073639
14.750000 1.177767
14.800000 -0.865720
14.850000 -0.022756
14.900000 1.651566
14.950000 -0.227203
15.000000 -0.371111
15.050000 0.700703
15.099999 0.736280
15.149999 2.761035
15.199999 -0.267075
15.249999 1.298936
15.299999 1.695910
15.350000 2.095703
15.400000 0.493354
15.450000 0.018359
15.500000 0.172569
15.550000 2.224320
15.600000 0.678235
15.650000 0.442387
15.699999 2.244667
15.750000 -0.705971
15.799999 0.407487
15.850000 0.130242
15.899999 2.984996
15.950000 3.017807
15.999999 1.593598
16.050000 -0.608631
16.099999 -1.774357
16.150000 -0.302915
16.200000 0.503066
16.249999 1.231421
16.300000 1.299406
16.349999 -1.946042
16.400000 0.191195
16.449999 -0.555271
16.500000 -0.266726
16.549999 0.412425
16.600000 -0.568231
16.649999 -0.144502
16.700000 2.060273
16.750000 0.325110
16.799999 2.120991
16.850000 -1.220557
16.899999 -0.086618
16.950000 -0.768070
16.999999 -1.773571
17.050000 0.650751
17.099999 0.290128
17.150000 1.577474
17.199999 1.521596
17.250000 1.245085
17.300000 0.452304
17.349999 -0.658999
17.400000 1.009758
17.449999 0.170971
17.500000 0.670956
17.549999 1.308627
17.600000 1.344237
17.649999 -1.420812
17.700000 0.106007
17.749999 0.706106
17.800000 0.141740
17.850000 2.585740
17.899999 0.050306
17.950000 1.991621
17.999999 -1.287453
18.050000 0.507442
18.099999 2.901501
18.150000 -0.066925
18.199999 1.074496
18.250000 0.261335
18.299999 -0.094053
18.350000 1.341330
18.400000 1.098721
18.449999 -0.338441
18.500000 0.420615
18.549999 2.030674
18.600000 0.256158
18.649999 0.542450
18.700000 -1.091481
18.749999 0.504043
18.800000 -0.100830
18.849999 -0.170910
18.900000 -0.815606
18.950000 -0.386477
18.999999 0.005981
19.050000 -0.145918
19.099999 -0.466561
19.150000 2.082376
19.199999 -3.112807
19.250000 -0.860361
19.299999 -1.139518
19.350000 -0.059810
19.399999 0.199963
19.450000 0.480261
19.500000 -0.406004
19.549999 0.186630
19.600000 0.733834
19.649999 0.112859
19.700000 -0.387498
19.749999 1.121951
19.800000 1.094152
19.849999 -0.944895
19.900000 0.140447
19.949999 -0.607337
