0.000000 0.659248
0.050000 0.174421
0.100000 0.298306
0.150000 0.114268
0.200000 -0.633255
0.250000 0.325539
0.300000 0.073089
0.350000 0.517278
0.400000 0.266050
0.450000 0.169253
0.500000 -0.312255
0.550000 -0.124488
0.600000 -0.271597
0.650000 0.341706
0.700000 0.187199
0.750000 0.202446
0.800000 -0.659855
0.850000 -0.165051
0.900000 -0.434371
0.950000 0.030798
1.000000 -0.349373
1.050000 -0.323866
1.100000 0.011801
1.150000 0.059622
1.200000 0.031309
1.250000 0.122096
1.300000 0.111796
1.350000 0.072467
1.400000 0.154311
1.450000 -0.009587
1.500000 -0.060358
1.550000 0.131238
1.600000 0.473267
1.650000 0.016889
1.700000 0.458814
1.750000 0.601416
1.800000 0.457846
1.850000 -0.453475
1.900000 -0.026571
1.950000 0.756176
2.000000 0.079544
2.050000 0.272317
2.100000 0.121892
2.150000 -0.238536
2.200000 0.247865
2.250000 0.544419
2.300000 -0.113884
2.350000 -0.204746
2.400000 0.292274
2.450000 0.492517
2.500000 0.245742
2.550000 -0.574493
2.600000 -0.417001
2.650000 -0.088983
2.700000 -0.255425
2.750000 -0.091031
2.800000 0.098303
2.850000 0.734116
2.900000 0.138701
2.950000 0.794725
3.000000 0.233598
3.050000 0.364514
3.100000 0.560347
3.150000 -0.465043
3.200000 0.000021
3.250000 0.539209
3.300000 -0.040828
3.350000 0.163045
3.400000 0.492239
3.450000 0.125965
3.500000 -0.197875
3.550000 -0.748154
3.600000 -0.518385
3.650000 -0.946380
3.700000 -1.764066
3.750000 -1.828386
3.800000 -1.953642
3.850000 -1.086161
3.900000 -1.888410
3.950000 -1.473336
4.000000 -0.239610
4.050000 -0.213240
4.100000 0.226447
4.150000 0.486134
4.200000 0.559087
4.250000 1.045936
4.300000 2.033445
4.350000 1.716106
4.400000 2.501137
4.450000 2.543530
4.500000 3.491943
4.550000 2.756910
4.600000 3.837223
4.650000 3.407997
4.700000 3.357924
4.750000 3.147302
4.800000 2.474441
4.850000 3.057325
4.900000 2.652905
4.950000 1.426560
5.000000 1.439720
5.050000 0.394071
5.100000 -0.318116
5.150000 -0.142846
5.200000 -0.967961
5.250000 -2.692685
5.300000 -1.872506
5.350000 -2.987303
5.400000 -3.656365
5.450000 -3.759185
5.500000 -3.818392
5.550000 -4.482815
5.600000 -3.462794
5.650000 -3.806772
5.700000 -3.181201
5.750000 -2.825845
5.800000 -3.080388
5.850000 -2.729000
5.900000 -1.869512
5.950000 -1.035978
6.000000 -0.137483
6.050000 0.648719
6.100000 1.157596
6.150000 2.023111
6.200000 2.235660
6.250000 3.394137
6.300000 3.013556
6.350000 2.763889
6.400000 3.708005
6.450000 3.705815
6.500000 3.131645
6.550000 3.131583
6.600000 2.668404
6.650000 3.390670
6.700000 2.589276
6.750000 2.468301
6.800000 2.093005
6.850000 1.059191
6.900000 1.636743
6.950000 0.331810
7.000000 -0.106063
7.050000 -0.801869
7.100000 -1.743689
7.150000 -1.622232
7.200000 -2.260225
7.250000 -2.456677
7.300000 -2.408895
7.350000 -2.411458
7.400000 -3.225769
7.450000 -2.972796
7.500000 -2.817263
7.550000 -2.207034
7.600000 -2.103385
7.650000 -1.494611
7.700000 -1.805172
7.750000 -0.928917
7.800000 -1.206345
7.850000 -0.063302
7.900000 0.166151
7.950000 1.090389
7.999999 1.005897
8.049999 1.643782
8.100000 1.232676
8.150000 1.913900
8.200000 2.387928
8.250000 1.434966
8.300000 1.443230
8.350000 1.403125
8.400000 1.689497
8.450000 1.398602
8.500000 0.913025
8.549999 0.802832
8.599999 0.603006
8.650000 0.499366
8.700000 -0.200204
8.750000 0.193841
8.800000 -0.161674
8.850000 -1.035408
8.900000 -0.903266
8.950000 -1.086784
9.000000 -0.786041
9.050000 -1.072563
9.099999 -1.137997
9.149999 -1.368836
9.200000 -1.040447
9.250000 -0.619024
9.300000 -1.170816
9.350000 -0.204088
9.400000 -0.246830
9.450000 -0.478173
9.500000 -0.065470
9.550000 0.134791
9.600000 0.242772
9.649999 0.302182
9.699999 0.183685
9.750000 -0.033255
9.800000 0.945681
9.850000 0.671362
9.900000 -0.115976
9.950000 0.671806
10.000000 -0.100764
10.050000 0.595020
10.100000 0.198597
10.150000 0.255358
10.199999 0.034344
10.249999 0.251470
10.300000 0.314906
10.350000 -0.457290
10.400000 -0.312793
10.450000 -0.128442
10.500000 -0.460768
10.550000 -0.843601
10.600000 -0.710605
10.650000 -0.288923
10.700000 -0.206286
10.749999 -0.238265
10.799999 -0.602401
10.849999 -0.317532
10.900000 -0.657717
10.950000 0.427669
11.000000 0.077803
11.050000 0.268074
11.100000 0.116712
11.150000 0.081375
11.200000 -0.007413
11.250000 0.790178
11.299999 0.418726
11.349999 0.574662
11.399999 -0.269922
11.450000 0.205731
11.500000 0.131769
11.550000 -0.143810
11.600000 -0.217835
11.650000 -0.148057
11.700000 0.081195
11.750000 0.477728
11.800000 0.518304
11.849999 -0.144676
11.899999 0.373131
11.949999 0.063085
12.000000 0.402101
12.050000 -0.376099
12.100000 0.124535
12.150000 -0.275307
12.200000 0.071248
12.250000 0.157431
12.300000 -0.009661
12.350000 -0.403622
12.399999 0.144524
12.449999 -0.202547
12.499999 0.012933
12.550000 0.583456
12.600000 0.127875
12.650000 0.162306
12.700000 -0.174263
12.750000 0.081409
12.800000 0.321714
12.850000 0.157412
12.900000 0.560831
12.949999 0.045084
12.999999 0.523313
13.049999 0.198977
13.100000 0.477390
13.150000 0.306064
13.200000 0.274440
13.250000 -0.544369
13.300000 -0.111606
13.350000 0.335464
13.400000 0.213588
13.450000 -0.202858
13.499999 0.366226
13.549999 -0.420234
13.599999 -0.008053
13.650000 -0.110149
13.700000 0.492892
13.750000 0.432297
13.800000 -0.250579
13.850000 -0.686233
13.900000 -0.196849
13.950000 0.079414
14.000000 0.025974
14.049999 0.485581
14.099999 -0.170153
14.149999 0.585489
14.200000 -0.119943
14.250000 0.173809
14.300000 0.348940
14.350000 0.277449
14.400000 -0.412402
14.450000 -0.110890
14.500000 0.190220
14.549999 0.086838
14.599999 0.317425
14.649999 -0.009932
14.699999 -0.251126
14.750000 0.342130
14.800000 0.064712
14.850000 0.137313
14.900000 0.239983
14.950000 0.139592
15.000000 -0.092436
15.050000 -0.379546
15.099999 0.382222
15.149999 -0.062204
15.199999 0.164557
15.249999 0.187306
15.299999 -0.043269
15.350000 0.370367
15.400000 -0.225033
15.450000 0.175543
15.500000 -0.365588
15.550000 0.547355
15.600000 -0.180130
15.650000 -0.809169
15.699999 -0.350238
15.750000 -0.367793
15.799999 0.019127
15.850000 0.195993
15.899999 -0.270477
15.950000 -0.239702
15.999999 -0.618714
16.050000 0.183176
16.099999 0.364896
16.150000 -0.621048
16.200000 0.292421
16.249999 0.157768
16.300000 -0.236898
16.349999 -0.622203
16.400000 -0.690617
16.449999 -0.513952
16.500000 -0.257758
16.549999 -0.605483
16.600000 0.107580
16.649999 -0.237968
16.700000 -0.652575
16.750000 -0.846127
16.799999 0.118703
16.850000 -0.500588
16.899999 -0.156746
16.950000 -0.648067
16.999999 -0.629259
17.050000 -0.273712
17.099999 -0.446636
17.150000 -0.164304
17.199999 0.219462
17.250000 -0.040786
17.300000 -0.120128
17.349999 -0.464865
17.400000 0.437934
17.449999 -0.015833
17.500000 -0.147013
17.549999 0.105876
17.600000 0.321933
17.649999 -0.431794
17.700000 0.114353
17.749999 -0.409048
17.800000 -0.378514
17.850000 -0.065010
17.899999 -0.591859
17.950000 0.267633
17.999999 -0.416423
18.050000 -0.426095
18.099999 -0.315001
18.150000 -0.200161
18.199999 -0.402315
18.250000 -0.596350
18.299999 -1.092377
18.350000 -0.229000
18.400000 -0.251471
18.449999 -0.923144
18.500000 -0.685723
18.549999 -0.417760
18.600000 0.215956
18.649999 -0.064683
18.700000 0.329497
18.749999 -0.533404
18.800000 -0.214328
18.849999 -0.360276
18.900000 0.367971
18.950000 -0.320832
18.999999 -0.129050
19.050000 0.662186
19.099999 -0.221968
19.150000 0.423344
19.199999 0.011264
19.250000 0.570702
19.299999 -0.135045
19.350000 -0.560259
19.399999 0.100938
19.450000 -0.314579
19.500000 -0.099097
19.549999 -0.953289
19.600000 0.599111
19.649999 -0.223432
19.700000 0.157349
19.749999 0.390431
19.800000 0.754860
19.849999 -0.417912
19.900000 -0.062622
19.949999 0.217162
