0.000000 12.504679
0.050000 -10.951993
0.100000 25.331251
0.150000 7.059385
0.200000 -7.143645
0.250000 -17.701164
0.300000 -21.154142
0.350000 -15.026284
0.400000 -25.106682
0.450000 2.473663
0.500000 13.521071
0.550000 -4.582791
0.600000 -1.085537
0.650000 18.420553
0.700000 -12.294642
0.750000 11.860147
0.800000 11.494825
0.850000 -6.672434
0.900000 14.998181
0.950000 -6.708484
1.000000 -7.383670
1.050000 6.871290
1.100000 6.594316
1.150000 -11.776091
1.200000 11.022764
1.250000 36.418282
1.300000 6.794379
1.350000 -3.708570
1.400000 2.036195
1.450000 -13.807775
1.500000 21.374968
1.550000 8.790709
1.600000 14.128011
1.650000 -10.421867
1.700000 -13.978387
1.750000 -3.488067
1.800000 1.042545
1.850000 -6.424836
1.900000 14.961117
1.950000 8.070961
2.000000 6.099477
2.050000 -11.817855
2.100000 -12.876683
2.150000 7.009507
2.200000 4.466787
2.250000 22.054543
2.300000 18.391983
2.350000 2.312611
2.400000 32.265114
2.450000 -9.095948
2.500000 -2.201719
2.550000 -20.050453
2.600000 20.784611
2.650000 -6.836558
2.700000 27.105635
2.750000 22.431908
2.800000 8.295197
2.850000 4.702797
2.900000 -5.734690
2.950000 -7.890138
3.000000 10.748120
3.050000 -10.090125
3.100000 -2.515558
3.150000 5.386252
3.200000 -33.974316
3.250000 -32.749401
3.300000 -51.719479
3.350000 -53.263756
3.400000 -63.654137
3.450000 -33.471230
3.500000 -31.180637
3.550000 -5.349205
3.600000 40.269268
3.650000 60.710026
3.700000 100.908142
3.750000 119.302765
3.800000 114.911789
3.850000 121.811935
3.900000 90.845253
3.950000 45.709793
4.000000 -29.571297
4.050000 -94.425018
4.100000 -134.141525
4.150000 -183.916397
4.200000 -172.904251
4.250000 -164.599899
4.300000 -162.943924
4.350000 -86.233170
4.400000 -4.804070
4.450000 52.582630
4.500000 116.103149
4.550000 144.851944
4.600000 159.277191
4.650000 181.197250
4.700000 130.892883
4.750000 106.432869
4.800000 36.256313
4.850000 -12.540459
4.900000 -39.702496
4.950000 -90.902580
5.000000 -129.058258
5.050000 -118.110229
5.100000 -96.283028
5.150000 -58.067730
5.200000 -33.442322
5.250000 -0.040973
5.300000 19.703224
5.350000 43.791084
5.400000 67.598923
5.450000 72.438675
5.500000 65.546631
5.550000 54.694405
5.600000 45.391327
5.650000 1.508561
5.700000 -9.211843
5.750000 0.900880
5.800000 -36.626667
5.850000 -40.355610
5.900000 -28.714226
5.950000 -43.903812
6.000000 -18.951660
6.050000 -8.751732
6.100000 17.045597
6.150000 8.476153
6.200000 -8.675480
6.250000 19.085810
6.300000 33.405479
6.350000 8.850628
6.400000 -2.107242
6.450000 -5.535469
6.500000 5.252944
6.550000 7.121169
6.600000 0.524825
6.650000 -11.587414
6.700000 2.349143
6.750000 -8.484151
6.800000 -3.966373
6.850000 -10.249658
6.900000 3.290940
6.950000 15.462834
7.000000 14.100310
7.050000 -8.674833
7.100000 2.990842
7.150000 11.336612
7.200000 -12.993949
7.250000 1.079173
7.300000 3.993537
7.350000 -18.270081
7.400000 6.847427
7.450000 -8.601465
7.500000 0.034609
7.550000 26.720875
7.600000 0.636527
7.650000 20.544275
7.700000 -10.384856
7.750000 14.229413
7.800000 13.764606
7.850000 -21.138416
7.900000 -4.574469
7.950000 -2.770497
8.000000 -28.549711
8.050000 -18.233414
8.100000 -15.962169
8.150000 16.908470
8.200000 12.595654
8.250000 18.158207
8.300000 30.537220
8.350000 37.379017
8.400000 16.964371
8.450000 23.692219
8.500000 18.745714
8.550000 -2.335712
8.600000 -20.447941
8.650000 -2.188947
8.700000 -10.844871
8.750000 -10.347936
8.800000 -6.286383
8.850000 10.431371
8.900000 -4.384938
8.950000 -1.997124
9.000000 -2.338985
9.050000 9.511802
9.100000 11.330230
9.150000 -5.675928
9.200000 0.171885
9.250000 -16.300503
9.300000 -10.279040
9.350000 5.256230
9.400000 11.920740
9.450000 -12.416403
9.500000 -2.847719
9.550000 2.227280
9.600000 24.122791
9.650000 -16.122311
9.700000 18.603668
9.750000 -9.212566
9.800000 20.360872
9.850000 3.009039
9.900000 9.715382
9.950000 -17.508984
10.000000 -12.121579
10.050000 -10.196983
10.100000 -9.634649
10.150000 15.563307
10.200000 15.849829
10.250000 19.747774
10.300000 13.542751
10.350000 -2.939288
10.400000 20.483191
10.450000 -14.823558
10.500000 37.319817
10.550000 11.970343
10.600000 5.669178
10.650000 11.721357
10.700000 4.635113
10.750000 10.370728
10.800000 4.191618
10.850000 0.016309
10.900000 -6.722720
10.950000 30.323351
11.000000 7.150759
11.050000 14.901291
11.100000 -1.452964
11.150000 3.076070
11.200000 9.373698
11.250000 -0.646291
11.300000 -11.594173
11.350000 -12.849059
11.400000 22.556660
11.450000 11.583636
11.500000 2.986567
11.550000 -2.784483
11.600000 0.967149
11.650000 -28.587906
11.700000 9.718961
11.750000 -4.587099
11.800000 -4.305547
11.850000 -9.968723
11.900000 0.380332
11.950000 6.173998
12.000000 11.207145
12.050000 8.717159
12.100000 -5.598868
12.150000 -9.898887
12.200000 -4.082758
12.250000 -4.546086
12.300000 -17.863312
12.350000 11.677081
12.400000 -12.940851
12.450000 -12.917867
12.500000 -9.148662
12.550000 -8.573213
12.600000 -12.018094
12.650000 -18.741776
12.700000 -5.733925
12.750000 -29.984657
12.800000 36.929348
12.850000 -8.023060
12.900000 18.969473
12.950000 3.671140
13.000000 1.511936
13.050000 10.858142
13.100000 -9.266278
13.150000 5.407471
13.200000 -23.924646
13.250000 4.091856
13.300000 9.139865
13.350000 -3.736933
13.400000 -11.386661
13.450000 -0.862875
13.500000 29.973194
13.550000 15.694721
13.600000 -31.396925
13.650000 9.658619
13.700000 -5.361365
13.750000 -1.966836
13.800000 16.759617
13.850000 -3.271036
13.900000 -3.519369
13.950000 -12.685697
14.000000 2.051512
14.050000 9.673053
14.100000 -20.174292
14.150000 -10.272991
14.200000 -11.444042
14.250000 2.463253
14.300000 5.358472
14.350000 1.720357
14.400000 9.946421
14.450000 1.607931
14.500000 -33.167763
14.550000 8.021014
14.600000 11.885526
14.650000 5.977935
14.700000 6.280361
14.750000 -16.347492
14.800000 -3.599447
14.850000 -14.845267
14.900000 1.347808
14.950000 -20.953400
15.000000 9.726314
15.050000 -14.128138
15.100000 11.818853
15.150000 -14.254544
15.200000 2.656738
15.250000 -11.596784
15.300000 -4.255270
15.350000 25.655455
15.400000 -17.182371
15.450000 20.361660
15.500000 4.252329
15.550000 17.120699
15.600000 -3.368207
15.650000 -2.055144
15.700000 16.438791
15.750000 4.748557
15.800000 0.953056
15.850000 -3.252117
15.900000 -1.674682
15.950000 26.248138
16.000000 -3.471097
16.050000 21.101538
16.100000 -3.727568
16.150000 12.171367
16.200000 -3.203558
16.250000 16.198671
16.300000 40.644199
16.350000 -3.358446
16.400000 13.187398
16.450000 23.540461
16.500000 -4.085278
16.550000 -33.757858
16.600000 4.548461
16.650000 16.445467
16.700000 -6.652061
16.750000 2.781124
16.800000 13.146797
16.850000 -8.129753
16.900000 0.513238
16.950000 2.748715
17.000000 -0.377094
17.050000 -6.194571
17.100000 7.732267
17.150000 -5.100818
17.200000 10.544844
17.250000 -20.576639
17.300000 4.896300
17.350000 -13.388581
17.400000 14.081579
17.450000 9.494355
17.500000 9.203495
17.550000 -14.530993
17.600000 5.989960
17.650000 7.185902
17.700000 -3.715904
17.750000 -14.110808
17.800000 1.604219
17.850000 22.126940
17.900000 -20.486080
17.950000 10.311122
18.000000 -22.740078
18.050000 -21.564110
18.100000 -0.133043
18.150000 -14.048175
18.200000 -10.135223
18.250000 -7.354820
18.300000 -32.215023
18.350000 -19.224991
18.400000 -2.690667
18.450000 -13.964583
18.500000 9.602035
18.550000 -2.028616
18.600000 3.991638
18.650000 10.120635
18.700000 3.997085
18.750000 3.071165
18.800000 14.066836
18.850000 16.938955
18.900000 -2.835409
18.950000 3.514817
19.000000 1.931663
19.050000 -14.503807
19.100000 -24.343170
19.150000 -16.447845
19.200000 13.551342
19.250000 -11.668419
19.300000 -1.273508
19.350000 -5.858428
19.400000 -14.110353
19.450000 -22.422810
19.500000 6.430130
19.550000 -19.080990
19.600000 9.250710
19.650000 10.336905
19.700000 18.280054
19.750000 56.445366
19.799999 18.199003
19.849999 21.778860
19.899999 25.215942
19.949999 6.519070
