0.000000 -3.611283
0.050000 3.262191
0.100000 -0.911016
0.150000 -20.644966
0.200000 -8.435660
0.250000 -15.217472
0.300000 1.460796
0.350000 28.537613
0.400000 0.646539
0.450000 2.279075
0.500000 -1.650761
0.550000 -11.435103
0.600000 2.453504
0.650000 4.715211
0.700000 3.224787
0.750000 3.906776
0.800000 2.268504
0.850000 14.266172
0.900000 14.232405
0.950000 -0.365348
1.000000 12.643013
1.050000 3.989367
1.100000 1.190691
1.150000 18.309565
1.200000 -3.665276
1.250000 -0.610062
1.300000 -2.305313
1.350000 9.928665
1.400000 7.519876
1.450000 -11.659614
1.500000 -13.678577
1.550000 16.222479
1.600000 -17.320278
1.650000 -6.742571
1.700000 0.478915
1.750000 1.843855
1.800000 20.021437
1.850000 17.397095
1.900000 -12.463471
1.950000 -16.882748
2.000000 17.384453
2.050000 -13.205213
2.100000 -23.165695
2.150000 -48.538834
2.200000 -34.505928
2.250000 -15.950137
2.300000 13.609034
2.350000 43.551105
2.400000 57.708782
2.450000 95.996849
2.500000 65.370552
2.550000 35.843700
2.600000 -40.831951
2.650000 -103.004654
2.700000 -142.215851
2.750000 -130.495392
2.800000 -103.035759
2.850000 -8.236958
2.900000 75.773659
2.950000 130.015091
3.000000 144.088211
3.050000 92.333832
3.100000 25.222431
3.150000 -17.639002
3.200000 -95.848610
3.250000 -125.742012
3.300000 -86.623772
3.350000 -33.145611
3.400000 43.393139
3.450000 89.136063
3.500000 137.677872
3.550000 107.838112
3.600000 18.168629
3.650000 -37.721474
3.700000 -112.147858
3.750000 -103.050079
3.800000 -69.935371
3.850000 -24.440321
3.900000 55.186840
3.950000 92.879837
4.000000 81.841774
4.050000 72.759735
4.100000 28.552963
4.150000 -38.410980
4.200000 -54.669201
4.250000 -58.032722
4.300000 -47.814095
4.350000 2.919272
4.400000 27.108757
4.450000 10.806461
4.500000 28.425262
4.550000 24.891790
4.600000 6.019917
4.650000 -6.935150
4.700000 -23.249561
4.750000 -20.864532
4.800000 -8.570146
4.850000 11.450459
4.900000 18.083490
4.950000 6.767761
5.000000 1.138521
5.050000 -10.866424
5.100000 0.987513
5.150000 -6.601246
5.200000 0.870880
5.250000 5.976582
5.300000 26.720156
5.350000 -3.101066
5.400000 29.724869
5.450000 -4.553687
5.500000 -7.295227
5.550000 -10.233532
5.600000 4.335471
5.650000 -17.825045
5.700000 -5.229826
5.750000 -22.059990
5.800000 20.734104
5.850000 2.801980
5.900000 -2.771607
5.950000 15.195362
6.000000 13.680882
6.050000 -15.352428
6.100000 -34.825851
6.150000 -1.287795
6.200000 3.346703
6.250000 17.328478
6.300000 -14.003136
6.350000 -18.822187
6.400000 24.757082
6.450000 -13.237276
6.500000 -2.421515
6.550000 -8.037609
6.600000 -7.142186
6.650000 7.061137
6.700000 6.577033
6.750000 0.359681
6.800000 -14.023751
6.850000 1.479419
6.900000 -19.576574
6.950000 -4.152034
7.000000 5.941793
7.050000 15.119407
7.100000 -1.111925
7.150000 11.772767
7.200000 -5.843574
7.250000 11.018855
7.300000 -3.097582
7.350000 -9.388530
7.400000 -9.347222
7.450000 2.542772
7.500000 19.804379
7.550000 -6.076876
7.600000 5.112722
7.650000 6.433501
7.700000 8.045620
7.750000 -4.378376
7.800000 8.192231
7.850000 1.444209
7.900000 -8.559835
7.950000 -9.254663
8.000000 -14.395452
8.050000 4.252634
8.100000 -6.749106
8.150000 18.110159
8.200000 7.192681
8.250000 3.191267
8.300000 8.381472
8.350000 3.289701
8.400000 14.771117
8.450000 14.442703
8.500000 -2.343660
8.550000 -21.482367
8.600000 4.957264
8.650000 1.331405
8.700000 28.605217
8.750000 2.344349
8.800000 2.414007
8.850000 -1.935760
8.900000 0.506520
8.950000 2.279443
9.000000 -2.176538
9.050000 -8.303201
9.100000 -9.781287
9.150000 -24.933266
9.200000 -6.888789
9.250000 19.550745
9.300000 8.515629
9.350000 13.645469
9.400000 16.437836
9.450000 -0.685399
9.500000 -13.228601
9.550000 7.815137
9.600000 -4.752032
9.650000 -4.259809
9.700000 39.842365
9.750000 20.582584
9.800000 18.079243
9.850000 9.335808
9.900000 23.032736
9.950000 6.068203
10.000000 -20.080845
10.050000 19.706551
10.100000 13.539976
10.150000 10.554381
10.200000 -0.546170
10.250000 -7.080076
10.300000 -9.815660
10.350000 7.999246
10.400000 -9.054969
10.450000 -9.526134
10.500000 8.677247
10.550000 14.490928
10.600000 1.657177
10.650000 21.455349
10.700000 8.399072
10.750000 -3.837418
10.800000 29.799368
10.850000 -9.790528
10.900000 -1.205298
10.950000 -0.189140
11.000000 -2.067445
11.050000 9.365829
11.100000 17.325478
11.150000 4.840991
11.200000 8.882044
11.250000 5.240530
11.300000 0.818989
11.350000 -5.539330
11.400000 -29.543989
11.450000 0.166847
11.500000 -1.803020
11.550000 17.681858
11.600000 14.374835
11.650000 -31.787182
11.700000 -2.364798
11.750000 34.390331
11.800000 7.970907
11.850000 14.831632
11.900000 13.086076
11.950000 -8.078188
12.000000 -11.919791
12.050000 14.374520
12.100000 -21.768908
12.150000 6.245576
12.200000 24.059586
12.250000 -10.671773
12.300000 1.591368
12.350000 -10.921294
12.400000 2.094864
12.450000 -17.078707
12.500000 -6.512482
12.550000 -0.830878
12.600000 -11.399584
12.650000 1.049305
12.700000 -19.939938
12.750000 -10.760702
12.800000 7.184545
12.850000 16.644014
12.900000 3.662545
12.950000 -12.954918
13.000000 -13.499379
13.050000 -9.431484
13.100000 7.645914
13.150000 -4.826647
13.200000 10.559149
13.250000 7.175947
13.300000 7.951259
13.350000 5.292125
13.400000 -4.683174
13.450000 9.469665
13.500000 -19.444859
13.550000 -4.599745
13.600000 5.992753
13.650000 -2.931618
13.700000 22.763752
13.750000 1.322674
13.800000 9.912667
13.850000 -1.601526
13.900000 1.421655
13.950000 -18.843912
14.000000 6.098443
14.050000 14.874160
14.100000 11.406463
14.150000 11.447085
14.200000 -4.378769
14.250000 5.419768
14.300000 8.784815
14.350000 -14.044676
14.400000 10.483116
14.450000 -6.525145
14.500000 1.501182
14.550000 -11.298093
14.600000 -16.091969
14.650000 -1.172348
14.700000 12.803491
14.750000 -6.986592
14.800000 -11.553090
14.850000 7.150742
14.900000 18.118326
14.950000 7.816565
15.000000 16.773455
15.050000 14.864479
15.100000 7.149155
15.150000 -8.934036
15.200000 -23.322964
15.250000 -2.100966
15.300000 -10.502090
15.350000 9.986453
15.400000 0.827574
15.450000 -11.291088
15.500000 34.521152
15.550000 0.807495
15.600000 8.792717
15.650000 -6.766674
15.700000 -4.359172
15.750000 -24.505796
15.800000 -8.201000
15.850000 -12.456003
15.900000 18.371475
15.950000 4.778920
16.000000 22.301640
16.050000 3.805191
16.100000 9.123260
16.150000 -18.442974
16.200000 -7.475853
16.250000 -10.009664
16.300000 -6.380954
16.350000 -8.967457
16.400000 -12.799537
16.450000 18.281380
16.500000 -11.162157
16.550000 -2.570781
16.600000 -2.202038
16.650000 12.312531
16.700000 5.292202
16.750000 -25.263243
16.800000 -10.646452
16.850000 -17.452560
16.900000 -10.688705
16.950000 14.410623
17.000000 6.773992
17.050000 12.756188
17.100000 12.679023
17.150000 1.142795
17.200000 2.757090
17.250000 -12.398708
17.300000 -6.969875
17.350000 -3.826952
17.400000 -2.555541
17.450000 -2.137310
17.500000 21.517855
17.550000 9.825907
17.600000 9.115741
17.650000 6.421738
17.700000 17.006590
17.750000 26.351320
17.800000 -10.272329
17.850000 -21.467642
17.900000 -20.419039
17.950000 -4.187202
18.000000 9.170438
18.050000 -5.382644
18.100000 -1.873171
18.150000 10.172749
18.200000 -24.646015
18.250000 9.642196
18.300000 17.965616
18.350000 -14.746011
18.400000 3.336522
18.450000 -10.491417
18.500000 20.125774
18.550000 -6.642487
18.600000 -5.776478
18.650000 0.106247
18.700000 -6.051598
18.750000 -2.846523
18.800000 2.065917
18.850000 3.671056
18.900000 5.525483
18.950000 10.581148
19.000000 7.120858
19.050000 -15.380688
19.100000 -2.533148
19.150000 5.888115
19.200000 0.806742
19.250000 7.009408
19.300000 -1.203920
19.350000 -8.898250
19.400000 13.404419
19.450000 -9.882916
19.500000 -12.943662
19.550000 -3.591555
19.600000 -8.986721
19.650000 2.006268
19.700000 -16.440298
19.750000 4.038357
19.799999 13.445747
19.849999 17.229378
19.899999 -16.828392
19.949999 -5.684080
