0.000000 0.015666
0.050000 -0.039822
0.100000 -0.022685
0.150000 -0.031212
0.200000 -0.003065
0.250000 0.017179
0.300000 -0.023827
0.350000 0.042470
0.400000 -0.037456
0.450000 -0.007655
0.500000 -0.006918
0.550000 0.019535
0.600000 -0.020315
0.650000 -0.018764
0.700000 -0.017414
0.750000 -0.007674
0.800000 -0.005633
0.850000 0.008761
0.900000 0.021250
0.950000 0.016906
1.000000 0.046840
1.050000 -0.042825
1.100000 0.035327
1.150000 0.027621
1.200000 0.009376
1.250000 0.031441
1.300000 0.027113
1.350000 -0.014007
1.400000 0.013730
1.450000 -0.038017
1.500000 0.006744
1.550000 -0.036666
1.600000 -0.012139
1.650000 0.014267
1.700000 0.006181
1.750000 0.001349
1.800000 0.031315
1.850000 -0.005405
1.900000 0.066480
1.950000 0.013781
2.000000 0.027626
2.050000 0.030779
2.100000 -0.033429
2.150000 0.023116
2.200000 -0.017068
2.250000 0.029515
2.300000 0.007730
2.350000 0.050495
2.400000 0.012990
2.450000 -0.022171
2.500000 0.012434
2.550000 -0.038502
2.600000 0.000763
2.650000 0.001229
2.700000 -0.002985
2.750000 0.071875
2.800000 -0.044802
2.850000 -0.006399
2.900000 -0.000365
2.950000 -0.042833
3.000000 -0.025783
3.050000 0.030259
3.100000 0.037682
3.150000 -0.003454
3.200000 -0.024275
3.250000 -0.001793
3.300000 0.033304
3.350000 0.010985
3.400000 0.020905
3.450000 0.022474
3.500000 0.018625
3.550000 0.013808
3.600000 0.042927
3.650000 0.054276
3.700000 0.002854
3.750000 0.026760
3.800000 0.023049
3.850000 0.004382
3.900000 0.003003
3.950000 0.021368
4.000000 0.021058
4.050000 -0.025776
4.100000 0.023003
4.150000 -0.018980
4.200000 -0.037373
4.250000 0.008770
4.300000 -0.023578
4.350000 0.033227
4.400000 -0.012422
4.450000 -0.048477
4.500000 0.016870
4.550000 -0.047862
4.600000 0.008533
4.650000 -0.005014
4.700000 0.007857
4.750000 0.014453
4.800000 -0.008787
4.850000 -0.002072
4.900000 0.003270
4.950000 -0.006798
5.000000 0.031309
5.050000 0.021075
5.100000 0.024515
5.150000 -0.012883
5.200000 0.016019
5.250000 0.021936
5.300000 -0.029164
5.350000 0.010460
5.400000 0.025462
5.450000 -0.029021
5.500000 0.011433
5.550000 0.008017
5.600000 0.000990
5.650000 0.020695
5.700000 -0.006627
5.750000 0.027720
5.800000 -0.008369
5.850000 -0.038036
5.900000 -0.060063
5.950000 0.020636
6.000000 -0.016139
6.050000 -0.044430
6.100000 0.008770
6.150000 -0.041425
6.200000 -0.019168
6.250000 -0.013769
6.300000 -0.001466
6.350000 0.050452
6.400000 0.021989
6.450000 -0.037082
6.500000 0.032864
6.550000 -0.013186
6.600000 -0.024041
6.650000 0.015388
6.700000 0.022472
6.750000 -0.002309
6.800000 -0.012935
6.850000 0.039734
6.900000 -0.001488
6.950000 0.033629
7.000000 0.009998
7.050000 0.010225
7.100000 -0.000543
7.150000 0.059503
7.200000 0.008394
7.250000 0.014018
7.300000 -0.024667
7.350000 -0.011096
7.400000 -0.026733
7.450000 -0.020378
7.500000 -0.017307
7.550000 0.003572
7.600000 -0.012137
7.650000 -0.049454
7.700000 -0.023882
7.750000 -0.010037
7.800000 0.039731
7.850000 -0.021901
7.900000 0.002096
7.950000 -0.011613
7.999999 -0.011002
8.049999 0.002486
8.100000 0.008496
8.150000 0.023275
8.200000 -0.050789
8.250000 -0.030699
8.300000 0.056959
8.350000 0.041811
8.400000 0.035863
8.450000 -0.005547
8.500000 -0.013450
8.549999 -0.001238
8.599999 -0.009184
8.650000 -0.000124
8.700000 0.019996
8.750000 0.016332
8.800000 0.007594
8.850000 -0.016310
8.900000 0.069539
8.950000 -0.019506
9.000000 -0.012016
9.050000 -0.024514
9.099999 -0.010806
9.149999 -0.023592
9.200000 0.029624
9.250000 0.005505
9.300000 -0.005019
9.350000 0.043739
9.400000 -0.024006
9.450000 0.059206
9.500000 0.018429
9.550000 0.011959
9.600000 0.002551
9.649999 -0.030066
9.699999 0.017246
9.750000 -0.011280
9.800000 0.005133
9.850000 -0.000592
9.900000 0.041356
9.950000 -0.032769
10.000000 -0.023168
10.050000 0.002928
10.100000 -0.021505
10.150000 0.037004
10.199999 0.036872
10.249999 0.029295
10.300000 0.005034
10.350000 -0.018819
10.400000 -0.017078
10.450000 0.014440
10.500000 0.022205
10.550000 -0.039348
10.600000 -0.007506
10.650000 -0.032369
10.700000 0.008568
10.749999 -0.011521
10.799999 0.012719
10.849999 0.025023
10.900000 -0.005921
10.950000 0.042553
11.000000 0.002799
11.050000 -0.020105
11.100000 0.004238
11.150000 -0.014572
11.200000 0.018354
11.250000 0.017083
11.299999 0.004718
11.349999 -0.006610
11.399999 0.029505
11.450000 -0.009231
11.500000 -0.007843
11.550000 0.025267
11.600000 -0.006440
11.650000 -0.031677
11.700000 0.021433
11.750000 0.054224
11.800000 0.007823
11.849999 0.028293
11.899999 -0.002824
11.949999 -0.007536
12.000000 0.034067
12.050000 0.054218
12.100000 0.041214
12.150000 0.036138
12.200000 -0.001978
12.250000 0.038641
12.300000 0.021963
12.350000 -0.015310
12.399999 -0.003989
12.449999 0.005354
12.499999 -0.013481
12.550000 -0.003782
12.600000 0.026637
12.650000 -0.025916
12.700000 -0.040864
12.750000 -0.006115
12.800000 0.017074
12.850000 0.002036
12.900000 -0.004833
12.949999 0.047577
12.999999 -0.024309
13.049999 -0.013313
13.100000 0.024014
13.150000 -0.004296
13.200000 -0.002289
13.250000 0.043247
13.300000 0.001852
13.350000 -0.005548
13.400000 -0.027468
13.450000 0.000207
13.499999 0.017114
13.549999 -0.023503
13.599999 0.040766
13.650000 -0.023711
13.700000 -0.026917
13.750000 -0.046450
13.800000 -0.000889
13.850000 0.041125
13.900000 -0.019336
13.950000 -0.051704
14.000000 -0.000083
14.049999 -0.006991
14.099999 0.057245
14.149999 0.030812
14.200000 0.005673
14.250000 -0.007837
14.300000 0.004102
14.350000 0.014445
14.400000 -0.002045
14.450000 0.022234
14.500000 0.007890
14.549999 -0.048153
14.599999 -0.036324
14.649999 0.031147
14.699999 0.005693
14.750000 -0.032537
14.800000 0.001162
14.850000 0.024447
14.900000 -0.008460
14.950000 -0.029000
15.000000 0.013195
15.050000 -0.073134
15.099999 -0.022871
15.149999 -0.011811
15.199999 -0.029027
15.249999 0.025807
15.299999 -0.012688
15.350000 -0.000539
15.400000 0.001608
15.450000 -0.023631
15.500000 -0.039845
15.550000 -0.023803
15.600000 0.016788
15.650000 -0.008581
15.699999 -0.016547
15.750000 -0.008574
15.799999 0.005162
15.850000 0.042115
15.899999 0.002396
15.950000 -0.001321
15.999999 0.053825
16.050000 -0.030273
16.099999 -0.063456
16.150000 0.026280
16.200000 -0.021812
16.249999 0.021954
16.300000 -0.030550
16.349999 0.020239
16.400000 0.052322
16.449999 -0.026139
16.500000 0.030037
16.549999 -0.031122
16.600000 -0.004019
16.649999 0.028295
16.700000 -0.025895
16.750000 -0.045005
16.799999 -0.011627
16.850000 -0.020612
16.899999 -0.003909
16.950000 0.017761
16.999999 -0.009446
17.050000 0.041335
17.099999 -0.042962
17.150000 -0.007177
17.199999 -0.013478
17.250000 0.013139
17.300000 0.052663
17.349999 -0.058051
17.400000 -0.029793
17.449999 -0.026246
17.500000 0.026521
17.549999 0.013038
17.600000 -0.003301
17.649999 0.012827
17.700000 0.022208
17.749999 0.003276
17.800000 0.008322
17.850000 0.030511
17.899999 -0.021993
17.950000 0.026033
17.999999 0.007422
18.050000 0.008668
18.099999 -0.005081
18.150000 0.026224
18.199999 0.004214
18.250000 0.064192
18.299999 0.035520
18.350000 -0.043281
18.400000 0.062952
18.449999 -0.027518
18.500000 0.002752
18.549999 -0.002399
18.600000 -0.006286
18.649999 -0.033320
18.700000 0.012055
18.749999 0.017373
18.800000 0.041023
18.849999 -0.015917
18.900000 -0.022253
18.950000 0.034533
18.999999 -0.035590
19.050000 0.017860
19.099999 0.030082
19.150000 0.015502
19.199999 -0.005920
19.250000 0.021016
19.299999 -0.036772
19.350000 -0.006997
19.399999 -0.021640
19.450000 0.011432
19.500000 0.038333
19.549999 0.003680
19.600000 0.011416
19.649999 0.009180
19.700000 0.014781
19.749999 -0.061541
19.800000 -0.016523
19.849999 -0.001950
19.900000 -0.039183
19.949999 0.009042
