0.000000 -4.180359
0.050000 -0.783733
0.100000 1.211550
0.150000 4.293741
0.200000 -1.442026
0.250000 -1.254009
0.300000 4.034065
0.350000 -4.797244
0.400000 -0.136260
0.450000 3.574861
0.500000 -1.393603
0.550000 3.420374
0.600000 0.609264
0.650000 -3.055767
0.700000 0.854884
0.750000 0.508252
0.800000 3.095853
0.850000 0.568732
0.900000 -2.139812
0.950000 -2.649708
1.000000 -0.632838
1.050000 -2.800143
1.100000 -1.511353
1.150000 -6.302108
1.200000 -0.908798
1.250000 -0.579639
1.300000 -1.039892
1.350000 -0.621009
1.400000 1.578125
1.450000 -0.449837
1.500000 -3.649150
1.550000 2.239805
1.600000 -0.888733
1.650000 -5.789910
1.700000 -3.815005
1.750000 0.963629
1.800000 10.917512
1.850000 2.720234
1.900000 -3.656376
1.950000 -15.402627
2.000000 -7.197865
2.050000 0.835079
2.100000 14.934428
2.150000 2.130533
2.200000 -12.277538
2.250000 -10.775695
2.300000 -0.640611
2.350000 10.199766
2.400000 7.951848
2.450000 -7.892447
2.500000 -8.809031
2.550000 3.281718
2.600000 12.753658
2.650000 12.030505
2.700000 -1.817582
2.750000 -10.890224
2.800000 -1.642828
2.850000 3.495150
2.900000 5.937773
2.950000 2.925404
3.000000 -8.242899
3.050000 -7.944510
3.100000 2.012450
3.150000 5.288089
3.200000 0.932447
3.250000 -8.508572
3.300000 -4.064816
3.350000 6.660724
3.400000 7.250902
3.450000 1.223783
3.500000 -2.348242
3.550000 -3.664949
3.600000 3.088807
3.650000 4.007176
3.700000 4.660236
3.750000 -4.444739
3.800000 3.543415
3.850000 0.917729
3.900000 7.981036
3.950000 11.195066
4.000000 -2.834877
4.050000 -5.677587
4.100000 -1.614258
4.150000 3.609200
4.200000 -3.469198
4.250000 0.504593
4.300000 -3.419849
4.350000 -5.069927
4.400000 5.733527
4.450000 5.269042
4.500000 -1.011335
4.550000 -4.205882
4.600000 -3.103560
4.650000 4.928869
4.700000 -1.774394
4.750000 -1.415385
4.800000 1.774781
4.850000 -2.340646
4.900000 4.366975
4.950000 -2.072616
5.000000 1.531687
5.050000 3.694188
5.100000 -5.839038
5.150000 -5.641596
5.200000 3.294621
5.250000 -4.986254
5.300000 2.303022
5.350000 -2.709920
5.400000 -2.419112
5.450000 -2.534670
5.500000 -4.755503
5.550000 -1.208414
5.600000 -3.436087
5.650000 -2.976315
5.700000 1.468442
5.750000 -0.588006
5.800000 -1.927879
5.850000 1.017368
5.900000 2.654546
5.950000 -2.668016
6.000000 -6.207063
6.050000 -0.247813
6.100000 -1.077898
6.150000 3.962839
6.200000 2.116462
6.250000 4.457299
6.300000 5.389505
6.350000 -0.256765
6.400000 -2.873086
6.450000 3.974060
6.500000 4.738774
6.550000 -1.366214
6.600000 -3.915931
6.650000 -2.083883
6.700000 1.564777
6.750000 0.162006
6.800000 4.703729
6.850000 -3.575613
6.900000 -1.158841
6.950000 -3.266490
7.000000 -1.941981
7.050000 -0.143233
7.100000 -0.329326
7.150000 4.001640
7.200000 -3.914898
7.250000 -4.104186
7.300000 -1.734074
7.350000 1.548438
7.400000 3.360068
7.450000 -2.875236
7.500000 -0.467892
7.550000 3.485822
7.600000 0.599953
7.650000 6.329638
7.700000 1.239730
7.750000 -2.162437
7.800000 1.252613
7.850000 1.105558
7.900000 -0.025504
7.950000 -0.131550
7.999999 0.521826
8.049999 3.067680
8.100000 6.510415
8.150000 -1.916788
8.200000 2.856614
8.250000 0.730407
8.300000 3.790620
8.350000 7.828721
8.400000 2.296540
8.450000 4.363397
8.500000 0.509814
8.549999 1.431813
8.599999 10.345126
8.650000 -5.004831
8.700000 -1.069962
8.750000 2.315479
8.800000 -2.434746
8.850000 -5.096066
8.900000 2.666992
8.950000 -1.969877
9.000000 2.104010
9.050000 2.460719
9.099999 -4.191689
9.149999 -0.623615
9.200000 -1.534469
9.250000 -0.314263
9.300000 -1.145640
9.350000 -3.188277
9.400000 2.167961
9.450000 2.631294
9.500000 1.560777
9.550000 2.761627
9.600000 -2.010895
9.649999 3.994269
9.699999 3.426620
9.750000 2.267828
9.800000 2.579174
9.850000 -3.059644
9.900000 -0.398910
9.950000 -1.393517
10.000000 0.316102
10.050000 -2.232523
10.100000 1.302644
10.150000 -4.722303
10.199999 -4.440684
10.249999 1.161787
10.300000 3.850510
10.350000 -1.050074
10.400000 -2.915323
10.450000 -0.267177
10.500000 5.555672
10.550000 1.176244
10.600000 -3.134396
10.650000 1.507730
10.700000 -0.253721
10.749999 -3.045760
10.799999 1.243004
10.849999 2.629421
10.900000 2.328888
10.950000 5.089554
11.000000 4.083592
11.050000 6.890269
11.100000 0.730109
11.150000 2.650554
11.200000 1.893627
11.250000 4.954380
11.299999 4.542624
11.349999 3.265208
11.399999 -1.265750
11.450000 6.075152
11.500000 0.298528
11.550000 -2.285545
11.600000 -0.393882
11.650000 5.080599
11.700000 5.181252
11.750000 3.400217
11.800000 -1.975275
11.849999 -1.459122
11.899999 -5.574516
11.949999 5.456791
12.000000 -2.673590
12.050000 4.201444
12.100000 3.445488
12.150000 -6.019873
12.200000 -2.620356
12.250000 1.911328
12.300000 -0.423809
12.350000 3.090468
12.399999 -0.705143
12.449999 -3.951043
12.499999 0.336678
12.550000 -3.515973
12.600000 -5.659132
12.650000 2.132906
12.700000 -0.698350
12.750000 0.496937
12.800000 1.944879
12.850000 -5.264230
12.900000 1.665456
12.949999 1.277392
12.999999 -3.015927
13.049999 -2.215435
13.100000 -3.755333
13.150000 0.239767
13.200000 -0.353021
13.250000 2.706459
13.300000 1.133262
13.350000 0.751582
13.400000 -0.974546
13.450000 4.999382
13.499999 -1.188473
13.549999 -0.513185
13.599999 5.580500
13.650000 -0.859922
13.700000 1.561558
13.750000 -2.167926
13.800000 -4.791791
13.850000 0.163829
13.900000 0.876639
13.950000 2.494119
14.000000 2.110713
14.049999 -0.923168
14.099999 -2.719256
14.149999 0.521024
14.200000 1.828019
14.250000 -0.693778
14.300000 -2.401455
14.350000 -4.170198
14.400000 0.795583
14.450000 0.525196
14.500000 -2.675706
14.549999 -4.612187
14.599999 2.186474
14.649999 1.149125
14.699999 2.113857
14.750000 -3.450174
14.800000 -1.737530
14.850000 -0.512248
14.900000 -2.989750
14.950000 -0.744432
15.000000 -4.728874
15.050000 -4.775916
15.099999 -2.964011
15.149999 0.683285
15.199999 -0.664840
15.249999 -1.169298
15.299999 4.564769
15.350000 -4.846553
15.400000 0.450215
15.450000 1.733261
15.500000 -2.610826
15.550000 -2.128360
15.600000 3.872334
15.650000 -6.975671
15.699999 -1.301367
15.750000 -0.901058
15.799999 -4.318065
15.850000 3.865599
15.899999 5.030536
15.950000 -3.367345
15.999999 2.258563
16.050000 2.716273
16.099999 -0.829776
16.150000 1.289186
16.200000 3.109727
16.249999 -4.778275
16.300000 0.936155
16.349999 3.312817
16.400000 -2.703780
16.449999 0.647401
16.500000 5.521630
16.549999 -2.909492
16.600000 3.246978
16.649999 -2.565460
16.700000 3.352776
16.750000 -0.208451
16.799999 2.161636
16.850000 -0.835695
16.899999 -2.929293
16.950000 -1.500012
16.999999 -3.745304
17.050000 5.319172
17.099999 -3.154484
17.150000 -2.478692
17.199999 -1.676561
17.250000 -0.956807
17.300000 -4.608544
17.349999 -4.315776
17.400000 3.119005
17.449999 -2.750813
17.500000 -3.381081
17.549999 0.644353
17.600000 0.858143
17.649999 -2.100682
17.700000 4.966341
17.749999 -2.874889
17.800000 -6.609858
17.850000 -0.923805
17.899999 -2.933039
17.950000 0.935294
17.999999 2.342244
18.050000 -0.159859
18.099999 -1.774605
18.150000 -2.622406
18.199999 -4.201530
18.250000 -6.931682
18.299999 -3.607772
18.350000 1.479066
18.400000 -3.201641
18.449999 -0.663925
18.500000 0.176415
18.549999 -4.986455
18.600000 -4.542604
18.649999 -5.755875
18.700000 0.716672
18.749999 -2.485157
18.800000 -3.639637
18.849999 -3.969805
18.900000 -2.638766
18.950000 1.229120
18.999999 -10.333603
19.050000 -0.894272
19.099999 -2.438643
19.150000 2.424240
19.199999 2.943530
19.250000 -6.798693
19.299999 -2.558339
19.350000 0.116519
19.399999 2.105246
19.450000 -4.465669
19.500000 -1.891719
19.549999 -0.136078
19.600000 -0.994577
19.649999 -1.816591
19.700000 -2.531108
19.749999 -5.102454
19.800000 -2.462051
19.849999 1.564598
19.900000 -6.018905
19.949999 5.171824
