0.000000 10.594436
0.050000 -6.689371
0.100000 -2.113486
0.150000 15.649560
0.200000 -9.262801
0.250000 22.813377
0.300000 -0.378353
0.350000 -20.334040
0.400000 3.218610
0.450000 -13.462964
0.500000 -13.052609
0.550000 -5.400325
0.600000 4.528478
0.650000 19.726316
0.700000 5.109529
0.750000 5.015397
0.800000 18.302223
0.850000 -11.319517
0.900000 6.489158
0.950000 -0.905409
1.000000 13.505198
1.050000 -14.581707
1.100000 -5.869009
1.150000 5.535684
1.200000 15.792452
1.250000 -9.114245
1.300000 10.558935
1.350000 4.140537
1.400000 -17.171854
1.450000 3.212822
1.500000 -3.478053
1.550000 -16.395515
1.600000 -1.372145
1.650000 2.899282
1.700000 10.641135
1.750000 8.252900
1.800000 -7.624740
1.850000 1.785712
1.900000 -8.879338
1.950000 -5.566378
2.000000 -17.377274
2.050000 7.650589
2.100000 -2.818848
2.150000 14.951304
2.200000 -9.993481
2.250000 23.608776
2.300000 18.942949
2.350000 23.730858
2.400000 4.952953
2.450000 10.638255
2.500000 23.661463
2.550000 27.928566
2.600000 8.022831
2.650000 26.734331
2.700000 0.682992
2.750000 1.535139
2.800000 0.059456
2.850000 15.079882
2.900000 18.132879
2.950000 21.361057
3.000000 24.705349
3.050000 30.337811
3.100000 6.227581
3.150000 22.835049
3.200000 22.884651
3.250000 25.758621
3.300000 42.360828
3.350000 39.190933
3.400000 11.585951
3.450000 2.686241
3.500000 7.971266
3.550000 2.835458
3.600000 -21.424852
3.650000 -20.442434
3.700000 -20.708258
3.750000 -41.228859
3.800000 -59.723160
3.850000 -73.786377
3.900000 -63.897961
3.950000 -98.350922
4.000000 -55.884735
4.050000 -75.977570
4.100000 -69.638634
4.150000 -36.390831
4.200000 -25.971571
4.250000 -14.465137
4.300000 5.759297
4.350000 1.872434
4.400000 21.278973
4.450000 54.029812
4.500000 84.597176
4.550000 84.558037
4.600000 94.767548
4.650000 87.998741
4.700000 135.230316
4.750000 93.654274
4.800000 115.852379
4.850000 129.441986
4.900000 87.070953
4.950000 121.789505
5.000000 115.876938
5.050000 59.066689
5.100000 47.960247
5.150000 38.385551
5.200000 -1.627239
5.250000 6.422819
5.300000 -34.559265
5.350000 -56.850132
5.400000 -68.567192
5.450000 -83.754890
5.500000 -89.344543
5.550000 -110.419899
5.600000 -98.935463
5.650000 -110.263748
5.700000 -124.617500
5.750000 -124.894852
5.800000 -92.477066
5.850000 -127.140289
5.900000 -73.571136
5.950000 -59.952469
6.000000 -23.407022
6.050000 -49.724655
6.100000 -34.489971
6.150000 32.246979
6.200000 8.535653
6.250000 29.768164
6.300000 20.764696
6.350000 30.939877
6.400000 72.559380
6.450000 68.963936
6.500000 79.287102
6.550000 33.889149
6.600000 50.406120
6.650000 56.140785
6.700000 48.545490
6.750000 53.560215
6.800000 35.722435
6.850000 38.932896
6.900000 26.116041
6.950000 -1.106247
7.000000 25.072090
7.050000 41.140881
7.100000 13.885911
7.150000 -6.795122
7.200000 -6.348594
7.250000 -21.081347
7.300000 9.519650
7.350000 -30.146099
7.400000 -25.945496
7.450000 -17.750710
7.500000 -33.346291
7.550000 -18.939365
7.600000 14.288588
7.650000 -13.661154
7.700000 -8.036398
7.750000 -21.001923
7.800000 -3.311088
7.850000 -3.412572
7.900000 -1.184620
7.950000 4.173553
7.999999 1.999349
8.049999 2.861304
8.100000 8.104660
8.150000 15.963587
8.200000 10.748590
8.250000 -2.774056
8.300000 12.075818
8.350000 31.546925
8.400000 31.974867
8.450000 -6.558064
8.500000 -12.150545
8.549999 -3.522707
8.599999 8.007813
8.650000 15.983561
8.700000 6.264617
8.750000 -14.211201
8.800000 -11.025762
8.850000 14.571240
8.900000 12.313857
8.950000 -1.894177
9.000000 -30.513493
9.050000 -17.949249
9.099999 -6.697807
9.149999 -14.287326
9.200000 -11.498317
9.250000 22.266407
9.300000 -5.632752
9.350000 3.081026
9.400000 7.619307
9.450000 4.148486
9.500000 -1.556585
9.550000 -9.517591
9.600000 -10.814743
9.649999 5.053395
9.699999 -16.572079
9.750000 25.119793
9.800000 -1.605228
9.850000 -1.515401
9.900000 11.390343
9.950000 -9.953472
10.000000 1.990589
10.050000 11.927388
10.100000 13.018741
10.150000 19.208366
10.199999 -1.289028
10.249999 -11.132260
10.300000 8.647884
10.350000 -7.932933
10.400000 -6.215729
10.450000 2.439520
10.500000 -11.208597
10.550000 -10.934114
10.600000 -3.225219
10.650000 -8.728702
10.700000 -2.417696
10.749999 12.694925
10.799999 -0.749244
10.849999 -1.884427
10.900000 -7.986969
10.950000 21.334866
11.000000 2.948064
11.050000 -4.622157
11.100000 -5.943219
11.150000 12.210682
11.200000 10.272818
11.250000 -13.560976
11.299999 -4.029321
11.349999 24.864813
11.399999 16.035501
11.450000 19.982714
11.500000 3.394984
11.550000 8.262731
11.600000 5.559004
11.650000 8.846779
11.700000 22.673264
11.750000 11.507676
11.800000 12.557835
11.849999 -8.031874
11.899999 7.701340
11.949999 12.224194
12.000000 -15.425007
12.050000 29.497145
12.100000 -7.885392
12.150000 -4.958702
12.200000 -13.297493
12.250000 7.449723
12.300000 -13.446286
12.350000 13.319520
12.399999 15.590441
12.449999 15.698571
12.499999 7.940316
12.550000 -22.395561
12.600000 10.619164
12.650000 -12.516353
12.700000 16.723082
12.750000 -9.043447
12.800000 -0.461917
12.850000 -8.139091
12.900000 7.295384
12.949999 10.902521
12.999999 2.365004
13.049999 2.156920
13.100000 -27.049788
13.150000 6.967067
13.200000 -13.680606
13.250000 10.110956
13.300000 -21.021652
13.350000 17.803120
13.400000 6.044243
13.450000 -3.702194
13.499999 -13.727451
13.549999 23.101665
13.599999 -10.658354
13.650000 -2.244734
13.700000 5.859639
13.750000 13.077174
13.800000 14.259094
13.850000 -8.711930
13.900000 7.356265
13.950000 20.756704
14.000000 23.746014
14.049999 -5.138696
14.099999 0.800333
14.149999 -23.328123
14.200000 9.360271
14.250000 -16.408449
14.300000 11.384723
14.350000 -2.118197
14.400000 3.129063
14.450000 8.383489
14.500000 -1.896310
14.549999 10.822485
14.599999 -22.609930
14.649999 13.836744
14.699999 14.142760
14.750000 -32.671837
14.800000 15.485721
14.850000 18.938967
14.900000 -18.822897
14.950000 -0.509983
15.000000 10.204284
15.050000 12.010370
15.099999 -8.101586
15.149999 0.903904
15.199999 -21.442167
15.249999 -5.633811
15.299999 0.582275
15.350000 -2.808044
15.400000 14.874454
15.450000 -4.854354
15.500000 -2.087132
15.550000 -11.541423
15.600000 6.586957
15.650000 -21.080204
15.699999 13.362763
15.750000 -11.544547
15.799999 7.071310
15.850000 16.525589
15.899999 -2.985415
15.950000 -9.527706
15.999999 -6.703669
16.050000 -16.957262
16.099999 -4.468390
16.150000 4.976121
16.200000 14.247728
16.249999 2.795745
16.300000 15.144403
16.349999 -3.314553
16.400000 8.958468
16.449999 20.584478
16.500000 -15.146399
16.549999 3.942206
16.600000 -17.912907
16.649999 11.351719
16.700000 -23.611790
16.750000 -42.354439
16.799999 -22.066162
16.850000 -24.142611
16.899999 2.462241
16.950000 -10.729009
16.999999 -7.894222
17.050000 4.424735
17.099999 -2.371992
17.150000 20.261202
17.199999 -2.779859
17.250000 21.372377
17.300000 14.480603
17.349999 -7.841053
17.400000 -4.411773
17.449999 22.282810
17.500000 6.115737
17.549999 3.672639
17.600000 11.918940
17.649999 28.410099
17.700000 11.896153
17.749999 -5.859201
17.800000 11.692955
17.850000 -5.431406
17.899999 -5.348651
17.950000 18.117809
17.999999 22.915844
18.050000 -17.234581
18.099999 8.631880
18.150000 -1.326835
18.199999 -16.887495
18.250000 -16.785088
18.299999 -18.306915
18.350000 -4.895086
18.400000 -4.946403
18.449999 -0.352130
18.500000 2.729864
18.549999 1.313872
18.600000 -8.154371
18.649999 -12.392677
18.700000 18.399090
18.749999 16.597675
18.800000 -19.702551
18.849999 1.844752
18.900000 4.823346
18.950000 -2.387753
18.999999 -2.337467
19.050000 6.894352
19.099999 -6.798987
19.150000 -3.147013
19.199999 -4.763813
19.250000 13.657992
19.299999 -14.986244
19.350000 -22.126181
19.399999 -12.516435
19.450000 15.637399
19.500000 4.065905
19.549999 0.737130
19.600000 -17.035723
19.649999 -21.597275
19.700000 -10.754003
19.749999 -0.831151
19.800000 -7.833332
19.849999 -5.814646
19.900000 5.543238
19.949999 -7.419137
