0.000000 0.129244
0.050000 -0.222271
0.100000 0.021174
0.150000 0.009617
0.200000 0.158441
0.250000 -0.139010
0.300000 0.021551
0.350000 -0.016487
0.400000 -0.109312
0.450000 -0.100556
0.500000 -0.160346
0.550000 -0.118898
0.600000 -0.080870
0.650000 -0.066770
0.700000 0.023803
0.750000 0.064593
0.800000 0.091019
0.850000 0.050262
0.900000 -0.008374
0.950000 0.055942
1.000000 0.051891
1.050000 0.041710
1.100000 -0.062413
1.150000 0.023183
1.200000 0.031105
1.250000 0.030189
1.300000 -0.023700
1.350000 0.006864
1.400000 0.177073
1.450000 -0.031555
1.500000 0.068710
1.550000 -0.024886
1.600000 0.010718
1.650000 0.117546
1.700000 -0.007646
1.750000 -0.012648
1.800000 -0.006734
1.850000 0.132311
1.900000 0.038897
1.950000 -0.049898
2.000000 0.038847
2.050000 -0.039039
2.100000 -0.022510
2.150000 -0.190692
2.200000 -0.012829
2.250000 0.006214
2.300000 -0.108952
2.350000 0.145513
2.400000 0.012376
2.450000 -0.025724
2.500000 0.177945
2.550000 0.086100
2.600000 0.005763
2.650000 0.253231
2.700000 -0.052443
2.750000 -0.134793
2.800000 -0.015428
2.850000 0.094255
2.900000 -0.027076
2.950000 0.055734
3.000000 -0.111927
3.050000 -0.089231
3.100000 -0.054035
3.150000 -0.128087
3.200000 -0.109571
3.250000 -0.142337
3.300000 -0.042819
3.350000 0.078464
3.400000 0.034758
3.450000 0.206021
3.500000 0.081325
3.550000 0.057704
3.600000 0.143191
3.650000 0.086684
3.700000 0.045428
3.750000 0.176090
3.800000 -0.168351
3.850000 0.198217
3.900000 0.109520
3.950000 -0.132199
4.000000 -0.055529
4.050000 -0.176894
4.100000 -0.351783
4.150000 -0.237112
4.200000 -0.137096
4.250000 -0.390264
4.300000 -0.298003
4.350000 -0.178277
4.400000 -0.090102
4.450000 -0.050346
4.500000 0.081074
4.550000 0.131288
4.600000 0.183554
4.650000 0.439278
4.700000 0.405163
4.750000 0.289929
4.800000 0.167767
4.850000 0.261096
4.900000 0.184425
4.950000 0.212035
5.000000 0.110520
5.050000 0.029356
5.100000 -0.121807
5.150000 -0.404759
5.200000 -0.486711
5.250000 -0.442484
5.300000 -0.383498
5.350000 -0.407419
5.400000 -0.370295
5.450000 -0.127114
5.500000 -0.162790
5.550000 0.087240
5.600000 0.026454
5.650000 0.310931
5.700000 0.172232
5.750000 0.344176
5.800000 0.307579
5.850000 0.129817
5.900000 0.386040
5.950000 0.357568
6.000000 0.076686
6.050000 0.028064
6.100000 -0.030546
6.150000 -0.146462
6.200000 -0.334259
6.250000 -0.178690
6.300000 -0.294457
6.350000 -0.252513
6.400000 -0.300912
6.450000 -0.177266
6.500000 -0.026683
6.550000 0.031204
6.600000 0.030809
6.650000 0.077254
6.700000 0.083752
6.750000 0.373646
6.800000 0.083583
6.850000 0.158369
6.900000 0.263860
6.950000 0.002342
7.000000 0.070124
7.050000 0.229505
7.100000 -0.203136
7.150000 0.025661
7.200000 -0.098007
7.250000 0.099614
7.300000 -0.023459
7.350000 -0.201782
7.400000 -0.063918
7.450000 -0.088135
7.500000 -0.167403
7.550000 -0.000907
7.600000 0.074911
7.650000 0.238798
7.700000 0.216261
7.750000 0.168382
7.800000 0.184155
7.850000 0.142398
7.900000 0.034030
7.950000 -0.087239
8.000000 0.068351
8.050000 0.099704
8.100000 0.084461
8.150000 0.054323
8.200000 -0.126079
8.250000 0.034360
8.300000 -0.016489
8.350000 -0.030053
8.400000 0.133872
8.450000 -0.086931
8.500000 0.020433
8.550000 -0.096626
8.600000 0.143941
8.650000 -0.098607
8.700000 -0.009301
8.750000 0.116085
8.800000 0.135068
8.850000 0.063042
8.900000 -0.010711
8.950000 0.104673
9.000000 -0.057405
9.050000 -0.167840
9.100000 0.008945
9.150000 0.027199
9.200000 -0.082492
9.250000 0.037791
9.300000 -0.024337
9.350000 0.018425
9.400000 0.200597
9.450000 -0.017844
9.500000 0.034407
9.550000 0.116494
9.600000 -0.084853
9.650000 0.105385
9.700000 0.083160
9.750000 0.002155
9.800000 0.048339
9.850000 0.052132
9.900000 -0.064067
9.950000 0.043729
10.000000 -0.178726
10.050000 -0.141117
10.100000 0.041348
10.150000 -0.098125
10.200000 -0.113098
10.250000 -0.055116
10.300000 0.089049
10.350000 0.041956
10.400000 -0.005876
10.450000 -0.059835
10.500000 0.008548
10.550000 -0.103371
10.600000 0.091544
10.650000 0.011411
10.700000 0.102246
10.750000 -0.153427
10.800000 0.033371
10.850000 -0.112339
10.900000 -0.013650
10.950000 -0.021031
11.000000 -0.012001
11.050000 0.008285
11.100000 0.024591
11.150000 0.160403
11.200000 -0.151299
11.250000 0.023279
11.300000 -0.016163
11.350000 0.151872
11.400000 0.099072
11.450000 0.050061
11.500000 0.104527
11.550000 0.137772
11.600000 0.105294
11.650000 0.133568
11.700000 0.022030
11.750000 -0.115909
11.800000 -0.001098
11.850000 -0.052793
11.900000 0.011501
11.950000 -0.137486
12.000000 0.123845
12.050000 -0.173487
12.100000 -0.134599
12.150000 0.042008
12.200000 0.038904
12.250000 -0.102712
12.300000 -0.057519
12.350000 0.221614
12.400000 0.075543
12.450000 -0.071724
12.500000 0.110433
12.550000 0.134625
12.600000 -0.034177
12.650000 -0.065851
12.700000 0.028616
12.750000 -0.113602
12.800000 -0.009368
12.850000 -0.178301
12.900000 -0.070906
12.950000 0.016599
13.000000 0.103454
13.050000 -0.085812
13.100000 -0.014197
13.150000 0.139248
13.200000 -0.128222
13.250000 0.181412
13.300000 -0.121436
13.350000 -0.039951
13.400000 0.133246
13.450000 0.003210
13.500000 0.065778
13.550000 0.277271
13.600000 0.116145
13.650000 -0.012007
13.700000 -0.008230
13.750000 -0.133736
13.800000 0.069677
13.850000 0.034417
13.900000 -0.103525
13.950000 0.043858
14.000000 -0.010323
14.050000 0.019767
14.100000 -0.116389
14.150000 -0.011824
14.200000 -0.079684
14.250000 0.017917
14.300000 0.036008
14.350000 -0.092777
14.400000 0.024484
14.450000 -0.010760
14.500000 0.058732
14.550000 0.091611
14.600000 0.124656
14.650000 -0.033864
14.700000 0.160791
14.750000 -0.064769
14.800000 0.131166
14.850000 -0.071161
14.900000 0.100139
14.950000 -0.034511
15.000000 0.062011
15.050000 0.045326
15.100000 -0.107350
15.150000 -0.068873
15.200000 -0.020270
15.250000 0.005869
15.300000 0.013872
15.350000 0.025337
15.400000 0.003456
15.450000 -0.097779
15.500000 0.026345
15.550000 0.024756
15.600000 -0.040284
15.650000 0.071051
15.700000 -0.009932
15.750000 0.089445
15.800000 0.058406
15.850000 -0.024992
15.900000 -0.025563
15.950000 0.040338
16.000000 0.082716
16.050000 -0.000108
16.100000 -0.014939
16.150000 -0.067994
16.200000 -0.188950
16.250000 -0.072241
16.300000 -0.070038
16.350000 0.086318
16.400000 0.010631
16.450000 0.064937
16.500000 -0.015257
16.550000 0.029155
16.600000 -0.115709
16.650000 -0.042926
16.700000 -0.118237
16.750000 -0.165339
16.800000 0.127041
16.850000 0.035980
16.900000 -0.064757
16.950000 0.089992
17.000000 -0.086157
17.050000 0.048125
17.100000 -0.178787
17.150000 0.040468
17.200000 -0.118286
17.250000 0.112160
17.300000 -0.058229
17.350000 -0.132861
17.400000 -0.007403
17.450000 0.151535
17.500000 0.011760
17.550000 0.033878
17.600000 0.182233
17.650000 -0.162415
17.700000 0.079948
17.750000 0.016946
17.800000 -0.051236
17.850000 -0.064901
17.900000 -0.025675
17.950000 -0.143997
18.000000 -0.130467
18.050000 -0.001437
18.100000 0.039759
18.150000 0.056998
18.200000 -0.157561
18.250000 -0.016740
18.300000 0.008498
18.350000 -0.106480
18.400000 0.030380
18.450000 -0.014337
18.500000 -0.078334
18.550000 0.159991
18.600000 0.216514
18.650000 0.059850
18.700000 0.090841
18.750000 -0.140838
18.800000 -0.039816
18.850000 -0.037754
18.900000 -0.148531
18.950000 0.072270
19.000000 0.035379
19.050000 -0.030180
19.100000 -0.055433
19.150000 0.117668
19.200000 -0.137770
19.250000 -0.122159
19.300000 0.036681
19.350000 -0.182474
19.400000 -0.022765
19.450000 0.011474
19.500000 -0.168704
19.550000 0.049270
19.600000 -0.002955
19.650000 0.166306
19.700000 0.041319
19.750000 0.064793
19.799999 -0.061172
19.849999 0.105884
19.899999 -0.087357
19.949999 0.041540
