0.000000 48.083759
0.050000 38.534599
0.100000 10.832397
0.150000 0.592921
0.200000 -9.749648
0.250000 -11.099089
0.300000 6.718453
0.350000 -97.247185
0.400000 1.114082
0.450000 1.734707
0.500000 4.310338
0.550000 35.259697
0.600000 60.873787
0.650000 49.053993
0.700000 24.388597
0.750000 15.696150
0.800000 -1.963022
0.850000 58.574429
0.900000 17.716679
0.950000 -27.167780
1.000000 -52.651203
1.050000 34.748890
1.100000 -9.696975
1.150000 -22.131245
1.200000 26.099056
1.250000 -14.096994
1.300000 -51.808144
1.350000 -8.323185
1.400000 -65.250107
1.450000 -18.297461
1.500000 -28.324766
1.550000 35.154522
1.600000 48.973534
1.650000 10.734805
1.700000 -13.654058
1.750000 -36.647667
1.800000 10.702978
1.850000 -33.606339
1.900000 -3.978009
1.950000 15.780175
2.000000 -12.801107
2.050000 11.342597
2.100000 0.101718
2.150000 6.149920
2.200000 -48.865845
2.250000 -22.589235
2.300000 44.417961
2.350000 -27.924875
2.400000 -0.136870
2.450000 -11.625835
2.500000 -49.772877
2.550000 -60.085213
2.600000 -60.040257
2.650000 -126.524620
2.700000 -113.630272
2.750000 -59.123360
2.800000 -91.866379
2.850000 34.616188
2.900000 65.431694
2.950000 171.158066
3.000000 250.676971
3.050000 353.697968
3.100000 379.724670
3.150000 434.356049
3.200000 369.662323
3.250000 335.562531
3.300000 174.772537
3.350000 84.529320
3.400000 -96.483223
3.450000 -197.405701
3.500000 -379.449615
3.550000 -418.977631
3.600000 -447.508850
3.650000 -396.370880
3.700000 -425.944763
3.750000 -249.165665
3.800000 -157.443771
3.850000 -62.204239
3.900000 91.219643
3.950000 199.157501
4.000000 226.808777
4.050000 300.951447
4.100000 262.305634
4.150000 258.925293
4.200000 152.300598
4.250000 90.053780
4.300000 50.084499
4.350000 -60.589649
4.400000 -107.364769
4.450000 -134.603683
4.500000 -126.657547
4.550000 -68.405632
4.600000 -10.937921
4.650000 -11.452322
4.700000 17.157755
4.750000 24.090631
4.800000 34.824001
4.850000 82.072884
4.900000 52.727695
4.950000 50.906246
5.000000 22.264532
5.050000 19.671444
5.100000 34.487213
5.150000 -18.309370
5.200000 -7.699537
5.250000 -49.280674
5.300000 -27.836323
5.350000 21.989788
5.400000 -22.685055
5.450000 67.888985
5.500000 77.829063
5.550000 38.285332
5.600000 97.112831
5.650000 51.836845
5.700000 64.390862
5.750000 6.956876
5.800000 77.025322
5.850000 36.040939
5.900000 3.236653
5.950000 44.057972
6.000000 -35.042500
6.050000 -15.922983
6.100000 4.412078
6.150000 15.753755
6.200000 13.620783
6.250000 20.778860
6.300000 51.198975
6.350000 13.198012
6.400000 20.714115
6.450000 8.364258
6.500000 36.023609
6.550000 8.683617
6.600000 -3.837889
6.650000 -28.740747
6.700000 36.675690
6.750000 23.905010
6.800000 28.832952
6.850000 -39.867058
6.900000 27.753986
6.950000 1.784148
7.000000 3.541313
7.050000 2.041035
7.100000 -27.277340
7.150000 -67.014175
7.200000 -11.647711
7.250000 -33.458954
7.300000 -34.660866
7.350000 -32.659637
7.400000 -32.273609
7.450000 -37.807743
7.500000 1.325153
7.550000 -16.307018
7.600000 -0.061796
7.650000 2.990334
7.700000 -18.596878
7.750000 50.336723
7.800000 32.043133
7.850000 43.209858
7.900000 34.221294
7.950000 69.430794
7.999999 17.585480
8.049999 52.594528
8.100000 45.053402
8.150000 41.486496
8.200000 0.427192
8.250000 12.721017
8.300000 5.742278
8.350000 -77.840126
8.400000 -20.663961
8.450000 -102.748512
8.500000 -15.047224
8.549999 -25.203882
8.599999 -49.577545
8.650000 -39.277447
8.700000 48.211163
8.750000 19.104105
8.800000 26.817558
8.850000 22.822561
8.900000 0.760877
8.950000 37.500465
9.000000 -20.065428
9.050000 37.960312
9.099999 45.159241
9.149999 48.318012
9.200000 16.864986
9.250000 1.921535
9.300000 -20.479223
9.350000 7.538679
9.400000 -19.527863
9.450000 -7.561611
9.500000 12.134769
9.550000 61.621754
9.600000 -0.456446
9.649999 -18.411638
9.699999 -7.193857
9.750000 -16.171944
9.800000 0.905235
9.850000 -30.778484
9.900000 5.172147
9.950000 -14.433313
10.000000 27.385590
10.050000 -29.424013
10.100000 24.032667
10.150000 -34.888523
10.199999 -35.617924
10.249999 4.943233
10.300000 -36.463272
10.350000 -32.705746
10.400000 -41.179230
10.450000 -1.621776
10.500000 -2.816883
10.550000 -10.896188
10.600000 -21.373886
10.650000 68.028465
10.700000 -13.131948
10.749999 3.764469
10.799999 12.344684
10.849999 -37.058468
10.900000 1.935241
10.950000 -23.698591
11.000000 -27.482317
11.050000 6.533310
11.100000 -58.895061
11.150000 49.577797
11.200000 25.116964
11.250000 -4.883276
11.299999 17.804977
11.349999 -9.486702
11.399999 19.884068
11.450000 -10.277211
11.500000 -32.722862
11.550000 -13.466663
11.600000 13.019520
11.650000 20.503214
11.700000 -5.904834
11.750000 -9.035749
11.800000 15.965999
11.849999 25.210217
11.899999 -6.692414
11.949999 14.248361
12.000000 -6.322726
12.050000 40.691639
12.100000 24.377590
12.150000 14.290992
12.200000 -17.839270
12.250000 9.032137
12.300000 28.079685
12.350000 11.400565
12.399999 28.163925
12.449999 -17.840422
12.499999 0.397319
12.550000 -7.611140
12.600000 -7.818239
12.650000 1.277384
12.700000 36.107098
12.750000 -14.378684
12.800000 40.818634
12.850000 30.029562
12.900000 27.825546
12.949999 28.847874
12.999999 -1.197897
13.049999 -28.788731
13.100000 4.840994
13.150000 21.107342
13.200000 -2.966981
13.250000 27.167208
13.300000 35.012913
13.350000 -42.923492
13.400000 8.290742
13.450000 -10.780264
13.499999 -65.108925
13.549999 -67.511040
13.599999 17.148096
13.650000 -21.935556
13.700000 -8.341702
13.750000 8.833947
13.800000 -18.052706
13.850000 12.661594
13.900000 -19.879776
13.950000 57.495026
14.000000 -49.421921
14.049999 20.888790
14.099999 7.427386
14.149999 -36.453186
14.200000 41.943012
14.250000 -1.325637
14.300000 50.043461
14.350000 -26.250818
14.400000 15.264771
14.450000 26.568058
14.500000 -32.568424
14.549999 -3.639231
14.599999 -19.923573
14.649999 -44.013386
14.699999 -39.965923
14.750000 -17.534269
14.800000 3.754582
14.850000 -6.835392
14.900000 -43.565849
14.950000 -16.101370
15.000000 -6.884111
15.050000 40.287285
15.099999 -31.912645
15.149999 25.893118
15.199999 9.475713
15.249999 35.315388
15.299999 37.448044
15.350000 11.118478
15.400000 -28.478710
15.450000 -3.399752
15.500000 1.883138
15.550000 -32.759235
15.600000 13.147697
15.650000 13.728789
15.699999 -8.682635
15.750000 -33.705109
15.799999 22.875149
15.850000 -34.183308
15.899999 4.903182
15.950000 34.088718
15.999999 23.044926
16.050000 67.126656
16.099999 59.219738
16.150000 23.283701
16.200000 57.282593
16.249999 -15.167239
16.300000 1.597189
16.349999 -9.718420
16.400000 -13.743537
16.449999 9.049705
16.500000 1.731223
16.549999 11.025178
16.600000 2.750921
16.649999 -34.782330
16.700000 21.911839
16.750000 1.050743
16.799999 -18.160465
16.850000 43.416805
16.899999 28.828939
16.950000 18.589684
16.999999 49.949955
17.050000 104.634850
17.099999 1.626562
17.150000 -6.541343
17.199999 65.073814
17.250000 -14.224647
17.300000 14.944229
17.349999 17.790644
17.400000 -59.265781
17.449999 3.411612
17.500000 -27.379452
17.549999 -10.827809
17.600000 -37.930393
17.649999 -4.961296
17.700000 -50.133965
17.749999 0.713994
17.800000 11.353116
17.850000 -29.471270
17.899999 44.755260
17.950000 -18.864405
17.999999 9.102287
18.050000 -41.087341
18.099999 6.374299
18.150000 47.130264
18.199999 27.447453
18.250000 28.998920
18.299999 66.028664
18.350000 12.093699
18.400000 22.768188
18.449999 37.545895
18.500000 36.953976
18.549999 15.954734
18.600000 -25.908691
18.649999 -62.033890
18.700000 18.742918
18.749999 -71.797012
18.800000 -35.789890
18.849999 -58.223663
18.900000 -16.489908
18.950000 -48.616009
18.999999 14.527633
19.050000 53.108173
19.099999 52.873249
19.150000 80.753357
19.199999 46.252842
19.250000 41.224712
19.299999 10.227187
19.350000 -39.283195
19.399999 -14.360906
19.450000 -48.004704
19.500000 -45.617424
19.549999 -87.074745
19.600000 -69.732849
19.649999 -32.066589
19.700000 -36.570904
19.749999 -47.820583
19.800000 -58.598949
19.849999 4.045772
19.900000 -29.231842
19.949999 28.271849
