0.000000 0.752764
0.050000 0.289024
0.100000 -0.318352
0.150000 0.166017
0.200000 -0.064796
0.250000 0.704115
0.300000 0.506418
0.350000 0.627557
0.400000 0.097144
0.450000 0.033486
0.500000 0.072886
0.550000 -0.045369
0.600000 -0.449208
0.650000 0.127837
0.700000 -0.097205
0.750000 0.386562
0.800000 0.176790
0.850000 0.275620
0.900000 0.198815
0.950000 0.065612
1.000000 0.268269
1.050000 -0.291277
1.100000 0.034895
1.150000 -0.058860
1.200000 0.083364
1.250000 -0.032878
1.300000 0.225440
1.350000 -0.145657
1.400000 -0.059845
1.450000 -0.404198
1.500000 0.165891
1.550000 -0.110024
1.600000 -0.171015
1.650000 0.079717
1.700000 0.425518
1.750000 0.005562
1.800000 0.377340
1.850000 0.032315
1.900000 0.082821
1.950000 0.364009
2.000000 -0.040083
2.050000 -0.271336
2.100000 -0.057653
2.150000 -0.378008
2.200000 -0.091324
2.250000 0.056630
2.300000 -0.045032
2.350000 -0.248794
2.400000 -0.183293
2.450000 0.118654
2.500000 0.630452
2.550000 -0.131976
2.600000 0.164608
2.650000 -0.071524
2.700000 0.276451
2.750000 -0.220849
2.800000 0.014582
2.850000 -0.279348
2.900000 -0.588604
2.950000 -0.632845
3.000000 -0.571354
3.050000 -0.321892
3.100000 -0.292086
3.150000 0.735129
3.200000 0.876191
3.250000 1.198810
3.300000 1.291537
3.350000 1.554411
3.400000 1.382074
3.450000 1.082789
3.500000 0.457003
3.550000 -0.153308
3.600000 -1.174149
3.650000 -1.314558
3.700000 -1.910755
3.750000 -2.580057
3.800000 -2.242198
3.850000 -1.981753
3.900000 -1.304166
3.950000 -0.167009
4.000000 0.472627
4.050000 1.133093
4.100000 1.977259
4.150000 2.373074
4.200000 1.964915
4.250000 2.096236
4.300000 1.875322
4.350000 0.974012
4.400000 0.509778
4.450000 -0.554824
4.500000 -0.797297
4.550000 -1.155622
4.600000 -1.253534
4.650000 -1.707345
4.700000 -1.393473
4.750000 -1.630974
4.800000 -0.909295
4.850000 -0.054959
4.900000 0.126149
4.950000 0.969805
5.000000 1.190553
5.050000 1.346900
5.100000 1.415214
5.150000 1.851769
5.200000 1.198933
5.250000 0.902253
5.300000 0.731141
5.350000 0.148849
5.400000 -0.259513
5.450000 -0.635820
5.500000 -0.845136
5.550000 -0.658016
5.600000 -1.052549
5.650000 -0.549971
5.700000 -0.487391
5.750000 -0.099700
5.800000 -0.015098
5.850000 0.447531
5.900000 0.836865
5.950000 1.023200
6.000000 1.131404
6.050000 1.395256
6.100000 1.167688
6.150000 0.743545
6.200000 0.563033
6.250000 0.298500
6.300000 -0.026268
6.350000 -0.683083
6.400000 -0.979689
6.450000 -0.736958
6.500000 -0.246768
6.550000 -0.265954
6.600000 -0.261759
6.650000 -0.353841
6.700000 0.321397
6.750000 0.208774
6.800000 0.244195
6.850000 0.453631
6.900000 0.370836
6.950000 0.539799
7.000000 0.170307
7.050000 0.147610
7.100000 0.133231
7.150000 0.029912
7.200000 0.125979
7.250000 -0.564918
7.300000 -0.298310
7.350000 -0.174069
7.400000 0.105168
7.450000 -0.249095
7.500000 -0.452744
7.550000 -0.258452
7.600000 -0.137065
7.650000 -0.028877
7.700000 -0.112953
7.750000 0.257488
7.800000 0.389030
7.850000 -0.110183
7.900000 0.306351
7.950000 0.378428
8.000000 0.281205
8.050000 0.245502
8.100000 -0.387776
8.150000 -0.265116
8.200000 -0.344297
8.250000 -0.334563
8.300000 -0.120378
8.350000 0.379051
8.400000 0.196176
8.450000 -0.170018
8.500000 -0.288002
8.550000 -0.141331
8.600000 0.026929
8.650000 -0.338688
8.700000 0.287818
8.750000 0.028234
8.800000 -0.404732
8.850000 0.165816
8.900000 0.111285
8.950000 -0.050524
9.000000 0.250699
9.050000 -0.086142
9.100000 -0.170385
9.150000 -0.266215
9.200000 -0.162832
9.250000 -0.069287
9.300000 -0.097771
9.350000 0.250687
9.400000 -0.311290
9.450000 -0.346994
9.500000 -0.105699
9.550000 -0.206707
9.600000 -0.375101
9.650000 -0.421887
9.700000 -0.255851
9.750000 0.131396
9.800000 0.117312
9.850000 0.366470
9.900000 0.111115
9.950000 0.487238
10.000000 0.231974
10.050000 0.019163
10.100000 -0.014560
10.150000 -0.203853
10.200000 0.068932
10.250000 -0.086316
10.300000 -0.454229
10.350000 -0.377553
10.400000 0.187323
10.450000 -0.132705
10.500000 0.018560
10.550000 -0.339989
10.600000 -0.061260
10.650000 -0.107477
10.700000 0.612501
10.750000 0.387276
10.800000 0.146266
10.850000 0.395190
10.900000 0.175405
10.950000 -0.330611
11.000000 -0.252660
11.050000 0.216743
11.100000 0.037949
11.150000 -0.316155
11.200000 -0.177868
11.250000 -0.021190
11.300000 -0.076597
11.350000 0.280322
11.400000 -0.217589
11.450000 -0.312898
11.500000 0.336972
11.550000 -0.365768
11.600000 -0.051101
11.650000 0.095706
11.700000 0.037183
11.750000 -0.278873
11.800000 -0.519464
11.850000 0.485052
11.900000 0.254790
11.950000 0.201709
12.000000 -0.009366
12.050000 0.021651
12.100000 -0.183379
12.150000 -0.146860
12.200000 -0.202281
12.250000 -0.049835
12.300000 -0.372253
12.350000 -0.060795
12.400000 -0.355155
12.450000 -0.036848
12.500000 -0.420062
12.550000 -0.153640
12.600000 0.071648
12.650000 -0.140795
12.700000 -0.160159
12.750000 0.013864
12.800000 -0.245895
12.850000 0.447284
12.900000 -0.120344
12.950000 0.044423
13.000000 -0.210112
13.050000 -0.228768
13.100000 -0.134174
13.150000 -0.171800
13.200000 0.391916
13.250000 0.341109
13.300000 0.133115
13.350000 0.067309
13.400000 0.117609
13.450000 -0.192067
13.500000 0.264295
13.550000 0.204090
13.600000 -0.230913
13.650000 -0.185880
13.700000 -0.214935
13.750000 -0.080653
13.800000 0.160411
13.850000 0.066167
13.900000 0.093180
13.950000 -0.207342
14.000000 0.020490
14.050000 -0.218619
14.100000 -0.015786
14.150000 0.172585
14.200000 -0.145158
14.250000 0.020696
14.300000 0.265611
14.350000 0.304561
14.400000 0.259633
14.450000 -0.091977
14.500000 0.017771
14.550000 -0.358175
14.600000 0.267758
14.650000 -0.193823
14.700000 -0.113408
14.750000 -0.014187
14.800000 0.130979
14.850000 0.121472
14.900000 0.020743
14.950000 0.333719
15.000000 -0.027350
15.050000 -0.226842
15.100000 -0.271749
15.150000 0.240617
15.200000 -0.148571
15.250000 -0.230766
15.300000 0.065131
15.350000 -0.250630
15.400000 0.342890
15.450000 0.394409
15.500000 0.100047
15.550000 0.243238
15.600000 -0.399047
15.650000 -0.227727
15.700000 -0.168748
15.750000 0.275473
15.800000 0.418735
15.850000 0.119083
15.900000 0.464922
15.950000 0.255501
16.000000 0.296315
16.050000 0.160256
16.100000 0.037239
16.150000 0.039860
16.200000 0.159305
16.250000 0.145342
16.300000 0.232081
16.350000 0.318838
16.400000 -0.005371
16.450000 0.043661
16.500000 -0.148247
16.550000 -0.084174
16.600000 -0.023053
16.650000 -0.066420
16.700000 0.295121
16.750000 0.061224
16.800000 -0.011982
16.850000 -0.201939
16.900000 0.250125
16.950000 0.001325
17.000000 0.376159
17.050000 -0.073111
17.100000 0.188726
17.150000 -0.251903
17.200000 -0.118357
17.250000 -0.298876
17.300000 0.006433
17.350000 0.032056
17.400000 -0.377732
17.450000 -0.139010
17.500000 0.013849
17.550000 0.018405
17.600000 -0.152347
17.650000 0.256873
17.700000 0.184079
17.750000 -0.295985
17.800000 0.236690
17.850000 -0.109782
17.900000 0.084981
17.950000 -0.158857
18.000000 0.286152
18.050000 0.335563
18.100000 -0.350938
18.150000 -0.015472
18.200000 -0.106282
18.250000 0.070679
18.300000 0.050709
18.350000 0.235402
18.400000 0.164995
18.450000 0.206771
18.500000 0.264664
18.550000 -0.349796
18.600000 -0.192946
18.650000 0.058570
18.700000 -0.618837
18.750000 -0.254267
18.800000 -0.122802
18.850000 -0.505095
18.900000 -0.234136
18.950000 -0.485760
19.000000 -0.447764
19.050000 -0.778202
19.100000 -0.056277
19.150000 -0.033204
19.200000 0.172234
19.250000 0.391242
19.300000 0.603871
19.350000 0.206737
19.400000 -0.166647
19.450000 0.273844
19.500000 -0.204609
19.550000 0.110364
19.600000 0.075840
19.650000 0.217469
19.700000 -0.078471
19.750000 -0.277439
19.799999 -0.066065
19.849999 0.168639
19.899999 -0.056074
19.949999 -0.482717
