0.000000 2.564807
0.050000 0.654809
0.100000 -2.170267
0.150000 6.752891
0.200000 4.381932
0.250000 4.429189
0.300000 12.088929
0.350000 10.440621
0.400000 13.070206
0.450000 13.613510
0.500000 2.668761
0.550000 14.068213
0.600000 9.157327
0.650000 5.279231
0.700000 4.515033
0.750000 -5.693509
0.800000 -1.356142
0.850000 -0.600384
0.900000 -8.253792
0.950000 -0.606872
1.000000 -0.971261
1.050000 -18.167318
1.100000 -0.192251
1.150000 -7.078223
1.200000 -0.159520
1.250000 0.317266
1.300000 12.914211
1.350000 -2.246702
1.400000 11.644515
1.450000 -7.230870
1.500000 -6.083040
1.550000 -2.889256
1.600000 -10.804957
1.650000 6.056785
1.700000 24.178804
1.750000 25.914341
1.800000 25.494844
1.850000 18.064381
1.900000 19.466082
1.950000 -5.648589
2.000000 -28.248768
2.050000 -65.127480
2.100000 -81.155701
2.150000 -75.502419
2.200000 -69.096779
2.250000 -12.759832
2.300000 21.034193
2.350000 87.708260
2.400000 125.883041
2.450000 121.495895
2.500000 74.192924
2.550000 18.661896
2.600000 -62.735176
2.650000 -101.447212
2.700000 -115.890793
2.750000 -82.411781
2.800000 -24.349577
2.850000 21.651892
2.900000 55.785763
2.950000 58.983974
3.000000 28.703485
3.050000 -2.011720
3.100000 -26.264650
3.150000 -26.705976
3.200000 -23.040899
3.250000 -18.963394
3.300000 12.186761
3.350000 16.220858
3.400000 14.407837
3.450000 10.463159
3.500000 8.648403
3.550000 1.589072
3.600000 -9.768815
3.650000 2.620836
3.700000 -2.846269
3.750000 5.838233
3.800000 18.463339
3.850000 15.021013
3.900000 2.546509
3.950000 8.059509
4.000000 -6.672278
4.050000 -16.676201
4.100000 -1.719746
4.150000 1.533332
4.200000 -5.481754
4.250000 -6.359093
4.300000 7.277442
4.350000 -0.716640
4.400000 -5.506655
4.450000 0.567115
4.500000 -10.532444
4.550000 12.580751
4.600000 -5.415782
4.650000 1.272395
4.700000 -1.922327
4.750000 -1.619624
4.800000 -3.972803
4.850000 5.893673
4.900000 -3.036033
4.950000 4.446169
5.000000 7.703333
5.050000 21.010284
5.100000 -0.985541
5.150000 2.639767
5.200000 13.261732
5.250000 -9.023423
5.300000 -10.351584
5.350000 -12.590130
5.400000 1.167455
5.450000 5.024306
5.500000 5.899388
5.550000 19.480974
5.600000 16.064667
5.650000 13.368704
5.700000 -7.604105
5.750000 2.866063
5.800000 -6.729411
5.850000 -11.452678
5.900000 -6.582901
5.950000 6.201751
6.000000 4.138689
6.050000 -3.991511
6.100000 -2.154587
6.150000 5.679856
6.200000 -1.916584
6.250000 3.558851
6.300000 -4.345186
6.350000 -1.992184
6.400000 7.673101
6.450000 0.103745
6.500000 -1.861134
6.550000 4.919913
6.600000 0.880246
6.650000 -5.372485
6.700000 -14.650456
6.750000 1.829538
6.800000 1.627252
6.850000 6.238976
6.900000 7.924229
6.950000 -1.831512
7.000000 7.223557
7.050000 1.575849
7.100000 -2.466642
7.150000 0.153271
7.200000 4.331355
7.250000 1.477629
7.300000 6.357097
7.350000 4.082219
7.400000 5.720716
7.450000 3.591309
7.500000 -9.443558
7.550000 0.558457
7.600000 -0.383460
7.650000 2.696314
7.700000 -7.504465
7.750000 8.110875
7.800000 1.693768
7.850000 -5.724165
7.900000 -6.749354
7.950000 -11.527102
7.999999 -0.740893
8.049999 -2.127315
8.100000 -3.694238
8.150000 -1.420308
8.200000 7.854645
8.250000 9.909522
8.300000 11.799837
8.350000 -0.317121
8.400000 -0.635599
8.450000 -9.717882
8.500000 -10.558414
8.549999 -3.941929
8.599999 -0.188035
8.650000 -4.591527
8.700000 11.707810
8.750000 7.193906
8.800000 -0.361765
8.850000 11.951011
8.900000 -1.098942
8.950000 6.300678
9.000000 7.100185
9.050000 4.235276
9.099999 5.014063
9.149999 -7.651514
9.200000 9.312114
9.250000 -1.235237
9.300000 -2.135269
9.350000 14.796471
9.400000 0.825151
9.450000 16.139915
9.500000 4.742244
9.550000 4.976470
9.600000 7.957854
9.649999 -2.525485
9.699999 -3.603569
9.750000 -1.579017
9.800000 -0.330141
9.850000 7.057028
9.900000 17.525679
9.950000 0.799451
10.000000 1.585817
10.050000 0.996928
10.100000 4.764222
10.150000 4.902133
10.199999 -2.254669
10.249999 0.730951
10.300000 -1.141677
10.350000 1.324316
10.400000 3.633790
10.450000 3.748576
10.500000 -5.936282
10.550000 4.116130
10.600000 0.447206
10.650000 3.681931
10.700000 -3.130095
10.749999 1.869155
10.799999 2.303482
10.849999 -4.378870
10.900000 -10.706274
10.950000 -7.021171
11.000000 -1.706999
11.050000 2.909293
11.100000 -7.480186
11.150000 -0.902479
11.200000 3.412566
11.250000 19.055374
11.299999 5.306328
11.349999 -4.302975
11.399999 -0.304001
11.450000 3.373571
11.500000 1.071828
11.550000 8.332616
11.600000 -0.930579
11.650000 -1.852965
11.700000 6.791117
11.750000 6.635153
11.800000 -2.930095
11.849999 3.869020
11.899999 -0.384265
11.949999 -2.143492
12.000000 -1.227071
12.050000 1.250201
12.100000 1.227791
12.150000 -8.753533
12.200000 1.115528
12.250000 -17.993811
12.300000 -7.151600
12.350000 6.664529
12.399999 3.995765
12.449999 -1.281370
12.499999 -7.818142
12.550000 7.449521
12.600000 9.421453
12.650000 -1.059195
12.700000 5.911785
12.750000 -0.055173
12.800000 -1.674168
12.850000 -1.939774
12.900000 -3.773144
12.949999 8.531104
12.999999 0.611760
13.049999 -2.896330
13.100000 -2.560352
13.150000 3.609303
13.200000 15.135139
13.250000 1.539121
13.300000 -6.399081
13.350000 1.222805
13.400000 -3.850343
13.450000 3.920792
13.499999 -7.253241
13.549999 1.357531
13.599999 11.470975
13.650000 2.512925
13.700000 6.544365
13.750000 4.393552
13.800000 -1.764659
13.850000 2.665581
13.900000 13.968271
13.950000 2.833906
14.000000 2.045568
14.049999 -4.255022
14.099999 -8.049668
14.149999 -4.478738
14.200000 -5.023036
14.250000 3.376405
14.300000 17.756647
14.350000 11.891280
14.400000 9.653924
14.450000 15.111448
14.500000 1.381769
14.549999 -0.306543
14.599999 1.103256
14.649999 -10.690378
14.699999 4.859347
14.750000 -0.548792
14.800000 -1.575526
14.850000 1.424092
14.900000 7.601355
14.950000 4.548079
15.000000 0.656783
15.050000 7.869772
15.099999 -6.385611
15.149999 -4.286080
15.199999 -1.246132
15.249999 -5.435912
15.299999 -2.326983
15.350000 5.965030
15.400000 6.079450
15.450000 18.287355
15.500000 0.183134
15.550000 9.192393
15.600000 4.926982
15.650000 -6.538829
15.699999 1.451259
15.750000 0.628220
15.799999 3.604554
15.850000 4.484015
15.899999 0.562844
15.950000 1.355467
15.999999 1.319178
16.050000 2.137236
16.099999 3.715400
16.150000 -5.481512
16.200000 6.162446
16.249999 9.836043
16.300000 7.806377
16.349999 -4.844408
16.400000 -0.939264
16.449999 13.432831
16.500000 17.593870
16.549999 5.347736
16.600000 2.564483
16.649999 -6.636539
16.700000 0.849391
16.750000 12.899302
16.799999 -0.700607
16.850000 -13.504910
16.899999 4.659503
16.950000 -4.625816
16.999999 -3.095781
17.050000 -1.032084
17.099999 -8.025026
17.150000 -11.566326
17.199999 -12.365140
17.250000 -8.255676
17.300000 -8.403959
17.349999 -5.329609
17.400000 -1.050929
17.449999 4.621358
17.500000 9.141176
17.549999 -5.727149
17.600000 10.891222
17.649999 6.811886
17.700000 -5.547680
17.749999 0.086021
17.800000 -2.868161
17.850000 1.422381
17.899999 -12.670846
17.950000 2.756284
17.999999 -7.140963
18.050000 1.496873
18.099999 -2.434860
18.150000 -0.983963
18.199999 -2.803465
18.250000 -5.087515
18.299999 -7.684854
18.350000 2.898115
18.400000 6.273288
18.449999 4.880734
18.500000 0.648198
18.549999 -3.850552
18.600000 4.251718
18.649999 1.029440
18.700000 -1.068457
18.749999 0.662910
18.800000 3.348089
18.849999 -7.738598
18.900000 3.939548
18.950000 0.223363
18.999999 -5.765889
19.050000 -3.482894
19.099999 -4.453466
19.150000 0.394826
19.199999 0.410099
19.250000 -0.411407
19.299999 -0.541190
19.350000 1.934902
19.399999 -3.005418
19.450000 0.657609
19.500000 4.099056
19.549999 4.520204
19.600000 1.155465
19.649999 -3.110962
19.700000 -2.305992
19.749999 1.577105
19.800000 15.969707
19.849999 12.887562
19.900000 2.259852
19.949999 -8.928524
