0.000000 8.047460
0.050000 24.285101
0.100000 -13.884318
0.150000 -23.489321
0.200000 23.685062
0.250000 -7.469748
0.300000 9.228374
0.350000 29.879749
0.400000 8.620687
0.450000 8.560079
0.500000 6.104790
0.550000 -13.630445
0.600000 3.838352
0.650000 -9.316340
0.700000 8.935259
0.750000 3.411765
0.800000 4.778156
0.850000 0.904278
0.900000 14.445678
0.950000 1.015202
1.000000 -2.083544
1.050000 15.431210
1.100000 -20.289385
1.150000 13.353889
1.200000 2.458621
1.250000 5.117938
1.300000 22.004684
1.350000 -7.782405
1.400000 1.112053
1.450000 9.437445
1.500000 4.341234
1.550000 -17.862593
1.600000 -20.586287
1.650000 -22.728287
1.700000 10.651646
1.750000 13.336407
1.800000 0.718059
1.850000 22.424185
1.900000 11.213779
1.950000 -3.085025
2.000000 -0.747297
2.050000 -32.072788
2.100000 -25.525993
2.150000 -40.717121
2.200000 -41.201454
2.250000 0.422398
2.300000 21.381786
2.350000 65.693710
2.400000 85.041977
2.450000 97.722496
2.500000 69.476822
2.550000 25.827019
2.600000 -37.954578
2.650000 -116.204979
2.700000 -140.861221
2.750000 -151.343140
2.800000 -84.993492
2.850000 -17.432806
2.900000 47.009281
2.950000 124.935265
3.000000 135.076569
3.050000 102.743629
3.100000 49.248371
3.150000 -63.142021
3.200000 -93.372795
3.250000 -138.987289
3.300000 -85.431847
3.350000 -6.696960
3.400000 55.641117
3.450000 107.124817
3.500000 120.750549
3.550000 60.906864
3.600000 24.800632
3.650000 -69.476028
3.700000 -99.082855
3.750000 -88.162529
3.800000 -70.209946
3.850000 7.932797
3.900000 35.710762
3.950000 115.134964
4.000000 92.720062
4.050000 53.705410
4.100000 1.160828
4.150000 -47.653011
4.200000 -79.733582
4.250000 -61.572502
4.300000 -17.728662
4.350000 8.883507
4.400000 20.864769
4.450000 52.915672
4.500000 34.175354
4.550000 9.409039
4.600000 -5.233800
4.650000 -21.149277
4.700000 -6.003396
4.750000 6.739903
4.800000 -7.544562
4.850000 35.275826
4.900000 7.482241
4.950000 -11.536717
5.000000 -12.763459
5.050000 -19.775064
5.100000 -19.902220
5.150000 4.263181
5.200000 10.466900
5.250000 31.708521
5.300000 16.645407
5.350000 2.089270
5.400000 -4.673045
5.450000 2.302856
5.500000 0.526059
5.550000 -13.025057
5.600000 -17.583139
5.650000 -24.853035
5.700000 24.697176
5.750000 3.714787
5.800000 21.874851
5.850000 14.666289
5.900000 14.688493
5.950000 -33.640228
6.000000 -17.990231
6.050000 -13.327331
6.100000 -18.073860
6.150000 -27.161755
6.200000 12.091752
6.250000 10.283221
6.300000 30.362694
6.350000 2.647989
6.400000 -0.374208
6.450000 11.587264
6.500000 -19.171703
6.550000 23.490229
6.600000 -26.428051
6.650000 -5.848404
6.700000 -15.268311
6.750000 -2.468856
6.800000 14.878347
6.850000 1.172808
6.900000 12.672538
6.950000 5.290193
7.000000 12.979780
7.050000 15.905865
7.100000 -5.602098
7.150000 -4.681084
7.200000 -29.227953
7.250000 -4.856957
7.300000 8.685513
7.350000 3.843604
7.400000 12.379404
7.450000 9.388620
7.500000 6.569649
7.550000 -5.842770
7.600000 -4.067467
7.650000 -3.490004
7.700000 -11.279762
7.750000 38.452404
7.800000 -3.386554
7.850000 -15.439346
7.900000 26.355991
7.950000 1.225614
8.000000 -3.691671
8.050000 -4.838008
8.100000 -16.691824
8.150000 -11.371307
8.200000 10.891569
8.250000 16.028843
8.300000 -0.766024
8.350000 26.747496
8.400000 -5.499497
8.450000 8.972226
8.500000 -7.002182
8.550000 2.043790
8.600000 -9.502345
8.650000 -0.161194
8.700000 -11.991481
8.750000 29.650181
8.800000 11.466645
8.850000 7.612038
8.900000 8.337049
8.950000 4.502489
9.000000 7.251856
9.050000 -7.958976
9.100000 23.772305
9.150000 -9.465870
9.200000 7.531535
9.250000 -6.567216
9.300000 31.021799
9.350000 -7.426738
9.400000 -9.230282
9.450000 -17.854872
9.500000 9.435771
9.550000 5.183163
9.600000 -5.077085
9.650000 11.849773
9.700000 8.547111
9.750000 9.832564
9.800000 12.292950
9.850000 -3.774676
9.900000 -20.512798
9.950000 11.551848
10.000000 8.153897
10.050000 -8.570761
10.100000 6.223335
10.150000 23.970373
10.200000 -10.737066
10.250000 10.537482
10.300000 11.608545
10.350000 7.947734
10.400000 16.334244
10.450000 -0.549627
10.500000 2.111439
10.550000 0.061659
10.600000 -0.618099
10.650000 3.459788
10.700000 -17.134363
10.750000 0.095961
10.800000 7.822404
10.850000 -4.785628
10.900000 9.116289
10.950000 -5.377367
11.000000 -10.578676
11.050000 -19.469658
11.100000 9.369427
11.150000 18.218529
11.200000 12.750791
11.250000 -1.593810
11.300000 2.716016
11.350000 -6.593272
11.400000 -21.979891
11.450000 -11.292213
11.500000 5.563715
11.550000 -8.246042
11.600000 10.909695
11.650000 -11.525330
11.700000 -7.233783
11.750000 0.408792
11.800000 7.426124
11.850000 19.901093
11.900000 -10.473879
11.950000 1.416979
12.000000 2.954307
12.050000 35.615658
12.100000 -3.309537
12.150000 22.594103
12.200000 5.448135
12.250000 21.870117
12.300000 -16.497322
12.350000 6.569113
12.400000 1.620606
12.450000 4.812508
12.500000 24.280863
12.550000 -10.073670
12.600000 3.516219
12.650000 15.180374
12.700000 27.910313
12.750000 -1.494215
12.800000 -1.584837
12.850000 -13.492815
12.900000 -1.127661
12.950000 -3.111607
13.000000 -4.826659
13.050000 10.547428
13.100000 9.905745
13.150000 15.271651
13.200000 18.342213
13.250000 -17.048847
13.300000 -20.166176
13.350000 5.333792
13.400000 -25.004686
13.450000 10.021910
13.500000 1.400941
13.550000 12.791172
13.600000 -20.542738
13.650000 3.559164
13.700000 11.794177
13.750000 5.427143
13.800000 13.709711
13.850000 16.932402
13.900000 11.608023
13.950000 7.388638
14.000000 -13.491227
14.050000 -0.640181
14.100000 16.256874
14.150000 -14.785479
14.200000 13.076956
14.250000 -9.108750
14.300000 4.220807
14.350000 -6.275465
14.400000 7.587825
14.450000 20.919981
14.500000 6.530411
14.550000 1.712298
14.600000 17.367092
14.650000 -8.624422
14.700000 -2.991377
14.750000 2.203505
14.800000 1.464492
14.850000 -24.366058
14.900000 44.619999
14.950000 15.274875
15.000000 3.339493
15.050000 -6.389754
15.100000 1.315103
15.150000 0.724247
15.200000 -10.391910
15.250000 -17.905684
15.300000 17.467487
15.350000 3.642281
15.400000 26.160629
15.450000 16.695328
15.500000 42.984161
15.550000 -3.114468
15.600000 15.965688
15.650000 -0.660674
15.700000 -15.094473
15.750000 11.594603
15.800000 -37.592827
15.850000 3.362752
15.900000 1.458021
15.950000 32.405701
16.000000 14.114785
16.050000 19.534950
16.100000 -7.347805
16.150000 24.455078
16.200000 -31.625715
16.250000 1.426355
16.300000 16.101900
16.350000 25.161917
16.400000 6.390897
16.450000 -0.119145
16.500000 5.419862
16.550000 -16.940962
16.600000 -5.576777
16.650000 10.600619
16.700000 -8.965643
16.750000 5.624610
16.800000 25.804213
16.850000 -1.724634
16.900000 12.873345
16.950000 2.605999
17.000000 -1.714330
17.050000 -1.224587
17.100000 8.015112
17.150000 1.294855
17.200000 -2.578554
17.250000 -6.151073
17.300000 3.324084
17.350000 1.796387
17.400000 -2.184842
17.450000 2.576207
17.500000 14.339556
17.550000 -8.209499
17.600000 2.402205
17.650000 1.863430
17.700000 -2.290251
17.750000 4.606746
17.800000 -20.299339
17.850000 -31.031609
17.900000 -14.277572
17.950000 -6.344772
18.000000 -1.206045
18.050000 1.422671
18.100000 -14.219951
18.150000 2.465343
18.200000 -2.628938
18.250000 3.806064
18.300000 -6.937819
18.350000 -7.125402
18.400000 -0.332311
18.450000 8.838608
18.500000 6.482515
18.550000 9.878770
18.600000 -11.103294
18.650000 1.804104
18.700000 12.923497
18.750000 -2.030534
18.800000 -13.897042
18.850000 -1.534121
18.900000 1.435364
18.950000 -6.129799
19.000000 -4.784199
19.050000 -3.927528
19.100000 -2.699524
19.150000 6.161685
19.200000 0.136216
19.250000 16.285112
19.300000 -26.494888
19.350000 24.341803
19.400000 2.579566
19.450000 6.677560
19.500000 11.761634
19.550000 -20.492670
19.600000 -28.103657
19.650000 -0.443118
19.700000 3.291265
19.750000 -6.753779
19.799999 14.284637
19.849999 10.726955
19.899999 12.712269
19.949999 3.593519
