0.000000 -20.655233
0.050000 -24.947054
0.100000 -3.955014
0.150000 -16.922070
0.200000 -16.630354
0.250000 4.795147
0.300000 11.245618
0.350000 22.409933
0.400000 21.897017
0.450000 -8.610881
0.500000 38.562786
0.550000 -26.710236
0.600000 -42.716152
0.650000 -8.664617
0.700000 -23.590124
0.750000 -40.814598
0.800000 16.688896
0.850000 1.513633
0.900000 29.970657
0.950000 3.381038
1.000000 23.995033
1.050000 -5.915073
1.100000 9.328188
1.150000 12.370536
1.200000 15.370891
1.250000 -23.208818
1.300000 -9.865488
1.350000 -6.194562
1.400000 11.764969
1.450000 9.315492
1.500000 4.066475
1.550000 -0.707532
1.600000 23.108793
1.650000 27.744127
1.700000 26.947140
1.750000 9.743500
1.800000 6.253389
1.850000 -14.931291
1.900000 -17.889507
1.950000 -2.740889
2.000000 16.820143
2.050000 10.682084
2.100000 11.835087
2.150000 15.575207
2.200000 8.813260
2.250000 -10.726069
2.300000 -41.115509
2.350000 -56.417286
2.400000 -66.960526
2.450000 -74.986183
2.500000 -43.939671
2.550000 -55.041573
2.600000 -27.214943
2.650000 22.993317
2.700000 64.736801
2.750000 144.151260
2.800000 220.777054
2.850000 195.800568
2.900000 144.831833
2.950000 96.284500
3.000000 -32.044621
3.050000 -145.239258
3.100000 -188.784576
3.150000 -254.853607
3.200000 -242.658325
3.250000 -196.786026
3.300000 -138.829758
3.350000 -40.031055
3.400000 55.636997
3.450000 142.219467
3.500000 180.980438
3.550000 229.776062
3.600000 216.003387
3.650000 138.057800
3.700000 101.316261
3.750000 -32.796680
3.800000 -80.561852
3.850000 -173.937439
3.900000 -180.525101
3.950000 -178.847427
4.000000 -118.886078
4.050000 -71.268799
4.100000 8.581532
4.150000 63.222301
4.200000 109.742012
4.250000 135.272690
4.300000 123.488228
4.350000 118.836884
4.400000 43.874569
4.450000 14.790046
4.500000 -16.987602
4.550000 -40.588806
4.600000 -76.285980
4.650000 -74.296837
4.700000 -49.853695
4.750000 -42.321499
4.800000 -14.247257
4.850000 35.698116
4.900000 59.546181
4.950000 55.228577
5.000000 58.342640
5.050000 47.513699
5.100000 -11.101323
5.150000 17.535769
5.200000 -12.176119
5.250000 -27.795025
5.300000 -29.619116
5.350000 -11.208870
5.400000 -32.021133
5.450000 7.060084
5.500000 -7.229223
5.550000 13.265884
5.600000 14.329303
5.650000 -1.757281
5.700000 4.758449
5.750000 4.617256
5.800000 36.644543
5.850000 36.944935
5.900000 1.601370
5.950000 30.558348
6.000000 33.029243
6.050000 20.675125
6.100000 -2.512231
6.150000 -9.411231
6.200000 -8.497225
6.250000 5.593701
6.300000 -12.196570
6.350000 -8.586893
6.400000 -21.823841
6.450000 0.119856
6.500000 -12.717065
6.550000 -15.019675
6.600000 -17.542065
6.650000 16.210756
6.700000 42.649067
6.750000 38.339275
6.800000 55.062096
6.850000 14.441042
6.900000 -0.047788
6.950000 -7.060657
7.000000 -20.398951
7.050000 -31.876251
7.100000 -44.085827
7.150000 -8.448024
7.200000 -21.011364
7.250000 5.507401
7.300000 30.743420
7.350000 38.400009
7.400000 32.126255
7.450000 56.290089
7.500000 29.734966
7.550000 32.794346
7.600000 3.986358
7.650000 0.997225
7.700000 -11.866680
7.750000 -22.323578
7.800000 -25.955034
7.850000 -19.440643
7.900000 -35.905167
7.950000 -28.675919
7.999999 13.686419
8.049999 25.418695
8.100000 12.370048
8.150000 28.942059
8.200000 29.398643
8.250000 1.173412
8.300000 20.316498
8.350000 9.830642
8.400000 -14.742497
8.450000 -7.356566
8.500000 -18.070732
8.549999 14.086457
8.599999 -23.704294
8.650000 -21.615730
8.700000 16.568542
8.750000 8.153488
8.800000 9.654328
8.850000 16.441727
8.900000 5.858051
8.950000 -7.837416
9.000000 -23.417372
9.050000 -4.314452
9.099999 -18.847523
9.149999 -14.728958
9.200000 9.479045
9.250000 -12.845907
9.300000 6.765892
9.350000 -16.552568
9.400000 9.670420
9.450000 6.838576
9.500000 20.972301
9.550000 -9.550420
9.600000 -2.795437
9.649999 -37.100357
9.699999 -37.454407
9.750000 -39.026493
9.800000 -8.116267
9.850000 -0.247187
9.900000 24.770092
9.950000 -0.696083
10.000000 20.223431
10.050000 44.513931
10.100000 32.228012
10.150000 12.252039
10.199999 7.639607
10.249999 11.682795
10.300000 36.694065
10.350000 4.164319
10.400000 -17.154366
10.450000 -6.784704
10.500000 -2.971429
10.550000 24.941582
10.600000 4.015087
10.650000 -2.915092
10.700000 -17.863632
10.749999 31.997747
10.799999 20.546528
10.849999 3.224510
10.900000 -26.540421
10.950000 9.515546
11.000000 -7.166039
11.050000 -1.149725
11.100000 -27.493851
11.150000 -10.056395
11.200000 -11.832979
11.250000 1.881192
11.299999 3.201423
11.349999 6.515347
11.399999 20.077168
11.450000 -6.134822
11.500000 10.940223
11.550000 2.174638
11.600000 6.285652
11.650000 9.217931
11.700000 -24.722702
11.750000 13.606306
11.800000 19.752134
11.849999 -7.589087
11.899999 8.771166
11.949999 -27.517582
12.000000 20.448818
12.050000 0.212581
12.100000 -1.822913
12.150000 14.010004
12.200000 -11.219896
12.250000 -3.439248
12.300000 8.458267
12.350000 12.304807
12.399999 5.474384
12.449999 4.009944
12.499999 11.101890
12.550000 12.046480
12.600000 6.819398
12.650000 -17.846008
12.700000 2.655013
12.750000 -3.502248
12.800000 -6.712733
12.850000 28.187403
12.900000 25.051786
12.949999 18.310410
12.999999 24.563789
13.049999 -2.450167
13.100000 5.330094
13.150000 -4.089362
13.200000 0.992255
13.250000 2.668430
13.300000 6.254785
13.350000 -8.670362
13.400000 -4.781951
13.450000 18.377514
13.499999 -7.657957
13.549999 15.794500
13.599999 31.290455
13.650000 21.138903
13.700000 13.038239
13.750000 6.929293
13.800000 -18.814753
13.850000 -22.624897
13.900000 16.383722
13.950000 -7.071190
14.000000 3.632141
14.049999 27.337353
14.099999 -6.720289
14.149999 -3.209589
14.200000 14.406687
14.250000 -8.554562
14.300000 -3.529240
14.350000 18.425690
14.400000 8.724105
14.450000 17.939417
14.500000 -14.203856
14.549999 -39.747292
14.599999 1.699044
14.649999 12.363475
14.699999 -20.743235
14.750000 -6.784303
14.800000 7.324155
14.850000 21.223856
14.900000 0.360862
14.950000 16.644962
15.000000 25.278168
15.050000 25.608137
15.099999 10.840295
15.149999 5.239319
15.199999 0.814920
15.249999 -0.499339
15.299999 37.761509
15.350000 13.892871
15.400000 28.680464
15.450000 10.595078
15.500000 14.599076
15.550000 6.061916
15.600000 47.183033
15.650000 35.944759
15.699999 -32.035015
15.750000 1.476892
15.799999 -2.570146
15.850000 -17.587017
15.899999 -35.091248
15.950000 -10.093432
15.999999 -23.812405
16.050000 -16.545559
16.099999 18.105415
16.150000 6.002304
16.200000 17.073551
16.249999 12.225259
16.300000 -16.914431
16.349999 -13.851349
16.400000 24.556356
16.449999 13.197830
16.500000 3.501556
16.549999 -11.592289
16.600000 -1.238114
16.649999 -6.966719
16.700000 10.699487
16.750000 14.567396
16.799999 1.217214
16.850000 8.732520
16.899999 17.061769
16.950000 7.205508
16.999999 14.093875
17.050000 -7.950594
17.099999 -9.886407
17.150000 -29.700645
17.199999 36.526169
17.250000 24.469381
17.300000 -14.350998
17.349999 25.024691
17.400000 -14.703687
17.449999 14.458652
17.500000 39.370277
17.549999 -3.765254
17.600000 1.860298
17.649999 -3.081305
17.700000 11.808412
17.749999 7.973094
17.800000 4.195426
17.850000 2.388337
17.899999 32.058132
17.950000 3.970300
17.999999 15.525971
18.050000 -10.183209
18.099999 -10.430984
18.150000 -4.129177
18.199999 2.752008
18.250000 3.522384
18.299999 -8.652713
18.350000 -46.395798
18.400000 -28.035828
18.449999 -12.670019
18.500000 -10.418010
18.549999 -15.399618
18.600000 27.174582
18.649999 21.962210
18.700000 19.468058
18.749999 1.496096
18.800000 42.364712
18.849999 25.863739
18.900000 12.863930
18.950000 -15.468005
18.999999 -4.667318
19.050000 -10.909436
19.099999 -10.484950
19.150000 -50.207569
19.199999 -10.798380
19.250000 -33.325520
19.299999 -28.214075
19.350000 -11.723273
19.399999 26.196573
19.450000 11.732747
19.500000 0.036702
19.549999 15.191104
19.600000 31.627922
19.649999 28.193132
19.700000 -11.267854
19.749999 5.247189
19.800000 -17.399485
19.849999 -29.078959
19.900000 -15.838850
19.949999 -27.783466
