0.000000 6.297637
0.050000 -0.481631
0.100000 1.769913
0.150000 4.285650
0.200000 5.564376
0.250000 2.627271
0.300000 2.702658
0.350000 3.645017
0.400000 -2.667413
0.450000 4.614766
0.500000 5.256253
0.550000 7.437925
0.600000 1.827644
0.650000 2.162484
0.700000 2.039506
0.750000 4.302124
0.800000 -0.898363
0.850000 -2.337008
0.900000 5.546223
0.950000 -2.929945
1.000000 -3.460886
1.050000 1.810973
1.100000 -0.349834
1.150000 6.882805
1.200000 -0.783793
1.250000 0.448211
1.300000 -7.463402
1.350000 -6.192143
1.400000 -4.061953
1.450000 -1.058630
1.500000 -6.639131
1.550000 3.104760
1.600000 -5.570890
1.650000 -3.017167
1.700000 -4.175591
1.750000 -2.542239
1.800000 -5.245732
1.850000 2.268710
1.900000 7.188835
1.950000 0.534197
2.000000 3.328769
2.050000 -0.054895
2.100000 3.038543
2.150000 3.187809
2.200000 8.726259
2.250000 -1.729548
2.300000 0.444177
2.350000 3.284874
2.400000 -0.769632
2.450000 -4.945144
2.500000 1.474632
2.550000 -1.952678
2.600000 4.905507
2.650000 -4.829448
2.700000 -3.355539
2.750000 2.755091
2.800000 0.213350
2.850000 -0.097139
2.900000 -1.937026
2.950000 -0.070886
3.000000 2.102777
3.050000 -1.810320
3.100000 2.513185
3.150000 -4.647760
3.200000 -4.201865
3.250000 0.240635
3.300000 6.546937
3.350000 1.963153
3.400000 0.989216
3.450000 6.323522
3.500000 10.694773
3.550000 5.866648
3.600000 -1.494271
3.650000 -2.879540
3.700000 2.194011
3.750000 -7.748168
3.800000 -5.409283
3.850000 0.476133
3.900000 -14.155220
3.950000 -5.433272
4.000000 -7.524113
4.050000 -8.738577
4.100000 -8.966779
4.150000 -10.293312
4.200000 -9.942482
4.250000 -16.781645
4.300000 -11.281261
4.350000 -10.936772
4.400000 -1.772241
4.450000 1.491119
4.500000 1.402727
4.550000 7.385292
4.600000 10.878427
4.650000 16.156240
4.700000 27.574324
4.750000 32.506866
4.800000 29.334751
4.850000 27.472069
4.900000 34.341545
4.950000 35.020554
5.000000 39.845722
5.050000 34.189304
5.100000 33.537991
5.150000 38.527363
5.200000 40.172745
5.250000 29.143349
5.300000 26.218386
5.350000 20.049482
5.400000 15.845128
5.450000 12.165344
5.500000 -0.560237
5.550000 -11.280572
5.600000 -14.676475
5.650000 -26.669127
5.700000 -29.340998
5.750000 -45.777760
5.800000 -46.278332
5.850000 -53.324100
5.900000 -57.330608
5.950000 -60.400932
6.000000 -47.711655
6.050000 -56.854492
6.100000 -53.738194
6.150000 -42.173000
6.200000 -39.164379
6.250000 -31.435324
6.300000 -26.419689
6.350000 -23.843458
6.400000 0.795380
6.450000 5.828233
6.500000 17.818449
6.550000 18.877016
6.600000 31.329859
6.650000 34.389725
6.700000 44.589046
6.750000 43.946457
6.800000 43.954342
6.850000 48.212082
6.900000 43.263142
6.950000 46.336670
7.000000 44.622433
7.050000 40.260342
7.100000 45.321712
7.150000 38.474415
7.200000 33.492428
7.250000 27.030308
7.300000 14.637354
7.350000 9.873065
7.400000 2.777647
7.450000 4.057186
7.500000 -3.767659
7.550000 -10.252648
7.600000 -15.802828
7.650000 -16.460915
7.700000 -16.496557
7.750000 -19.359484
7.800000 -23.615742
7.850000 -15.876245
7.900000 -24.244162
7.950000 -23.088905
7.999999 -24.014969
8.049999 -19.043776
8.100000 -12.402354
8.150000 -13.377095
8.200000 -18.877562
8.250000 -14.875200
8.300000 -5.916956
8.350000 -5.478829
8.400000 2.319498
8.450000 -1.873271
8.500000 -1.591329
8.549999 1.188882
8.599999 3.417111
8.650000 8.731524
8.700000 2.942982
8.750000 5.025756
8.800000 0.631177
8.850000 4.671769
8.900000 0.491644
8.950000 3.036335
9.000000 7.761714
9.050000 4.703708
9.099999 8.000927
9.149999 -2.734550
9.200000 3.558486
9.250000 4.007782
9.300000 3.015581
9.350000 2.342773
9.400000 0.331333
9.450000 -1.728211
9.500000 -0.204447
9.550000 -3.903488
9.600000 -2.996418
9.649999 3.969503
9.699999 -2.694960
9.750000 -3.105312
9.800000 -1.102028
9.850000 1.719952
9.900000 2.584552
9.950000 3.586376
10.000000 -0.922793
10.050000 -0.630436
10.100000 -0.178253
10.150000 -0.024911
10.199999 2.890185
10.249999 6.788984
10.300000 -0.167093
10.350000 -4.263041
10.400000 -8.430330
10.450000 -1.921221
10.500000 0.070990
10.550000 -7.209936
10.600000 -2.757077
10.650000 -3.797270
10.700000 -2.834051
10.749999 -1.253502
10.799999 -3.580416
10.849999 -6.142930
10.900000 -3.326717
10.950000 0.323866
11.000000 -2.826592
11.050000 -0.990154
11.100000 -0.364371
11.150000 2.950939
11.200000 4.833639
11.250000 1.896033
11.299999 -2.164427
11.349999 -5.377719
11.399999 2.307624
11.450000 -2.039785
11.500000 -5.556427
11.550000 1.676726
11.600000 2.038832
11.650000 1.091067
11.700000 4.979928
11.750000 0.361957
11.800000 3.204443
11.849999 -1.356345
11.899999 3.283946
11.949999 -0.132534
12.000000 5.143004
12.050000 3.687597
12.100000 3.702221
12.150000 -8.211740
12.200000 1.548620
12.250000 -0.268282
12.300000 -3.351153
12.350000 -4.350899
12.399999 6.807364
12.449999 -0.512501
12.499999 -0.908186
12.550000 8.267706
12.600000 8.330940
12.650000 -2.880593
12.700000 2.228524
12.750000 0.894155
12.800000 -7.119744
12.850000 2.955146
12.900000 8.127352
12.949999 -0.552832
12.999999 5.909666
13.049999 9.997804
13.100000 6.706990
13.150000 7.429996
13.200000 -3.146454
13.250000 0.501546
13.300000 6.175372
13.350000 2.027603
13.400000 -3.858981
13.450000 3.171580
13.499999 0.075393
13.549999 4.393765
13.599999 -2.576963
13.650000 -3.616123
13.700000 7.642378
13.750000 2.351913
13.800000 5.673902
13.850000 -1.083365
13.900000 1.330147
13.950000 0.888296
14.000000 0.536870
14.049999 -1.697739
14.099999 -3.115909
14.149999 1.568905
14.200000 -0.603181
14.250000 -0.927970
14.300000 3.057317
14.350000 0.398879
14.400000 0.127814
14.450000 0.746851
14.500000 3.747913
14.549999 1.641976
14.599999 -2.915656
14.649999 0.546514
14.699999 0.132304
14.750000 -0.928318
14.800000 0.416240
14.850000 0.413799
14.900000 -1.444030
14.950000 -1.468408
15.000000 -1.759225
15.050000 4.420183
15.099999 3.826417
15.149999 5.457176
15.199999 2.566357
15.249999 -6.845316
15.299999 3.045209
15.350000 -1.245220
15.400000 -4.950509
15.450000 3.107662
15.500000 -2.927539
15.550000 -3.695474
15.600000 0.970464
15.650000 4.428956
15.699999 2.454707
15.750000 -5.360379
15.799999 -3.356387
15.850000 -10.029118
15.899999 3.021913
15.950000 -3.507575
15.999999 -5.500322
16.050000 3.198205
16.099999 -2.299228
16.150000 -3.327275
16.200000 0.746268
16.249999 0.332392
16.300000 -1.754935
16.349999 -1.830041
16.400000 1.068487
16.449999 1.064913
16.500000 2.419811
16.549999 -4.445873
16.600000 5.588258
16.649999 -9.387150
16.700000 0.137118
16.750000 3.487684
16.799999 6.344743
16.850000 3.955330
16.899999 -1.433283
16.950000 -6.648679
16.999999 -8.315986
17.050000 -10.329195
17.099999 -7.938743
17.150000 -9.448242
17.199999 -8.617540
17.250000 -2.815861
17.300000 -3.700875
17.349999 2.380448
17.400000 -3.869288
17.449999 0.218999
17.500000 1.018648
17.549999 -4.590612
17.600000 -2.154684
17.649999 2.625723
17.700000 1.380656
17.749999 -1.942367
17.800000 0.866471
17.850000 -0.214910
17.899999 -2.388131
17.950000 1.292890
17.999999 -0.992286
18.050000 -5.864961
18.099999 -3.008125
18.150000 -1.118236
18.199999 -6.818447
18.250000 1.864678
18.299999 -4.398949
18.350000 -0.592201
18.400000 -5.412076
18.449999 -5.705988
18.500000 1.075696
18.549999 -7.802237
18.600000 -5.693048
18.649999 -5.719786
18.700000 -7.357524
18.749999 -6.809528
18.800000 -10.028487
18.849999 -7.974313
18.900000 -10.187511
18.950000 -8.409131
18.999999 -9.818572
19.050000 -3.613525
19.099999 2.227873
19.150000 3.501341
19.199999 2.760460
19.250000 -4.008060
19.299999 4.593755
19.350000 0.418088
19.399999 -1.268993
19.450000 4.940577
19.500000 8.276139
19.549999 7.357304
19.600000 3.883982
19.649999 -1.367971
19.700000 -0.970785
19.749999 -3.468472
19.800000 -4.534796
19.849999 0.218553
19.900000 1.022038
19.949999 3.161089
