0.000000 0.578979
0.050000 -0.666769
0.100000 0.195126
0.150000 0.904144
0.200000 0.116780
0.250000 0.839644
0.300000 0.053692
0.350000 0.394685
0.400000 -0.749243
0.450000 -0.589142
0.500000 -0.395230
0.550000 -1.209154
0.600000 -0.209441
0.650000 -0.295629
0.700000 -0.273772
0.750000 0.651669
0.800000 0.729930
0.850000 -0.296486
0.900000 1.288605
0.950000 -0.481635
1.000000 0.547628
1.050000 -0.138619
1.100000 -0.172005
1.150000 0.189681
1.200000 -0.719111
1.250000 -0.580180
1.300000 -0.584160
1.350000 0.949452
1.400000 -0.225707
1.450000 0.590813
1.500000 -0.132720
1.550000 -1.004156
1.600000 -0.218028
1.650000 -0.154624
1.700000 0.901837
1.750000 1.512833
1.800000 1.292972
1.850000 0.639372
1.900000 1.382751
1.950000 0.389423
2.000000 0.220201
2.050000 -0.133413
2.100000 0.517921
2.150000 -0.540514
2.200000 -0.046503
2.250000 -0.291710
2.300000 0.641695
2.350000 0.456116
2.400000 -0.428626
2.450000 0.219632
2.500000 -0.436858
2.550000 -1.441780
2.600000 -0.932572
2.650000 -1.077275
2.700000 -1.262576
2.750000 -1.747109
2.800000 -2.257042
2.850000 -3.181969
2.900000 -1.664959
2.950000 0.549422
3.000000 0.550500
3.050000 3.215416
3.100000 4.116467
3.150000 7.430056
3.200000 7.667333
3.250000 9.467701
3.300000 8.348168
3.350000 7.430939
3.400000 5.749873
3.450000 2.501559
3.500000 -1.287567
3.550000 -4.422347
3.600000 -7.590655
3.650000 -8.797585
3.700000 -12.717527
3.750000 -12.203373
3.800000 -10.562957
3.850000 -8.045549
3.900000 -4.151443
3.950000 -0.465703
4.000000 2.378420
4.050000 5.218123
4.100000 7.518612
4.150000 8.060877
4.200000 7.968253
4.250000 7.376714
4.300000 5.920653
4.350000 3.526359
4.400000 1.262266
4.450000 -0.289314
4.500000 -2.360608
4.550000 -3.644051
4.600000 -5.390853
4.650000 -3.936934
4.700000 -3.506993
4.750000 -2.349123
4.800000 -1.548641
4.850000 -0.974568
4.900000 1.750187
4.950000 2.562827
5.000000 3.138540
5.050000 3.837102
5.100000 3.972623
5.150000 1.743111
5.200000 2.368649
5.250000 0.327033
5.300000 -0.932532
5.350000 -2.004248
5.400000 -0.406488
5.450000 -2.757851
5.500000 -0.865364
5.550000 -1.083387
5.600000 -0.370430
5.650000 0.282200
5.700000 1.124154
5.750000 2.210433
5.800000 2.366186
5.850000 1.783905
5.900000 1.400685
5.950000 1.697694
6.000000 0.590207
6.050000 -0.085139
6.100000 -0.105325
6.150000 0.086039
6.200000 -0.899815
6.250000 -0.613981
6.300000 -0.325804
6.350000 -1.569767
6.400000 -0.411505
6.450000 -0.052347
6.500000 0.810858
6.550000 0.282305
6.600000 1.320776
6.650000 0.397436
6.700000 1.677387
6.750000 1.171085
6.800000 0.747992
6.850000 0.094806
6.900000 0.221598
6.950000 0.686580
7.000000 0.068306
7.050000 -0.502072
7.100000 -0.615689
7.150000 -0.633411
7.200000 0.404863
7.250000 0.023782
7.300000 -0.450780
7.350000 -0.003935
7.400000 1.489142
7.450000 -1.023764
7.500000 -0.783661
7.550000 -1.481197
7.600000 -1.372846
7.650000 -0.899534
7.700000 0.425461
7.750000 -0.847492
7.800000 0.239479
7.850000 0.870798
7.900000 0.403956
7.950000 0.951061
7.999999 0.757154
8.049999 0.704194
8.100000 1.221515
8.150000 -0.020610
8.200000 1.094360
8.250000 0.698006
8.300000 0.042417
8.350000 -0.142459
8.400000 -0.011227
8.450000 0.294955
8.500000 -0.587252
8.549999 -1.323150
8.599999 -1.479608
8.650000 -0.275501
8.700000 0.550723
8.750000 -0.998523
8.800000 -0.166456
8.850000 -0.106182
8.900000 0.618459
8.950000 0.445510
9.000000 -0.336083
9.050000 0.938525
9.099999 0.173474
9.149999 0.922967
9.200000 0.296455
9.250000 0.279573
9.300000 0.215942
9.350000 0.321995
9.400000 -0.081852
9.450000 -1.088893
9.500000 -1.242794
9.550000 -0.828347
9.600000 -0.029936
9.649999 -0.085392
9.699999 0.241082
9.750000 1.653132
9.800000 0.274652
9.850000 0.767899
9.900000 0.495260
9.950000 0.373002
10.000000 -0.153129
10.050000 0.092102
10.100000 0.321901
10.150000 0.313450
10.199999 -0.626191
10.249999 -0.064339
10.300000 -0.049188
10.350000 -0.669828
10.400000 -0.126426
10.450000 -0.461441
10.500000 0.095625
10.550000 0.779597
10.600000 1.314638
10.650000 0.509131
10.700000 0.264436
10.749999 -0.047312
10.799999 -0.208846
10.849999 -0.211422
10.900000 -0.546320
10.950000 -0.790637
11.000000 -0.889904
11.050000 0.198980
11.100000 0.139042
11.150000 -0.932916
11.200000 -0.133307
11.250000 -0.057567
11.299999 -0.785399
11.349999 -0.393314
11.399999 -0.646014
11.450000 -0.130528
11.500000 1.022499
11.550000 0.342508
11.600000 -0.184047
11.650000 -0.299526
11.700000 0.734401
11.750000 -0.266112
11.800000 0.774580
11.849999 0.277009
11.899999 0.183516
11.949999 -0.032126
12.000000 -0.155193
12.050000 -0.281224
12.100000 -0.413857
12.150000 -0.292465
12.200000 -0.331233
12.250000 -0.081616
12.300000 -0.334595
12.350000 -0.382250
12.399999 1.754683
12.449999 0.741772
12.499999 -0.346675
12.550000 -0.130599
12.600000 -0.567103
12.650000 0.007732
12.700000 -0.241137
12.750000 -0.255839
12.800000 -0.069651
12.850000 -0.246819
12.900000 0.423519
12.949999 0.120722
12.999999 0.611701
13.049999 0.034204
13.100000 -0.633242
13.150000 0.401322
13.200000 0.020007
13.250000 0.939618
13.300000 0.239797
13.350000 0.689613
13.400000 -0.289213
13.450000 -0.093626
13.499999 0.162530
13.549999 -1.016617
13.599999 -0.761463
13.650000 -1.340373
13.700000 -1.105904
13.750000 0.422017
13.800000 0.153078
13.850000 -0.089823
13.900000 0.097082
13.950000 -0.217645
14.000000 -0.851984
14.049999 -0.246021
14.099999 0.242537
14.149999 0.060227
14.200000 0.964924
14.250000 0.753237
14.300000 -0.069422
14.350000 0.448485
14.400000 -0.775793
14.450000 -1.470136
14.500000 -0.212223
14.549999 -0.997457
14.599999 0.478992
14.649999 -1.523121
14.699999 -0.188203
14.750000 -0.498284
14.800000 0.281316
14.850000 0.205549
14.900000 0.371774
14.950000 -0.967411
15.000000 -0.311771
15.050000 -0.722948
15.099999 -0.357255
15.149999 -0.113319
15.199999 0.521243
15.249999 -1.308228
15.299999 0.306435
15.350000 1.246863
15.400000 0.931878
15.450000 1.262820
15.500000 1.668576
15.550000 1.247833
15.600000 0.394458
15.650000 0.139086
15.699999 0.180630
15.750000 0.090483
15.799999 0.284098
15.850000 0.073480
15.899999 0.137822
15.950000 0.293091
15.999999 0.729193
16.050000 0.331246
16.099999 0.025678
16.150000 -0.058808
16.200000 -0.057814
16.249999 -0.709838
16.300000 0.129939
16.349999 0.481165
16.400000 -0.206076
16.449999 -0.405642
16.500000 -1.183459
16.549999 -0.197614
16.600000 1.175755
16.649999 -1.159664
16.700000 -0.194686
16.750000 -0.009559
16.799999 -0.629466
16.850000 -0.107339
16.899999 0.278952
16.950000 -0.318685
16.999999 0.419501
17.050000 0.894211
17.099999 0.596316
17.150000 1.139203
17.199999 0.756443
17.250000 0.168202
17.300000 1.022962
17.349999 0.829835
17.400000 0.711718
17.449999 0.174564
17.500000 -0.418619
17.549999 -0.827775
17.600000 -0.614688
17.649999 -0.327199
17.700000 -0.311129
17.749999 -0.677787
17.800000 -0.159541
17.850000 -0.416625
17.899999 -0.426419
17.950000 -0.920097
17.999999 -0.132581
18.050000 -0.170519
18.099999 0.795135
18.150000 -0.253362
18.199999 1.135690
18.250000 0.192080
18.299999 0.901558
18.350000 0.305533
18.400000 1.347801
18.449999 0.631609
18.500000 0.542173
18.549999 1.413271
18.600000 0.878214
18.649999 0.116520
18.700000 -0.034546
18.749999 -1.397067
18.800000 -0.172416
18.849999 -1.588253
18.900000 -1.881412
18.950000 -1.000548
18.999999 0.385793
19.050000 -0.373785
19.099999 0.803332
19.150000 0.515665
19.199999 -0.586291
19.250000 0.980108
19.299999 1.610902
19.350000 2.744923
19.399999 1.665788
19.450000 0.028705
19.500000 -0.154852
19.549999 -0.212431
19.600000 -0.340683
19.649999 -0.976853
19.700000 -0.804823
19.749999 0.343486
19.800000 -0.754427
19.849999 -0.932821
19.900000 -0.657403
19.949999 -0.136185
