0.000000 -0.238436
0.050000 0.346272
0.100000 0.240077
0.150000 -0.255411
0.200000 -0.014618
0.250000 0.049381
0.300000 0.908393
0.350000 1.335055
0.400000 0.440854
0.450000 -0.593569
0.500000 0.296091
0.550000 -0.044160
0.600000 -0.047372
0.650000 -0.324526
0.700000 0.580560
0.750000 0.687844
0.800000 0.499205
0.850000 0.890587
0.900000 0.321282
0.950000 0.368823
1.000000 -0.218458
1.050000 0.107208
1.100000 -0.173789
1.150000 -0.104758
1.200000 0.921056
1.250000 -0.034414
1.300000 0.590465
1.350000 0.238836
1.400000 0.446354
1.450000 0.232477
1.500000 0.287874
1.550000 0.208694
1.600000 0.312966
1.650000 -0.334730
1.700000 0.026303
1.750000 -0.512287
1.800000 -0.691558
1.850000 -0.031383
1.900000 -0.187106
1.950000 0.398595
2.000000 -0.297594
2.050000 -0.310865
2.100000 -0.725127
2.150000 0.310684
2.200000 -0.221531
2.250000 -0.064582
2.300000 -0.047947
2.350000 -0.028046
2.400000 0.330334
2.450000 -0.595198
2.500000 0.804698
2.550000 0.886740
2.600000 0.003113
2.650000 -0.031282
2.700000 0.792605
2.750000 0.222733
2.800000 -0.116256
2.850000 0.625189
2.900000 0.652100
2.950000 1.397230
3.000000 0.544350
3.050000 1.414190
3.100000 1.086695
3.150000 0.040818
3.200000 0.322736
3.250000 0.143851
3.300000 -0.677747
3.350000 -1.001992
3.400000 -1.362292
3.450000 -1.300880
3.500000 -1.414030
3.550000 -1.698809
3.600000 -1.177745
3.650000 -1.722435
3.700000 -0.708619
3.750000 -0.392846
3.800000 -0.533701
3.850000 -0.459952
3.900000 0.283886
3.950000 0.358368
4.000000 1.275475
4.050000 1.494966
4.100000 2.692604
4.150000 2.848142
4.200000 3.524307
4.250000 4.434371
4.300000 4.168569
4.350000 4.713915
4.400000 4.619506
4.450000 4.053400
4.500000 4.303564
4.550000 3.083753
4.600000 2.775126
4.650000 2.162639
4.700000 1.867457
4.750000 -0.138152
4.800000 -0.263315
4.850000 -0.848263
4.900000 -1.863183
4.950000 -2.439014
5.000000 -3.521990
5.050000 -3.423235
5.100000 -5.374285
5.150000 -3.957063
5.200000 -3.848274
5.250000 -4.559314
5.300000 -4.011927
5.350000 -3.534588
5.400000 -3.009637
5.450000 -2.370972
5.500000 -1.526327
5.550000 -1.459319
5.600000 0.147420
5.650000 1.039235
5.700000 1.236660
5.750000 2.692377
5.800000 2.616682
5.850000 3.744411
5.900000 4.123602
5.950000 4.370810
6.000000 4.243000
6.050000 4.136019
6.100000 4.985033
6.150000 4.671146
6.200000 4.031693
6.250000 2.357925
6.300000 2.481276
6.350000 2.045287
6.400000 1.238693
6.450000 0.389685
6.500000 -0.916301
6.550000 -1.305834
6.600000 -1.978090
6.650000 -2.886580
6.700000 -2.924786
6.750000 -3.135386
6.800000 -3.366247
6.850000 -3.508360
6.900000 -2.745196
6.950000 -3.234461
7.000000 -2.973285
7.050000 -2.968963
7.100000 -1.599549
7.150000 -1.829993
7.200000 -1.080933
7.250000 -1.209080
7.300000 0.045327
7.350000 0.932331
7.400000 1.071007
7.450000 2.234992
7.500000 3.041283
7.550000 2.541261
7.600000 3.048633
7.650000 2.503723
7.700000 2.177590
7.750000 2.233246
7.800000 2.515163
7.850000 1.561273
7.900000 1.187758
7.950000 0.169138
7.999999 0.531660
8.049999 0.377191
8.100000 -0.569749
8.150000 -0.451874
8.200000 -1.469350
8.250000 -1.329079
8.300000 -0.624774
8.350000 -1.294461
8.400000 -1.629914
8.450000 -1.250039
8.500000 -1.368208
8.549999 -1.802804
8.599999 -1.335123
8.650000 -1.769274
8.700000 -0.430096
8.750000 -0.025819
8.800000 -0.309785
8.850000 0.347257
8.900000 -0.088450
8.950000 1.293845
9.000000 1.034446
9.050000 1.755389
9.099999 1.108374
9.149999 1.193503
9.200000 0.857408
9.250000 0.908149
9.300000 0.714501
9.350000 0.153885
9.400000 0.466229
9.450000 0.641895
9.500000 -0.155139
9.550000 -0.422641
9.600000 -0.681010
9.649999 -0.312111
9.699999 -0.972313
9.750000 -1.203252
9.800000 -1.471429
9.850000 -0.723215
9.900000 -1.068036
9.950000 -0.308380
10.000000 -0.253807
10.050000 -0.572130
10.100000 0.237425
10.150000 -0.719454
10.199999 -0.381097
10.249999 0.055548
10.300000 0.333877
10.350000 0.052889
10.400000 -0.303743
10.450000 0.143153
10.500000 0.879520
10.550000 0.477708
10.600000 1.256184
10.650000 0.597800
10.700000 0.828505
10.749999 0.102747
10.799999 0.277077
10.849999 -0.322218
10.900000 0.709288
10.950000 0.884019
11.000000 0.694572
11.050000 0.495958
11.100000 -0.208116
11.150000 0.070383
11.200000 -0.038099
11.250000 0.427224
11.299999 0.113621
11.349999 -0.175988
11.399999 -0.499036
11.450000 -0.255670
11.500000 -0.975418
11.550000 -0.408440
11.600000 -0.255987
11.650000 -0.454532
11.700000 -0.747676
11.750000 0.120912
11.800000 -0.074780
11.849999 -0.493464
11.899999 -0.227010
11.949999 -0.287852
12.000000 -0.341331
12.050000 0.325434
12.100000 -0.191216
12.150000 0.960876
12.200000 0.317261
12.250000 0.696910
12.300000 0.558107
12.350000 1.109718
12.399999 0.715895
12.449999 0.215972
12.499999 0.705985
12.550000 0.343765
12.600000 0.258080
12.650000 -0.170145
12.700000 1.140525
12.750000 0.171639
12.800000 -0.038702
12.850000 0.582528
12.900000 0.423294
12.949999 -0.491688
12.999999 -0.230744
13.049999 0.107621
13.100000 -0.166451
13.150000 -0.257714
13.200000 -0.060660
13.250000 0.245444
13.300000 0.304554
13.350000 -0.567223
13.400000 -0.287679
13.450000 -0.441943
13.499999 -0.196788
13.549999 0.425683
13.599999 0.150150
13.650000 -0.358843
13.700000 -0.120646
13.750000 0.529261
13.800000 -0.473163
13.850000 0.049175
13.900000 0.076784
13.950000 0.443823
14.000000 -0.630078
14.049999 -0.617055
14.099999 -0.129245
14.149999 0.104530
14.200000 0.115021
14.250000 0.293684
14.300000 -0.636395
14.350000 -0.179520
14.400000 0.136084
14.450000 -0.321567
14.500000 -0.075225
14.549999 -0.154228
14.599999 -0.619568
14.649999 -0.416950
14.699999 -0.147285
14.750000 0.288135
14.800000 -0.338217
14.850000 0.064448
14.900000 -0.068602
14.950000 0.492798
15.000000 -0.207697
15.050000 0.053283
15.099999 0.113713
15.149999 -0.718843
15.199999 0.187482
15.249999 0.216484
15.299999 0.091671
15.350000 -0.245860
15.400000 -0.629880
15.450000 0.191783
15.500000 -0.191259
15.550000 -0.124237
15.600000 0.392696
15.650000 0.192391
15.699999 0.089236
15.750000 0.077174
15.799999 0.866610
15.850000 -0.150863
15.899999 0.260621
15.950000 0.625977
15.999999 -0.397504
16.050000 -0.032843
16.099999 0.048179
16.150000 -0.311148
16.200000 -0.927807
16.249999 -1.194893
16.300000 -0.811877
16.349999 -0.730762
16.400000 0.052509
16.449999 0.033197
16.500000 -0.409525
16.549999 -0.327808
16.600000 -0.401425
16.649999 0.031058
16.700000 0.061325
16.750000 -0.416916
16.799999 0.071702
16.850000 -0.082014
16.899999 0.834343
16.950000 -0.822666
16.999999 0.700037
17.050000 -0.342409
17.099999 0.268908
17.150000 -0.298875
17.199999 -0.016936
17.250000 0.376505
17.300000 -0.071163
17.349999 -0.258637
17.400000 0.186669
17.449999 -0.434118
17.500000 -0.742532
17.549999 -0.540268
17.600000 -0.753044
17.649999 0.352849
17.700000 0.214894
17.749999 -0.403462
17.800000 -0.425863
17.850000 -0.418750
17.899999 -0.926633
17.950000 -0.623111
17.999999 -0.713413
18.050000 -0.738139
18.099999 -0.099811
18.150000 -0.358222
18.199999 -0.223121
18.250000 -0.367472
18.299999 0.138821
18.350000 -0.529307
18.400000 -0.173897
18.449999 0.318482
18.500000 -0.086459
18.549999 0.450969
18.600000 0.366257
18.649999 0.819827
18.700000 -0.079286
18.749999 0.449433
18.800000 0.425408
18.849999 0.213425
18.900000 -0.205920
18.950000 0.057189
18.999999 -0.036782
19.050000 -0.770048
19.099999 -0.140194
19.150000 -0.327248
19.199999 -0.633991
19.250000 0.514300
19.299999 0.142140
19.350000 -0.708287
19.399999 0.061009
19.450000 0.461423
19.500000 0.054765
19.549999 -0.080616
19.600000 0.094517
19.649999 0.731345
19.700000 -0.308317
19.749999 -0.677081
19.800000 0.210880
19.849999 -0.214758
19.900000 -0.269519
19.949999 0.162601
