0.000000 1.524360
0.050000 2.795033
0.100000 2.178618
0.150000 8.319280
0.200000 -2.758841
0.250000 2.630550
0.300000 2.712364
0.350000 -1.022256
0.400000 -0.140946
0.450000 1.363235
0.500000 2.533368
0.550000 3.250276
0.600000 -0.637514
0.650000 -0.478567
0.700000 -0.577676
0.750000 5.325988
0.800000 -7.485764
0.850000 1.514163
0.900000 -4.598898
0.950000 2.487826
1.000000 0.133111
1.050000 0.279113
1.100000 -2.232894
1.150000 1.476549
1.200000 -0.144268
1.250000 1.520923
1.300000 -7.996568
1.350000 -3.850765
1.400000 -2.141467
1.450000 -4.826151
1.500000 1.714450
1.550000 -0.892667
1.600000 6.373160
1.650000 -1.489749
1.700000 -1.375501
1.750000 -8.876855
1.800000 -13.075455
1.850000 -14.572115
1.900000 5.915627
1.950000 20.653894
2.000000 34.964127
2.050000 26.863016
2.100000 0.415725
2.150000 -24.561111
2.200000 -49.428596
2.250000 -27.180393
2.300000 -2.446488
2.350000 23.737083
2.400000 42.958839
2.450000 33.246010
2.500000 -7.692405
2.550000 -42.923069
2.600000 -36.272732
2.650000 -25.583204
2.700000 16.288557
2.750000 39.122475
2.800000 35.186096
2.850000 11.047831
2.900000 -13.923590
2.950000 -32.390533
3.000000 -34.374084
3.050000 -10.427623
3.100000 12.572308
3.150000 30.924973
3.200000 23.613089
3.250000 3.699227
3.300000 -9.527912
3.350000 -22.997507
3.400000 -21.688465
3.450000 -5.666565
3.500000 9.589218
3.550000 24.308001
3.600000 9.081306
3.650000 -0.228197
3.700000 -10.052014
3.750000 -18.955950
3.800000 -4.727602
3.850000 -0.799693
3.900000 8.026840
3.950000 15.508917
4.000000 8.094104
4.050000 2.528877
4.100000 -6.707915
4.150000 -14.331122
4.200000 -0.042103
4.250000 1.351002
4.300000 9.136553
4.350000 6.912699
4.400000 4.550618
4.450000 -2.621134
4.500000 -3.229985
4.550000 -1.786395
4.600000 -4.391859
4.650000 -2.006862
4.700000 1.981860
4.750000 4.253271
4.800000 -5.288841
4.850000 3.315002
4.900000 -7.116480
4.950000 4.717009
5.000000 1.792894
5.050000 2.013910
5.100000 -4.684083
5.150000 -2.489814
5.200000 1.205170
5.250000 -2.351183
5.300000 0.344898
5.350000 -4.065066
5.400000 -6.457020
5.450000 3.226832
5.500000 1.148030
5.550000 1.542665
5.600000 3.313638
5.650000 -0.777250
5.700000 2.103821
5.750000 -7.476961
5.800000 3.239717
5.850000 -1.480549
5.900000 5.491174
5.950000 -4.595219
6.000000 -0.693135
6.050000 -1.373241
6.100000 3.899406
6.150000 -4.160052
6.200000 2.511654
6.250000 3.491474
6.300000 -2.710848
6.350000 4.101812
6.400000 1.577536
6.450000 3.138001
6.500000 1.023298
6.550000 6.570727
6.600000 2.008826
6.650000 4.677217
6.700000 -3.124825
6.750000 -0.864862
6.800000 -1.689166
6.850000 3.117046
6.900000 -3.981385
6.950000 3.336137
7.000000 -1.087776
7.050000 -3.488708
7.100000 -0.887328
7.150000 -0.224883
7.200000 3.062700
7.250000 1.207976
7.300000 0.418807
7.350000 4.711101
7.400000 -4.906998
7.450000 -1.371824
7.500000 -4.273397
7.550000 -1.907124
7.600000 -6.679996
7.650000 2.381790
7.700000 -2.332528
7.750000 -5.865533
7.800000 -1.280077
7.850000 -2.517235
7.900000 -2.958688
7.950000 2.544724
7.999999 6.468156
8.049999 2.350876
8.100000 4.978584
8.150000 0.175091
8.200000 -0.952419
8.250000 5.231349
8.300000 4.716762
8.350000 -0.838261
8.400000 -2.792649
8.450000 -0.411423
8.500000 6.520203
8.549999 5.683413
8.599999 0.775869
8.650000 -0.331099
8.700000 5.626318
8.750000 -1.133916
8.800000 -2.853955
8.850000 4.665370
8.900000 1.309357
8.950000 -3.189625
9.000000 2.071916
9.050000 -6.748789
9.099999 0.206826
9.149999 -1.254349
9.200000 -0.695493
9.250000 1.945059
9.300000 -2.096870
9.350000 -0.910431
9.400000 3.924150
9.450000 -0.475804
9.500000 1.446895
9.550000 1.745974
9.600000 5.654661
9.649999 -0.198154
9.699999 4.068318
9.750000 1.983789
9.800000 -0.094497
9.850000 -9.244971
9.900000 -3.274692
9.950000 1.275573
10.000000 -0.967919
10.050000 -2.652410
10.100000 -1.551149
10.150000 0.895298
10.199999 -7.155575
10.249999 -0.691510
10.300000 4.821820
10.350000 -1.144126
10.400000 -1.287135
10.450000 4.503695
10.500000 -1.451265
10.550000 -2.144432
10.600000 0.222633
10.650000 3.273852
10.700000 -3.097334
10.749999 9.064606
10.799999 7.775820
10.849999 -0.600393
10.900000 2.490427
10.950000 3.831785
11.000000 -2.136408
11.050000 -4.826695
11.100000 0.840746
11.150000 2.249971
11.200000 -0.289259
11.250000 -4.827591
11.299999 -0.701364
11.349999 -2.309399
11.399999 -3.716270
11.450000 -2.204816
11.500000 5.464361
11.550000 -3.215089
11.600000 -3.407380
11.650000 8.073013
11.700000 4.131028
11.750000 -3.888215
11.800000 1.639141
11.849999 -4.590138
11.899999 1.773157
11.949999 -5.992191
12.000000 -3.384789
12.050000 0.306334
12.100000 3.952030
12.150000 2.918195
12.200000 -5.192259
12.250000 -1.437963
12.300000 -3.215060
12.350000 -1.669696
12.399999 2.774099
12.449999 -5.796882
12.499999 -0.651508
12.550000 1.219813
12.600000 -6.452802
12.650000 2.158751
12.700000 2.756106
12.750000 1.719750
12.800000 -6.260593
12.850000 3.647572
12.900000 4.986309
12.949999 1.738239
12.999999 -5.400751
13.049999 -4.590504
13.100000 4.047367
13.150000 -2.609053
13.200000 -2.488642
13.250000 2.903785
13.300000 4.322860
13.350000 0.445690
13.400000 1.197765
13.450000 -5.043444
13.499999 -1.275659
13.549999 -4.352939
13.599999 4.174745
13.650000 -2.192006
13.700000 0.924710
13.750000 -5.427860
13.800000 2.999570
13.850000 2.671634
13.900000 0.575097
13.950000 -0.183451
14.000000 7.645046
14.049999 1.200156
14.099999 -0.184396
14.149999 -0.540061
14.200000 -2.695641
14.250000 1.256640
14.300000 -1.250176
14.350000 1.856218
14.400000 5.228200
14.450000 2.019265
14.500000 -1.230663
14.549999 -3.757500
14.599999 2.484713
14.649999 2.373207
14.699999 2.923994
14.750000 2.642243
14.800000 2.839790
14.850000 -2.467037
14.900000 6.546825
14.950000 6.065396
15.000000 -4.906987
15.050000 5.517762
15.099999 3.885460
15.149999 4.141538
15.199999 3.944577
15.249999 1.585517
15.299999 6.114790
15.350000 1.724064
15.400000 4.165708
15.450000 0.358198
15.500000 -0.060027
15.550000 3.634095
15.600000 0.092661
15.650000 5.327647
15.699999 8.129265
15.750000 0.558441
15.799999 -2.846170
15.850000 3.944697
15.899999 4.287924
15.950000 -1.924653
15.999999 2.836251
16.050000 -1.773569
16.099999 1.846710
16.150000 -2.818029
16.200000 1.579157
16.249999 -5.544156
16.300000 -2.274777
16.349999 -2.279718
16.400000 -2.403094
16.449999 4.494575
16.500000 7.118786
16.549999 3.373347
16.600000 -0.045989
16.649999 6.533159
16.700000 0.948249
16.750000 -2.157806
16.799999 -1.683448
16.850000 4.163525
16.899999 5.821949
16.950000 5.102610
16.999999 3.674118
17.050000 1.988447
17.099999 3.274238
17.150000 5.939168
17.199999 2.649255
17.250000 -2.952333
17.300000 -1.526124
17.349999 -0.873328
17.400000 -2.699591
17.449999 2.295958
17.500000 -6.488615
17.549999 4.701516
17.600000 1.946197
17.649999 6.266622
17.700000 -7.633018
17.749999 -4.799615
17.800000 2.290140
17.850000 -4.995466
17.899999 4.297196
17.950000 3.128280
17.999999 -5.200429
18.050000 0.770536
18.099999 -6.224338
18.150000 -0.492956
18.199999 3.418185
18.250000 2.508038
18.299999 4.255057
18.350000 7.161552
18.400000 10.207390
18.449999 3.753239
18.500000 -1.593442
18.549999 -0.388314
18.600000 1.365066
18.649999 -0.428463
18.700000 4.742266
18.749999 5.981566
18.800000 5.764699
18.849999 -0.499353
18.900000 0.678816
18.950000 -6.653465
18.999999 0.933537
19.050000 -4.499830
19.099999 -1.096252
19.150000 3.728448
19.199999 1.626476
19.250000 -3.363698
19.299999 -0.329179
19.350000 2.859052
19.399999 -1.854847
19.450000 -0.362279
19.500000 -4.723839
19.549999 -2.748881
19.600000 -0.875502
19.649999 0.587769
19.700000 -9.123442
19.749999 -0.308302
19.800000 3.862967
19.849999 -1.326800
19.900000 -2.212923
19.949999 -2.241368
