0.000000 -0.771264
0.050000 -3.026676
0.100000 22.260401
0.150000 22.168564
0.200000 21.961227
0.250000 10.616005
0.300000 3.216372
0.350000 -6.359374
0.400000 8.858932
0.450000 -3.049448
0.500000 -0.650197
0.550000 -7.258926
0.600000 7.779204
0.650000 -5.195539
0.700000 -7.702170
0.750000 -11.442277
0.800000 -1.213167
0.850000 -18.776751
0.900000 0.894966
0.950000 10.836922
1.000000 8.560033
1.050000 13.495782
1.100000 4.834824
1.150000 -10.664856
1.200000 4.617490
1.250000 -6.383714
1.300000 -1.103403
1.350000 -3.345756
1.400000 -26.615185
1.450000 2.128723
1.500000 -0.937483
1.550000 -13.141522
1.600000 -2.778818
1.650000 1.687076
1.700000 3.883595
1.750000 -21.764742
1.800000 -1.055146
1.850000 3.618077
1.900000 0.885978
1.950000 13.264584
2.000000 18.919346
2.050000 24.829109
2.100000 17.472982
2.150000 2.954852
2.200000 14.034245
2.250000 3.997327
2.300000 16.019970
2.350000 2.763843
2.400000 19.099165
2.450000 15.755768
2.500000 20.748627
2.550000 29.911161
2.600000 28.619808
2.650000 24.233887
2.700000 17.123802
2.750000 14.569270
2.800000 -13.936288
2.850000 9.521812
2.900000 -15.779301
2.950000 -24.080202
3.000000 -53.109741
3.050000 -37.931660
3.100000 -50.313259
3.150000 -58.224892
3.200000 -40.400669
3.250000 -22.738083
3.300000 10.139725
3.350000 40.692295
3.400000 63.696877
3.450000 91.734268
3.500000 126.549438
3.550000 135.144836
3.600000 104.307808
3.650000 117.104446
3.700000 80.259499
3.750000 34.181671
3.800000 4.309270
3.850000 -62.670807
3.900000 -89.568039
3.950000 -109.885498
4.000000 -144.296478
4.050000 -137.160675
4.100000 -153.648651
4.150000 -117.053093
4.200000 -118.919167
4.250000 -79.961800
4.300000 -49.506618
4.350000 -12.051088
4.400000 30.480219
4.450000 49.983204
4.500000 66.182419
4.550000 94.149101
4.600000 100.774803
4.650000 78.918175
4.700000 81.662231
4.750000 60.492992
4.800000 61.950661
4.850000 54.410305
4.900000 26.412334
4.950000 7.221963
5.000000 -2.347995
5.050000 -37.568466
5.100000 -38.921646
5.150000 -14.428122
5.200000 -48.207249
5.250000 -53.567856
5.300000 -40.199932
5.350000 -16.929436
5.400000 -12.119390
5.450000 1.072841
5.500000 26.470135
5.550000 24.755207
5.600000 37.675938
5.650000 27.044691
5.700000 22.809998
5.750000 38.314896
5.800000 3.990175
5.850000 24.159245
5.900000 6.776839
5.950000 6.738984
6.000000 -0.761327
6.050000 -13.800667
6.100000 -19.198706
6.150000 -19.861126
6.200000 -33.208275
6.250000 -16.940300
6.300000 -11.607507
6.350000 -18.922539
6.400000 -4.591279
6.450000 -4.613547
6.500000 15.284063
6.550000 3.523613
6.600000 18.114853
6.650000 4.384920
6.700000 29.879269
6.750000 11.802296
6.800000 -13.480267
6.850000 5.971845
6.900000 -3.935058
6.950000 -9.931637
7.000000 8.018133
7.050000 8.941238
7.100000 -12.911016
7.150000 -0.772333
7.200000 4.737414
7.250000 -2.499482
7.300000 -2.072760
7.350000 16.584358
7.400000 19.415201
7.450000 14.146080
7.500000 -1.342450
7.550000 9.188532
7.600000 4.467802
7.650000 12.472987
7.700000 17.596565
7.750000 -12.351283
7.800000 -9.960664
7.850000 -17.918367
7.900000 -11.550870
7.950000 -16.834387
8.000000 -5.233778
8.050000 -18.873404
8.100000 -7.112374
8.150000 -7.104543
8.200000 -20.821424
8.250000 28.308437
8.300000 12.002211
8.350000 18.152117
8.400000 10.344882
8.450000 13.123254
8.500000 3.555855
8.550000 7.210104
8.600000 7.161693
8.650000 10.320600
8.700000 8.013001
8.750000 -18.705673
8.800000 4.621575
8.850000 -17.005482
8.900000 -13.342022
8.950000 -19.410463
9.000000 -13.231509
9.050000 -29.999170
9.100000 -29.318201
9.150000 -3.922461
9.200000 -6.097341
9.250000 8.961041
9.300000 17.102581
9.350000 8.655576
9.400000 -12.544080
9.450000 13.190647
9.500000 14.042071
9.550000 12.869984
9.600000 14.174137
9.650000 -8.650072
9.700000 5.732465
9.750000 11.937668
9.800000 10.885379
9.850000 -17.157146
9.900000 -10.184823
9.950000 -16.545805
10.000000 -3.055396
10.050000 11.410791
10.100000 9.659685
10.150000 0.394082
10.200000 -13.455189
10.250000 -0.265008
10.300000 13.980018
10.350000 0.572675
10.400000 9.171831
10.450000 11.041547
10.500000 -6.568910
10.550000 -1.498693
10.600000 -12.067990
10.650000 -20.231363
10.700000 1.136307
10.750000 -10.829712
10.800000 -2.858439
10.850000 -13.956365
10.900000 21.237326
10.950000 -6.670293
11.000000 1.516428
11.050000 -5.305543
11.100000 -0.905418
11.150000 -1.037483
11.200000 -0.269596
11.250000 -4.311105
11.300000 -3.898667
11.350000 3.211877
11.400000 1.612854
11.450000 -26.737604
11.500000 4.923976
11.550000 -1.910601
11.600000 0.200266
11.650000 -10.373156
11.700000 -1.505359
11.750000 18.323505
11.800000 7.687873
11.850000 12.715378
11.900000 10.743283
11.950000 19.013353
12.000000 4.053082
12.050000 29.139494
12.100000 -9.026171
12.150000 10.059826
12.200000 1.550878
12.250000 21.568575
12.300000 23.554270
12.350000 12.636722
12.400000 10.385002
12.450000 -0.869322
12.500000 3.718861
12.550000 5.105878
12.600000 -21.705187
12.650000 -1.798946
12.700000 3.107904
12.750000 5.914544
12.800000 4.264233
12.850000 1.171074
12.900000 -9.913002
12.950000 -1.132671
13.000000 -8.483847
13.050000 -16.459547
13.100000 19.372126
13.150000 -6.142469
13.200000 9.629946
13.250000 10.627843
13.300000 25.064264
13.350000 13.183125
13.400000 2.668030
13.450000 13.990076
13.500000 5.626454
13.550000 -1.339147
13.600000 10.873382
13.650000 5.827310
13.700000 -4.494069
13.750000 4.190893
13.800000 -16.320652
13.850000 19.487873
13.900000 8.335711
13.950000 -11.866651
14.000000 -1.451612
14.050000 -5.448760
14.100000 -22.885445
14.150000 -13.247951
14.200000 4.136244
14.250000 4.148001
14.300000 1.016847
14.350000 -10.276087
14.400000 7.863326
14.450000 -8.939872
14.500000 2.746505
14.550000 13.165098
14.600000 20.980251
14.650000 -6.867159
14.700000 2.554262
14.750000 3.922306
14.800000 6.384239
14.850000 9.195042
14.900000 -12.018291
14.950000 2.093756
15.000000 -12.042961
15.050000 -6.005796
15.100000 5.113882
15.150000 -10.193005
15.200000 -3.314754
15.250000 -6.714400
15.300000 3.656668
15.350000 -7.358722
15.400000 2.719454
15.450000 0.168625
15.500000 13.190678
15.550000 12.149007
15.600000 5.073059
15.650000 14.286225
15.700000 14.771578
15.750000 14.511518
15.800000 17.007046
15.850000 3.364850
15.900000 -6.863966
15.950000 -1.135963
16.000000 5.874758
16.050000 9.167821
16.100000 3.692349
16.150000 -2.056041
16.200000 -0.808361
16.250000 -21.108557
16.300000 -4.107695
16.350000 -14.384307
16.400000 -6.194416
16.450000 -4.096247
16.500000 -7.948462
16.550000 -5.179440
16.600000 -2.232683
16.650000 -23.876705
16.700000 17.618467
16.750000 1.985824
16.800000 -2.602382
16.850000 -9.999296
16.900000 -10.361229
16.950000 -16.799221
17.000000 -14.495485
17.050000 -9.999313
17.100000 -6.772614
17.150000 -4.633553
17.200000 12.580058
17.250000 1.863719
17.300000 7.210922
17.350000 10.991538
17.400000 12.656410
17.450000 0.886782
17.500000 17.609138
17.550000 15.268787
17.600000 0.625341
17.650000 14.053113
17.700000 15.479076
17.750000 5.283945
17.800000 3.279497
17.850000 -5.373529
17.900000 13.631110
17.950000 5.160260
18.000000 -14.492361
18.050000 0.548020
18.100000 -25.763676
18.150000 -7.944031
18.200000 -26.841259
18.250000 -23.870222
18.300000 4.112585
18.350000 -6.509577
18.400000 2.907586
18.450000 9.344264
18.500000 2.488677
18.550000 0.860718
18.600000 -2.708840
18.650000 42.762081
18.700000 26.319477
18.750000 19.398067
18.800000 -13.868301
18.850000 10.969237
18.900000 1.813161
18.950000 4.742822
19.000000 -5.132668
19.050000 -10.766918
19.100000 3.518065
19.150000 -3.340021
19.200000 -16.835321
19.250000 -24.940088
19.300000 -21.964743
19.350000 -16.586313
19.400000 -8.183571
19.450000 -14.354097
19.500000 12.190158
19.550000 11.578306
19.600000 36.926754
19.650000 26.811878
19.700000 34.339611
19.750000 3.097755
19.799999 2.459522
19.849999 -10.291917
19.899999 -0.210784
19.949999 -11.633833
