0.000000 -0.078757
0.050000 0.226745
0.100000 -0.783540
0.150000 0.268549
0.200000 1.072901
0.250000 -0.965839
0.300000 0.593055
0.350000 0.257897
0.400000 0.841024
0.450000 -0.112572
0.500000 -0.968613
0.550000 0.007713
0.600000 0.525878
0.650000 -0.803361
0.700000 -1.733821
0.750000 0.222066
0.800000 -0.174976
0.850000 -0.369748
0.900000 0.265229
0.950000 0.459431
1.000000 0.229606
1.050000 -0.994566
1.100000 0.376090
1.150000 -1.642381
1.200000 -1.164535
1.250000 0.630630
1.300000 2.019310
1.350000 -0.968783
1.400000 -0.255356
1.450000 1.719528
1.500000 0.651093
1.550000 -0.306413
1.600000 -0.446633
1.650000 0.152117
1.700000 0.837785
1.750000 -2.437538
1.800000 -0.313179
1.850000 0.758645
1.900000 1.213308
1.950000 0.685899
2.000000 1.195895
2.050000 -0.818928
2.100000 0.910753
2.150000 0.021166
2.200000 0.381865
2.250000 -0.982741
2.300000 -0.195180
2.350000 0.020850
2.400000 -0.165039
2.450000 -1.080678
2.500000 0.232449
2.550000 0.370011
2.600000 0.094191
2.650000 -1.235402
2.700000 -1.582703
2.750000 1.046193
2.800000 -0.952846
2.850000 -0.677655
2.900000 -0.328720
2.950000 0.635517
3.000000 0.574622
3.050000 -0.163125
3.100000 0.352462
3.150000 0.538824
3.200000 -0.429274
3.250000 1.439527
3.300000 -1.482794
3.350000 0.654476
3.400000 0.624726
3.450000 0.117819
3.500000 0.485662
3.550000 -0.246697
3.600000 0.005279
3.650000 -0.184023
3.700000 0.355812
3.750000 0.385558
3.800000 0.548084
3.850000 0.376013
3.900000 0.073233
3.950000 2.319001
4.000000 -0.752393
4.050000 -0.480126
4.100000 1.566762
4.150000 -0.744112
4.200000 0.041130
4.250000 0.471253
4.300000 0.011696
4.350000 -0.289054
4.400000 0.976756
4.450000 -0.220597
4.500000 1.689937
4.550000 0.791893
4.600000 0.132959
4.650000 0.699274
4.700000 0.694715
4.750000 -0.517052
4.800000 -0.713034
4.850000 1.346203
4.900000 -1.065045
4.950000 0.032860
5.000000 -0.888912
5.050000 0.450149
5.100000 -0.250740
5.150000 0.859604
5.200000 1.578619
5.250000 1.278570
5.300000 0.017739
5.350000 -0.092543
5.400000 -0.147354
5.450000 0.987619
5.500000 1.903506
5.550000 -1.052529
5.600000 0.205064
5.650000 -0.962161
5.700000 1.607648
5.750000 1.642112
5.800000 1.626781
5.850000 1.222453
5.900000 0.315836
5.950000 1.566694
6.000000 0.738371
6.050000 -0.543746
6.100000 0.998294
6.150000 1.009241
6.200000 0.906250
6.250000 0.699321
6.300000 1.113294
6.350000 -0.110043
6.400000 0.390877
6.450000 -0.860615
6.500000 0.953547
6.550000 -0.441379
6.600000 -0.262553
6.650000 0.628135
6.700000 0.583023
6.750000 0.582864
6.800000 -0.477053
6.850000 -2.299207
6.900000 0.117720
6.950000 0.555519
7.000000 -1.278606
7.050000 -1.520153
7.100000 0.044994
7.150000 -0.751312
7.200000 0.131434
7.250000 -1.907969
7.300000 0.001926
7.350000 -1.189145
7.400000 -1.586792
7.450000 -3.021140
7.500000 -2.199227
7.550000 -1.858407
7.600000 -2.403435
7.650000 -3.520257
7.700000 -2.613077
7.750000 -3.948600
7.800000 -2.396306
7.850000 -2.191361
7.900000 -2.579675
7.950000 -4.568367
7.999999 -2.191916
8.049999 -2.734303
8.100000 -3.177292
8.150000 -2.324609
8.200000 -2.683810
8.250000 -1.883639
8.300000 -2.061526
8.350000 -3.699160
8.400000 -2.648690
8.450000 -2.649648
8.500000 -1.603869
8.549999 -2.512516
8.599999 -2.873387
8.650000 -1.912855
8.700000 -2.099801
8.750000 -0.696557
8.800000 -2.015085
8.850000 -1.872436
8.900000 -0.956456
8.950000 -2.513618
9.000000 -0.134959
9.050000 0.067142
9.099999 -2.291540
9.149999 0.498166
9.200000 0.267639
9.250000 -0.701353
9.300000 1.097276
9.350000 2.186053
9.400000 1.674413
9.450000 0.535394
9.500000 0.486321
9.550000 1.874405
9.600000 2.211142
9.649999 0.256481
9.699999 1.286024
9.750000 1.561928
9.800000 2.154498
9.850000 4.078645
9.900000 2.950701
9.950000 4.022354
10.000000 3.037041
10.050000 1.716390
10.100000 1.708297
10.150000 2.419384
10.199999 3.051233
10.249999 2.518782
10.300000 3.066004
10.350000 2.130962
10.400000 2.399225
10.450000 2.492830
10.500000 2.817949
10.550000 2.439779
10.600000 1.479108
10.650000 0.838714
10.700000 2.317030
10.749999 1.388539
10.799999 2.680354
10.849999 2.189063
10.900000 1.827625
10.950000 1.194551
11.000000 2.221789
11.050000 1.318475
11.100000 2.842572
11.150000 1.479086
11.200000 1.452566
11.250000 2.054007
11.299999 1.961795
11.349999 1.724362
11.399999 0.921623
11.450000 1.263992
11.500000 1.179778
11.550000 1.392299
11.600000 0.525031
11.650000 0.205613
11.700000 2.574255
11.750000 0.552697
11.800000 0.636070
11.849999 -0.017101
11.899999 0.646976
11.949999 1.587836
12.000000 0.419176
12.050000 0.126812
12.100000 -0.401219
12.150000 -0.328552
12.200000 1.498690
12.250000 1.018760
12.300000 0.126438
12.350000 0.624492
12.399999 -0.779878
12.449999 0.641610
12.499999 -0.216505
12.550000 -0.085344
12.600000 -0.482930
12.650000 0.331143
12.700000 -0.773331
12.750000 0.156432
12.800000 -0.137513
12.850000 -0.500835
12.900000 0.123136
12.949999 -1.424718
12.999999 -0.246241
13.049999 0.010924
13.100000 1.254835
13.150000 -2.037983
13.200000 0.437448
13.250000 -1.978612
13.300000 -0.343292
13.350000 1.137814
13.400000 -0.438781
13.450000 -0.508230
13.499999 -0.782816
13.549999 -0.839575
13.599999 -0.326758
13.650000 -1.274022
13.700000 -0.654111
13.750000 -0.010515
13.800000 -0.328304
13.850000 -1.393270
13.900000 -1.061662
13.950000 -0.393630
14.000000 -2.155951
14.049999 -1.375167
14.099999 -0.353908
14.149999 0.039035
14.200000 -0.221894
14.250000 0.015874
14.300000 -0.484669
14.350000 -1.050899
14.400000 1.067527
14.450000 -0.610282
14.500000 -0.173243
14.549999 0.017953
14.599999 -1.496166
14.649999 -0.334947
14.699999 -1.768121
14.750000 -0.804941
14.800000 0.378168
14.850000 0.529624
14.900000 -0.025719
14.950000 0.005552
15.000000 -0.442746
15.050000 -0.698939
15.099999 -0.719115
15.149999 -0.325661
15.199999 0.264601
15.249999 0.435544
15.299999 -0.808305
15.350000 1.143164
15.400000 0.323330
15.450000 1.127985
15.500000 0.570422
15.550000 -0.438094
15.600000 -1.397134
15.650000 0.724098
15.699999 0.025445
15.750000 0.668654
15.799999 0.149310
15.850000 -0.555106
15.899999 -0.111107
15.950000 0.450447
15.999999 0.511947
16.050000 1.092655
16.099999 0.763235
16.150000 0.238466
16.200000 0.621104
16.249999 -0.105888
16.300000 -0.578576
16.349999 0.163612
16.400000 -0.376002
16.449999 -1.271905
16.500000 0.631481
16.549999 0.433394
16.600000 0.486635
16.649999 -0.873181
16.700000 -0.391120
16.750000 1.234442
16.799999 -0.070979
16.850000 2.380780
16.899999 -0.028926
16.950000 0.280954
16.999999 -0.308677
17.050000 0.371364
17.099999 0.916414
17.150000 -0.008320
17.199999 -1.016671
17.250000 -0.100951
17.300000 -0.962112
17.349999 0.932086
17.400000 0.357874
17.449999 1.990402
17.500000 0.500779
17.549999 -0.664999
17.600000 0.043034
17.649999 -0.119791
17.700000 0.645738
17.749999 -0.762013
17.800000 -1.015184
17.850000 1.272665
17.899999 -0.267422
17.950000 0.132500
17.999999 -0.133619
18.050000 1.054918
18.099999 -0.943403
18.150000 0.788620
18.199999 0.995983
18.250000 -0.155879
18.299999 0.749576
18.350000 -0.139789
18.400000 -0.016752
18.449999 0.721150
18.500000 0.262860
18.549999 2.493415
18.600000 -0.780329
18.649999 -0.412047
18.700000 0.581197
18.749999 0.696889
18.800000 1.134898
18.849999 -0.421561
18.900000 0.749161
18.950000 1.109580
18.999999 -0.154652
19.050000 1.088959
19.099999 0.185123
19.150000 1.357676
19.199999 0.378858
19.250000 -0.225315
19.299999 0.196464
19.350000 -0.511921
19.399999 0.643788
19.450000 -0.911489
19.500000 0.450539
19.549999 1.293955
19.600000 0.344795
19.649999 -0.415615
19.700000 -0.882964
19.749999 1.517636
19.800000 0.962988
19.849999 -0.250669
19.900000 0.948312
19.949999 0.421804
