0.000000 0.406509
0.050000 -0.106393
0.100000 0.376060
0.150000 -0.024651
0.200000 0.312876
0.250000 0.179339
0.300000 -0.171609
0.350000 0.129328
0.400000 0.062346
0.450000 0.114993
0.500000 0.168169
0.550000 0.121312
0.600000 0.299930
0.650000 0.256751
0.700000 0.031480
0.750000 0.145682
0.800000 -0.256216
0.850000 0.168248
0.900000 -0.196909
0.950000 0.087682
1.000000 -0.401573
1.050000 -0.043253
1.100000 0.327287
1.150000 0.118886
1.200000 0.124700
1.250000 -0.013345
1.300000 -0.147070
1.350000 -0.184048
1.400000 -0.258636
1.450000 0.080700
1.500000 0.023881
1.550000 -0.018116
1.600000 0.020877
1.650000 -0.152483
1.700000 0.087554
1.750000 0.005961
1.800000 0.427258
1.850000 0.130482
1.900000 -0.262361
1.950000 0.015434
2.000000 -0.164876
2.050000 -0.206759
2.100000 -0.119396
2.150000 0.051634
2.200000 -0.137232
2.250000 -0.028086
2.300000 -0.277383
2.350000 0.102974
2.400000 -0.172755
2.450000 -0.106944
2.500000 -0.062534
2.550000 0.410866
2.600000 -0.009847
2.650000 -0.063923
2.700000 -0.092571
2.750000 -0.032601
2.800000 0.029524
2.850000 -0.142880
2.900000 0.306323
2.950000 0.190132
3.000000 -0.108063
3.050000 -0.158548
3.100000 0.089068
3.150000 0.571747
3.200000 0.023243
3.250000 -0.111274
3.300000 0.033270
3.350000 -0.091859
3.400000 0.271015
3.450000 0.084430
3.500000 0.164052
3.550000 -0.198953
3.600000 -0.027537
3.650000 0.149035
3.700000 0.313809
3.750000 0.205826
3.800000 0.094102
3.850000 -0.283639
3.900000 0.297289
3.950000 0.043801
4.000000 -0.056756
4.050000 0.209160
4.100000 -0.025513
4.150000 0.059307
4.200000 0.231011
4.250000 -0.301240
4.300000 -0.061083
4.350000 0.311305
4.400000 0.258156
4.450000 -0.015364
4.500000 -0.099965
4.550000 -0.352863
4.600000 0.025022
4.650000 -0.353131
4.700000 -0.076654
4.750000 -0.093032
4.800000 -0.037395
4.850000 -0.229394
4.900000 -0.356435
4.950000 -0.527744
5.000000 -0.515499
5.050000 -0.298326
5.100000 -0.193431
5.150000 -0.264584
5.200000 -0.165986
5.250000 -0.131347
5.300000 0.098140
5.350000 -0.119492
5.400000 -0.014700
5.450000 -0.081415
5.500000 0.097618
5.550000 0.072861
5.600000 0.009904
5.650000 0.057105
5.700000 -0.119560
5.750000 -0.009440
5.800000 -0.068212
5.850000 0.141725
5.900000 0.296184
5.950000 0.529997
6.000000 0.168526
6.050000 0.282482
6.100000 0.001787
6.150000 0.090593
6.200000 0.360503
6.250000 0.455278
6.300000 0.073060
6.350000 0.044180
6.400000 0.459387
6.450000 0.265637
6.500000 0.167861
6.550000 0.067323
6.600000 0.170485
6.650000 0.254650
6.700000 0.395033
6.750000 0.393838
6.800000 0.155381
6.850000 -0.111479
6.900000 0.253509
6.950000 0.121503
7.000000 0.215301
7.050000 -0.106990
7.100000 0.381939
7.150000 -0.320903
7.200000 0.198694
7.250000 -0.324952
7.300000 -0.050197
7.350000 -0.057882
7.400000 0.145215
7.450000 -0.124539
7.500000 -0.166816
7.550000 -0.398195
7.600000 -0.115056
7.650000 -0.269945
7.700000 -0.221702
7.750000 -0.103536
7.800000 -0.365771
7.850000 -0.410105
7.900000 -0.408549
7.950000 -0.112016
8.000000 -0.169836
8.050000 0.193788
8.100000 -0.531586
8.150000 -0.332974
8.200000 -0.573799
8.250000 -0.472287
8.300000 -0.467572
8.350000 -0.696325
8.400000 0.248017
8.450000 -0.121762
8.500000 0.090140
8.550000 0.058346
8.600000 -0.309681
8.650000 0.068204
8.700000 -0.274597
8.750000 0.228651
8.800000 -0.238045
8.850000 -0.076171
8.900000 -0.378199
8.950000 0.291379
9.000000 0.277306
9.050000 -0.031906
9.100000 0.267452
9.150000 -0.345270
9.200000 0.246260
9.250000 0.270087
9.300000 0.317383
9.350000 0.450108
9.400000 0.337841
9.450000 0.237423
9.500000 0.106617
9.550000 0.440220
9.600000 0.655833
9.650000 0.097471
9.700000 0.259116
9.750000 0.325075
9.800000 0.170957
9.850000 0.333273
9.900000 0.362595
9.950000 0.207807
10.000000 0.160295
10.050000 0.255670
10.100000 0.410961
10.150000 0.347641
10.200000 0.006341
10.250000 0.012125
10.300000 0.201381
10.350000 0.237614
10.400000 0.196694
10.450000 0.067525
10.500000 0.112204
10.550000 0.274630
10.600000 0.090994
10.650000 0.023494
10.700000 0.196956
10.750000 -0.216608
10.800000 0.292427
10.850000 -0.079071
10.900000 0.046418
10.950000 0.085259
11.000000 -0.389211
11.050000 -0.338820
11.100000 -0.415564
11.150000 -0.014588
11.200000 -0.097313
11.250000 -0.180728
11.300000 -0.373793
11.350000 -0.034326
11.400000 -0.288089
11.450000 -0.288441
11.500000 -0.266425
11.550000 -0.041717
11.600000 -0.469777
11.650000 -0.110325
11.700000 -0.017052
11.750000 -0.366778
11.800000 -0.329429
11.850000 0.019358
11.900000 0.097840
11.950000 -0.080561
12.000000 -0.185900
12.050000 0.087158
12.100000 0.067192
12.150000 0.148325
12.200000 -0.135221
12.250000 0.015153
12.300000 -0.252230
12.350000 -0.100110
12.400000 -0.154158
12.450000 0.383762
12.500000 0.408331
12.550000 0.327950
12.600000 0.054153
12.650000 0.209714
12.700000 -0.002147
12.750000 0.171533
12.800000 -0.013241
12.850000 0.244585
12.900000 0.482742
12.950000 0.017224
13.000000 -0.008071
13.050000 0.114690
13.100000 0.398086
13.150000 0.079726
13.200000 -0.066532
13.250000 0.163479
13.300000 -0.032956
13.350000 0.293128
13.400000 0.193117
13.450000 0.030072
13.500000 0.150273
13.550000 -0.153744
13.600000 0.301327
13.650000 0.144055
13.700000 0.379623
13.750000 0.091870
13.800000 -0.078209
13.850000 -0.212175
13.900000 -0.069298
13.950000 0.307932
14.000000 0.100740
14.050000 -0.119402
14.100000 -0.375037
14.150000 -0.141990
14.200000 -0.088940
14.250000 0.072651
14.300000 -0.252999
14.350000 0.008971
14.400000 0.409725
14.450000 0.055443
14.500000 0.100505
14.550000 0.183958
14.600000 -0.377973
14.650000 -0.011148
14.700000 0.052892
14.750000 0.185038
14.800000 -0.156941
14.850000 0.077639
14.900000 -0.238425
14.950000 -0.185278
15.000000 0.305038
15.050000 -0.037679
15.100000 -0.058396
15.150000 -0.266005
15.200000 -0.065825
15.250000 -0.040519
15.300000 -0.048420
15.350000 -0.011279
15.400000 0.165339
15.450000 -0.130547
15.500000 0.215672
15.550000 0.110717
15.600000 0.500163
15.650000 0.100049
15.700000 0.049730
15.750000 0.016378
15.800000 -0.008944
15.850000 -0.066572
15.900000 0.260082
15.950000 0.064455
16.000000 -0.164368
16.050000 0.103615
16.100000 0.319872
16.150000 -0.086803
16.200000 0.060472
16.250000 -0.327904
16.300000 -0.075611
16.350000 0.100019
16.400000 0.186861
16.450000 -0.065074
16.500000 0.062548
16.550000 0.017893
16.600000 0.131865
16.650000 0.294648
16.700000 0.188877
16.750000 -0.029316
16.800000 0.212810
16.850000 -0.160586
16.900000 0.131131
16.950000 0.016760
17.000000 0.177153
17.050000 0.153853
17.100000 0.280717
17.150000 -0.067184
17.200000 -0.035621
17.250000 0.012174
17.300000 -0.362418
17.350000 -0.344373
17.400000 0.110153
17.450000 -0.060491
17.500000 0.410620
17.550000 -0.023377
17.600000 -0.056668
17.650000 -0.070299
17.700000 -0.165364
17.750000 0.257479
17.800000 0.135128
17.850000 0.115789
17.900000 0.116671
17.950000 0.091090
18.000000 0.120892
18.050000 -0.161724
18.100000 -0.061408
18.150000 -0.186105
18.200000 -0.323828
18.250000 0.018037
18.300000 0.055031
18.350000 -0.046620
18.400000 -0.100224
18.450000 -0.159179
18.500000 -0.206901
18.550000 0.134858
18.600000 0.005203
18.650000 0.030031
18.700000 0.156139
18.750000 -0.294154
18.800000 -0.074607
18.850000 -0.038339
18.900000 -0.097507
18.950000 -0.046150
19.000000 0.202181
19.050000 -0.224488
19.100000 0.109446
19.150000 0.013265
19.200000 0.108988
19.250000 0.085417
19.300000 0.059217
19.350000 0.266459
19.400000 -0.156499
19.450000 0.585861
19.500000 0.230976
19.550000 -0.533007
19.600000 -0.043812
19.650000 -0.076501
19.700000 0.050865
19.750000 0.427443
19.799999 -0.050308
19.849999 -0.103523
19.899999 0.165773
19.949999 0.024754
