0.000000 -99.980782
0.050000 -7.173722
0.100000 -33.642178
0.150000 112.262825
0.200000 160.912720
0.250000 100.352638
0.300000 131.456970
0.350000 117.056839
0.400000 89.938957
0.450000 32.458035
0.500000 -11.199923
0.550000 -104.302071
0.600000 -58.580563
0.650000 -67.354347
0.700000 -32.752178
0.750000 -14.969339
0.800000 28.253845
0.850000 107.290245
0.900000 92.807472
0.950000 66.255318
1.000000 3.036234
1.050000 105.090965
1.100000 -6.802993
1.150000 0.128212
1.200000 -23.260536
1.250000 45.061527
1.300000 57.102936
1.350000 -15.569666
1.400000 29.149851
1.450000 107.268753
1.500000 24.909708
1.550000 113.359024
1.600000 104.982414
1.650000 39.419827
1.700000 -9.664557
1.750000 40.570606
1.800000 -47.438465
1.850000 -14.956197
1.900000 8.532803
1.950000 -5.114155
2.000000 44.866974
2.050000 153.026093
2.100000 176.584274
2.150000 130.491287
2.200000 121.636032
2.250000 46.216892
2.300000 -93.179565
2.350000 -236.087280
2.400000 -395.210114
2.450000 -456.377960
2.500000 -406.423431
2.550000 -304.678345
2.600000 -34.518192
2.650000 329.310638
2.700000 781.438354
2.750000 970.503540
2.800000 1082.055298
2.850000 1012.502502
2.900000 688.816223
2.950000 190.303314
3.000000 -336.035767
3.050000 -900.871887
3.100000 -1276.363403
3.150000 -1380.296509
3.200000 -1220.670654
3.250000 -804.622742
3.300000 -350.639435
3.350000 200.752014
3.400000 581.015869
3.450000 842.880005
3.500000 872.498718
3.550000 752.655457
3.600000 361.088837
3.650000 27.840504
3.700000 -284.176636
3.750000 -496.480560
3.800000 -554.322144
3.850000 -531.526123
3.900000 -250.623840
3.950000 16.096741
4.000000 137.868591
4.050000 339.292114
4.100000 342.658173
4.150000 339.935669
4.200000 266.134949
4.250000 117.312523
4.300000 -45.913120
4.350000 -123.822792
4.400000 -299.883698
4.450000 -190.429169
4.500000 -104.823120
4.550000 -24.632307
4.600000 59.547291
4.650000 110.730278
4.700000 184.460342
4.750000 144.466461
4.800000 146.852936
4.850000 84.583748
4.900000 5.811429
4.950000 44.602730
5.000000 -56.815422
5.050000 -23.904446
5.100000 11.640220
5.150000 -22.720737
5.200000 2.698115
5.250000 92.983055
5.300000 78.642677
5.350000 92.252769
5.400000 77.851105
5.450000 20.489685
5.500000 50.224884
5.550000 -2.311582
5.600000 -88.042885
5.650000 -38.831375
5.700000 -23.002373
5.750000 -54.372646
5.800000 -61.966133
5.850000 -13.387460
5.900000 110.390518
5.950000 168.349792
6.000000 145.027512
6.050000 51.109108
6.100000 80.483032
6.150000 -44.058887
6.200000 -52.487274
6.250000 -64.910378
6.300000 -73.111038
6.350000 -60.577751
6.400000 -60.375092
6.450000 -37.880646
6.500000 -4.218043
6.550000 56.183620
6.600000 70.510002
6.650000 158.470032
6.700000 111.748802
6.750000 102.918045
6.800000 -0.692895
6.850000 36.992104
6.900000 -97.238579
6.950000 -94.345482
7.000000 -148.224838
7.050000 -97.923004
7.100000 -90.279297
7.150000 -25.708731
7.200000 84.744446
7.250000 107.003456
7.300000 116.825691
7.350000 157.348877
7.400000 138.181381
7.450000 143.421478
7.500000 131.593384
7.550000 2.659493
7.600000 -13.817704
7.650000 -6.256258
7.700000 45.625702
7.750000 -7.161302
7.800000 -35.307869
7.850000 -21.870623
7.900000 -86.218323
7.950000 -30.451084
7.999999 77.767998
8.049999 -18.337137
8.100000 49.168755
8.150000 -1.632501
8.200000 14.390390
8.250000 -31.480886
8.300000 -57.751091
8.350000 -27.841913
8.400000 -33.822636
8.450000 43.227764
8.500000 30.287809
8.549999 -42.308903
8.599999 1.310110
8.650000 88.763374
8.700000 35.153427
8.750000 -14.323840
8.800000 18.162416
8.850000 -43.941193
8.900000 -62.657642
8.950000 -147.311813
9.000000 -151.620911
9.050000 -121.443573
9.099999 -123.300247
9.149999 -52.802166
9.200000 -8.785192
9.250000 1.307747
9.300000 75.945274
9.350000 40.277077
9.400000 37.762951
9.450000 124.687790
9.500000 27.236586
9.550000 -3.812192
9.600000 -68.211555
9.649999 -60.791359
9.699999 -98.235184
9.750000 10.629389
9.800000 -15.824964
9.850000 -30.904593
9.900000 -6.045328
9.950000 79.733841
10.000000 107.592033
10.050000 83.859581
10.100000 22.140318
10.150000 11.571830
10.199999 -49.487438
10.249999 -141.739136
10.300000 -12.302582
10.350000 -13.528875
10.400000 17.802792
10.450000 -16.029779
10.500000 49.784840
10.550000 74.283791
10.600000 11.131143
10.650000 74.030418
10.700000 31.760426
10.749999 21.922941
10.799999 44.469433
10.849999 17.947134
10.900000 22.008224
10.950000 32.509624
11.000000 17.931433
11.050000 23.634089
11.100000 -9.325335
11.150000 11.539214
11.200000 3.452418
11.250000 45.556690
11.299999 -43.421410
11.349999 27.704664
11.399999 30.509022
11.450000 -30.783602
11.500000 20.086315
11.550000 8.497415
11.600000 -0.955196
11.650000 98.544556
11.700000 0.809002
11.750000 37.926128
11.800000 27.302248
11.849999 7.220687
11.899999 65.244827
11.949999 27.766594
12.000000 7.184629
12.050000 2.668172
12.100000 -8.641926
12.150000 16.413475
12.200000 24.273882
12.250000 14.665201
12.300000 6.812323
12.350000 9.543437
12.399999 18.455450
12.449999 -30.994226
12.499999 84.234756
12.550000 54.264336
12.600000 41.148586
12.650000 30.305906
12.700000 33.982941
12.750000 -1.510319
12.800000 40.173584
12.850000 107.830170
12.900000 4.186777
12.949999 39.352043
12.999999 0.883771
13.049999 -23.075014
13.100000 -23.983295
13.150000 -82.999702
13.200000 -37.793873
13.250000 -25.477053
13.300000 40.792042
13.350000 -28.354292
13.400000 -6.875240
13.450000 -3.036665
13.499999 65.177826
13.549999 34.988865
13.599999 4.154898
13.650000 -15.232841
13.700000 0.706805
13.750000 -3.176513
13.800000 -73.140732
13.850000 -7.616882
13.900000 26.410149
13.950000 52.880219
14.000000 46.596306
14.049999 75.966515
14.099999 70.042061
14.149999 39.630280
14.200000 81.015945
14.250000 81.735306
14.300000 12.505966
14.350000 22.879406
14.400000 7.009799
14.450000 -65.270157
14.500000 -55.857952
14.549999 -81.541519
14.599999 -44.082535
14.649999 -7.524952
14.699999 38.557480
14.750000 22.900406
14.800000 26.724228
14.850000 61.969669
14.900000 98.469521
14.950000 46.930264
15.000000 -39.611969
15.050000 -48.684628
15.099999 -38.731850
15.149999 -104.647636
15.199999 51.410004
15.249999 50.302544
15.299999 71.827637
15.350000 100.203094
15.400000 76.449814
15.450000 142.944214
15.500000 105.233589
15.550000 74.034348
15.600000 26.815289
15.650000 20.988096
15.699999 -37.353035
15.750000 -19.806032
15.799999 30.737404
15.850000 -17.038342
15.899999 10.193866
15.950000 24.325226
15.999999 33.095860
16.050000 42.526691
16.099999 40.303120
16.150000 10.326273
16.200000 -39.019985
16.249999 -21.501728
16.300000 -41.790218
16.349999 -14.438947
16.400000 16.602736
16.449999 52.440002
16.500000 -36.431030
16.549999 47.670143
16.600000 -18.890774
16.649999 20.572582
16.700000 41.526726
16.750000 35.107525
16.799999 20.341185
16.850000 21.727533
16.899999 -11.574743
16.950000 38.445522
16.999999 -38.786373
17.050000 -6.168749
17.099999 -2.832726
17.150000 5.063884
17.199999 0.538825
17.250000 -12.864305
17.300000 -29.414574
17.349999 -44.200756
17.400000 -18.897717
17.449999 79.839645
17.500000 -18.567717
17.549999 -54.313610
17.600000 -20.367640
17.649999 31.516893
17.700000 12.088087
17.749999 52.988708
17.800000 84.856148
17.850000 130.548676
17.899999 87.965775
17.950000 52.055248
17.999999 -0.938199
18.050000 45.032017
18.099999 84.584373
18.150000 43.717003
18.199999 -66.108604
18.250000 -86.245651
18.299999 -160.617996
18.350000 -76.432281
18.400000 -47.384575
18.449999 -65.480713
18.500000 -27.885302
18.549999 104.095322
18.600000 103.546425
18.649999 73.728699
18.700000 72.697037
18.749999 109.816223
18.800000 26.550220
18.849999 80.531303
18.900000 77.474045
18.950000 -6.827938
18.999999 -40.987217
19.050000 -58.730339
19.099999 -52.058304
19.150000 -58.242920
19.199999 -58.972824
19.250000 -27.889364
19.299999 5.348744
19.350000 18.738195
19.399999 50.887165
19.450000 52.555065
19.500000 33.768631
19.549999 69.626808
19.600000 86.625732
19.649999 -8.485700
19.700000 -13.296906
19.749999 -30.462517
19.800000 50.788303
19.849999 -71.232727
19.900000 -63.612560
19.949999 -125.839920
