0.000000 -12.743638
0.050000 -11.693568
0.100000 16.625120
0.150000 -2.261461
0.200000 3.096248
0.250000 0.140914
0.300000 3.089806
0.350000 22.204916
0.400000 -15.734714
0.450000 1.821918
0.500000 17.344675
0.550000 6.949567
0.600000 0.712789
0.650000 -2.373911
0.700000 -0.325985
0.750000 1.211631
0.800000 -9.899463
0.850000 2.898625
0.900000 -13.757440
0.950000 2.302302
1.000000 2.051447
1.050000 -3.908500
1.100000 -10.095361
1.150000 -9.202094
1.200000 -22.239162
1.250000 -8.653736
1.300000 -7.432970
1.350000 -17.446684
1.400000 -10.894331
1.450000 5.968694
1.500000 -2.799592
1.550000 -8.606030
1.600000 17.767302
1.650000 13.108526
1.700000 28.223232
1.750000 72.445328
1.800000 65.662651
1.850000 24.957533
1.900000 -27.939526
1.950000 -98.308830
2.000000 -127.849854
2.050000 -86.466370
2.100000 -14.841836
2.150000 87.785645
2.200000 181.427979
2.250000 151.703903
2.300000 67.643394
2.350000 -55.981678
2.400000 -120.442596
2.450000 -114.679512
2.500000 -17.204409
2.550000 29.245770
2.600000 43.747280
2.650000 13.938219
2.700000 -49.268570
2.750000 -28.791817
2.800000 -31.824902
2.850000 28.869589
2.900000 62.380070
2.950000 30.741892
3.000000 28.548376
3.050000 -20.567459
3.100000 -39.521484
3.150000 -34.217953
3.200000 -4.055865
3.250000 -13.972584
3.300000 32.242306
3.350000 27.212669
3.400000 16.821037
3.450000 2.340156
3.500000 0.581224
3.550000 -17.815462
3.600000 3.175462
3.650000 -2.760078
3.700000 12.802856
3.750000 0.419324
3.800000 1.384932
3.850000 -9.619253
3.900000 0.992008
3.950000 -4.004351
4.000000 4.540498
4.050000 13.442206
4.100000 7.361135
4.150000 22.598282
4.200000 4.661401
4.250000 13.114239
4.300000 2.789892
4.350000 2.318746
4.400000 12.044493
4.450000 10.397676
4.500000 -10.852816
4.550000 2.080405
4.600000 -10.883262
4.650000 4.327893
4.700000 -5.993314
4.750000 8.756709
4.800000 -8.796080
4.850000 -0.785309
4.900000 25.931152
4.950000 -5.522656
5.000000 4.981135
5.050000 -13.035078
5.100000 -38.402187
5.150000 2.539011
5.200000 3.042625
5.250000 10.294017
5.300000 9.068357
5.350000 5.818598
5.400000 34.239460
5.450000 8.149399
5.500000 11.835246
5.550000 -5.318171
5.600000 1.385916
5.650000 1.231279
5.700000 -4.931481
5.750000 -14.765982
5.800000 2.267432
5.850000 -20.148367
5.900000 5.065447
5.950000 -9.720157
6.000000 -7.082908
6.050000 15.672409
6.100000 0.872686
6.150000 15.634567
6.200000 -8.195031
6.250000 -13.621950
6.300000 6.900107
6.350000 -3.535061
6.400000 -6.973016
6.450000 -19.355846
6.500000 12.402189
6.550000 24.301121
6.600000 11.195583
6.650000 35.879295
6.700000 2.677665
6.750000 8.550730
6.800000 -16.463634
6.850000 -3.171803
6.900000 -7.220526
6.950000 -9.684528
7.000000 -2.140899
7.050000 -5.281863
7.100000 -1.396469
7.150000 8.336930
7.200000 -10.948318
7.250000 8.666467
7.300000 -0.923088
7.350000 8.022186
7.400000 -0.387338
7.450000 13.545635
7.500000 2.514597
7.550000 16.034786
7.600000 -1.412781
7.650000 -8.190386
7.700000 -14.444437
7.750000 6.903161
7.800000 -15.582468
7.850000 11.699301
7.900000 -5.538333
7.950000 9.918627
7.999999 -6.253558
8.049999 0.653508
8.100000 -3.051553
8.150000 -3.661538
8.200000 4.312983
8.250000 1.709226
8.300000 -15.087178
8.350000 -37.094776
8.400000 -0.879223
8.450000 -6.706777
8.500000 0.824083
8.549999 7.380743
8.599999 30.478951
8.650000 7.238989
8.700000 -2.753478
8.750000 21.376707
8.800000 20.419695
8.850000 8.485881
8.900000 -1.198091
8.950000 0.552319
9.000000 -16.570152
9.050000 -8.525379
9.099999 -4.491602
9.149999 1.121436
9.200000 3.227314
9.250000 2.659028
9.300000 34.204266
9.350000 11.439064
9.400000 -7.256935
9.450000 9.979156
9.500000 -7.794197
9.550000 15.149144
9.600000 3.642041
9.649999 -1.225196
9.699999 -4.433812
9.750000 4.259082
9.800000 -12.064928
9.850000 9.375048
9.900000 6.292556
9.950000 -1.276552
10.000000 -5.299617
10.050000 -2.939220
10.100000 10.993203
10.150000 -19.192070
10.199999 -4.503240
10.249999 16.619534
10.300000 -12.235473
10.350000 10.904709
10.400000 1.464139
10.450000 -17.261679
10.500000 -7.665994
10.550000 2.147697
10.600000 -0.741367
10.650000 8.023351
10.700000 4.130001
10.749999 -17.632868
10.799999 0.014652
10.849999 -13.979206
10.900000 -7.824605
10.950000 -4.034794
11.000000 15.806293
11.050000 -4.610203
11.100000 -9.686062
11.150000 4.557736
11.200000 -3.849987
11.250000 -7.586778
11.299999 -8.690551
11.349999 -7.692493
11.399999 8.139622
11.450000 13.727971
11.500000 8.581937
11.550000 10.470552
11.600000 -13.152559
11.650000 -5.398246
11.700000 -17.839233
11.750000 29.346588
11.800000 3.952821
11.849999 10.048137
11.899999 13.021313
11.949999 17.812527
12.000000 17.950012
12.050000 -4.023865
12.100000 -14.972143
12.150000 -7.811820
12.200000 -8.773550
12.250000 -2.229526
12.300000 -0.650444
12.350000 11.526662
12.399999 13.028034
12.449999 6.927242
12.499999 -5.305298
12.550000 -8.549410
12.600000 16.961094
12.650000 -0.573448
12.700000 12.645245
12.750000 -5.416619
12.800000 12.841075
12.850000 11.576418
12.900000 6.768674
12.949999 -10.260613
12.999999 -10.573677
13.049999 -3.289935
13.100000 26.565994
13.150000 -6.179120
13.200000 3.764790
13.250000 -22.228973
13.300000 21.844999
13.350000 3.301157
13.400000 -14.963123
13.450000 15.451567
13.499999 -7.163239
13.549999 9.235544
13.599999 -3.462575
13.650000 28.486917
13.700000 -18.115404
13.750000 -8.389211
13.800000 -8.186799
13.850000 -1.079710
13.900000 -16.991108
13.950000 -8.928971
14.000000 -4.813109
14.049999 -11.830465
14.099999 -13.890470
14.149999 2.881522
14.200000 32.013874
14.250000 -4.871536
14.300000 -1.032197
14.350000 6.482488
14.400000 -5.909066
14.450000 18.123690
14.500000 -18.340841
14.549999 -10.801754
14.599999 7.136006
14.649999 8.860346
14.699999 7.930109
14.750000 10.618628
14.800000 4.347133
14.850000 25.959362
14.900000 -11.271503
14.950000 -0.200061
15.000000 22.687012
15.050000 1.033525
15.099999 -16.165504
15.149999 9.245837
15.199999 12.586143
15.249999 6.585106
15.299999 33.208206
15.350000 19.158630
15.400000 8.551813
15.450000 -4.199107
15.500000 4.389519
15.550000 10.219277
15.600000 -0.849612
15.650000 15.943859
15.699999 -4.706560
15.750000 -5.501356
15.799999 -1.597149
15.850000 23.130453
15.899999 12.243161
15.950000 15.342456
15.999999 0.785512
16.050000 -13.474764
16.099999 5.771033
16.150000 -28.754234
16.200000 3.822344
16.249999 -1.106562
16.300000 14.964076
16.349999 20.615013
16.400000 -5.268184
16.449999 2.208542
16.500000 12.646458
16.549999 0.439627
16.600000 -5.683582
16.649999 22.418003
16.700000 -3.592536
16.750000 -3.893292
16.799999 -0.039999
16.850000 13.578812
16.899999 3.158830
16.950000 -2.677010
16.999999 -2.658396
17.050000 5.467744
17.099999 -12.043306
17.150000 -8.292344
17.199999 -18.660788
17.250000 -6.813982
17.300000 -13.284899
17.349999 24.559904
17.400000 14.473286
17.449999 15.626654
17.500000 18.605419
17.549999 -15.833994
17.600000 -22.391113
17.649999 12.309442
17.700000 23.018398
17.749999 2.789778
17.800000 -11.215350
17.850000 -2.060229
17.899999 1.209653
17.950000 -30.124012
17.999999 1.267485
18.050000 -0.599049
18.099999 7.258178
18.150000 12.610320
18.199999 -6.055489
18.250000 -11.459752
18.299999 0.891311
18.350000 -3.044020
18.400000 0.702781
18.449999 -13.183395
18.500000 14.344689
18.549999 9.117267
18.600000 2.773325
18.649999 -2.498439
18.700000 -19.513241
18.749999 12.325449
18.800000 3.126109
18.849999 -0.139205
18.900000 4.323074
18.950000 -7.724296
18.999999 6.724944
19.050000 -0.079078
19.099999 -16.364414
19.150000 18.997053
19.199999 11.676434
19.250000 5.216433
19.299999 -7.295506
19.350000 -0.670087
19.399999 -4.481091
19.450000 12.631769
19.500000 18.948179
19.549999 16.887651
19.600000 1.527166
19.649999 -2.238902
19.700000 -2.099820
19.749999 -15.812855
19.800000 -13.380755
19.849999 1.753359
19.900000 -21.002876
19.949999 -10.447642
