0.000000 -0.109844
0.050000 -0.136459
0.100000 -0.076668
0.150000 -0.327389
0.200000 -0.239885
0.250000 -0.037142
0.300000 -0.017308
0.350000 0.258728
0.400000 0.045247
0.450000 -0.030780
0.500000 -0.045157
0.550000 0.057142
0.600000 -0.416006
0.650000 -0.305914
0.700000 -0.284740
0.750000 -0.135850
0.800000 -0.166502
0.850000 -0.292681
0.900000 -0.257125
0.950000 0.121240
1.000000 0.182098
1.050000 0.028832
1.100000 0.150533
1.150000 -0.022604
1.200000 0.059681
1.250000 -0.099869
1.300000 -0.348682
1.350000 -0.248489
1.400000 -0.093702
1.450000 0.028697
1.500000 0.142918
1.550000 0.195937
1.600000 0.093106
1.650000 0.235965
1.700000 0.167801
1.750000 0.046950
1.800000 0.051897
1.850000 -0.027977
1.900000 0.068837
1.950000 -0.137577
2.000000 -0.303370
2.050000 -0.178365
2.100000 0.010767
2.150000 -0.020018
2.200000 0.131259
2.250000 0.072967
2.300000 0.261261
2.350000 0.176844
2.400000 -0.113274
2.450000 -0.142198
2.500000 -0.376306
2.550000 -0.282439
2.600000 -0.263040
2.650000 -0.101697
2.700000 0.098058
2.750000 0.279393
2.800000 0.702782
2.850000 0.847765
2.900000 0.761152
2.950000 0.661995
3.000000 0.099817
3.050000 -0.282732
3.100000 -0.771734
3.150000 -1.363522
3.200000 -1.280054
3.250000 -1.019591
3.300000 -0.649981
3.350000 0.000759
3.400000 0.465610
3.450000 0.852160
3.500000 1.191000
3.550000 1.560257
3.600000 1.185724
3.650000 0.477798
3.700000 0.078526
3.750000 -0.668932
3.800000 -1.157049
3.850000 -1.251941
3.900000 -1.463735
3.950000 -1.310047
4.000000 -0.488774
4.050000 0.109115
4.100000 0.538836
4.150000 1.108159
4.200000 1.166983
4.250000 1.254913
4.300000 0.969262
4.350000 0.529682
4.400000 -0.110797
4.450000 -0.802076
4.500000 -1.046430
4.550000 -1.154932
4.600000 -1.071998
4.650000 -0.571853
4.700000 -0.022016
4.750000 0.247126
4.800000 1.027548
4.850000 1.106863
4.900000 1.014205
4.950000 0.569524
5.000000 0.621252
5.050000 -0.194659
5.100000 -0.229310
5.150000 -0.803183
5.200000 -1.008621
5.250000 -0.758358
5.300000 -0.563090
5.350000 -0.269599
5.400000 0.346774
5.450000 0.561825
5.500000 0.662901
5.550000 0.751375
5.600000 0.472750
5.650000 0.545208
5.700000 0.084196
5.750000 -0.050715
5.800000 -0.322578
5.850000 -0.661105
5.900000 -0.296730
5.950000 -0.301507
6.000000 -0.016305
6.050000 0.265888
6.100000 0.319502
6.150000 0.387419
6.200000 0.731661
6.250000 0.435029
6.300000 0.265873
6.350000 -0.022531
6.400000 -0.218023
6.450000 -0.175713
6.500000 -0.310772
6.550000 -0.395310
6.600000 -0.158587
6.650000 0.021265
6.700000 0.122362
6.750000 0.394991
6.800000 0.460358
6.850000 0.159720
6.900000 0.032099
6.950000 0.033688
7.000000 -0.215205
7.050000 -0.423217
7.100000 -0.142589
7.150000 -0.065189
7.200000 -0.257405
7.250000 0.290455
7.300000 0.408542
7.350000 0.279915
7.400000 0.257711
7.450000 0.334040
7.500000 0.185869
7.550000 -0.092797
7.600000 -0.158658
7.650000 -0.065046
7.700000 -0.025329
7.750000 -0.254561
7.800000 -0.073091
7.850000 0.126694
7.900000 -0.043501
7.950000 0.112066
7.999999 0.273304
8.049999 0.147936
8.100000 0.251812
8.150000 0.066022
8.200000 0.049620
8.250000 -0.017281
8.300000 -0.060130
8.350000 -0.251502
8.400000 -0.196722
8.450000 -0.359519
8.500000 -0.008904
8.549999 0.120755
8.599999 0.046945
8.650000 0.314582
8.700000 0.219563
8.750000 0.040799
8.800000 0.033797
8.850000 0.036080
8.900000 -0.157526
8.950000 -0.204597
9.000000 -0.100061
9.050000 -0.081368
9.099999 -0.169761
9.149999 0.017565
9.200000 0.044672
9.250000 0.085273
9.300000 -0.045550
9.350000 0.396562
9.400000 -0.122145
9.450000 0.107553
9.500000 0.022878
9.550000 0.131849
9.600000 -0.124758
9.649999 -0.084466
9.699999 -0.179717
9.750000 -0.015372
9.800000 0.070515
9.850000 -0.117541
9.900000 0.112399
9.950000 -0.008854
10.000000 0.071654
10.050000 0.110478
10.100000 -0.067235
10.150000 0.125504
10.199999 -0.019951
10.249999 -0.078341
10.300000 -0.004723
10.350000 -0.228707
10.400000 0.050759
10.450000 -0.000046
10.500000 -0.014010
10.550000 -0.123412
10.600000 -0.043878
10.650000 -0.002202
10.700000 -0.035817
10.749999 -0.177827
10.799999 0.153931
10.849999 0.028672
10.900000 0.069657
10.950000 -0.074402
11.000000 0.045772
11.050000 -0.136571
11.100000 -0.260495
11.150000 0.075038
11.200000 0.065616
11.250000 0.157916
11.299999 0.064464
11.349999 0.098966
11.399999 -0.087722
11.450000 0.243020
11.500000 0.024304
11.550000 -0.057825
11.600000 0.024457
11.650000 0.248516
11.700000 -0.010735
11.750000 0.086854
11.800000 0.139291
11.849999 0.088881
11.899999 0.088298
11.949999 0.070996
12.000000 0.110359
12.050000 0.046622
12.100000 -0.081127
12.150000 -0.236759
12.200000 0.009450
12.250000 -0.061528
12.300000 0.096484
12.350000 0.185328
12.399999 0.047112
12.449999 -0.208219
12.499999 -0.041038
12.550000 0.252489
12.600000 0.240227
12.650000 -0.022760
12.700000 0.113767
12.750000 0.039633
12.800000 0.133285
12.850000 0.084678
12.900000 0.079610
12.949999 0.020259
12.999999 0.226043
13.049999 0.303983
13.100000 0.026148
13.150000 0.135104
13.200000 0.001902
13.250000 0.011112
13.300000 -0.009831
13.350000 0.017817
13.400000 0.152497
13.450000 0.059937
13.499999 0.086322
13.549999 0.060859
13.599999 0.009715
13.650000 0.193928
13.700000 0.130934
13.750000 0.066060
13.800000 -0.043028
13.850000 -0.015503
13.900000 -0.030113
13.950000 -0.241294
14.000000 0.105437
14.049999 0.000620
14.099999 0.111010
14.149999 -0.220102
14.200000 0.101734
14.250000 -0.010003
14.300000 0.149910
14.350000 0.215933
14.400000 0.071358
14.450000 -0.012691
14.500000 -0.018971
14.549999 -0.338231
14.599999 -0.182670
14.649999 0.063954
14.699999 0.165895
14.750000 -0.176007
14.800000 -0.169642
14.850000 -0.084737
14.900000 0.152351
14.950000 -0.078882
15.000000 0.138995
15.050000 0.154155
15.099999 0.208628
15.149999 -0.089944
15.199999 -0.094452
15.249999 -0.137271
15.299999 -0.293986
15.350000 0.028257
15.400000 -0.068628
15.450000 -0.130060
15.500000 0.048555
15.550000 0.242753
15.600000 0.067010
15.650000 0.142455
15.699999 0.038266
15.750000 -0.220415
15.799999 -0.178732
15.850000 0.093408
15.899999 -0.086819
15.950000 -0.094313
15.999999 -0.200252
16.050000 0.097731
16.099999 0.003143
16.150000 0.072839
16.200000 0.039351
16.249999 0.199334
16.300000 -0.129627
16.349999 0.071633
16.400000 0.261925
16.449999 -0.048358
16.500000 -0.051701
16.549999 -0.195283
16.600000 0.025426
16.649999 -0.125028
16.700000 0.032636
16.750000 0.240285
16.799999 -0.070351
16.850000 0.104153
16.899999 0.170995
16.950000 0.099225
16.999999 0.006432
17.050000 0.160373
17.099999 0.050207
17.150000 0.101541
17.199999 0.017191
17.250000 -0.202828
17.300000 0.103453
17.349999 -0.015523
17.400000 0.189986
17.449999 0.209381
17.500000 -0.054353
17.549999 0.022148
17.600000 0.059608
17.649999 -0.012704
17.700000 -0.260336
17.749999 -0.058147
17.800000 0.008231
17.850000 -0.092706
17.899999 -0.039188
17.950000 0.248918
17.999999 0.014107
18.050000 0.121540
18.099999 0.137487
18.150000 0.235467
18.199999 0.071908
18.250000 0.108717
18.299999 0.021737
18.350000 -0.052716
18.400000 -0.160718
18.449999 -0.118757
18.500000 -0.226292
18.549999 0.240994
18.600000 -0.017552
18.649999 -0.025090
18.700000 0.039735
18.749999 0.200426
18.800000 0.092232
18.849999 0.173784
18.900000 0.037675
18.950000 0.084027
18.999999 -0.032872
19.050000 -0.142440
19.099999 -0.195904
19.150000 -0.037775
19.199999 -0.087952
19.250000 0.048801
19.299999 0.153772
19.350000 0.122311
19.399999 0.074187
19.450000 0.027291
19.500000 -0.006856
19.549999 0.014379
19.600000 -0.150395
19.649999 0.101861
19.700000 0.063180
19.749999 -0.167302
19.800000 -0.098249
19.849999 -0.236399
19.900000 0.016942
19.949999 0.054333
