0.000000 14.921353
0.050000 39.706696
0.100000 31.843994
0.150000 31.659813
0.200000 -17.981468
0.250000 9.781215
0.300000 16.737766
0.350000 -4.304511
0.400000 25.830971
0.450000 -27.979137
0.500000 -32.970192
0.550000 -24.197357
0.600000 -2.493790
0.650000 4.476472
0.700000 27.743120
0.750000 52.097275
0.800000 29.311577
0.850000 5.388419
0.900000 -11.585068
0.950000 9.112292
1.000000 0.551707
1.050000 11.764853
1.100000 22.582895
1.150000 -7.225120
1.200000 26.638166
1.250000 -0.644544
1.300000 6.524163
1.350000 -7.117310
1.400000 1.875909
1.450000 11.672044
1.500000 -23.257416
1.550000 -18.510130
1.600000 -8.492594
1.650000 36.327400
1.700000 -5.582510
1.750000 18.510799
1.800000 6.347571
1.850000 10.923207
1.900000 38.249535
1.950000 57.874535
2.000000 76.740456
2.050000 57.087112
2.100000 69.510521
2.150000 38.158318
2.200000 44.834270
2.250000 -55.157337
2.300000 -122.982376
2.350000 -166.348816
2.400000 -213.482101
2.450000 -212.710724
2.500000 -98.406395
2.550000 5.214967
2.600000 132.578613
2.650000 220.680923
2.700000 256.603943
2.750000 261.316650
2.800000 195.089401
2.850000 58.266987
2.900000 -89.653984
2.950000 -235.753021
3.000000 -254.838516
3.050000 -179.044296
3.100000 -119.552986
3.150000 -24.517897
3.200000 46.621799
3.250000 81.471794
3.300000 101.046570
3.350000 90.270744
3.400000 29.527672
3.450000 6.189512
3.500000 -23.499306
3.550000 -49.098591
3.600000 -74.893661
3.650000 -22.283840
3.700000 -30.858715
3.750000 -2.780024
3.800000 31.667416
3.850000 20.981192
3.900000 58.878471
3.950000 42.540054
4.000000 23.832558
4.050000 20.114925
4.100000 -6.402782
4.150000 2.383317
4.200000 -19.088030
4.250000 -31.230932
4.300000 -10.233516
4.350000 -9.120928
4.400000 36.478199
4.450000 -4.470003
4.500000 11.185684
4.550000 -11.930534
4.600000 10.488259
4.650000 -0.694215
4.700000 4.691900
4.750000 16.904930
4.800000 18.828098
4.850000 9.196020
4.900000 19.201616
4.950000 8.567906
5.000000 -21.797970
5.050000 -47.928917
5.100000 -20.809565
5.150000 -6.538539
5.200000 10.330569
5.250000 3.680249
5.300000 26.867151
5.350000 3.941884
5.400000 18.209229
5.450000 19.177631
5.500000 2.520210
5.550000 1.660441
5.600000 9.496532
5.650000 -16.177177
5.700000 -18.605242
5.750000 -16.924763
5.800000 9.725528
5.850000 12.804040
5.900000 38.015179
5.950000 -5.974427
6.000000 2.979384
6.050000 -19.627113
6.100000 -31.435951
6.150000 -34.745453
6.200000 -32.840645
6.250000 -41.833733
6.300000 25.096958
6.350000 22.710985
6.400000 0.200558
6.450000 27.732164
6.500000 36.430462
6.550000 8.634257
6.600000 26.461538
6.650000 23.010103
6.700000 -17.427032
6.750000 -37.387241
6.800000 -7.289014
6.850000 -1.406503
6.900000 -10.058274
6.950000 -10.124004
7.000000 -5.491312
7.050000 -0.604544
7.100000 -0.146610
7.150000 29.178644
7.200000 10.847221
7.250000 -5.024240
7.300000 14.291739
7.350000 -1.661982
7.400000 2.278398
7.450000 -21.568075
7.500000 0.638315
7.550000 7.310725
7.600000 15.054081
7.650000 -16.592926
7.700000 -1.402881
7.750000 -11.836566
7.800000 -14.492533
7.850000 8.858722
7.900000 -7.994664
7.950000 6.503739
8.000000 18.910305
8.050000 -4.979508
8.100000 -10.777277
8.150000 9.269094
8.200000 17.279411
8.250000 -5.380844
8.300000 17.157520
8.350000 -4.680597
8.400000 6.478040
8.450000 -18.759148
8.500000 8.364233
8.550000 19.801107
8.600000 33.125229
8.650000 21.282286
8.700000 20.690985
8.750000 -9.763577
8.800000 2.076972
8.850000 -21.474426
8.900000 -21.158930
8.950000 -39.714573
9.000000 -10.043968
9.050000 4.726064
9.100000 18.405777
9.150000 10.533392
9.200000 16.365633
9.250000 8.613066
9.300000 1.231973
9.350000 8.077846
9.400000 -7.717867
9.450000 -14.617128
9.500000 -16.661245
9.550000 5.289982
9.600000 -19.419912
9.650000 22.587399
9.700000 4.393446
9.750000 21.404753
9.800000 -0.810225
9.850000 2.530456
9.900000 -0.349722
9.950000 31.026445
10.000000 9.058528
10.050000 -11.912671
10.100000 -1.013447
10.150000 18.636246
10.200000 22.802906
10.250000 -27.154922
10.300000 -0.301926
10.350000 -13.565505
10.400000 -0.874084
10.450000 9.295045
10.500000 2.732973
10.550000 17.480598
10.600000 -4.204582
10.650000 7.355954
10.700000 -18.062256
10.750000 25.776096
10.800000 0.285238
10.850000 33.219349
10.900000 -25.451170
10.950000 0.950241
11.000000 37.605991
11.050000 13.762702
11.100000 0.012646
11.150000 18.489262
11.200000 -2.444973
11.250000 13.799155
11.300000 44.127121
11.350000 11.744729
11.400000 16.381380
11.450000 11.417310
11.500000 14.394273
11.550000 19.689213
11.600000 4.942472
11.650000 8.369396
11.700000 7.452755
11.750000 23.554758
11.800000 15.377246
11.850000 16.173141
11.900000 8.082067
11.950000 17.040714
12.000000 17.480577
12.050000 39.643490
12.100000 17.499813
12.150000 21.497763
12.200000 -20.634867
12.250000 19.263630
12.300000 3.266366
12.350000 -14.012675
12.400000 -13.984824
12.450000 15.070516
12.500000 -33.437023
12.550000 -20.926033
12.600000 -25.267969
12.650000 46.461880
12.700000 -0.801423
12.750000 7.890399
12.800000 43.206093
12.850000 11.366169
12.900000 1.031413
12.950000 -0.722135
13.000000 23.297926
13.050000 -14.483246
13.100000 -37.508636
13.150000 20.907797
13.200000 0.224840
13.250000 6.847731
13.300000 9.163180
13.350000 -25.441856
13.400000 11.576149
13.450000 -0.356987
13.500000 16.140814
13.550000 25.024008
13.600000 -20.592131
13.650000 -5.918359
13.700000 -7.512181
13.750000 -19.825890
13.800000 -5.101883
13.850000 9.054076
13.900000 26.112219
13.950000 5.042463
14.000000 30.510550
14.050000 4.269214
14.100000 19.045847
14.150000 0.017021
14.200000 26.406351
14.250000 6.924929
14.300000 -5.931112
14.350000 -5.752687
14.400000 -26.127796
14.450000 9.220114
14.500000 3.269778
14.550000 6.674475
14.600000 18.913036
14.650000 18.252438
14.700000 12.136245
14.750000 25.769390
14.800000 20.482990
14.850000 -26.435030
14.900000 -11.559896
14.950000 17.541759
15.000000 -41.925835
15.050000 -18.331419
15.100000 10.278217
15.150000 -1.592576
15.200000 -8.439258
15.250000 11.866583
15.300000 17.981508
15.350000 12.884985
15.400000 -13.308366
15.450000 -14.759977
15.500000 -8.006824
15.550000 -10.526408
15.600000 10.353382
15.650000 21.321735
15.700000 24.848112
15.750000 26.706362
15.800000 7.183308
15.850000 36.663200
15.900000 -5.716641
15.950000 -32.309578
16.000000 -14.067464
16.050000 8.247977
16.100000 -5.141121
16.150000 -4.619145
16.200000 -11.226574
16.250000 8.891995
16.300000 52.130310
16.350000 6.523044
16.400000 -3.800930
16.450000 -12.995085
16.500000 -5.839252
16.550000 28.051548
16.600000 -0.762670
16.650000 -7.056482
16.700000 -25.589506
16.750000 -7.295290
16.800000 7.753801
16.850000 -3.237741
16.900000 18.585161
16.950000 20.703318
17.000000 13.384167
17.050000 -6.333935
17.100000 -35.844604
17.150000 -26.278965
17.200000 -10.254675
17.250000 -4.557553
17.300000 24.587177
17.350000 16.852949
17.400000 4.373560
17.450000 -8.813190
17.500000 -42.762791
17.550000 -3.970736
17.600000 12.707661
17.650000 -16.707092
17.700000 -9.246387
17.750000 1.576627
17.800000 -15.243662
17.850000 2.618112
17.900000 24.035366
17.950000 42.461948
18.000000 20.929485
18.050000 38.457172
18.100000 5.992760
18.150000 -11.266415
18.200000 -42.258839
18.250000 -5.798682
18.300000 -4.258639
18.350000 -10.927381
18.400000 -21.475286
18.450000 2.255655
18.500000 19.640821
18.550000 12.782186
18.600000 22.672550
18.650000 -5.321208
18.700000 15.388118
18.750000 7.966993
18.800000 15.888557
18.850000 8.720751
18.900000 4.655639
18.950000 19.030556
19.000000 21.979393
19.050000 -2.543651
19.100000 7.694027
19.150000 37.341515
19.200000 10.808800
19.250000 3.573437
19.300000 20.414473
19.350000 -9.054402
19.400000 37.951504
19.450000 34.494514
19.500000 12.930055
19.550000 9.835767
19.600000 8.246430
19.650000 -24.907972
19.700000 -17.253418
19.750000 -0.930383
19.799999 -12.426115
19.849999 10.169505
19.899999 -4.053106
19.949999 -25.783995
