0.000000 0.641628
0.050000 -1.372345
0.100000 0.723930
0.150000 -0.588825
0.200000 -1.715388
0.250000 0.313143
0.300000 -1.241720
0.350000 1.590892
0.400000 1.808449
0.450000 -1.009281
0.500000 0.537445
0.550000 1.148301
0.600000 0.024006
0.650000 0.301617
0.700000 -0.170046
0.750000 -0.673807
0.800000 -0.095254
0.850000 0.503273
0.900000 -0.707613
0.950000 -2.000133
1.000000 -1.105881
1.050000 -3.251751
1.100000 -1.535674
1.150000 1.931694
1.200000 0.921999
1.250000 -1.002306
1.300000 1.263881
1.350000 -1.847349
1.400000 -0.947627
1.450000 -1.793048
1.500000 -0.452144
1.550000 0.279298
1.600000 0.794192
1.650000 1.001363
1.700000 -0.226749
1.750000 -0.251929
1.800000 -0.301527
1.850000 1.261423
1.900000 -0.629067
1.950000 -2.108732
2.000000 -4.311090
2.050000 -6.206570
2.100000 -3.820117
2.150000 -0.583149
2.200000 3.453685
2.250000 7.394093
2.300000 7.811056
2.350000 3.766318
2.400000 -2.818262
2.450000 -10.466669
2.500000 -13.104616
2.550000 -6.028233
2.600000 1.669750
2.650000 11.936508
2.700000 12.332906
2.750000 6.498704
2.800000 -1.715099
2.850000 -9.513918
2.900000 -11.298615
2.950000 -5.903590
3.000000 3.272205
3.050000 8.746249
3.100000 9.845902
3.150000 6.271756
3.200000 -2.874305
3.250000 -8.542076
3.300000 -8.541015
3.350000 -5.489235
3.400000 1.716474
3.450000 7.726233
3.500000 7.853025
3.550000 4.733631
3.600000 -4.852054
3.650000 -7.034532
3.700000 -7.575595
3.750000 -3.192919
3.800000 2.411970
3.850000 7.121845
3.900000 5.201872
3.950000 1.972731
4.000000 -2.360155
4.050000 -3.520170
4.100000 -3.866610
4.150000 -1.464862
4.200000 1.318414
4.250000 1.306358
4.300000 4.675181
4.350000 2.732754
4.400000 0.858130
4.450000 -4.288084
4.500000 -2.673649
4.550000 0.762999
4.600000 -1.899876
4.650000 -0.167881
4.700000 0.424823
4.750000 0.939250
4.800000 -0.417881
4.850000 -0.082782
4.900000 -3.485210
4.950000 -0.763677
5.000000 1.187075
5.050000 -0.156415
5.100000 0.121233
5.150000 -0.578272
5.200000 0.781824
5.250000 -0.292966
5.300000 -0.061430
5.350000 0.056633
5.400000 -2.129974
5.450000 0.489000
5.500000 -1.090618
5.550000 -0.184592
5.600000 2.538844
5.650000 2.068561
5.700000 0.256775
5.750000 0.464182
5.800000 -2.992383
5.850000 -0.792581
5.900000 -1.974857
5.950000 -0.943106
6.000000 -0.493018
6.050000 1.807188
6.100000 -0.056553
6.150000 0.754874
6.200000 0.555410
6.250000 -1.851787
6.300000 2.205121
6.350000 -1.470042
6.400000 1.126954
6.450000 -0.926373
6.500000 -0.051273
6.550000 0.112259
6.600000 1.376651
6.650000 1.657543
6.700000 -1.063006
6.750000 0.566146
6.800000 0.850113
6.850000 0.538469
6.900000 -1.311787
6.950000 -1.571871
7.000000 -1.580612
7.050000 -0.897955
7.100000 -1.416946
7.150000 -0.139213
7.200000 1.217055
7.250000 0.500723
7.300000 -0.453163
7.350000 -0.447946
7.400000 -0.596150
7.450000 1.006368
7.500000 -0.735868
7.550000 -1.304147
7.600000 0.445955
7.650000 -1.091504
7.700000 -0.211003
7.750000 -0.235424
7.800000 0.447606
7.850000 0.506566
7.900000 -0.326092
7.950000 0.842634
7.999999 0.019928
8.049999 2.487540
8.100000 -0.506733
8.150000 -0.448720
8.200000 2.265041
8.250000 1.510487
8.300000 1.052174
8.350000 -0.032068
8.400000 -0.161199
8.450000 -0.523621
8.500000 -1.192812
8.549999 -1.463139
8.599999 -0.216357
8.650000 0.221594
8.700000 0.988436
8.750000 -0.134826
8.800000 1.036597
8.850000 -1.626191
8.900000 1.128060
8.950000 -1.529053
9.000000 0.014441
9.050000 1.490479
9.099999 -1.559102
9.149999 -0.829004
9.200000 -0.149122
9.250000 0.843798
9.300000 2.662809
9.350000 0.675627
9.400000 1.301002
9.450000 -0.043727
9.500000 2.529846
9.550000 -1.334180
9.600000 1.455726
9.649999 0.982700
9.699999 -1.095163
9.750000 -0.260846
9.800000 1.827144
9.850000 1.217296
9.900000 1.380868
9.950000 -0.012734
10.000000 -0.109637
10.050000 0.809801
10.100000 0.037868
10.150000 -1.463911
10.199999 -0.742725
10.249999 0.860220
10.300000 -0.520314
10.350000 -1.436974
10.400000 1.162983
10.450000 0.205891
10.500000 2.648840
10.550000 0.505053
10.600000 -1.151275
10.650000 0.433899
10.700000 -0.845251
10.749999 1.301573
10.799999 -0.586727
10.849999 2.006368
10.900000 0.899629
10.950000 1.225407
11.000000 -0.385464
11.050000 -0.703042
11.100000 -3.055681
11.150000 0.520518
11.200000 0.315331
11.250000 -1.142349
11.299999 0.861880
11.349999 1.011594
11.399999 0.265364
11.450000 1.163340
11.500000 -1.024720
11.550000 0.652380
11.600000 -0.256718
11.650000 0.789298
11.700000 -0.667453
11.750000 -1.968650
11.800000 -0.139659
11.849999 -0.696622
11.899999 1.431907
11.949999 -0.145275
12.000000 1.227508
12.050000 -1.420674
12.100000 -0.061157
12.150000 -0.257891
12.200000 1.310846
12.250000 -0.496011
12.300000 1.149467
12.350000 -0.092333
12.399999 2.780520
12.449999 -0.079551
12.499999 -0.025147
12.550000 2.149967
12.600000 -0.171273
12.650000 1.183053
12.700000 -1.155451
12.750000 -0.791890
12.800000 1.314784
12.850000 1.687551
12.900000 -0.312221
12.949999 1.538205
12.999999 -0.530998
13.049999 -0.753515
13.100000 0.370980
13.150000 0.872622
13.200000 -0.479553
13.250000 -1.864739
13.300000 -0.486857
13.350000 -0.279035
13.400000 -0.107774
13.450000 0.737992
13.499999 0.851436
13.549999 0.389611
13.599999 -1.593386
13.650000 0.448954
13.700000 -1.799085
13.750000 -0.421394
13.800000 -1.079834
13.850000 -1.201837
13.900000 -0.778235
13.950000 0.115523
14.000000 -1.570358
14.049999 0.503304
14.099999 2.561537
14.149999 -0.113431
14.200000 0.429184
14.250000 -1.547071
14.300000 2.016463
14.350000 -1.488952
14.400000 0.339982
14.450000 -0.218295
14.500000 0.573175
14.549999 0.483856
14.599999 0.041136
14.649999 2.189877
14.699999 0.752876
14.750000 0.401463
14.800000 -0.059865
14.850000 1.337812
14.900000 -1.264935
14.950000 1.536238
15.000000 -0.240991
15.050000 -3.456670
15.099999 -0.322378
15.149999 -0.925692
15.199999 -1.193823
15.249999 1.991074
15.299999 0.491570
15.350000 -0.154992
15.400000 1.261846
15.450000 0.582623
15.500000 1.784744
15.550000 0.838672
15.600000 2.489909
15.650000 0.620590
15.699999 2.367182
15.750000 -0.100017
15.799999 1.502153
15.850000 1.010572
15.899999 -0.944852
15.950000 -1.226228
15.999999 -1.212188
16.050000 1.746786
16.099999 0.570378
16.150000 -0.410021
16.200000 0.002884
16.249999 0.683865
16.300000 -1.342739
16.349999 0.697819
16.400000 0.624609
16.449999 -0.454104
16.500000 -0.839556
16.549999 0.825357
16.600000 -0.862777
16.649999 -0.207253
16.700000 0.979666
16.750000 1.030453
16.799999 0.746237
16.850000 -1.019659
16.899999 1.025765
16.950000 0.239860
16.999999 -1.212619
17.050000 0.509532
17.099999 -0.343867
17.150000 0.002813
17.199999 1.234697
17.250000 -0.638730
17.300000 -0.604013
17.349999 2.124206
17.400000 -1.384848
17.449999 0.278354
17.500000 -0.954970
17.549999 1.913157
17.600000 -0.280117
17.649999 -0.468731
17.700000 0.850821
17.749999 0.084081
17.800000 0.282973
17.850000 0.177270
17.899999 0.863431
17.950000 2.521493
17.999999 2.069483
18.050000 -1.010755
18.099999 0.921676
18.150000 1.216281
18.199999 -0.331122
18.250000 2.727414
18.299999 -0.719832
18.350000 1.969779
18.400000 -0.378802
18.449999 -1.445637
18.500000 0.294825
18.549999 -0.153340
18.600000 -0.515036
18.649999 0.902099
18.700000 0.262608
18.749999 0.160995
18.800000 1.593417
18.849999 -0.654367
18.900000 0.583212
18.950000 2.061828
18.999999 -0.460545
19.050000 0.576660
19.099999 -1.525380
19.150000 -0.793717
19.199999 -0.436255
19.250000 -0.551632
19.299999 -0.128817
19.350000 0.129036
19.399999 0.192852
19.450000 0.762442
19.500000 0.637489
19.549999 0.108020
19.600000 0.225932
19.649999 -0.710723
19.700000 0.192164
19.749999 -1.505058
19.800000 -0.250366
19.849999 -0.739372
19.900000 0.638159
19.949999 -0.057321
