0.000000 -0.119007
0.050000 1.368477
0.100000 -0.894129
0.150000 0.491690
0.200000 3.251669
0.250000 -0.244744
0.300000 1.724210
0.350000 0.935113
0.400000 1.294093
0.450000 1.439520
0.500000 1.265936
0.550000 2.316128
0.600000 -0.766222
0.650000 0.449830
0.700000 -0.931012
0.750000 2.757951
0.800000 -0.766161
0.850000 -0.190279
0.900000 -0.987321
0.950000 0.381128
1.000000 0.265163
1.050000 -1.025833
1.100000 0.408557
1.150000 -0.174501
1.200000 1.139644
1.250000 -0.993291
1.300000 -3.267426
1.350000 1.564100
1.400000 0.586266
1.450000 1.723613
1.500000 0.324258
1.550000 1.387116
1.600000 2.857401
1.650000 -0.017051
1.700000 1.118624
1.750000 -1.319089
1.800000 -4.381894
1.850000 -5.053910
1.900000 -3.207357
1.950000 -0.019952
2.000000 5.819807
2.050000 5.140463
2.100000 4.471807
2.150000 -3.424070
2.200000 -7.996544
2.250000 -9.656789
2.300000 -1.533918
2.350000 6.571815
2.400000 9.528808
2.450000 4.713659
2.500000 -4.075780
2.550000 -11.082759
2.600000 -8.362336
2.650000 -0.778638
2.700000 8.662807
2.750000 8.096585
2.800000 1.083197
2.850000 -5.975839
2.900000 -8.552236
2.950000 -3.829823
3.000000 1.047984
3.050000 8.665948
3.100000 5.645497
3.150000 -0.489438
3.200000 -6.013825
3.250000 -2.520709
3.300000 -3.499582
3.350000 2.799655
3.400000 3.767924
3.450000 0.461376
3.500000 -1.015388
3.550000 -2.032170
3.600000 -2.082544
3.650000 1.944515
3.700000 3.208247
3.750000 1.727937
3.800000 -0.905555
3.850000 -1.710872
3.900000 1.390821
3.950000 1.449400
4.000000 2.506094
4.050000 1.935613
4.100000 -0.153366
4.150000 -0.737952
4.200000 -0.036261
4.250000 -0.776744
4.300000 -0.011059
4.350000 2.873746
4.400000 1.622307
4.450000 -1.113053
4.500000 0.979612
4.550000 -2.292785
4.600000 -1.592862
4.650000 -1.002424
4.700000 0.909483
4.750000 0.191146
4.800000 -0.317634
4.850000 -0.294667
4.900000 -0.440657
4.950000 1.593780
5.000000 -1.074128
5.050000 -0.867129
5.100000 2.161357
5.150000 -1.809631
5.200000 -0.536923
5.250000 0.363999
5.300000 0.660095
5.350000 0.129596
5.400000 0.910833
5.450000 0.357418
5.500000 0.396574
5.550000 -1.692426
5.600000 -0.301780
5.650000 2.223034
5.700000 0.509440
5.750000 0.898751
5.800000 -0.439672
5.850000 -0.936208
5.900000 0.667645
5.950000 1.759174
6.000000 1.459862
6.050000 -0.482782
6.100000 -2.338394
6.150000 2.684958
6.200000 0.122559
6.250000 0.606242
6.300000 0.384661
6.350000 1.207808
6.400000 1.532119
6.450000 0.812076
6.500000 -2.183653
6.550000 1.014597
6.600000 -1.392945
6.650000 -0.341874
6.700000 -2.681308
6.750000 0.269345
6.800000 2.213251
6.850000 0.067771
6.900000 0.765567
6.950000 0.513948
7.000000 1.435839
7.050000 -0.828681
7.100000 -0.112300
7.150000 0.478407
7.200000 1.739593
7.250000 -2.072048
7.300000 -0.626601
7.350000 -0.949340
7.400000 -0.231342
7.450000 -0.423397
7.500000 -0.471136
7.550000 0.954564
7.600000 2.081751
7.650000 1.437167
7.700000 -2.057514
7.750000 0.430726
7.800000 -0.705288
7.850000 2.259006
7.900000 0.550263
7.950000 0.479314
7.999999 -0.082828
8.049999 -0.093480
8.100000 1.376037
8.150000 0.103879
8.200000 0.588766
8.250000 0.582977
8.300000 1.634123
8.350000 -1.708357
8.400000 1.325707
8.450000 -0.369782
8.500000 2.135374
8.549999 1.574514
8.599999 -0.060256
8.650000 0.678184
8.700000 0.659434
8.750000 1.850753
8.800000 0.029586
8.850000 -1.223178
8.900000 0.282222
8.950000 -1.200771
9.000000 1.846622
9.050000 -0.172810
9.099999 0.768419
9.149999 -0.423684
9.200000 -0.482362
9.250000 1.991856
9.300000 -0.218360
9.350000 0.008621
9.400000 0.480461
9.450000 1.615763
9.500000 -0.675858
9.550000 -0.210868
9.600000 -0.244684
9.649999 0.817419
9.699999 0.189407
9.750000 0.198645
9.800000 0.589605
9.850000 0.302124
9.900000 0.542226
9.950000 -0.020777
10.000000 1.194610
10.050000 -1.139552
10.100000 -0.950738
10.150000 1.970311
10.199999 -0.944719
10.249999 3.838261
10.300000 2.240138
10.350000 0.398866
10.400000 0.252898
10.450000 0.881900
10.500000 1.854096
10.550000 -0.188544
10.600000 -0.662582
10.650000 1.399549
10.700000 -0.742066
10.749999 0.304988
10.799999 -2.055408
10.849999 0.529609
10.900000 -3.038420
10.950000 2.155527
11.000000 -0.051862
11.050000 0.836397
11.100000 1.273018
11.150000 -0.547339
11.200000 -1.642823
11.250000 0.227185
11.299999 -1.472069
11.349999 0.513251
11.399999 -1.055257
11.450000 0.776207
11.500000 -0.287416
11.550000 -2.835179
11.600000 -1.669857
11.650000 0.928406
11.700000 0.341448
11.750000 -0.699838
11.800000 -0.277307
11.849999 -1.757421
11.899999 -2.137137
11.949999 -1.461765
12.000000 -0.478086
12.050000 0.271015
12.100000 0.401245
12.150000 -0.430412
12.200000 -2.172026
12.250000 -1.416141
12.300000 -0.337757
12.350000 1.174973
12.399999 0.698185
12.449999 1.709808
12.499999 -1.809693
12.550000 -0.329801
12.600000 -1.263798
12.650000 -1.062490
12.700000 0.203826
12.750000 -1.696834
12.800000 2.569031
12.850000 -0.318950
12.900000 -1.010370
12.949999 -0.601552
12.999999 1.060973
13.049999 -1.713699
13.100000 0.017556
13.150000 0.897058
13.200000 1.283340
13.250000 0.784743
13.300000 -0.928705
13.350000 1.389339
13.400000 -0.357046
13.450000 0.904026
13.499999 1.338222
13.549999 -0.914205
13.599999 0.089373
13.650000 1.461063
13.700000 0.626997
13.750000 -0.461519
13.800000 0.847367
13.850000 0.818368
13.900000 0.882351
13.950000 0.798727
14.000000 0.125828
14.049999 -2.384178
14.099999 -0.462877
14.149999 -0.621509
14.200000 1.089816
14.250000 0.465685
14.300000 0.668483
14.350000 -0.428981
14.400000 0.732508
14.450000 -1.309598
14.500000 2.241730
14.549999 -0.034799
14.599999 1.361633
14.649999 -0.711500
14.699999 0.255428
14.750000 -2.113121
14.800000 -1.371366
14.850000 0.226411
14.900000 -1.274519
14.950000 0.739281
15.000000 1.257856
15.050000 -0.078866
15.099999 1.519408
15.149999 0.221135
15.199999 -0.931960
15.249999 0.624735
15.299999 1.690891
15.350000 -0.386838
15.400000 1.121897
15.450000 -0.191061
15.500000 -0.618460
15.550000 -1.951509
15.600000 1.067201
15.650000 1.931995
15.699999 1.096919
15.750000 -0.833238
15.799999 0.570367
15.850000 -0.512661
15.899999 0.712295
15.950000 0.327451
15.999999 -0.003570
16.050000 -0.880679
16.099999 -0.235101
16.150000 0.425489
16.200000 0.999874
16.249999 -0.903204
16.300000 2.069346
16.349999 0.249220
16.400000 0.269075
16.449999 -0.363015
16.500000 -0.750188
16.549999 1.409604
16.600000 1.198661
16.649999 -1.877265
16.700000 -0.566287
16.750000 -0.990153
16.799999 -1.040143
16.850000 -1.307820
16.899999 -0.545234
16.950000 1.571051
16.999999 1.388927
17.050000 1.571231
17.099999 -1.776630
17.150000 0.928964
17.199999 -1.001599
17.250000 0.693533
17.300000 0.307325
17.349999 0.513962
17.400000 -1.100683
17.449999 -0.911848
17.500000 0.015789
17.549999 -0.037565
17.600000 -0.811266
17.649999 -1.754881
17.700000 -0.503118
17.749999 1.334362
17.800000 0.180708
17.850000 -1.741508
17.899999 0.680355
17.950000 0.212502
17.999999 -1.168487
18.050000 0.220965
18.099999 -0.721953
18.150000 -0.276493
18.199999 0.256400
18.250000 2.749009
18.299999 0.844827
18.350000 2.217088
18.400000 1.488730
18.449999 -1.061740
18.500000 -0.087257
18.549999 2.377563
18.600000 0.281108
18.649999 1.483824
18.700000 2.526231
18.749999 1.391939
18.800000 -0.459981
18.849999 1.631734
18.900000 0.952792
18.950000 0.938122
18.999999 0.813040
19.050000 -0.604139
19.099999 0.328152
19.150000 0.576375
19.199999 0.702446
19.250000 -3.412816
19.299999 -1.161173
19.350000 1.194499
19.399999 -1.048397
19.450000 -0.135988
19.500000 0.105689
19.549999 1.143939
19.600000 -0.828144
19.649999 -2.000391
19.700000 0.439643
19.749999 0.197859
19.800000 1.075744
19.849999 -0.499800
19.900000 1.561916
19.949999 1.438004
