0.000000 -0.395556
0.050000 0.286300
0.100000 0.210162
0.150000 0.055318
0.200000 0.023230
0.250000 -0.278637
0.300000 0.027025
0.350000 0.032026
0.400000 -0.019907
0.450000 0.523031
0.500000 0.000870
0.550000 -0.317934
0.600000 -0.549553
0.650000 -0.012777
0.700000 0.162929
0.750000 0.158407
0.800000 0.007339
0.850000 -0.255204
0.900000 0.413301
0.950000 -0.370113
1.000000 -0.107532
1.050000 0.307235
1.100000 -0.065975
1.150000 -0.082203
1.200000 0.141954
1.250000 -0.235373
1.300000 0.304628
1.350000 -0.052268
1.400000 0.174976
1.450000 -0.493669
1.500000 -0.332063
1.550000 -0.381375
1.600000 0.058365
1.650000 -0.108104
1.700000 0.896063
1.750000 0.298116
1.800000 -0.295988
1.850000 -0.036219
1.900000 -0.624652
1.950000 -0.831536
2.000000 -0.560782
2.050000 -0.218549
2.100000 0.626974
2.150000 1.421472
2.200000 1.243259
2.250000 0.514899
2.300000 -1.187814
2.350000 -1.502842
2.400000 -1.620972
2.450000 -0.418058
2.500000 0.588042
2.550000 1.582833
2.600000 1.433562
2.650000 1.036458
2.700000 -0.727177
2.750000 -1.408288
2.800000 -1.136426
2.850000 -0.462863
2.900000 0.319853
2.950000 0.723353
3.000000 0.509775
3.050000 0.422237
3.100000 -0.696609
3.150000 -0.880869
3.200000 -0.834817
3.250000 -0.011610
3.300000 0.778213
3.350000 0.920741
3.400000 0.840874
3.450000 0.189272
3.500000 -0.646835
3.550000 -0.674437
3.600000 -0.661768
3.650000 -0.488793
3.700000 0.551709
3.750000 0.250534
3.800000 0.753077
3.850000 0.128979
3.900000 -0.733569
3.950000 0.152079
4.000000 -0.681098
4.050000 -0.227413
4.100000 -0.188441
4.150000 0.194565
4.200000 0.302961
4.250000 0.057078
4.300000 -0.352139
4.350000 -0.452954
4.400000 -0.407549
4.450000 0.022933
4.500000 -0.294555
4.550000 0.682716
4.600000 0.476439
4.650000 0.137755
4.700000 -0.127126
4.750000 -0.421313
4.800000 -0.200308
4.850000 -0.094065
4.900000 -0.420117
4.950000 0.076104
5.000000 0.149694
5.050000 -0.204890
5.100000 0.067579
5.150000 -0.163303
5.200000 0.026985
5.250000 0.124383
5.300000 -0.186861
5.350000 0.463676
5.400000 -0.340855
5.450000 -0.071810
5.500000 -0.264230
5.550000 0.130416
5.600000 -0.106734
5.650000 -0.100670
5.700000 -0.014680
5.750000 -0.274425
5.800000 0.108535
5.850000 -0.035987
5.900000 0.564042
5.950000 -0.450854
6.000000 0.129508
6.050000 0.007002
6.100000 -0.050800
6.150000 -0.205764
6.200000 -0.478941
6.250000 0.235908
6.300000 -0.102871
6.350000 0.472377
6.400000 -0.005896
6.450000 0.573206
6.500000 0.177516
6.550000 0.017182
6.600000 0.216198
6.650000 0.018893
6.700000 0.028316
6.750000 -0.088241
6.800000 0.061900
6.850000 -0.746346
6.900000 0.226305
6.950000 0.083076
7.000000 -0.034668
7.050000 0.231940
7.100000 -0.286274
7.150000 0.475521
7.200000 -0.385241
7.250000 -0.394720
7.300000 -0.062725
7.350000 -0.291859
7.400000 0.146611
7.450000 0.325922
7.500000 -0.018866
7.550000 -0.492611
7.600000 0.309225
7.650000 -0.245156
7.700000 -0.132444
7.750000 -0.021715
7.800000 0.090699
7.850000 0.130384
7.900000 0.304963
7.950000 0.126845
7.999999 0.020099
8.049999 0.294236
8.100000 -0.184937
8.150000 -0.000911
8.200000 -0.181040
8.250000 0.415815
8.300000 -0.323745
8.350000 0.053026
8.400000 0.428732
8.450000 0.189673
8.500000 0.087700
8.549999 0.232755
8.599999 0.033437
8.650000 0.327796
8.700000 -0.441359
8.750000 -0.361069
8.800000 -0.097928
8.850000 0.057658
8.900000 0.010550
8.950000 0.137796
9.000000 0.027285
9.050000 0.033210
9.099999 0.349047
9.149999 -0.149574
9.200000 0.160507
9.250000 0.155052
9.300000 0.226983
9.350000 -0.299279
9.400000 -0.353576
9.450000 -0.081146
9.500000 -0.387389
9.550000 -0.286194
9.600000 0.287426
9.649999 0.248079
9.699999 0.400649
9.750000 0.293755
9.800000 -0.286041
9.850000 -0.086994
9.900000 0.150359
9.950000 0.029004
10.000000 -0.072152
10.050000 0.016608
10.100000 0.251132
10.150000 -0.133385
10.199999 0.469220
10.249999 0.314117
10.300000 0.333888
10.350000 0.655472
10.400000 -0.232891
10.450000 -0.284423
10.500000 -0.051587
10.550000 0.354693
10.600000 0.029229
10.650000 0.249481
10.700000 0.191480
10.749999 -0.069284
10.799999 0.500627
10.849999 -0.179390
10.900000 0.606550
10.950000 -0.457332
11.000000 0.443800
11.050000 -0.199213
11.100000 0.143696
11.150000 0.126142
11.200000 -0.259112
11.250000 -0.081521
11.299999 -0.471827
11.349999 -0.015815
11.399999 -0.028939
11.450000 0.001160
11.500000 0.419227
11.550000 -0.220812
11.600000 0.006576
11.650000 -0.170847
11.700000 -0.369761
11.750000 0.282708
11.800000 0.222429
11.849999 0.264492
11.899999 -0.070918
11.949999 0.054099
12.000000 -0.591765
12.050000 -0.286106
12.100000 0.103925
12.150000 -0.002640
12.200000 0.181414
12.250000 0.597764
12.300000 0.199879
12.350000 -0.059050
12.399999 0.110325
12.449999 -0.220558
12.499999 0.303412
12.550000 -0.036530
12.600000 -0.375237
12.650000 -0.297415
12.700000 -0.005661
12.750000 -0.035871
12.800000 0.488364
12.850000 -0.322671
12.900000 0.125033
12.949999 -0.241513
12.999999 0.474271
13.049999 -0.253619
13.100000 0.315369
13.150000 -0.267796
13.200000 -0.271183
13.250000 0.001359
13.300000 0.122817
13.350000 0.015532
13.400000 0.208633
13.450000 0.346948
13.499999 -0.147276
13.549999 0.170895
13.599999 -0.173614
13.650000 0.063249
13.700000 0.327972
13.750000 -0.763730
13.800000 -0.022324
13.850000 0.035933
13.900000 -0.017845
13.950000 0.036957
14.000000 0.179981
14.049999 -0.179011
14.099999 -0.067541
14.149999 0.713570
14.200000 -0.481606
14.250000 -0.030166
14.300000 0.047890
14.350000 -0.323174
14.400000 0.268193
14.450000 0.106148
14.500000 -0.154592
14.549999 -0.260573
14.599999 -0.284874
14.649999 -0.033955
14.699999 -0.039240
14.750000 0.240038
14.800000 0.382119
14.850000 -0.337419
14.900000 -0.115215
14.950000 0.069370
15.000000 0.018423
15.050000 -0.141003
15.099999 -0.101071
15.149999 0.283634
15.199999 -0.024352
15.249999 0.396983
15.299999 0.401324
15.350000 0.215589
15.400000 0.040181
15.450000 -0.049460
15.500000 0.419838
15.550000 0.098984
15.600000 0.418583
15.650000 0.220434
15.699999 0.245097
15.750000 0.099543
15.799999 0.457221
15.850000 0.148864
15.899999 -0.023515
15.950000 0.126810
15.999999 -0.054590
16.050000 0.414667
16.099999 0.309372
16.150000 0.626774
16.200000 0.381204
16.249999 0.077994
16.300000 0.243402
16.349999 0.273456
16.400000 0.049844
16.449999 -0.395298
16.500000 -0.655449
16.549999 0.180821
16.600000 -0.050036
16.649999 0.289841
16.700000 -0.306838
16.750000 -0.005093
16.799999 -0.255354
16.850000 -0.132838
16.899999 -0.092424
16.950000 -0.540549
16.999999 0.100553
17.050000 0.043802
17.099999 0.006122
17.150000 0.533628
17.199999 0.134631
17.250000 0.620307
17.300000 0.034942
17.349999 -0.031418
17.400000 0.314687
17.449999 0.227915
17.500000 0.070744
17.549999 -0.076923
17.600000 -0.295010
17.649999 0.126231
17.700000 0.349798
17.749999 0.139410
17.800000 0.075320
17.850000 0.033732
17.899999 0.454728
17.950000 0.162360
17.999999 0.125074
18.050000 -0.155003
18.099999 0.097706
18.150000 0.236977
18.199999 -0.152381
18.250000 -0.127073
18.299999 0.212279
18.350000 0.215828
18.400000 0.250840
18.449999 0.567842
18.500000 0.232710
18.549999 0.722028
18.600000 -0.330542
18.649999 0.816003
18.700000 0.216159
18.749999 -0.211632
18.800000 0.078161
18.849999 0.269708
18.900000 0.169200
18.950000 -0.432656
18.999999 0.379769
19.050000 -0.083039
19.099999 -0.235298
19.150000 0.708243
19.199999 -0.346403
19.250000 -0.207462
19.299999 -0.004483
19.350000 -0.087275
19.399999 -0.230093
19.450000 0.268587
19.500000 -0.010550
19.549999 -0.024039
19.600000 0.111909
19.649999 0.551498
19.700000 -0.290748
19.749999 0.334343
19.800000 -0.202033
19.849999 -0.760995
19.900000 0.059401
19.949999 -0.003934
