0.000000 -0.739488
0.050000 -0.315959
0.100000 -0.311078
0.150000 -0.511686
0.200000 0.579576
0.250000 0.324745
0.300000 0.342093
0.350000 1.015421
0.400000 0.462043
0.450000 0.094876
0.500000 0.438705
0.550000 -0.186890
0.600000 0.119416
0.650000 0.325535
0.700000 -0.285152
0.750000 -0.183116
0.800000 -0.084608
0.850000 -0.568283
0.900000 -0.026954
0.950000 -0.207005
1.000000 0.044610
1.050000 0.594672
1.100000 0.294919
1.150000 0.278030
1.200000 0.358179
1.250000 -0.463695
1.300000 -0.389251
1.350000 0.131896
1.400000 0.357550
1.450000 -0.296133
1.500000 -0.347567
1.550000 -0.264662
1.600000 0.154172
1.650000 0.018272
1.700000 -0.091841
1.750000 0.116628
1.800000 -0.515763
1.850000 0.462507
1.900000 0.814731
1.950000 0.064488
2.000000 0.399136
2.050000 -0.097068
2.100000 -0.102237
2.150000 0.068376
2.200000 -0.300083
2.250000 0.430781
2.300000 0.182427
2.350000 0.409600
2.400000 -0.260255
2.450000 0.072901
2.500000 -0.203012
2.550000 -0.360520
2.600000 -0.154274
2.650000 -0.378140
2.700000 -0.924626
2.750000 -0.712329
2.800000 0.670345
2.850000 -0.400753
2.900000 0.386301
2.950000 -0.036335
3.000000 -0.037548
3.050000 -0.155809
3.100000 0.049103
3.150000 0.037190
3.200000 -0.230358
3.250000 1.340751
3.300000 1.418208
3.350000 1.521448
3.400000 1.658307
3.450000 1.871069
3.500000 1.725154
3.550000 0.875989
3.600000 0.322345
3.650000 -0.932911
3.700000 -1.352061
3.750000 -2.350218
3.800000 -2.767075
3.850000 -3.407098
3.900000 -3.582658
3.950000 -2.179211
4.000000 -2.083641
4.050000 -0.659891
4.100000 0.795803
4.150000 1.591845
4.200000 2.680208
4.250000 3.677524
4.300000 3.943941
4.350000 4.122872
4.400000 3.599064
4.450000 3.031672
4.500000 1.673827
4.550000 0.991897
4.600000 -1.272324
4.650000 -1.932753
4.700000 -4.128288
4.750000 -3.944519
4.800000 -3.965274
4.850000 -3.899723
4.900000 -3.117173
4.950000 -1.662768
5.000000 0.037480
5.050000 1.425207
5.100000 1.718145
5.150000 3.374727
5.200000 3.969811
5.250000 3.402010
5.300000 2.770694
5.350000 2.227239
5.400000 0.861214
5.450000 -0.147392
5.500000 -1.023774
5.550000 -2.174871
5.600000 -2.864437
5.650000 -2.543398
5.700000 -2.927434
5.750000 -2.023983
5.800000 -0.865312
5.850000 -0.693648
5.900000 0.955664
5.950000 1.408538
6.000000 3.271713
6.050000 2.176333
6.100000 2.608606
6.150000 2.476128
6.200000 1.437297
6.250000 1.675447
6.300000 0.485151
6.350000 -0.801560
6.400000 -1.167361
6.450000 -2.245457
6.500000 -1.608469
6.550000 -1.848935
6.600000 -1.624493
6.650000 -0.158338
6.700000 0.519354
6.750000 0.041041
6.800000 1.502014
6.850000 1.674818
6.900000 2.437111
6.950000 1.335225
7.000000 1.362665
7.050000 1.640874
7.100000 1.064146
7.150000 0.486630
7.200000 0.058722
7.250000 -0.592184
7.300000 -0.997386
7.350000 -0.340144
7.400000 -1.401904
7.450000 -0.664435
7.500000 -0.110667
7.550000 0.119330
7.600000 0.536711
7.650000 0.631329
7.700000 0.594101
7.750000 0.712663
7.800000 0.900613
7.850000 0.334946
7.900000 0.015274
7.950000 0.063578
8.000000 -0.047102
8.050000 -0.589891
8.100000 -0.049185
8.150000 -0.686187
8.200000 -0.170973
8.250000 -0.341533
8.300000 0.349562
8.350000 -0.353935
8.400000 0.455930
8.450000 -0.169770
8.500000 0.016541
8.550000 -0.448492
8.600000 -0.957269
8.650000 -0.568740
8.700000 0.169018
8.750000 -0.803899
8.800000 -0.246413
8.850000 -0.379249
8.900000 -0.403335
8.950000 -0.184232
9.000000 -0.353393
9.050000 0.340830
9.100000 0.950836
9.150000 -0.281207
9.200000 0.597282
9.250000 0.743535
9.300000 0.706461
9.350000 0.765496
9.400000 0.071264
9.450000 -0.323386
9.500000 -0.710089
9.550000 0.076341
9.600000 -0.632908
9.650000 -0.144507
9.700000 -0.158596
9.750000 -0.324353
9.800000 -0.076225
9.850000 -0.214159
9.900000 -0.025232
9.950000 0.952825
10.000000 0.714573
10.050000 0.380160
10.100000 -0.425606
10.150000 0.665630
10.200000 0.179057
10.250000 -0.281662
10.300000 -0.118785
10.350000 -0.263232
10.400000 -0.519736
10.450000 0.483823
10.500000 -1.060241
10.550000 0.649716
10.600000 0.013043
10.650000 -0.175519
10.700000 -0.014401
10.750000 0.415823
10.800000 0.787157
10.850000 0.146619
10.900000 0.368073
10.950000 0.657590
11.000000 0.889531
11.050000 0.138464
11.100000 0.252324
11.150000 -0.155950
11.200000 0.098046
11.250000 -0.372983
11.300000 -0.281486
11.350000 -0.096055
11.400000 0.160667
11.450000 -0.363673
11.500000 -0.268805
11.550000 0.302596
11.600000 0.243177
11.650000 0.165668
11.700000 -0.084082
11.750000 0.166546
11.800000 -0.260814
11.850000 0.071298
11.900000 0.254970
11.950000 0.279353
12.000000 -0.140831
12.050000 -0.073145
12.100000 0.041228
12.150000 -0.145432
12.200000 -0.037930
12.250000 -0.101260
12.300000 0.036976
12.350000 0.224766
12.400000 -0.235360
12.450000 0.038183
12.500000 -0.406446
12.550000 0.279100
12.600000 0.385773
12.650000 0.104725
12.700000 0.045411
12.750000 -0.169430
12.800000 0.154678
12.850000 -0.412499
12.900000 -0.230691
12.950000 -0.046618
13.000000 -0.214406
13.050000 -0.093117
13.100000 0.548968
13.150000 0.277993
13.200000 0.601871
13.250000 -0.273027
13.300000 -0.823873
13.350000 0.120519
13.400000 -0.456954
13.450000 -0.286253
13.500000 0.066180
13.550000 -0.073343
13.600000 -0.268451
13.650000 0.177172
13.700000 -0.163599
13.750000 -0.246969
13.800000 0.164856
13.850000 -0.661911
13.900000 -0.033836
13.950000 -0.173437
14.000000 0.445062
14.050000 0.430108
14.100000 -0.045018
14.150000 0.108751
14.200000 0.175112
14.250000 -0.365771
14.300000 0.258051
14.350000 0.537858
14.400000 0.673923
14.450000 0.108573
14.500000 0.154686
14.550000 -0.045277
14.600000 -0.302870
14.650000 -0.705108
14.700000 -0.608125
14.750000 -0.622040
14.800000 0.070339
14.850000 -0.482795
14.900000 0.031319
14.950000 0.341996
15.000000 0.014742
15.050000 -0.640848
15.100000 0.095578
15.150000 -0.348406
15.200000 0.058393
15.250000 0.398532
15.300000 0.033519
15.350000 -0.397303
15.400000 0.021795
15.450000 -0.597304
15.500000 -0.655968
15.550000 -0.479031
15.600000 -0.589661
15.650000 0.149361
15.700000 0.162788
15.750000 -0.296091
15.800000 -0.169719
15.850000 0.201331
15.900000 0.629098
15.950000 0.411607
16.000000 -0.383692
16.050000 -0.051208
16.100000 -0.227675
16.150000 -0.359357
16.200000 -0.011345
16.250000 -0.181563
16.300000 0.071730
16.350000 -0.044055
16.400000 -0.225001
16.450000 0.176317
16.500000 -0.153892
16.550000 0.060964
16.600000 0.234939
16.650000 0.007998
16.700000 -0.553537
16.750000 0.375022
16.800000 -0.664305
16.850000 -0.242236
16.900000 0.175545
16.950000 0.603746
17.000000 -0.204275
17.050000 0.349876
17.100000 -0.213497
17.150000 0.733657
17.200000 0.530628
17.250000 -0.423413
17.300000 0.328333
17.350000 0.475373
17.400000 0.406980
17.450000 -0.374531
17.500000 0.352510
17.550000 -0.170700
17.600000 -0.138307
17.650000 -0.696854
17.700000 -0.300607
17.750000 -0.229090
17.800000 -0.227647
17.850000 -0.505280
17.900000 -0.334131
17.950000 -0.368313
18.000000 -0.389106
18.050000 -0.071434
18.100000 -0.650452
18.150000 -0.058902
18.200000 0.368752
18.250000 0.395395
18.300000 1.062282
18.350000 0.101437
18.400000 0.080702
18.450000 0.173859
18.500000 0.549206
18.550000 0.225103
18.600000 -0.337226
18.650000 -1.289596
18.700000 -0.128178
18.750000 0.143048
18.800000 -0.336363
18.850000 0.604321
18.900000 0.167552
18.950000 -0.300026
19.000000 -0.216999
19.050000 0.137816
19.100000 -0.667403
19.150000 -0.466342
19.200000 0.194824
19.250000 0.236285
19.300000 0.700826
19.350000 0.197985
19.400000 0.741463
19.450000 0.688369
19.500000 -0.033246
19.550000 0.655706
19.600000 -0.431647
19.650000 0.077833
19.700000 0.538910
19.750000 -0.109863
19.799999 0.162655
19.849999 -0.027157
19.899999 -0.611048
19.949999 -0.566792
