0.000000 -31.330069
0.050000 -21.720922
0.100000 -7.317762
0.150000 6.133646
0.200000 5.930508
0.250000 9.835541
0.300000 -3.006959
0.350000 24.388390
0.400000 6.191939
0.450000 3.956846
0.500000 7.182069
0.550000 -15.347616
0.600000 13.979080
0.650000 -19.776836
0.700000 4.158459
0.750000 -5.459516
0.800000 -10.570094
0.850000 15.741811
0.900000 2.205582
0.950000 12.923990
1.000000 22.834743
1.050000 8.345160
1.100000 -3.947576
1.150000 4.049815
1.200000 -4.709451
1.250000 -8.765439
1.300000 -2.030736
1.350000 -0.272930
1.400000 -6.314984
1.450000 1.946606
1.500000 5.321000
1.550000 18.736061
1.600000 26.481470
1.650000 0.430353
1.700000 18.842979
1.750000 18.333626
1.800000 10.992245
1.850000 -9.548606
1.900000 -4.303041
1.950000 -0.493954
2.000000 3.875111
2.050000 13.636788
2.100000 -3.802235
2.150000 20.859711
2.200000 17.695040
2.250000 10.163919
2.300000 -0.753957
2.350000 6.578364
2.400000 -36.855515
2.450000 -28.919300
2.500000 -56.593765
2.550000 -56.773941
2.600000 -51.196541
2.650000 -25.697641
2.700000 7.140973
2.750000 47.267040
2.800000 104.378479
2.850000 128.427658
2.900000 94.790733
2.950000 98.988823
3.000000 54.991993
3.050000 -14.126374
3.100000 -58.618446
3.150000 -116.525528
3.200000 -163.042297
3.250000 -154.132446
3.300000 -101.163635
3.350000 -49.069611
3.400000 10.458100
3.450000 62.239929
3.500000 99.319450
3.550000 108.308983
3.600000 113.421425
3.650000 87.726700
3.700000 42.172668
3.750000 -1.208338
3.800000 -61.323517
3.850000 -92.682220
3.900000 -134.463577
3.950000 -102.698532
4.000000 -50.486378
4.050000 -16.489853
4.100000 18.711348
4.150000 57.795158
4.200000 66.388374
4.250000 68.388512
4.300000 64.495346
4.350000 53.734398
4.400000 -6.829391
4.450000 9.802107
4.500000 -47.947838
4.550000 -52.851116
4.600000 -29.830242
4.650000 -36.361137
4.700000 -24.216267
4.750000 -5.415056
4.800000 26.873035
4.850000 20.405842
4.900000 30.035721
4.950000 33.484570
5.000000 31.425207
5.050000 8.794861
5.100000 -12.077851
5.150000 5.379357
5.200000 0.349923
5.250000 -7.581138
5.300000 13.004093
5.350000 -10.052168
5.400000 -11.435004
5.450000 -1.774772
5.500000 30.624361
5.550000 -4.443219
5.600000 5.251807
5.650000 1.253684
5.700000 -0.204764
5.750000 4.546712
5.800000 -1.977932
5.850000 -3.354858
5.900000 -3.544189
5.950000 1.175531
6.000000 25.762627
6.050000 7.936586
6.100000 13.735605
6.150000 11.900971
6.200000 0.907734
6.250000 17.996521
6.300000 -21.249180
6.350000 2.150418
6.400000 -12.633130
6.450000 8.237578
6.500000 2.077677
6.550000 4.595427
6.600000 18.817801
6.650000 -0.695453
6.700000 14.776792
6.750000 13.322208
6.800000 12.858367
6.850000 1.542191
6.900000 12.955594
6.950000 -2.981733
7.000000 -6.226164
7.050000 -33.637001
7.100000 -16.387712
7.150000 -1.443634
7.200000 -19.202642
7.250000 -1.588650
7.300000 -7.864090
7.350000 5.954077
7.400000 17.958965
7.450000 34.819702
7.500000 5.451641
7.550000 -2.807424
7.600000 29.871529
7.650000 -15.120887
7.700000 7.179524
7.750000 -11.694710
7.800000 7.016231
7.850000 8.014231
7.900000 3.384228
7.950000 -12.527028
7.999999 8.634163
8.049999 19.947882
8.100000 26.287191
8.150000 -4.472157
8.200000 0.464478
8.250000 4.823627
8.300000 13.733443
8.350000 -0.367247
8.400000 -5.790839
8.450000 7.186428
8.500000 -9.802459
8.549999 -8.272662
8.599999 4.813587
8.650000 5.870028
8.700000 0.029303
8.750000 13.210147
8.800000 8.161135
8.850000 -10.548386
8.900000 10.616191
8.950000 5.136252
9.000000 -5.311932
9.050000 3.470331
9.099999 1.050639
9.149999 -20.813404
9.200000 -27.362167
9.250000 -9.253929
9.300000 -2.864648
9.350000 -5.301909
9.400000 -2.181963
9.450000 20.198393
9.500000 1.653993
9.550000 16.442644
9.600000 8.446077
9.649999 -22.938408
9.699999 -18.231573
9.750000 -9.270888
9.800000 -16.073362
9.850000 2.399821
9.900000 -14.709373
9.950000 17.301109
10.000000 7.489674
10.050000 -1.605554
10.100000 8.000867
10.150000 6.826824
10.199999 -8.204358
10.249999 1.733061
10.300000 4.149488
10.350000 -0.324344
10.400000 -3.055426
10.450000 -13.020788
10.500000 -15.785632
10.550000 -2.615993
10.600000 13.303166
10.650000 7.418774
10.700000 12.919773
10.749999 15.622919
10.799999 24.801029
10.849999 2.163230
10.900000 6.186867
10.950000 3.742242
11.000000 2.875781
11.050000 -1.272652
11.100000 -0.226299
11.150000 5.936854
11.200000 7.570409
11.250000 21.759356
11.299999 8.338557
11.349999 -7.153634
11.399999 3.954108
11.450000 17.045044
11.500000 -17.759506
11.550000 21.618189
11.600000 4.226811
11.650000 7.919779
11.700000 21.897499
11.750000 -0.973590
11.800000 7.508372
11.849999 -18.029915
11.899999 -3.013566
11.949999 -8.415017
12.000000 -4.416263
12.050000 4.304604
12.100000 1.467147
12.150000 12.414056
12.200000 -8.375598
12.250000 4.289177
12.300000 12.449438
12.350000 -2.773447
12.399999 -6.857058
12.449999 1.643429
12.499999 5.772908
12.550000 12.996019
12.600000 -7.071039
12.650000 9.380849
12.700000 1.542808
12.750000 -9.180332
12.800000 17.647196
12.850000 21.334425
12.900000 18.340498
12.949999 0.819116
12.999999 18.476019
13.049999 -14.849136
13.100000 9.418723
13.150000 -26.350145
13.200000 10.594719
13.250000 7.430685
13.300000 -12.260961
13.350000 5.870963
13.400000 -5.558533
13.450000 -0.317606
13.499999 6.454435
13.549999 8.264965
13.599999 5.164708
13.650000 7.051229
13.700000 13.088468
13.750000 -1.363523
13.800000 -22.136929
13.850000 6.705688
13.900000 -8.725968
13.950000 10.657372
14.000000 -6.837598
14.049999 25.527140
14.099999 -13.656789
14.149999 -8.378133
14.200000 3.782821
14.250000 16.078245
14.300000 12.971560
14.350000 -6.509522
14.400000 17.746555
14.450000 -17.403631
14.500000 -5.177823
14.549999 3.020876
14.599999 -13.779787
14.649999 -23.314978
14.699999 -12.712855
14.750000 -7.316595
14.800000 1.468956
14.850000 7.459965
14.900000 25.107735
14.950000 26.364534
15.000000 6.115952
15.050000 -4.501877
15.099999 6.764409
15.149999 -0.136837
15.199999 -25.713032
15.249999 -6.321171
15.299999 -1.426280
15.350000 -21.649937
15.400000 21.011810
15.450000 7.738603
15.500000 39.150684
15.550000 15.373659
15.600000 11.514039
15.650000 16.067114
15.699999 3.207821
15.750000 -7.666261
15.799999 1.287845
15.850000 -8.144646
15.899999 -10.845914
15.950000 16.994339
15.999999 -23.162264
16.050000 -13.613297
16.099999 12.313532
16.150000 23.780085
16.200000 11.756310
16.249999 -4.025935
16.300000 -7.758264
16.349999 -22.025396
16.400000 5.005524
16.449999 -3.040127
16.500000 8.540717
16.549999 1.661253
16.600000 2.409939
16.649999 0.537498
16.700000 -10.802251
16.750000 14.526633
16.799999 3.849316
16.850000 -13.846500
16.899999 4.569379
16.950000 2.308142
16.999999 3.262546
17.050000 -18.950306
17.099999 2.735712
17.150000 8.704161
17.199999 5.707814
17.250000 0.856073
17.300000 29.679993
17.349999 6.177001
17.400000 4.266903
17.449999 -4.675206
17.500000 15.597023
17.549999 5.071801
17.600000 24.014080
17.649999 2.106845
17.700000 -6.700901
17.749999 -23.515947
17.800000 10.245256
17.850000 11.532538
17.899999 4.871751
17.950000 -6.188418
17.999999 11.233803
18.050000 12.242950
18.099999 -6.446147
18.150000 -1.132881
18.199999 -6.000732
18.250000 -4.435569
18.299999 -4.664069
18.350000 -11.628074
18.400000 -11.485717
18.449999 -33.194584
18.500000 -6.104348
18.549999 -11.945531
18.600000 11.212985
18.649999 35.817287
18.700000 9.281105
18.749999 6.284267
18.800000 4.638424
18.849999 31.333990
18.900000 5.440319
18.950000 1.522694
18.999999 6.141077
19.050000 -2.097663
19.099999 -30.462681
19.150000 -16.519150
19.199999 -16.997126
19.250000 -13.096174
19.299999 -2.148077
19.350000 -4.450028
19.399999 -4.224247
19.450000 4.327874
19.500000 -7.995171
19.549999 9.158376
19.600000 20.627344
19.649999 22.361561
19.700000 14.828952
19.749999 7.453071
19.800000 -6.056969
19.849999 1.745665
19.900000 -10.115401
19.949999 -13.558499
