0.000000 0.208174
0.050000 0.870428
0.100000 0.510408
0.150000 0.025695
0.200000 -0.192321
0.250000 0.141437
0.300000 -0.367042
0.350000 0.813691
0.400000 0.325304
0.450000 -0.378597
0.500000 0.283755
0.550000 0.164049
0.600000 0.712471
0.650000 0.840726
0.700000 0.808496
0.750000 0.152851
0.800000 0.322693
0.850000 0.257423
0.900000 -0.471702
0.950000 0.473377
1.000000 0.424128
1.050000 0.697146
1.100000 0.498172
1.150000 0.156668
1.200000 0.626256
1.250000 0.511543
1.300000 0.503879
1.350000 0.802322
1.400000 0.001932
1.450000 0.233220
1.500000 0.271862
1.550000 0.298573
1.600000 -0.500710
1.650000 0.040662
1.700000 0.492120
1.750000 -0.513650
1.800000 -0.025509
1.850000 0.339698
1.900000 0.141980
1.950000 -0.038134
2.000000 0.070474
2.050000 -0.497366
2.100000 -0.370267
2.150000 0.581804
2.200000 -0.150679
2.250000 -0.496301
2.300000 -0.834989
2.350000 -1.323139
2.400000 -0.519645
2.450000 -1.083151
2.500000 0.282045
2.550000 1.387793
2.600000 1.679449
2.650000 2.529054
2.700000 2.278590
2.750000 0.748443
2.800000 -0.899921
2.850000 -2.885282
2.900000 -3.639748
2.950000 -3.637815
3.000000 -2.591814
3.050000 -0.283710
3.100000 2.215355
3.150000 3.273985
3.200000 3.533259
3.250000 3.308931
3.300000 1.740300
3.350000 -0.259449
3.400000 -2.425736
3.450000 -3.477952
3.500000 -3.126379
3.550000 -1.526738
3.600000 -0.423975
3.650000 1.250051
3.700000 2.828830
3.750000 3.332484
3.800000 1.709141
3.850000 1.159445
3.900000 -0.165553
3.950000 -1.477512
4.000000 -2.397297
4.050000 -0.919844
4.100000 -0.465146
4.150000 0.967684
4.200000 1.166001
4.250000 1.462021
4.300000 1.113206
4.350000 0.304055
4.400000 -0.673209
4.450000 -0.452968
4.500000 -0.688552
4.550000 -0.578697
4.600000 -0.067834
4.650000 0.031301
4.700000 -0.414956
4.750000 0.632114
4.800000 0.566698
4.850000 -0.278067
4.900000 0.481940
4.950000 -0.543438
5.000000 -0.789354
5.050000 -0.781270
5.100000 -0.144320
5.150000 0.338580
5.200000 0.218476
5.250000 0.800479
5.300000 0.363434
5.350000 0.241447
5.400000 0.605828
5.450000 -0.348653
5.500000 -0.157853
5.550000 -0.849772
5.600000 0.068866
5.650000 -0.856644
5.700000 0.137248
5.750000 0.939362
5.800000 0.221882
5.850000 0.591179
5.900000 0.641660
5.950000 0.500166
6.000000 -0.247423
6.050000 -0.810270
6.100000 -0.786962
6.150000 -0.295578
6.200000 0.008534
6.250000 0.176873
6.300000 0.015858
6.350000 0.439429
6.400000 -0.056968
6.450000 0.742279
6.500000 -0.283916
6.550000 -0.234790
6.600000 -0.311872
6.650000 -0.403430
6.700000 -0.058218
6.750000 0.415484
6.800000 0.225021
6.850000 0.254335
6.900000 0.044811
6.950000 0.439482
7.000000 -0.030187
7.050000 0.695397
7.100000 0.038155
7.150000 -0.196843
7.200000 -0.272296
7.250000 -0.267603
7.300000 0.115239
7.350000 0.040301
7.400000 0.059918
7.450000 0.112946
7.500000 0.288662
7.550000 0.025493
7.600000 -0.085474
7.650000 0.244302
7.700000 0.234557
7.750000 -0.285405
7.800000 0.113917
7.850000 0.356467
7.900000 0.206839
7.950000 0.022007
8.000000 0.126601
8.050000 -0.043078
8.100000 0.417577
8.150000 -0.569915
8.200000 -0.300071
8.250000 -1.005172
8.300000 0.194605
8.350000 -0.497597
8.400000 0.639331
8.450000 0.540009
8.500000 0.151392
8.550000 -0.036985
8.600000 -0.062856
8.650000 -0.049391
8.700000 -0.279249
8.750000 -0.603929
8.800000 -0.412488
8.850000 0.039512
8.900000 -0.012257
8.950000 0.034747
9.000000 -0.678457
9.050000 0.169050
9.100000 0.108433
9.150000 0.170484
9.200000 0.224026
9.250000 0.143473
9.300000 -0.148689
9.350000 -0.709167
9.400000 -0.309285
9.450000 0.472359
9.500000 0.534826
9.550000 0.279576
9.600000 0.464897
9.650000 0.022331
9.700000 0.025709
9.750000 -0.149141
9.800000 0.425488
9.850000 0.120710
9.900000 -0.406249
9.950000 -0.093980
10.000000 0.249772
10.050000 0.581933
10.100000 -0.193142
10.150000 0.546485
10.200000 0.123223
10.250000 0.104527
10.300000 -0.052305
10.350000 0.258452
10.400000 -0.051272
10.450000 0.258325
10.500000 0.167792
10.550000 -0.094443
10.600000 0.013422
10.650000 0.207850
10.700000 0.151902
10.750000 0.364583
10.800000 0.362058
10.850000 -0.086943
10.900000 0.287910
10.950000 -0.175545
11.000000 -0.047235
11.050000 0.463840
11.100000 0.200541
11.150000 0.079806
11.200000 -0.215540
11.250000 -0.714816
11.300000 0.130656
11.350000 -0.026681
11.400000 0.058742
11.450000 -0.402275
11.500000 0.023535
11.550000 0.139006
11.600000 0.072573
11.650000 0.035189
11.700000 -0.087716
11.750000 0.209639
11.800000 -0.388644
11.850000 0.340926
11.900000 -0.450950
11.950000 0.396409
12.000000 0.239947
12.050000 0.144007
12.100000 -0.093706
12.150000 0.167624
12.200000 -0.017596
12.250000 -0.649466
12.300000 -0.002261
12.350000 -0.325775
12.400000 0.598808
12.450000 0.611174
12.500000 0.041085
12.550000 0.187575
12.600000 -0.207205
12.650000 0.331522
12.700000 -0.348715
12.750000 -0.297986
12.800000 -0.026671
12.850000 0.541066
12.900000 -0.020487
12.950000 -0.219066
13.000000 0.607518
13.050000 -0.500305
13.100000 -0.669656
13.150000 0.112601
13.200000 -0.265693
13.250000 0.557064
13.300000 -0.287860
13.350000 0.800923
13.400000 0.130105
13.450000 0.663050
13.500000 -0.384359
13.550000 0.109231
13.600000 -0.036831
13.650000 -0.054839
13.700000 -1.045349
13.750000 0.048904
13.800000 0.201470
13.850000 -0.073471
13.900000 0.113313
13.950000 0.214413
14.000000 0.368437
14.050000 0.387856
14.100000 0.237850
14.150000 -0.412425
14.200000 -0.180824
14.250000 -0.226497
14.300000 -0.653081
14.350000 -0.207605
14.400000 -0.028866
14.450000 0.900938
14.500000 0.704316
14.550000 0.328660
14.600000 0.641458
14.650000 0.108746
14.700000 -0.252338
14.750000 0.180332
14.800000 0.507947
14.850000 -0.047457
14.900000 -0.584139
14.950000 -0.132132
15.000000 0.182990
15.050000 -0.393733
15.100000 0.401919
15.150000 -0.025338
15.200000 0.557940
15.250000 0.222210
15.300000 0.663581
15.350000 -0.041198
15.400000 -0.543297
15.450000 -0.040023
15.500000 -0.611757
15.550000 0.714885
15.600000 -0.334665
15.650000 0.045277
15.700000 0.034522
15.750000 0.379412
15.800000 0.433074
15.850000 0.013377
15.900000 -0.473220
15.950000 -0.047776
16.000000 -0.589920
16.050000 -0.561194
16.100000 -0.328909
16.150000 0.428006
16.200000 0.286306
16.250000 0.185670
16.300000 0.889186
16.350000 -0.111562
16.400000 0.564848
16.450000 0.326567
16.500000 -0.109318
16.550000 0.121888
16.600000 -0.107100
16.650000 0.204996
16.700000 -0.120718
16.750000 -0.273988
16.800000 0.334037
16.850000 0.409806
16.900000 -0.070321
16.950000 0.669794
17.000000 0.137507
17.050000 -0.259914
17.100000 -0.027086
17.150000 -0.649939
17.200000 0.429984
17.250000 0.613152
17.300000 0.645827
17.350000 0.148250
17.400000 -0.396176
17.450000 0.219694
17.500000 -0.060105
17.550000 -0.021479
17.600000 0.041309
17.650000 0.458859
17.700000 0.225301
17.750000 0.574041
17.800000 -0.022874
17.850000 0.195836
17.900000 -0.267816
17.950000 0.163584
18.000000 -0.427872
18.050000 -0.339062
18.100000 -0.271387
18.150000 -0.006911
18.200000 0.711323
18.250000 -0.192902
18.300000 -0.182029
18.350000 0.484110
18.400000 -0.321152
18.450000 -0.043000
18.500000 0.524615
18.550000 0.000471
18.600000 -0.052452
18.650000 -0.185013
18.700000 -0.079386
18.750000 0.019533
18.800000 0.000205
18.850000 0.120471
18.900000 0.352209
18.950000 0.099486
19.000000 0.047063
19.050000 0.169195
19.100000 0.038913
19.150000 -0.495402
19.200000 -0.048713
19.250000 -0.136078
19.300000 0.495408
19.350000 0.408653
19.400000 0.229754
19.450000 -0.538820
19.500000 0.266048
19.550000 -0.479617
19.600000 0.306745
19.650000 0.482639
19.700000 -0.023054
19.750000 -0.323151
19.799999 -1.067415
19.849999 -0.301445
19.899999 -0.025909
19.949999 -0.202647
