0.000000 -0.014081
0.050000 0.021195
0.100000 -0.027323
0.150000 -0.068266
0.200000 0.006759
0.250000 0.058482
0.300000 0.061325
0.350000 0.027124
0.400000 -0.005377
0.450000 0.026813
0.500000 -0.030754
0.550000 0.002912
0.600000 -0.025923
0.650000 0.031099
0.700000 0.007197
0.750000 -0.023864
0.800000 -0.023716
0.850000 0.005142
0.900000 -0.015037
0.950000 -0.056049
1.000000 -0.054054
1.050000 0.027904
1.100000 0.028521
1.150000 0.016820
1.200000 -0.047053
1.250000 -0.027524
1.300000 0.003634
1.350000 0.040564
1.400000 -0.022121
1.450000 0.000082
1.500000 0.003528
1.550000 -0.043453
1.600000 0.012055
1.650000 0.009574
1.700000 0.019813
1.750000 -0.024838
1.800000 0.020526
1.850000 0.028354
1.900000 0.023167
1.950000 0.009076
2.000000 0.031847
2.050000 0.005721
2.100000 -0.003134
2.150000 -0.002145
2.200000 0.014887
2.250000 -0.020318
2.300000 0.008897
2.350000 -0.062380
2.400000 -0.002018
2.450000 -0.001975
2.500000 -0.003595
2.550000 0.026641
2.600000 -0.049209
2.650000 -0.023004
2.700000 -0.024903
2.750000 0.019640
2.800000 0.025833
2.850000 0.050431
2.900000 0.009429
2.950000 -0.031146
3.000000 -0.023151
3.050000 -0.015814
3.100000 -0.049671
3.150000 0.008841
3.200000 -0.026836
3.250000 -0.024496
3.300000 0.010764
3.350000 0.024153
3.400000 0.085344
3.450000 -0.037070
3.500000 0.076641
3.550000 0.041078
3.600000 -0.002383
3.650000 -0.008137
3.700000 -0.000640
3.750000 -0.032181
3.800000 -0.017468
3.850000 -0.049474
3.900000 -0.009910
3.950000 -0.054717
4.000000 -0.079974
4.050000 -0.046412
4.100000 -0.004638
4.150000 0.024370
4.200000 0.059873
4.250000 0.087799
4.300000 0.073956
4.350000 0.072123
4.400000 0.040467
4.450000 0.060430
4.500000 0.045148
4.550000 0.027471
4.600000 -0.065771
4.650000 -0.004432
4.700000 -0.050700
4.750000 -0.099131
4.800000 -0.106292
4.850000 -0.046675
4.900000 -0.053356
4.950000 -0.001511
5.000000 0.005157
5.050000 0.077808
5.100000 0.128117
5.150000 0.088096
5.200000 0.066489
5.250000 0.061135
5.300000 0.009530
5.350000 0.074987
5.400000 -0.011933
5.450000 0.025771
5.500000 -0.028278
5.550000 -0.080078
5.600000 -0.035409
5.650000 -0.077091
5.700000 -0.061269
5.750000 -0.022769
5.800000 -0.004368
5.850000 0.024450
5.900000 0.031702
5.950000 0.023283
6.000000 0.090933
6.050000 0.045982
6.100000 0.080618
6.150000 0.083346
6.200000 0.041938
6.250000 0.019752
6.300000 -0.050157
6.350000 -0.059461
6.400000 -0.061441
6.450000 -0.034417
6.500000 -0.123149
6.550000 -0.007655
6.600000 -0.047437
6.650000 0.002457
6.700000 0.004233
6.750000 0.073951
6.800000 0.084142
6.850000 0.063449
6.900000 0.119065
6.950000 0.083929
7.000000 0.044668
7.050000 -0.058684
7.100000 0.026030
7.150000 -0.053440
7.200000 -0.076503
7.250000 -0.103642
7.300000 -0.047163
7.350000 -0.057695
7.400000 0.052747
7.450000 0.029975
7.500000 0.028503
7.550000 -0.002037
7.600000 -0.013477
7.650000 0.006464
7.700000 0.013249
7.750000 0.008981
7.800000 0.055130
7.850000 0.060200
7.900000 -0.028025
7.950000 -0.016783
8.000000 -0.015574
8.050000 -0.008505
8.100000 0.008324
8.150000 -0.015750
8.200000 -0.006810
8.250000 -0.082244
8.300000 -0.057597
8.350000 -0.030444
8.400000 0.001532
8.450000 0.035444
8.500000 0.043143
8.550000 0.087875
8.600000 0.017401
8.650000 0.041915
8.700000 -0.042039
8.750000 0.000607
8.800000 0.010946
8.850000 0.005318
8.900000 0.014886
8.950000 0.018258
9.000000 0.037424
9.050000 0.008394
9.100000 0.031688
9.150000 -0.028431
9.200000 0.052886
9.250000 0.034631
9.300000 0.025505
9.350000 0.043409
9.400000 -0.014511
9.450000 0.027694
9.500000 0.012454
9.550000 -0.034643
9.600000 0.010437
9.650000 -0.064293
9.700000 -0.059472
9.750000 -0.020783
9.800000 0.007552
9.850000 -0.049597
9.900000 0.004873
9.950000 0.103147
10.000000 0.045554
10.050000 0.007361
10.100000 0.077730
10.150000 -0.027329
10.200000 0.012742
10.250000 0.006501
10.300000 -0.010823
10.350000 -0.013346
10.400000 0.018314
10.450000 0.016916
10.500000 -0.022861
10.550000 0.010917
10.600000 0.013140
10.650000 0.058391
10.700000 -0.055374
10.750000 -0.007159
10.800000 -0.040434
10.850000 -0.045533
10.900000 0.023368
10.950000 -0.057342
11.000000 0.006962
11.050000 -0.050477
11.100000 0.024312
11.150000 -0.012751
11.200000 0.047082
11.250000 -0.039306
11.300000 -0.004144
11.350000 0.009994
11.400000 -0.036423
11.450000 0.003021
11.500000 0.017407
11.550000 0.031458
11.600000 0.011929
11.650000 0.074403
11.700000 -0.025669
11.750000 -0.008386
11.800000 0.070123
11.850000 0.044734
11.900000 -0.018642
11.950000 0.041946
12.000000 0.015704
12.050000 -0.021732
12.100000 0.009267
12.150000 0.027957
12.200000 0.014370
12.250000 0.012825
12.300000 0.042665
12.350000 -0.031558
12.400000 -0.018380
12.450000 0.022669
12.500000 0.020709
12.550000 0.011754
12.600000 -0.002595
12.650000 -0.017982
12.700000 -0.018044
12.750000 -0.007386
12.800000 -0.027905
12.850000 -0.000863
12.900000 -0.035198
12.950000 -0.060635
13.000000 -0.007550
13.050000 -0.072153
13.100000 -0.053419
13.150000 0.001457
13.200000 0.042134
13.250000 -0.019451
13.300000 0.038461
13.350000 -0.010661
13.400000 -0.014530
13.450000 0.009105
13.500000 0.025261
13.550000 -0.000292
13.600000 0.023371
13.650000 0.001478
13.700000 -0.012716
13.750000 0.017611
13.800000 -0.042161
13.850000 0.019551
13.900000 -0.068861
13.950000 -0.003305
14.000000 0.004871
14.050000 -0.039602
14.100000 0.003444
14.150000 0.007914
14.200000 -0.010334
14.250000 0.032822
14.300000 -0.002374
14.350000 -0.023323
14.400000 0.016077
14.450000 0.040411
14.500000 -0.003954
14.550000 0.019284
14.600000 -0.025502
14.650000 0.028530
14.700000 0.017885
14.750000 -0.029864
14.800000 -0.005873
14.850000 -0.056676
14.900000 0.004097
14.950000 0.034238
15.000000 -0.007924
15.050000 0.012863
15.100000 0.030223
15.150000 -0.054451
15.200000 0.066500
15.250000 0.000080
15.300000 0.065114
15.350000 0.011995
15.400000 -0.045448
15.450000 0.055583
15.500000 -0.041718
15.550000 -0.004352
15.600000 0.005058
15.650000 0.015899
15.700000 -0.016947
15.750000 0.038048
15.800000 0.006514
15.850000 0.040029
15.900000 0.004182
15.950000 -0.032882
16.000000 -0.057186
16.050000 -0.040810
16.100000 0.048509
16.150000 -0.029011
16.200000 -0.032038
16.250000 -0.026072
16.300000 -0.014494
16.350000 -0.002532
16.400000 -0.002635
16.450000 0.037610
16.500000 0.005607
16.550000 -0.039286
16.600000 0.010687
16.650000 0.019992
16.700000 -0.023656
16.750000 -0.010420
16.800000 -0.001596
16.850000 -0.016412
16.900000 0.024656
16.950000 0.019366
17.000000 0.000278
17.050000 -0.004126
17.100000 -0.002562
17.150000 -0.012482
17.200000 0.029579
17.250000 0.020073
17.300000 0.012371
17.350000 0.048274
17.400000 -0.030233
17.450000 0.021374
17.500000 0.056373
17.550000 -0.004476
17.600000 0.028454
17.650000 0.016111
17.700000 -0.002872
17.750000 -0.004175
17.800000 -0.025734
17.850000 -0.003749
17.900000 0.021808
17.950000 -0.035753
18.000000 -0.004805
18.050000 -0.025871
18.100000 0.010646
18.150000 -0.073456
18.200000 -0.011732
18.250000 -0.006553
18.300000 -0.002874
18.350000 -0.036999
18.400000 -0.008017
18.450000 0.030795
18.500000 0.041889
18.550000 0.030988
18.600000 0.008665
18.650000 0.028400
18.700000 -0.001527
18.750000 -0.006464
18.800000 0.006323
18.850000 0.003211
18.900000 0.013478
18.950000 0.016402
19.000000 -0.049912
19.050000 0.023464
19.100000 0.023929
19.150000 -0.013115
19.200000 -0.010200
19.250000 0.011956
19.300000 -0.012962
19.350000 0.047722
19.400000 -0.023453
19.450000 0.059661
19.500000 -0.017956
19.550000 -0.041054
19.600000 0.000326
19.650000 0.008135
19.700000 0.011533
19.750000 -0.007810
19.799999 -0.031129
19.849999 -0.000680
19.899999 0.014246
19.949999 -0.047167
