0.000000 0.102399
0.050000 -0.325715
0.100000 -0.075301
0.150000 0.349667
0.200000 -0.060366
0.250000 0.275692
0.300000 0.146275
0.350000 -0.225010
0.400000 0.019276
0.450000 0.102140
0.500000 -0.117131
0.550000 0.111578
0.600000 0.013841
0.650000 -0.154442
0.700000 0.188267
0.750000 0.089202
0.800000 0.068843
0.850000 -0.476259
0.900000 0.015312
0.950000 -0.061198
1.000000 -0.027726
1.050000 -0.056130
1.100000 0.168938
1.150000 -0.012268
1.200000 0.092884
1.250000 -0.172283
1.300000 -0.196701
1.350000 -0.330246
1.400000 -0.258741
1.450000 0.075227
1.500000 -0.290263
1.550000 -0.514781
1.600000 -0.306806
1.650000 0.118282
1.700000 -0.284877
1.750000 -0.437222
1.800000 0.233867
1.850000 0.089371
1.900000 -0.257629
1.950000 0.106189
2.000000 -0.193535
2.050000 0.047856
2.100000 0.116626
2.150000 -0.058707
2.200000 0.067025
2.250000 0.159922
2.300000 -0.141812
2.350000 0.027620
2.400000 0.062084
2.450000 -0.061494
2.500000 -0.078135
2.550000 0.071533
2.600000 -0.033018
2.650000 -0.238457
2.700000 -0.064099
2.750000 -0.116871
2.800000 0.076505
2.850000 0.222587
2.900000 0.081968
2.950000 0.033650
3.000000 0.279070
3.050000 0.117465
3.100000 -0.337174
3.150000 0.053462
3.200000 -0.306332
3.250000 0.105851
3.300000 -0.018792
3.350000 -0.541080
3.400000 -0.213714
3.450000 -0.137549
3.500000 -0.047143
3.550000 0.318692
3.600000 -0.091228
3.650000 0.327782
3.700000 -0.119950
3.750000 0.056721
3.800000 -0.002499
3.850000 -0.053787
3.900000 -0.109428
3.950000 -0.095911
4.000000 0.114675
4.050000 -0.237285
4.100000 -0.316617
4.150000 -0.228083
4.200000 -0.232372
4.250000 -0.128171
4.300000 -0.048912
4.350000 -0.231555
4.400000 -0.005826
4.450000 -0.487765
4.500000 -0.160670
4.550000 0.122655
4.600000 -0.201056
4.650000 0.127437
4.700000 0.069929
4.750000 0.229476
4.800000 0.492156
4.850000 0.676059
4.900000 0.356727
4.950000 0.497281
5.000000 0.569027
5.050000 0.727214
5.100000 0.703435
5.150000 0.393169
5.200000 0.473654
5.250000 0.633437
5.300000 0.433714
5.350000 0.225858
5.400000 0.267955
5.450000 0.061240
5.500000 0.367812
5.550000 0.140257
5.600000 -0.249867
5.650000 -0.525048
5.700000 -0.291471
5.750000 -0.460899
5.800000 -0.643570
5.850000 -0.778807
5.900000 -0.575027
5.950000 -1.172303
6.000000 -0.877906
6.050000 -0.778529
6.100000 -1.035327
6.150000 -0.845335
6.200000 -0.677047
6.250000 -0.801033
6.300000 -0.554885
6.350000 -0.572130
6.400000 -0.589473
6.450000 0.119235
6.500000 -0.275743
6.550000 0.079725
6.600000 0.687741
6.650000 0.738571
6.700000 0.847026
6.750000 1.239213
6.800000 1.160749
6.850000 1.233736
6.900000 0.944725
6.950000 0.791618
7.000000 1.331495
7.050000 1.135373
7.100000 1.102410
7.150000 1.263755
7.200000 1.191339
7.250000 0.925518
7.300000 0.682773
7.350000 0.895565
7.400000 0.822512
7.450000 0.396381
7.500000 0.606951
7.550000 -0.036151
7.600000 0.121786
7.650000 -0.367173
7.700000 -0.865961
7.750000 -0.763871
7.800000 -0.881274
7.850000 -0.963210
7.900000 -1.147807
7.950000 -1.266763
8.000000 -1.546917
8.050000 -1.473452
8.100000 -1.481932
8.150000 -1.161109
8.200000 -1.062332
8.250000 -0.818328
8.300000 -0.634636
8.350000 -0.557250
8.400000 -0.568016
8.450000 -0.110491
8.500000 0.147713
8.550000 0.369232
8.600000 0.605579
8.650000 0.665622
8.700000 0.861454
8.750000 1.166596
8.800000 1.064195
8.850000 1.587904
8.900000 1.492806
8.950000 1.139362
9.000000 1.070484
9.050000 1.458161
9.100000 0.930202
9.150000 0.752654
9.200000 0.724875
9.250000 0.870502
9.300000 0.729250
9.350000 0.197342
9.400000 0.227833
9.450000 0.112284
9.500000 -0.185272
9.550000 -0.465980
9.600000 -0.326389
9.650000 -0.980566
9.700000 -1.079272
9.750000 -0.846791
9.800000 -0.826221
9.850000 -0.882814
9.900000 -1.004797
9.950000 -1.104787
10.000000 -1.047826
10.050000 -0.703400
10.100000 -0.815789
10.150000 -0.805648
10.200000 -0.378054
10.250000 -0.768380
10.300000 -0.489698
10.350000 0.264789
10.400000 -0.086162
10.450000 0.165476
10.500000 0.295914
10.550000 0.291200
10.600000 0.336536
10.650000 0.818177
10.700000 0.337773
10.750000 0.802431
10.800000 0.790449
10.850000 1.011921
10.900000 0.373968
10.950000 0.651092
11.000000 0.564358
11.050000 0.640064
11.100000 0.821537
11.150000 0.363395
11.200000 0.085161
11.250000 0.099497
11.300000 -0.207351
11.350000 -0.519588
11.400000 -0.326380
11.450000 -0.178310
11.500000 -0.408053
11.550000 -0.484403
11.600000 -0.408773
11.650000 -0.572088
11.700000 -0.827746
11.750000 -0.586365
11.800000 -0.797817
11.850000 -0.296451
11.900000 -0.836643
11.950000 -0.803391
12.000000 -0.354067
12.050000 -0.172423
12.100000 -0.311756
12.150000 -0.398823
12.200000 -0.019541
12.250000 0.222190
12.300000 0.178786
12.350000 -0.073625
12.400000 0.652397
12.450000 0.079946
12.500000 0.132488
12.550000 0.580012
12.600000 -0.003144
12.650000 -0.038339
12.700000 0.226474
12.750000 0.002611
12.800000 0.013293
12.850000 0.091780
12.900000 0.042212
12.950000 0.018398
13.000000 -0.316162
13.050000 0.330389
13.100000 0.298563
13.150000 0.169893
13.200000 -0.017338
13.250000 0.090268
13.300000 0.154512
13.350000 -0.303995
13.400000 0.242975
13.450000 -0.140332
13.500000 -0.088026
13.550000 0.223955
13.600000 0.018410
13.650000 0.170139
13.700000 0.261676
13.750000 -0.049669
13.800000 0.208831
13.850000 0.208447
13.900000 -0.092167
13.950000 -0.036928
14.000000 -0.032950
14.050000 -0.179076
14.100000 -0.064418
14.150000 0.057113
14.200000 0.161704
14.250000 0.137325
14.300000 0.013169
14.350000 -0.091438
14.400000 -0.379662
14.450000 -0.330465
14.500000 -0.242992
14.550000 0.041447
14.600000 0.109273
14.650000 0.228236
14.700000 0.047997
14.750000 0.426272
14.800000 0.193304
14.850000 0.167138
14.900000 -0.232973
14.950000 0.052840
15.000000 -0.005436
15.050000 0.016081
15.100000 0.083671
15.150000 -0.116474
15.200000 -0.316751
15.250000 -0.092827
15.300000 -0.072287
15.350000 0.526175
15.400000 0.025602
15.450000 -0.294658
15.500000 -0.063260
15.550000 -0.242800
15.600000 -0.000043
15.650000 0.168928
15.700000 0.172073
15.750000 0.112784
15.800000 0.077714
15.850000 -0.327802
15.900000 -0.132284
15.950000 -0.082475
16.000000 -0.324039
16.050000 0.204836
16.100000 0.242724
16.150000 -0.311378
16.200000 -0.087840
16.250000 0.076383
16.300000 -0.081924
16.350000 0.082788
16.400000 0.160666
16.450000 -0.152432
16.500000 -0.109959
16.550000 -0.126274
16.600000 0.098469
16.650000 -0.113146
16.700000 -0.171589
16.750000 0.097588
16.800000 0.000196
16.850000 -0.213092
16.900000 -0.040483
16.950000 -0.205807
17.000000 0.062795
17.050000 -0.246291
17.100000 0.172428
17.150000 0.036589
17.200000 -0.178619
17.250000 0.264802
17.300000 -0.142176
17.350000 0.250074
17.400000 0.138149
17.450000 0.157165
17.500000 0.231770
17.550000 -0.340648
17.600000 0.227372
17.650000 -0.085970
17.700000 -0.074994
17.750000 0.172810
17.800000 0.032122
17.850000 -0.309332
17.900000 -0.406123
17.950000 -0.123236
18.000000 0.124096
18.050000 0.092833
18.100000 -0.327008
18.150000 -0.409140
18.200000 -0.095819
18.250000 0.022758
18.300000 -0.205775
18.350000 -0.519607
18.400000 -0.072692
18.450000 0.142290
18.500000 -0.140875
18.550000 -0.021408
18.600000 -0.205798
18.650000 -0.194012
18.700000 0.182030
18.750000 -0.423129
18.800000 -0.161863
18.850000 -0.032744
18.900000 -0.037607
18.950000 -0.211865
19.000000 0.115227
19.050000 -0.535428
19.100000 0.352888
19.150000 0.099707
19.200000 -0.405625
19.250000 -0.089340
19.300000 -0.474036
19.350000 -0.089387
19.400000 0.314694
19.450000 -0.139047
19.500000 -0.268666
19.550000 -0.022900
19.600000 -0.197456
19.650000 -0.153294
19.700000 -0.198716
19.750000 -0.441927
19.799999 -0.031071
19.849999 -0.233607
19.899999 -0.457919
19.949999 0.196585
