0.000000 0.906443
0.050000 -1.081912
0.100000 0.843076
0.150000 0.294103
0.200000 -0.928059
0.250000 0.656417
0.300000 0.935699
0.350000 0.595877
0.400000 0.098581
0.450000 0.096022
0.500000 0.671486
0.550000 -0.448568
0.600000 1.551686
0.650000 1.396359
0.700000 1.722377
0.750000 -1.556222
0.800000 -0.171866
0.850000 0.836886
0.900000 0.020215
0.950000 -0.338242
1.000000 -1.198279
1.050000 -1.543574
1.100000 -0.929196
1.150000 -1.084883
1.200000 -0.659292
1.250000 -0.780456
1.300000 0.673870
1.350000 -1.359248
1.400000 -0.499261
1.450000 -0.582417
1.500000 -0.308677
1.550000 0.122021
1.600000 0.914093
1.650000 0.638458
1.700000 -0.408429
1.750000 2.148303
1.800000 -1.016007
1.850000 -0.541031
1.900000 0.855370
1.950000 1.216558
2.000000 1.284419
2.050000 0.769674
2.100000 -1.043828
2.150000 0.648775
2.200000 -1.808232
2.250000 -2.156778
2.300000 0.681147
2.350000 -0.768521
2.400000 -1.603472
2.450000 -1.007866
2.500000 -0.968281
2.550000 -0.361476
2.600000 0.765194
2.650000 0.774997
2.700000 2.577950
2.750000 1.267684
2.800000 0.993260
2.850000 0.294138
2.900000 -1.395825
2.950000 -0.685307
3.000000 1.679716
3.050000 1.329326
3.100000 0.190979
3.150000 0.912982
3.200000 -1.147813
3.250000 0.388272
3.300000 -1.505563
3.350000 -2.477426
3.400000 -4.074464
3.450000 -4.876452
3.500000 -4.443587
3.550000 -3.693519
3.600000 -3.522330
3.650000 -3.151683
3.700000 0.055447
3.750000 1.801817
3.800000 5.154182
3.850000 6.559081
3.900000 7.322092
3.950000 7.134623
4.000000 8.969875
4.050000 9.054203
4.100000 8.471951
4.150000 8.361345
4.200000 6.727552
4.250000 3.367221
4.300000 3.605829
4.350000 0.517497
4.400000 -3.383430
4.450000 -3.767858
4.500000 -5.211711
4.550000 -7.951497
4.600000 -8.806228
4.650000 -8.958298
4.700000 -9.108946
4.750000 -10.754436
4.800000 -10.180502
4.850000 -7.840621
4.900000 -5.089881
4.950000 -3.682159
5.000000 -1.170977
5.050000 0.973158
5.100000 3.411372
5.150000 5.763943
5.200000 7.355344
5.250000 6.512771
5.300000 9.032105
5.350000 7.350240
5.400000 8.097277
5.450000 6.845554
5.500000 6.146589
5.550000 5.577326
5.600000 3.345325
5.650000 1.733098
5.700000 2.302943
5.750000 -0.728883
5.800000 -2.444768
5.850000 -3.252243
5.900000 -4.825243
5.950000 -4.779811
6.000000 -5.089711
6.050000 -7.485101
6.100000 -5.629512
6.150000 -6.415360
6.200000 -3.107817
6.250000 -2.436731
6.300000 -1.368341
6.350000 1.417655
6.400000 0.344500
6.450000 2.017654
6.500000 4.347658
6.550000 2.991575
6.600000 2.951468
6.650000 3.372415
6.700000 3.237530
6.750000 2.186296
6.800000 1.541390
6.850000 1.867028
6.900000 -0.202026
6.950000 0.782569
7.000000 0.326974
7.050000 0.613898
7.100000 -2.256311
7.150000 -0.668665
7.200000 -0.921374
7.250000 -1.536947
7.300000 -1.195354
7.350000 -1.925714
7.400000 -1.452730
7.450000 -1.687070
7.500000 0.234021
7.550000 0.477434
7.600000 2.376198
7.650000 2.928193
7.700000 2.126054
7.750000 2.075783
7.800000 4.473973
7.850000 2.751118
7.900000 2.812708
7.950000 0.260767
7.999999 2.784801
8.049999 0.544042
8.100000 -0.888982
8.150000 -1.480107
8.200000 -1.257900
8.250000 -1.897552
8.300000 -0.937038
8.350000 -0.678117
8.400000 -0.287271
8.450000 0.116886
8.500000 -0.582408
8.549999 -0.881772
8.599999 -1.492145
8.650000 -0.315692
8.700000 0.150371
8.750000 0.053334
8.800000 3.621462
8.850000 1.609485
8.900000 1.451953
8.950000 1.484888
9.000000 -0.080098
9.050000 1.678416
9.099999 0.111101
9.149999 -0.014335
9.200000 0.434884
9.250000 0.098948
9.300000 -0.283404
9.350000 -0.224605
9.400000 -1.634248
9.450000 -1.236164
9.500000 -0.669767
9.550000 0.095787
9.600000 -0.930711
9.649999 -0.133758
9.699999 -0.754235
9.750000 -0.179402
9.800000 -0.809060
9.850000 0.272224
9.900000 1.144788
9.950000 0.297715
10.000000 2.140766
10.050000 0.986902
10.100000 0.188828
10.150000 1.629277
10.199999 2.814206
10.249999 0.956316
10.300000 0.690297
10.350000 -0.409909
10.400000 -0.227970
10.450000 0.313397
10.500000 0.842358
10.550000 -0.518392
10.600000 0.379231
10.650000 0.081243
10.700000 0.866556
10.749999 -0.596714
10.799999 -0.800774
10.849999 0.124004
10.900000 -0.772744
10.950000 -1.985447
11.000000 0.935087
11.050000 -1.000532
11.100000 -0.845406
11.150000 0.114978
11.200000 -0.318485
11.250000 -0.220781
11.299999 0.684826
11.349999 0.069352
11.399999 1.070008
11.450000 1.974258
11.500000 0.539627
11.550000 -0.195243
11.600000 1.729295
11.650000 2.245076
11.700000 0.331244
11.750000 0.625543
11.800000 0.225825
11.849999 -0.342392
11.899999 0.232141
11.949999 0.679828
12.000000 -0.303264
12.050000 -1.083781
12.100000 0.447598
12.150000 -1.111586
12.200000 0.100919
12.250000 0.704971
12.300000 0.644764
12.350000 1.260391
12.399999 -1.008645
12.449999 -0.364707
12.499999 1.378283
12.550000 1.502672
12.600000 0.083622
12.650000 1.677115
12.700000 0.304166
12.750000 0.563627
12.800000 2.036710
12.850000 1.084976
12.900000 1.401104
12.949999 1.439878
12.999999 -0.166857
13.049999 1.310195
13.100000 0.338081
13.150000 0.701192
13.200000 0.386031
13.250000 -1.174511
13.300000 -0.200405
13.350000 -1.345911
13.400000 0.237865
13.450000 0.268327
13.499999 -0.563816
13.549999 0.024883
13.599999 0.160308
13.650000 -0.729665
13.700000 -0.116033
13.750000 1.011884
13.800000 -0.667998
13.850000 -0.279830
13.900000 0.295477
13.950000 2.714081
14.000000 -0.140719
14.049999 -0.254082
14.099999 2.222388
14.149999 1.097143
14.200000 0.723228
14.250000 -0.284821
14.300000 -0.634079
14.350000 0.273739
14.400000 0.211217
14.450000 0.632066
14.500000 -0.793220
14.549999 -2.209677
14.599999 0.348509
14.649999 0.489959
14.699999 1.102204
14.750000 -0.187430
14.800000 -0.617816
14.850000 0.425779
14.900000 -1.532380
14.950000 0.656305
15.000000 0.707345
15.050000 0.203380
15.099999 0.628986
15.149999 0.814048
15.199999 1.307410
15.249999 1.162175
15.299999 1.918941
15.350000 2.475760
15.400000 -1.278380
15.450000 -0.352757
15.500000 1.281976
15.550000 0.113368
15.600000 -0.707628
15.650000 0.142673
15.699999 -0.050453
15.750000 0.016518
15.799999 -0.403862
15.850000 -1.612244
15.899999 -1.853920
15.950000 -0.557414
15.999999 -0.852911
16.050000 0.412983
16.099999 -0.684344
16.150000 -0.529487
16.200000 1.007349
16.249999 -0.486696
16.300000 0.975827
16.349999 -0.693201
16.400000 0.726464
16.449999 0.143777
16.500000 0.439478
16.549999 1.059689
16.600000 0.349232
16.649999 0.844049
16.700000 -1.574072
16.750000 -1.204920
16.799999 1.624068
16.850000 -1.553216
16.899999 -0.024664
16.950000 1.072972
16.999999 2.329356
17.050000 0.235738
17.099999 2.130089
17.150000 0.026923
17.199999 -0.624573
17.250000 -1.873983
17.300000 -0.667005
17.349999 -0.586489
17.400000 -1.550199
17.449999 -0.379789
17.500000 -1.406060
17.549999 0.885572
17.600000 -1.277662
17.649999 0.249093
17.700000 0.652120
17.749999 -0.649961
17.800000 0.213729
17.850000 2.462445
17.899999 -0.264775
17.950000 1.864593
17.999999 1.148750
18.050000 -0.599910
18.099999 0.246352
18.150000 1.349520
18.199999 0.657492
18.250000 2.985021
18.299999 0.600938
18.350000 0.503600
18.400000 0.383610
18.449999 -1.181170
18.500000 0.593869
18.549999 -2.277089
18.600000 -0.622160
18.649999 -1.486530
18.700000 -0.384829
18.749999 0.135033
18.800000 0.090768
18.849999 0.710545
18.900000 1.876739
18.950000 2.010019
18.999999 0.513330
19.050000 -0.139205
19.099999 -0.078659
19.150000 0.673488
19.199999 0.505117
19.250000 0.177134
19.299999 1.587424
19.350000 0.821720
19.399999 1.553370
19.450000 0.729367
19.500000 2.364466
19.549999 1.349124
19.600000 1.547934
19.649999 0.275390
19.700000 1.470582
19.749999 0.588885
19.800000 0.122768
19.849999 -1.781087
19.900000 -0.766042
19.949999 -1.075611
