0.000000 -1.949482
0.050000 -0.344739
0.100000 -0.923869
0.150000 -0.357279
0.200000 0.510582
0.250000 0.324303
0.300000 -1.396757
0.350000 1.175442
0.400000 -0.522690
0.450000 0.128632
0.500000 -1.552869
0.550000 -1.518850
0.600000 -0.977913
0.650000 -0.935974
0.700000 1.723445
0.750000 2.180610
0.800000 -0.909061
0.850000 3.100675
0.900000 -1.140532
0.950000 1.970064
1.000000 4.027040
1.050000 2.572555
1.100000 0.540606
1.150000 1.438883
1.200000 0.761723
1.250000 -2.658504
1.300000 2.751091
1.350000 -0.090183
1.400000 2.357505
1.450000 -3.056581
1.500000 -2.908779
1.550000 1.689298
1.600000 1.143628
1.650000 0.788571
1.700000 0.139781
1.750000 0.364189
1.800000 3.051816
1.850000 4.232247
1.900000 1.834081
1.950000 3.338188
2.000000 -1.813576
2.050000 -2.350893
2.100000 0.793941
2.150000 -1.665210
2.200000 1.833410
2.250000 0.174698
2.300000 0.644722
2.350000 -1.785529
2.400000 -4.025089
2.450000 -0.170168
2.500000 -3.573952
2.550000 -1.280753
2.600000 -3.909744
2.650000 -5.245564
2.700000 -5.006953
2.750000 -6.776731
2.800000 -5.920064
2.850000 -9.301813
2.900000 -5.671850
2.950000 -0.089302
3.000000 2.486989
3.050000 4.933061
3.100000 18.176037
3.150000 22.253813
3.200000 27.524139
3.250000 27.998455
3.300000 27.599909
3.350000 23.465708
3.400000 17.709515
3.450000 7.660913
3.500000 -4.657901
3.550000 -15.413960
3.600000 -20.618427
3.650000 -29.637535
3.700000 -37.409248
3.750000 -38.412205
3.800000 -33.175148
3.850000 -23.773680
3.900000 -13.342569
3.950000 -0.450021
4.000000 8.767715
4.050000 15.214139
4.100000 25.411856
4.150000 26.753201
4.200000 27.216183
4.250000 24.980339
4.300000 18.159756
4.350000 12.471519
4.400000 4.425920
4.450000 -4.216408
4.500000 -9.061450
4.550000 -14.208177
4.600000 -15.976743
4.650000 -17.540449
4.700000 -14.699050
4.750000 -6.328105
4.800000 -6.189744
4.850000 -1.142959
4.900000 1.815765
4.950000 9.358285
5.000000 10.097951
5.050000 12.855172
5.100000 8.230576
5.150000 6.662307
5.200000 4.639853
5.250000 -0.558659
5.300000 -3.454155
5.350000 -6.882826
5.400000 -3.847991
5.450000 -8.610613
5.500000 -3.805547
5.550000 -5.658315
5.600000 -3.790745
5.650000 1.242865
5.700000 1.907934
5.750000 6.779750
5.800000 7.992466
5.850000 6.242763
5.900000 -0.768278
5.950000 3.401102
6.000000 3.689807
6.050000 0.765068
6.100000 1.244757
6.150000 -0.817851
6.200000 -3.514919
6.250000 -2.970210
6.300000 -4.293958
6.350000 2.346428
6.400000 -0.928843
6.450000 0.396309
6.500000 4.526170
6.550000 2.336217
6.600000 2.061238
6.650000 3.843858
6.700000 5.294478
6.750000 4.785848
6.800000 0.987124
6.850000 0.474734
6.900000 1.430759
6.950000 0.001191
7.000000 1.249917
7.050000 -0.413173
7.100000 -0.809404
7.150000 -4.371990
7.200000 -2.682592
7.250000 -0.252854
7.300000 0.720787
7.350000 -0.771357
7.400000 1.114905
7.450000 1.010041
7.500000 -1.133873
7.550000 -4.160455
7.600000 1.234790
7.650000 -1.275036
7.700000 -2.955022
7.750000 -0.225679
7.800000 -0.672833
7.850000 1.386812
7.900000 3.189110
7.950000 3.354598
7.999999 2.270919
8.049999 2.840868
8.100000 7.284299
8.150000 2.180289
8.200000 3.803626
8.250000 2.608115
8.300000 -0.054714
8.350000 -2.099283
8.400000 1.649000
8.450000 -2.609164
8.500000 -4.248870
8.549999 -3.964764
8.599999 -0.597958
8.650000 -4.472486
8.700000 -1.726591
8.750000 -2.932997
8.800000 0.744713
8.850000 0.653829
8.900000 1.445681
8.950000 1.542469
9.000000 3.056870
9.050000 1.250266
9.099999 -1.246942
9.149999 3.396415
9.200000 -0.775048
9.250000 3.765182
9.300000 -1.403200
9.350000 0.383698
9.400000 -2.857316
9.450000 -1.555764
9.500000 -2.052755
9.550000 -3.075765
9.600000 2.150492
9.649999 -2.605539
9.699999 -1.465913
9.750000 2.702230
9.800000 1.981786
9.850000 1.543103
9.900000 4.681170
9.950000 1.178484
10.000000 2.575598
10.050000 4.020144
10.100000 0.241818
10.150000 1.822295
10.199999 1.013148
10.249999 -1.998119
10.300000 -1.003956
10.350000 0.069177
10.400000 -1.485998
10.450000 2.051091
10.500000 0.259512
10.550000 -0.413342
10.600000 2.667417
10.650000 3.790192
10.700000 1.738955
10.749999 3.993979
10.799999 0.242327
10.849999 -0.142367
10.900000 0.631169
10.950000 -1.619161
11.000000 -0.935451
11.050000 0.334152
11.100000 -4.047275
11.150000 -1.676485
11.200000 -1.264315
11.250000 0.237622
11.299999 -0.902888
11.349999 -4.023574
11.399999 -0.085874
11.450000 0.647227
11.500000 3.220071
11.550000 -0.224038
11.600000 0.895087
11.650000 -1.906937
11.700000 -3.202597
11.750000 -1.538175
11.800000 -0.697081
11.849999 0.317149
11.899999 2.428278
11.949999 -1.965799
12.000000 -0.906190
12.050000 -1.713964
12.100000 0.772117
12.150000 2.229450
12.200000 -1.600532
12.250000 2.093404
12.300000 0.944129
12.350000 3.246780
12.399999 1.052562
12.449999 -0.220078
12.499999 -1.056293
12.550000 1.039650
12.600000 -1.269050
12.650000 -3.035678
12.700000 -4.070302
12.750000 -0.307321
12.800000 0.840988
12.850000 -0.109834
12.900000 3.549519
12.949999 2.732310
12.999999 3.903669
13.049999 -0.139155
13.100000 -0.888533
13.150000 0.151889
13.200000 2.324879
13.250000 -1.107486
13.300000 2.482901
13.350000 2.916421
13.400000 1.804710
13.450000 -2.990682
13.499999 1.029907
13.549999 -2.084255
13.599999 -2.415889
13.650000 -3.565730
13.700000 -2.462996
13.750000 -0.216831
13.800000 -0.202943
13.850000 0.968400
13.900000 -0.403416
13.950000 -1.523451
14.000000 -1.378663
14.049999 -2.371423
14.099999 -3.014758
14.149999 -0.212094
14.200000 3.489647
14.250000 1.235586
14.300000 2.794599
14.350000 1.681694
14.400000 0.721570
14.450000 -0.331781
14.500000 -3.607891
14.549999 -0.901355
14.599999 0.207854
14.649999 3.901840
14.699999 0.218784
14.750000 2.064026
14.800000 0.340161
14.850000 -3.772856
14.900000 -0.071192
14.950000 -2.104439
15.000000 0.962284
15.050000 -2.865830
15.099999 0.518580
15.149999 -1.035079
15.199999 -0.611205
15.249999 1.197488
15.299999 1.396609
15.350000 -0.103847
15.400000 3.563928
15.450000 1.565194
15.500000 2.528852
15.550000 2.424396
15.600000 -1.536029
15.650000 -0.470836
15.699999 -2.155346
15.750000 1.395595
15.799999 1.335384
15.850000 -2.083910
15.899999 4.243114
15.950000 -4.484058
15.999999 2.194237
16.050000 -1.477793
16.099999 1.327439
16.150000 1.251150
16.200000 -1.606132
16.249999 -2.080491
16.300000 2.155535
16.349999 0.504690
16.400000 -2.926765
16.449999 -0.596162
16.500000 -2.720206
16.549999 -1.185812
16.600000 0.059312
16.649999 1.509495
16.700000 -4.094706
16.750000 1.408707
16.799999 2.846248
16.850000 0.377628
16.899999 -1.830511
16.950000 -1.352616
16.999999 4.324759
17.050000 4.369583
17.099999 1.059607
17.150000 5.343234
17.199999 2.347455
17.250000 0.705679
17.300000 3.507756
17.349999 2.010476
17.400000 0.519252
17.449999 1.153842
17.500000 2.928108
17.549999 -4.719486
17.600000 -0.747088
17.649999 -3.254772
17.700000 -1.637144
17.749999 -1.731843
17.800000 -1.099747
17.850000 -1.752263
17.899999 0.220050
17.950000 0.354404
17.999999 -1.016397
18.050000 -2.981531
18.099999 3.266141
18.150000 1.057783
18.199999 0.565375
18.250000 -0.274720
18.299999 1.232781
18.350000 2.913469
18.400000 3.069004
18.449999 4.464885
18.500000 1.109544
18.549999 1.502484
18.600000 -0.686508
18.649999 -0.338675
18.700000 -1.597554
18.749999 -3.383627
18.800000 -2.315770
18.849999 -3.052504
18.900000 -1.722742
18.950000 -2.108795
18.999999 -2.378326
19.050000 -2.110499
19.099999 -0.653696
19.150000 4.098964
19.199999 5.775573
19.250000 4.292422
19.299999 5.418068
19.350000 5.870189
19.399999 2.090977
19.450000 -0.845057
19.500000 1.618970
19.549999 -0.507242
19.600000 -1.910625
19.649999 -2.647268
19.700000 -0.984518
19.749999 -4.160186
19.800000 -3.667880
19.849999 -4.327765
19.900000 -1.987159
19.949999 -2.042714
