0.000000 -0.196715
0.050000 0.634661
0.100000 1.623892
0.150000 -1.621821
0.200000 0.080435
0.250000 -1.475226
0.300000 0.443913
0.350000 1.251045
0.400000 0.866137
0.450000 1.019348
0.500000 0.432388
0.550000 0.481606
0.600000 -0.068023
0.650000 -2.678571
0.700000 0.809626
0.750000 -0.369708
0.800000 -1.722819
0.850000 -0.896837
0.900000 -1.219990
0.950000 -0.626707
1.000000 -2.479008
1.050000 -1.671666
1.100000 -0.258819
1.150000 0.065973
1.200000 -0.180711
1.250000 1.036929
1.300000 -1.168972
1.350000 -2.847588
1.400000 -1.685261
1.450000 -0.959203
1.500000 0.254373
1.550000 -2.134096
1.600000 -0.581548
1.650000 -0.224625
1.700000 1.784753
1.750000 1.584390
1.800000 3.422531
1.850000 -2.151691
1.900000 -2.033376
1.950000 -5.438928
2.000000 -7.660899
2.050000 -6.997930
2.100000 -4.019966
2.150000 4.233413
2.200000 8.898151
2.250000 15.232696
2.300000 8.903090
2.350000 1.001505
2.400000 -10.456338
2.450000 -19.372034
2.500000 -18.347233
2.550000 -8.381987
2.600000 9.655491
2.650000 17.588263
2.700000 21.583782
2.750000 11.487858
2.800000 -2.354911
2.850000 -16.583612
2.900000 -19.771597
2.950000 -12.093497
3.000000 -0.591544
3.050000 11.818378
3.100000 17.199610
3.150000 11.678226
3.200000 -0.143885
3.250000 -7.866369
3.300000 -12.930820
3.350000 -13.325649
3.400000 -2.591737
3.450000 8.861014
3.500000 11.805423
3.550000 11.309218
3.600000 4.842952
3.650000 -4.051490
3.700000 -8.431024
3.750000 -12.867805
3.800000 -4.662467
3.850000 3.199445
3.900000 9.682878
3.950000 11.950264
4.000000 5.293945
4.050000 0.079057
4.100000 -4.853683
4.150000 -8.827975
4.200000 -6.976204
4.250000 -2.828158
4.300000 3.832326
4.350000 4.968434
4.400000 5.370986
4.450000 3.902281
4.500000 -1.859137
4.550000 -3.804627
4.600000 -6.766637
4.650000 -4.759327
4.700000 -0.670700
4.750000 1.916471
4.800000 6.038556
4.850000 3.366042
4.900000 -0.182336
4.950000 -0.610078
5.000000 -2.221846
5.050000 -5.870491
5.100000 -1.756569
5.150000 0.915514
5.200000 0.447052
5.250000 2.842611
5.300000 3.037097
5.350000 1.911177
5.400000 -1.383170
5.450000 -0.526025
5.500000 -4.424327
5.550000 -1.107361
5.600000 0.580271
5.650000 -0.175186
5.700000 2.080425
5.750000 0.107445
5.800000 0.872156
5.850000 1.945361
5.900000 1.341425
5.950000 0.487618
6.000000 0.272631
6.050000 -1.720858
6.100000 -3.397222
6.150000 -0.726436
6.200000 2.697343
6.250000 -0.634145
6.300000 3.449968
6.350000 0.224417
6.400000 -4.008314
6.450000 0.188713
6.500000 -1.531392
6.550000 0.499320
6.600000 2.227465
6.650000 0.337593
6.700000 1.053838
6.750000 -2.958566
6.800000 0.511218
6.850000 -0.778440
6.900000 0.403014
6.950000 -0.795421
7.000000 1.933242
7.050000 2.634997
7.100000 0.574616
7.150000 1.791075
7.200000 -0.147776
7.250000 -4.139966
7.300000 -0.787410
7.350000 -2.977592
7.400000 -3.458857
7.450000 2.582698
7.500000 2.671405
7.550000 -1.045762
7.600000 0.014284
7.650000 0.818798
7.700000 -1.096322
7.750000 -1.761825
7.800000 0.020612
7.850000 -1.383311
7.900000 1.047264
7.950000 3.646858
7.999999 -0.718692
8.049999 0.481626
8.100000 1.128157
8.150000 -1.648080
8.200000 -1.310473
8.250000 -2.563446
8.300000 0.250008
8.350000 0.881915
8.400000 3.601174
8.450000 -0.521806
8.500000 1.023594
8.549999 -0.881847
8.599999 0.567127
8.650000 1.246704
8.700000 0.654087
8.750000 1.052042
8.800000 1.631635
8.850000 0.563198
8.900000 0.955805
8.950000 0.426799
9.000000 -0.420171
9.050000 0.516618
9.099999 -0.299966
9.149999 0.076944
9.200000 0.881337
9.250000 1.216688
9.300000 0.726112
9.350000 -0.277508
9.400000 0.060192
9.450000 -0.970663
9.500000 -1.422755
9.550000 -0.647242
9.600000 -0.634734
9.649999 1.640329
9.699999 -0.165749
9.750000 0.905557
9.800000 -0.698109
9.850000 -2.117424
9.900000 -2.199456
9.950000 1.560135
10.000000 -0.783141
10.050000 -0.450752
10.100000 0.514433
10.150000 1.819445
10.199999 0.565176
10.249999 -0.371471
10.300000 -1.458207
10.350000 0.700122
10.400000 -0.259423
10.450000 -1.221126
10.500000 0.635756
10.550000 0.857031
10.600000 1.309225
10.650000 1.477856
10.700000 1.427859
10.749999 -1.456493
10.799999 -0.681954
10.849999 -0.772751
10.900000 1.831657
10.950000 1.544765
11.000000 -0.274971
11.050000 -1.414283
11.100000 1.417533
11.150000 -0.938392
11.200000 0.561271
11.250000 -0.030034
11.299999 1.961638
11.349999 0.692374
11.399999 2.020057
11.450000 -0.137533
11.500000 1.566885
11.550000 1.251103
11.600000 -1.126311
11.650000 -0.412934
11.700000 0.541678
11.750000 1.523478
11.800000 0.590319
11.849999 0.559618
11.899999 1.499298
11.949999 -0.183146
12.000000 1.649127
12.050000 1.558869
12.100000 1.928379
12.150000 1.302922
12.200000 1.569226
12.250000 0.888744
12.300000 0.290695
12.350000 -0.090443
12.399999 1.331807
12.449999 1.541628
12.499999 2.853673
12.550000 -1.232226
12.600000 -0.509781
12.650000 -3.277355
12.700000 -2.295029
12.750000 -0.670467
12.800000 0.434946
12.850000 1.681188
12.900000 1.624095
12.949999 0.458970
12.999999 0.797799
13.049999 1.068759
13.100000 0.942791
13.150000 -0.789313
13.200000 2.705816
13.250000 -0.168985
13.300000 0.220907
13.350000 0.922968
13.400000 3.005005
13.450000 0.519356
13.499999 1.612379
13.549999 0.257795
13.599999 0.577347
13.650000 1.046471
13.700000 0.509414
13.750000 0.975766
13.800000 0.155958
13.850000 1.110568
13.900000 -1.667988
13.950000 -3.077001
14.000000 0.368789
14.049999 0.276997
14.099999 1.256394
14.149999 1.153996
14.200000 1.499976
14.250000 0.057884
14.300000 0.895973
14.350000 1.666938
14.400000 1.991742
14.450000 -1.644332
14.500000 -0.468445
14.549999 1.168648
14.599999 0.527144
14.649999 -1.440720
14.699999 0.676628
14.750000 0.495863
14.800000 0.288584
14.850000 -3.823657
14.900000 -2.556906
14.950000 0.697475
15.000000 -0.137903
15.050000 0.226448
15.099999 -1.365395
15.149999 -1.726945
15.199999 -1.563103
15.249999 -0.436719
15.299999 -1.068624
15.350000 -1.817033
15.400000 -0.250776
15.450000 1.556499
15.500000 0.605475
15.550000 1.248155
15.600000 0.631640
15.650000 0.596741
15.699999 -0.651756
15.750000 1.564984
15.799999 -0.742179
15.850000 -0.590884
15.899999 -0.408028
15.950000 1.573843
15.999999 0.466636
16.050000 1.538232
16.099999 0.141262
16.150000 1.139743
16.200000 -2.134825
16.249999 -0.834427
16.300000 -0.094642
16.349999 1.820579
16.400000 0.443941
16.449999 -0.506726
16.500000 1.461181
16.549999 0.605006
16.600000 -1.091837
16.649999 -0.892350
16.700000 1.434921
16.750000 1.545194
16.799999 1.562307
16.850000 -2.542021
16.899999 -0.258145
16.950000 1.585981
16.999999 -2.824486
17.050000 -2.692168
17.099999 -2.691143
17.150000 -0.486571
17.199999 0.068809
17.250000 -0.727998
17.300000 0.716977
17.349999 0.681443
17.400000 0.438320
17.449999 2.353583
17.500000 -1.977331
17.549999 -0.206921
17.600000 -0.045112
17.649999 0.962714
17.700000 -0.514467
17.749999 -0.398903
17.800000 2.449040
17.850000 1.757262
17.899999 0.716223
17.950000 0.879938
17.999999 0.551942
18.050000 -1.056866
18.099999 1.375513
18.150000 0.684432
18.199999 1.832253
18.250000 2.230472
18.299999 -1.758838
18.350000 1.657142
18.400000 -0.525150
18.449999 -0.618656
18.500000 0.358791
18.549999 -0.484164
18.600000 1.383243
18.649999 1.493330
18.700000 2.058360
18.749999 1.366275
18.800000 -1.700797
18.849999 0.498537
18.900000 3.116794
18.950000 -0.704910
18.999999 -1.932089
19.050000 2.224949
19.099999 3.966601
19.150000 2.599895
19.199999 2.254734
19.250000 -2.348233
19.299999 -1.032988
19.350000 -0.409519
19.399999 -0.611625
19.450000 2.699768
19.500000 1.856501
19.549999 3.288256
19.600000 -0.535546
19.649999 0.640552
19.700000 -0.168601
19.749999 1.933757
19.800000 0.864625
19.849999 0.103637
19.900000 2.656588
19.949999 1.238022
