0.000000 -3.778417
0.050000 -0.399350
0.100000 11.488851
0.150000 4.477444
0.200000 -6.639691
0.250000 -0.531467
0.300000 -9.726332
0.350000 1.968141
0.400000 5.630889
0.450000 9.300240
0.500000 3.353552
0.550000 -14.101428
0.600000 21.950726
0.650000 18.276899
0.700000 16.784458
0.750000 0.173855
0.800000 -9.357858
0.850000 -2.515386
0.900000 -21.568945
0.950000 -8.020674
1.000000 5.106882
1.050000 -17.111048
1.100000 -18.608269
1.150000 -5.563947
1.200000 -17.676445
1.250000 5.335621
1.300000 11.662701
1.350000 2.340584
1.400000 2.761248
1.450000 1.853373
1.500000 -2.289234
1.550000 22.754782
1.600000 34.964600
1.650000 73.115318
1.700000 63.738697
1.750000 64.673401
1.800000 20.176689
1.850000 -70.328888
1.900000 -99.388016
1.950000 -111.221596
2.000000 -63.725517
2.050000 29.586140
2.100000 97.895103
2.150000 87.432129
2.200000 9.681687
2.250000 -63.616699
2.300000 -54.034660
2.350000 -34.743114
2.400000 27.060434
2.450000 36.156422
2.500000 21.232496
2.550000 -35.953358
2.600000 -66.371590
2.650000 -34.961060
2.700000 18.207895
2.750000 44.526276
2.800000 29.765871
2.850000 -1.027764
2.900000 -19.871778
2.950000 -8.425765
3.000000 2.314398
3.050000 6.265000
3.100000 30.745028
3.150000 -1.106667
3.200000 3.473385
3.250000 1.554941
3.300000 23.289450
3.350000 3.284367
3.400000 19.259045
3.450000 -1.849454
3.500000 11.993824
3.550000 1.666959
3.600000 -23.250748
3.650000 9.895299
3.700000 -19.481094
3.750000 8.302828
3.800000 -4.355633
3.850000 -18.207510
3.900000 -4.341855
3.950000 -2.140467
4.000000 -16.161772
4.050000 -11.082337
4.100000 -3.735547
4.150000 -11.037966
4.200000 -14.301763
4.250000 -6.432273
4.300000 33.224751
4.350000 5.401758
4.400000 14.179450
4.450000 -3.172846
4.500000 7.940690
4.550000 4.570710
4.600000 4.917833
4.650000 7.957955
4.700000 -5.328414
4.750000 27.797636
4.800000 -0.493806
4.850000 -5.622819
4.900000 -8.038144
4.950000 3.568300
5.000000 7.009546
5.050000 3.444219
5.100000 -1.040685
5.150000 15.035193
5.200000 6.839066
5.250000 11.007249
5.300000 15.750301
5.350000 23.757029
5.400000 33.608795
5.450000 13.478672
5.500000 3.078397
5.550000 2.919150
5.600000 3.136415
5.650000 -2.895404
5.700000 8.950433
5.750000 -7.066319
5.800000 -34.699013
5.850000 8.463124
5.900000 -12.878836
5.950000 -5.019555
6.000000 15.199336
6.050000 6.256248
6.100000 4.364808
6.150000 -18.149540
6.200000 -1.939224
6.250000 3.577938
6.300000 4.323154
6.350000 7.410192
6.400000 11.768663
6.450000 -7.688071
6.500000 8.610099
6.550000 -2.363980
6.600000 4.321479
6.650000 -2.949023
6.700000 -9.697964
6.750000 -2.710551
6.800000 -7.886711
6.850000 -15.897020
6.900000 17.521984
6.950000 8.897350
7.000000 -3.477315
7.050000 12.168706
7.100000 -12.893562
7.150000 0.767154
7.200000 -9.412835
7.250000 10.954801
7.300000 6.222459
7.350000 20.471479
7.400000 12.379951
7.450000 19.647526
7.500000 1.912135
7.550000 1.780777
7.600000 8.760139
7.650000 3.588586
7.700000 6.913644
7.750000 12.629987
7.800000 21.089966
7.850000 -7.866576
7.900000 3.071655
7.950000 -8.481424
7.999999 0.885176
8.049999 -5.953831
8.100000 2.360414
8.150000 11.832006
8.200000 -13.305938
8.250000 -11.537903
8.300000 0.596206
8.350000 5.622359
8.400000 -1.658659
8.450000 7.369856
8.500000 -12.836496
8.549999 17.971354
8.599999 -4.564056
8.650000 28.376638
8.700000 -6.778626
8.750000 -13.557980
8.800000 -8.370743
8.850000 -4.618879
8.900000 -7.974182
8.950000 5.317056
9.000000 2.695917
9.050000 14.945184
9.099999 -8.242318
9.149999 1.708773
9.200000 9.848346
9.250000 14.283166
9.300000 0.363122
9.350000 18.028141
9.400000 3.024939
9.450000 5.650082
9.500000 -12.684870
9.550000 2.676660
9.600000 -2.786728
9.649999 13.067220
9.699999 5.197853
9.750000 17.606516
9.800000 -4.733095
9.850000 14.308751
9.900000 8.644583
9.950000 5.856990
10.000000 10.610645
10.050000 5.854089
10.100000 -1.793378
10.150000 -13.824615
10.199999 24.409983
10.249999 -13.269061
10.300000 -19.373495
10.350000 6.701722
10.400000 -12.825194
10.450000 1.562505
10.500000 -2.239665
10.550000 -9.039356
10.600000 -7.910371
10.650000 7.169458
10.700000 7.549455
10.749999 5.916996
10.799999 0.475466
10.849999 -17.453003
10.900000 -0.733557
10.950000 -3.152765
11.000000 -9.906806
11.050000 6.763993
11.100000 -14.058214
11.150000 -18.847601
11.200000 9.349164
11.250000 -8.354260
11.299999 -10.182497
11.349999 -9.324028
11.399999 6.568288
11.450000 16.999851
11.500000 -4.862967
11.550000 -1.511770
11.600000 0.049358
11.650000 -3.085160
11.700000 2.715206
11.750000 7.580995
11.800000 14.112115
11.849999 -12.491045
11.899999 -4.259061
11.949999 7.582917
12.000000 -12.344003
12.050000 0.327445
12.100000 -9.896956
12.150000 -1.799507
12.200000 11.268329
12.250000 1.926440
12.300000 8.172960
12.350000 7.419631
12.399999 -5.087150
12.449999 -11.151163
12.499999 -1.418863
12.550000 27.945446
12.600000 -4.053875
12.650000 16.756968
12.700000 14.181014
12.750000 1.082495
12.800000 7.901957
12.850000 2.612561
12.900000 14.992997
12.949999 2.270483
12.999999 -7.203742
13.049999 -2.635839
13.100000 13.942628
13.150000 -3.881924
13.200000 -0.725068
13.250000 -9.379072
13.300000 0.798010
13.350000 -2.025658
13.400000 -24.768263
13.450000 -4.022687
13.499999 3.083950
13.549999 6.070082
13.599999 13.029200
13.650000 14.053718
13.700000 17.894814
13.750000 14.993727
13.800000 -2.898865
13.850000 7.918961
13.900000 23.722567
13.950000 3.508880
14.000000 0.268007
14.049999 7.343298
14.099999 17.281158
14.149999 6.536220
14.200000 8.707930
14.250000 12.219573
14.300000 -8.802475
14.350000 -7.804576
14.400000 7.185358
14.450000 -5.629083
14.500000 -13.478884
14.549999 -2.868366
14.599999 5.509203
14.649999 9.509175
14.699999 0.164572
14.750000 0.400228
14.800000 16.636557
14.850000 -1.827105
14.900000 -6.809799
14.950000 19.704716
15.000000 8.135815
15.050000 14.092441
15.099999 7.685533
15.149999 -0.044486
15.199999 11.278834
15.249999 13.602159
15.299999 4.375919
15.350000 9.070885
15.400000 2.639235
15.450000 -8.254346
15.500000 10.138335
15.550000 7.767842
15.600000 -26.347021
15.650000 -12.352109
15.699999 -3.257449
15.750000 11.946837
15.799999 -3.631104
15.850000 3.412186
15.899999 -0.988249
15.950000 3.565048
15.999999 6.886621
16.050000 -14.831603
16.099999 11.146762
16.150000 -12.317587
16.200000 9.577174
16.249999 6.457229
16.300000 2.323030
16.349999 7.303307
16.400000 -7.872084
16.449999 0.248802
16.500000 10.881389
16.549999 -11.657764
16.600000 -13.081321
16.649999 -11.787638
16.700000 -4.907932
16.750000 -8.790021
16.799999 7.219112
16.850000 7.708367
16.899999 -11.194054
16.950000 -0.799614
16.999999 -19.381985
17.050000 10.231455
17.099999 -7.690322
17.150000 -1.155709
17.199999 -9.362968
17.250000 -0.137952
17.300000 11.247646
17.349999 -16.927704
17.400000 5.690809
17.449999 -0.067369
17.500000 -9.973581
17.549999 5.186943
17.600000 -0.851617
17.649999 -1.954459
17.700000 19.221066
17.749999 -11.919392
17.800000 -9.348318
17.850000 -11.431555
17.899999 4.019075
17.950000 9.853052
17.999999 0.588793
18.050000 10.916306
18.099999 11.168557
18.150000 -0.795019
18.199999 -3.811274
18.250000 -8.117555
18.299999 4.473411
18.350000 4.079013
18.400000 25.954510
18.449999 19.534218
18.500000 30.194393
18.549999 12.450509
18.600000 15.070373
18.649999 8.173674
18.700000 -21.087416
18.749999 -6.270371
18.800000 -10.286677
18.849999 -20.861563
18.900000 2.162224
18.950000 14.397897
18.999999 -11.153561
19.050000 3.787252
19.099999 0.534573
19.150000 1.556899
19.199999 -0.135712
19.250000 8.215432
19.299999 -10.235475
19.350000 10.812037
19.399999 -17.739182
19.450000 4.895876
19.500000 -16.508913
19.549999 4.459868
19.600000 -0.723669
19.649999 19.854174
19.700000 4.924064
19.749999 10.887033
19.800000 -16.347359
19.849999 -4.468792
19.900000 -18.218719
19.949999 -3.008917
