0.000000 -16.613661
0.050000 -1.175231
0.100000 -7.836661
0.150000 9.336562
0.200000 -25.058992
0.250000 7.633664
0.300000 3.873822
0.350000 4.823714
0.400000 -1.438766
0.450000 15.942659
0.500000 16.115381
0.550000 -2.726493
0.600000 10.940310
0.650000 3.694356
0.700000 -12.805264
0.750000 -12.523513
0.800000 0.204686
0.850000 2.481484
0.900000 28.416040
0.950000 -6.070907
1.000000 -1.751268
1.050000 -1.278395
1.100000 6.197073
1.150000 -0.971523
1.200000 20.146103
1.250000 4.534381
1.300000 -3.113168
1.350000 -11.041850
1.400000 1.661314
1.450000 14.298720
1.500000 -18.248413
1.550000 -30.838392
1.600000 -14.166180
1.650000 -1.202765
1.700000 10.866983
1.750000 7.362720
1.800000 0.097445
1.850000 15.432569
1.900000 34.343395
1.950000 68.676537
2.000000 7.391570
2.050000 6.198837
2.100000 -51.366154
2.150000 -93.819870
2.200000 -159.879425
2.250000 -87.837402
2.300000 -2.574994
2.350000 141.749634
2.400000 249.058746
2.450000 261.674377
2.500000 143.591324
2.550000 -72.248299
2.600000 -199.490585
2.650000 -247.260788
2.700000 -148.055481
2.750000 3.920105
2.800000 129.059601
2.850000 147.054886
2.900000 66.863480
2.950000 -35.526669
3.000000 -141.252350
3.050000 -99.848503
3.100000 -38.504860
3.150000 55.632706
3.200000 82.303589
3.250000 37.793732
3.300000 -26.434875
3.350000 -51.747368
3.400000 -75.248100
3.450000 -48.071720
3.500000 30.039965
3.550000 34.399036
3.600000 83.883308
3.650000 38.813457
3.700000 13.171659
3.750000 -22.504566
3.800000 -29.125551
3.850000 -44.018917
3.900000 -13.169035
3.950000 -19.775164
4.000000 9.987897
4.050000 11.082452
4.100000 -4.909465
4.150000 5.229789
4.200000 5.650604
4.250000 -0.176544
4.300000 6.122274
4.350000 2.179849
4.400000 8.867575
4.450000 -0.599250
4.500000 -32.016579
4.550000 4.954491
4.600000 -19.573704
4.650000 9.499367
4.700000 7.923552
4.750000 5.431514
4.800000 7.337744
4.850000 -16.186678
4.900000 -3.623556
4.950000 20.800062
5.000000 21.315161
5.050000 15.387774
5.100000 10.849509
5.150000 33.119492
5.200000 -19.495962
5.250000 0.952749
5.300000 -13.236020
5.350000 -14.196111
5.400000 -45.169918
5.450000 9.470379
5.500000 12.031274
5.550000 35.924553
5.600000 7.738655
5.650000 -2.943107
5.700000 14.822016
5.750000 22.579096
5.800000 30.671833
5.850000 0.676893
5.900000 -0.284356
5.950000 0.665205
6.000000 5.658307
6.050000 -14.649389
6.100000 -37.376732
6.150000 -11.655611
6.200000 2.620579
6.250000 -2.610772
6.300000 -7.888262
6.350000 -4.356847
6.400000 -4.730644
6.450000 -25.308384
6.500000 -16.938091
6.550000 -0.058544
6.600000 1.221824
6.650000 7.861740
6.700000 -7.627233
6.750000 27.509609
6.800000 12.098013
6.850000 26.391556
6.900000 11.042603
6.950000 35.745464
7.000000 7.877711
7.050000 -4.200225
7.100000 -19.570868
7.150000 6.420862
7.200000 16.611046
7.250000 4.540380
7.300000 25.704618
7.350000 2.770118
7.400000 -1.327601
7.450000 -29.791145
7.500000 -9.874602
7.550000 -4.790056
7.600000 -4.901977
7.650000 18.659634
7.700000 1.735002
7.750000 8.442436
7.800000 -5.360584
7.850000 3.959575
7.900000 1.033387
7.950000 -21.895376
7.999999 -13.236504
8.049999 0.485587
8.100000 23.433321
8.150000 24.125395
8.200000 7.924385
8.250000 15.663674
8.300000 10.388815
8.350000 19.827324
8.400000 -12.771666
8.450000 -21.002058
8.500000 10.341704
8.549999 11.623495
8.599999 10.099155
8.650000 -4.026616
8.700000 13.008125
8.750000 10.596874
8.800000 21.993183
8.850000 18.580944
8.900000 21.043200
8.950000 0.934854
9.000000 16.554178
9.050000 2.478917
9.099999 -0.417579
9.149999 -15.974511
9.200000 17.886435
9.250000 -16.730732
9.300000 -25.022804
9.350000 -13.983243
9.400000 31.708639
9.450000 -6.351269
9.500000 12.638948
9.550000 -8.770554
9.600000 -5.321852
9.649999 3.118199
9.699999 -10.135501
9.750000 -10.582158
9.800000 -25.159346
9.850000 -5.500268
9.900000 -13.108296
9.950000 -2.136489
10.000000 -12.081079
10.050000 10.640090
10.100000 16.445290
10.150000 -13.871790
10.199999 -27.870550
10.249999 5.710781
10.300000 -6.290185
10.350000 -9.865503
10.400000 -15.979177
10.450000 -1.610152
10.500000 4.337247
10.550000 14.025660
10.600000 22.018625
10.650000 -17.230141
10.700000 33.470089
10.749999 44.125191
10.799999 -10.470327
10.849999 -3.554442
10.900000 19.214270
10.950000 4.621027
11.000000 39.916897
11.050000 5.784930
11.100000 -16.450876
11.150000 -15.294900
11.200000 -24.510281
11.250000 13.002338
11.299999 15.716393
11.349999 12.301715
11.399999 -1.293885
11.450000 7.679028
11.500000 11.660129
11.550000 -2.733366
11.600000 19.171906
11.650000 -2.791329
11.700000 -6.501845
11.750000 -20.802090
11.800000 13.414545
11.849999 -2.892835
11.899999 19.433378
11.949999 -7.129901
12.000000 -1.258339
12.050000 -10.902011
12.100000 13.557345
12.150000 -6.744592
12.200000 18.528101
12.250000 5.117605
12.300000 -1.698514
12.350000 5.588823
12.399999 3.068050
12.449999 -10.863396
12.499999 -7.611076
12.550000 -14.996542
12.600000 -0.086878
12.650000 -3.593403
12.700000 -15.895108
12.750000 0.138023
12.800000 0.405832
12.850000 -10.970326
12.900000 28.384680
12.949999 -6.400029
12.999999 -17.209448
13.049999 -7.394462
13.100000 -8.296685
13.150000 -3.318982
13.200000 19.880192
13.250000 0.648379
13.300000 0.734158
13.350000 21.664379
13.400000 -17.871576
13.450000 16.582830
13.499999 -7.871771
13.549999 0.376693
13.599999 -13.804685
13.650000 -5.345459
13.700000 -2.219263
13.750000 12.284356
13.800000 -5.451854
13.850000 12.683160
13.900000 16.201679
13.950000 14.922341
14.000000 -16.656614
14.049999 0.122469
14.099999 -6.325836
14.149999 0.730759
14.200000 -3.626620
14.250000 10.820203
14.300000 11.676097
14.350000 -21.388653
14.400000 17.647512
14.450000 1.842134
14.500000 11.005746
14.549999 -8.286764
14.599999 6.978717
14.649999 -7.421832
14.699999 27.173897
14.750000 -6.357597
14.800000 2.180386
14.850000 6.697886
14.900000 5.058802
14.950000 -6.295251
15.000000 -1.004284
15.050000 -1.476666
15.099999 9.550047
15.149999 -1.504877
15.199999 8.345903
15.249999 -22.029100
15.299999 29.698271
15.350000 11.761469
15.400000 -1.866222
15.450000 -5.717295
15.500000 15.080180
15.550000 28.158571
15.600000 18.323462
15.650000 10.756420
15.699999 2.692104
15.750000 48.068016
15.799999 22.140917
15.850000 19.792488
15.899999 -10.459288
15.950000 1.487758
15.999999 9.153272
16.050000 -5.860387
16.099999 23.041780
16.150000 -20.964952
16.200000 19.237200
16.249999 31.454006
16.300000 17.111790
16.349999 21.338869
16.400000 2.782167
16.449999 20.214205
16.500000 28.408827
16.549999 16.678139
16.600000 5.341105
16.649999 10.031556
16.700000 13.588499
16.750000 -30.073391
16.799999 -36.723293
16.850000 8.519285
16.899999 37.950298
16.950000 0.602559
16.999999 -6.348456
17.050000 -22.197514
17.099999 7.786374
17.150000 -15.032020
17.199999 -37.480705
17.250000 -6.609055
17.300000 11.304891
17.349999 11.130654
17.400000 5.489851
17.449999 11.425412
17.500000 -9.461785
17.549999 12.146639
17.600000 4.955659
17.649999 -4.778909
17.700000 18.042908
17.749999 -0.389732
17.800000 -3.815549
17.850000 -0.752254
17.899999 0.762072
17.950000 6.247861
17.999999 6.849230
18.050000 16.984081
18.099999 9.962955
18.150000 3.280473
18.199999 19.515612
18.250000 2.815545
18.299999 32.880871
18.350000 7.925245
18.400000 22.164963
18.449999 -0.689176
18.500000 14.140422
18.549999 5.417349
18.600000 24.141058
18.649999 4.532684
18.700000 10.743252
18.749999 4.154191
18.800000 28.233084
18.849999 34.859673
18.900000 5.869977
18.950000 -21.867914
18.999999 -24.569553
19.050000 -7.965083
19.099999 -2.229733
19.150000 5.725101
19.199999 10.191860
19.250000 22.520273
19.299999 -3.894142
19.350000 0.222120
19.399999 1.057445
19.450000 18.742634
19.500000 -7.915275
19.549999 31.412027
19.600000 2.916231
19.649999 -10.103518
19.700000 16.217459
19.749999 5.951902
19.800000 13.678002
19.849999 -7.936021
19.900000 -0.476261
19.949999 -27.602095
