0.000000 0.602263
0.050000 0.740673
0.100000 9.695397
0.150000 -22.679008
0.200000 -4.947155
0.250000 -19.453516
0.300000 1.708704
0.350000 0.621198
0.400000 15.564299
0.450000 6.391310
0.500000 -14.825343
0.550000 30.226355
0.600000 -4.465083
0.650000 4.542138
0.700000 13.869699
0.750000 4.911757
0.800000 -4.810038
0.850000 -20.222546
0.900000 -1.564232
0.950000 -25.654327
1.000000 -0.707364
1.050000 -10.252336
1.100000 -12.467603
1.150000 -15.079778
1.200000 -0.343527
1.250000 -13.234303
1.300000 -20.016220
1.350000 -0.644151
1.400000 -19.364023
1.450000 -7.051288
1.500000 -9.901863
1.550000 0.082369
1.600000 35.654118
1.650000 64.740288
1.700000 102.015884
1.750000 97.700302
1.800000 55.596558
1.850000 -28.950029
1.900000 -95.393784
1.950000 -104.440643
2.000000 -50.583290
2.050000 24.239401
2.100000 85.575172
2.150000 55.529930
2.200000 -46.810810
2.250000 -92.174988
2.300000 -59.427498
2.350000 -6.193143
2.400000 77.709351
2.450000 74.727005
2.500000 -27.636185
2.550000 -84.157196
2.600000 -98.490051
2.650000 -41.498604
2.700000 29.369530
2.750000 62.092030
2.800000 20.416302
2.850000 -14.322721
2.900000 -47.033550
2.950000 -11.585691
3.000000 14.447001
3.050000 20.325167
3.100000 9.715402
3.150000 -6.584374
3.200000 -17.413809
3.250000 -26.606276
3.300000 12.319169
3.350000 31.168322
3.400000 16.921751
3.450000 -5.046981
3.500000 -12.599790
3.550000 -6.118053
3.600000 9.409552
3.650000 -0.527561
3.700000 -0.085349
3.750000 -12.462561
3.800000 1.985327
3.850000 0.842191
3.900000 25.997349
3.950000 -4.297818
4.000000 -4.843784
4.050000 -9.592797
4.100000 -16.569170
4.150000 -2.274710
4.200000 10.337832
4.250000 7.178030
4.300000 3.477741
4.350000 14.440291
4.400000 -3.143121
4.450000 -1.245800
4.500000 -6.721175
4.550000 18.566021
4.600000 -11.159387
4.650000 -11.993473
4.700000 1.717280
4.750000 4.869036
4.800000 -1.366803
4.850000 -7.977871
4.900000 -5.415102
4.950000 -2.147418
5.000000 11.773299
5.050000 8.744572
5.100000 -13.146155
5.150000 -8.711671
5.200000 6.055202
5.250000 -6.144484
5.300000 3.049504
5.350000 2.072984
5.400000 12.333860
5.450000 8.527179
5.500000 -10.764217
5.550000 2.714684
5.600000 1.300154
5.650000 31.726816
5.700000 -5.376204
5.750000 -4.962641
5.800000 12.921761
5.850000 -14.248718
5.900000 8.128357
5.950000 19.402267
6.000000 -0.498645
6.050000 3.421640
6.100000 -9.066714
6.150000 0.767240
6.200000 -7.070399
6.250000 -8.104609
6.300000 18.756643
6.350000 10.442252
6.400000 7.737509
6.450000 -2.261414
6.500000 -1.416849
6.550000 16.547911
6.600000 3.909985
6.650000 2.149883
6.700000 -6.802783
6.750000 1.306504
6.800000 -21.503864
6.850000 -7.498739
6.900000 3.280399
6.950000 1.649309
7.000000 1.455264
7.050000 0.525182
7.100000 -9.012202
7.150000 -1.418245
7.200000 0.290737
7.250000 -0.308446
7.300000 18.615286
7.350000 8.833616
7.400000 -11.115860
7.450000 22.708330
7.500000 -7.059004
7.550000 2.566830
7.600000 6.513726
7.650000 16.871061
7.700000 2.491245
7.750000 11.019431
7.800000 0.489187
7.850000 -5.840589
7.900000 22.228144
7.950000 -14.297536
7.999999 25.137098
8.049999 12.335943
8.100000 1.983104
8.150000 3.745047
8.200000 -0.847515
8.250000 -5.985593
8.300000 1.740270
8.350000 7.149989
8.400000 -2.759286
8.450000 -3.918268
8.500000 -0.755625
8.549999 8.822375
8.599999 -5.591342
8.650000 -18.072779
8.700000 -8.381733
8.750000 22.144829
8.800000 7.399189
8.850000 8.972778
8.900000 -7.969476
8.950000 -6.200891
9.000000 10.026186
9.050000 12.755469
9.099999 -21.060776
9.149999 -8.403366
9.200000 16.316313
9.250000 -8.625152
9.300000 -0.086742
9.350000 4.305592
9.400000 0.290429
9.450000 -3.644207
9.500000 -4.720741
9.550000 -16.579506
9.600000 8.649224
9.649999 8.350057
9.699999 6.709240
9.750000 0.290363
9.800000 -4.682363
9.850000 -1.615564
9.900000 8.682626
9.950000 9.021091
10.000000 7.984851
10.050000 3.651755
10.100000 3.154429
10.150000 -0.636921
10.199999 -1.037982
10.249999 -0.203145
10.300000 10.032241
10.350000 -2.974318
10.400000 -4.324167
10.450000 -1.872183
10.500000 1.060548
10.550000 -2.427722
10.600000 -15.092868
10.650000 7.664731
10.700000 -11.633570
10.749999 1.516531
10.799999 34.509903
10.849999 4.631346
10.900000 11.107911
10.950000 4.044717
11.000000 8.171914
11.050000 -6.079653
11.100000 -1.908846
11.150000 -11.252987
11.200000 -6.786949
11.250000 24.106977
11.299999 2.919882
11.349999 -14.225242
11.399999 1.266048
11.450000 9.994520
11.500000 -4.136485
11.550000 -13.779078
11.600000 9.580280
11.650000 -11.186651
11.700000 25.652834
11.750000 -12.392308
11.800000 -8.364742
11.849999 -24.203867
11.899999 11.588241
11.949999 -13.045667
12.000000 -15.995282
12.050000 -1.172138
12.100000 21.255703
12.150000 -3.121726
12.200000 -13.836795
12.250000 1.483773
12.300000 8.302520
12.350000 10.918032
12.399999 -4.669778
12.449999 3.404001
12.499999 -15.583265
12.550000 17.140711
12.600000 -1.985417
12.650000 6.607972
12.700000 14.042379
12.750000 9.295159
12.800000 9.052406
12.850000 -2.839401
12.900000 -18.419315
12.949999 -3.939779
12.999999 -18.961208
13.049999 2.644973
13.100000 17.787096
13.150000 -1.741061
13.200000 16.317350
13.250000 9.714937
13.300000 1.614560
13.350000 -31.944345
13.400000 -14.605523
13.450000 -3.232389
13.499999 -2.734171
13.549999 9.027658
13.599999 25.894011
13.650000 -4.470129
13.700000 -26.280159
13.750000 -2.371850
13.800000 -2.106079
13.850000 9.953830
13.900000 -0.807958
13.950000 9.833560
14.000000 10.713928
14.049999 -6.053851
14.099999 10.342632
14.149999 5.170256
14.200000 -4.191628
14.250000 -1.075135
14.300000 0.380716
14.350000 10.618011
14.400000 -17.069515
14.450000 9.853776
14.500000 12.230049
14.549999 2.097305
14.599999 9.977506
14.649999 10.810519
14.699999 26.082752
14.750000 15.420819
14.800000 23.926901
14.850000 6.915691
14.900000 7.882957
14.950000 19.316751
15.000000 7.186593
15.050000 -18.607710
15.099999 -9.542061
15.149999 3.923927
15.199999 10.311403
15.249999 10.917900
15.299999 9.005938
15.350000 1.592526
15.400000 37.609543
15.450000 0.528172
15.500000 -6.064162
15.550000 5.243562
15.600000 -11.509118
15.650000 -2.143595
15.699999 -3.975705
15.750000 11.610669
15.799999 2.965734
15.850000 -1.866751
15.899999 -7.328356
15.950000 -0.843648
15.999999 12.635031
16.050000 -2.098236
16.099999 -9.362032
16.150000 -23.455133
16.200000 -18.964727
16.249999 -11.483396
16.300000 -15.714074
16.349999 8.866126
16.400000 -16.728333
16.449999 -14.995785
16.500000 9.221731
16.549999 10.088103
16.600000 -17.402781
16.649999 17.091873
16.700000 15.133457
16.750000 32.035606
16.799999 18.520481
16.850000 -17.030361
16.899999 4.181422
16.950000 7.999710
16.999999 -4.161250
17.050000 -9.408087
17.099999 -15.250335
17.150000 -9.202635
17.199999 11.779201
17.250000 -16.261786
17.300000 -11.389157
17.349999 19.656897
17.400000 18.377300
17.449999 15.196931
17.500000 14.649055
17.549999 15.957729
17.600000 6.318210
17.649999 12.787326
17.700000 23.743542
17.749999 3.574168
17.800000 -0.850972
17.850000 -1.974484
17.899999 15.948689
17.950000 -5.676739
17.999999 -17.907614
18.050000 -5.941691
18.099999 5.346290
18.150000 -13.054012
18.199999 22.394201
18.250000 3.090466
18.299999 -4.151008
18.350000 6.491051
18.400000 2.119404
18.449999 -3.067995
18.500000 20.212040
18.549999 -2.322803
18.600000 6.760352
18.649999 -5.612136
18.700000 2.418616
18.749999 -12.846502
18.800000 -5.503045
18.849999 13.753302
18.900000 -1.659841
18.950000 4.888903
18.999999 -2.238547
19.050000 20.034721
19.099999 12.109768
19.150000 8.575526
19.199999 -7.528566
19.250000 -3.635115
19.299999 -18.887634
19.350000 -14.270582
19.399999 10.620772
19.450000 10.550756
19.500000 0.054881
19.549999 9.499472
19.600000 12.854146
19.649999 -1.307302
19.700000 14.078251
19.749999 14.710808
19.800000 6.711487
19.849999 -9.649384
19.900000 2.329213
19.949999 -7.991488
