0.000000 -22.837259
0.050000 -31.314922
0.100000 6.829320
0.150000 10.809457
0.200000 9.032914
0.250000 18.356743
0.300000 18.519827
0.350000 2.247678
0.400000 -15.866147
0.450000 -2.506520
0.500000 12.750032
0.550000 9.511017
0.600000 -3.586120
0.650000 23.330452
0.700000 -9.909804
0.750000 -1.630099
0.800000 33.046867
0.850000 -0.061580
0.900000 -0.323498
0.950000 3.355421
1.000000 -11.060869
1.050000 0.693168
1.100000 -4.370341
1.150000 -32.762722
1.200000 6.134947
1.250000 2.441274
1.300000 -3.575539
1.350000 9.687283
1.400000 -0.470494
1.450000 17.971985
1.500000 9.512721
1.550000 -13.299627
1.600000 -12.073982
1.650000 11.312035
1.700000 -5.424710
1.750000 -8.138552
1.800000 -8.484040
1.850000 0.519267
1.900000 -4.146876
1.950000 0.475309
2.000000 0.391483
2.050000 14.551232
2.100000 -9.976220
2.150000 -3.789471
2.200000 13.895544
2.250000 29.721609
2.300000 35.836452
2.350000 34.550365
2.400000 37.007103
2.450000 37.990219
2.500000 45.247417
2.550000 52.910503
2.600000 66.188789
2.650000 52.438919
2.700000 53.949646
2.750000 59.494511
2.800000 49.781593
2.850000 28.413021
2.900000 7.676497
2.950000 -0.044496
3.000000 -47.887547
3.050000 -98.640106
3.100000 -107.337341
3.150000 -148.014572
3.200000 -159.902115
3.250000 -148.900970
3.300000 -125.534676
3.350000 -109.832489
3.400000 -63.081474
3.450000 -31.823313
3.500000 19.200832
3.550000 82.879730
3.600000 101.237274
3.650000 119.541618
3.700000 143.209366
3.750000 116.078148
3.800000 147.570541
3.850000 134.902451
3.900000 133.684784
3.950000 108.787338
4.000000 104.825821
4.050000 88.723053
4.100000 65.910072
4.150000 49.478149
4.200000 19.412884
4.250000 5.020173
4.300000 -5.413178
4.350000 -31.046173
4.400000 -43.510147
4.450000 -47.572983
4.500000 -64.769196
4.550000 -93.903946
4.600000 -67.493309
4.650000 -80.385391
4.700000 -83.543945
4.750000 -90.975533
4.800000 -88.417488
4.850000 -116.084427
4.900000 -84.239799
4.950000 -76.559052
5.000000 -93.015572
5.050000 -75.992813
5.100000 -39.510391
5.150000 -31.163372
5.200000 -4.714587
5.250000 -5.856373
5.300000 24.271584
5.350000 26.265532
5.400000 57.932629
5.450000 75.414757
5.500000 74.912880
5.550000 82.447853
5.600000 107.487808
5.650000 89.123390
5.700000 73.617546
5.750000 70.453667
5.800000 63.652985
5.850000 56.550247
5.900000 49.994682
5.950000 11.939770
6.000000 14.337141
6.050000 14.031458
6.100000 -13.082725
6.150000 -15.957479
6.200000 -23.416994
6.250000 -39.146107
6.300000 -27.203960
6.350000 -24.479849
6.400000 -24.492546
6.450000 -33.977234
6.500000 -26.992926
6.550000 -15.966895
6.600000 -43.563652
6.650000 -1.760578
6.700000 4.732594
6.750000 10.990050
6.800000 21.188007
6.850000 23.653027
6.900000 28.639107
6.950000 44.329739
7.000000 30.111444
7.050000 31.756674
7.100000 37.433933
7.150000 8.211750
7.200000 9.066488
7.250000 6.301574
7.300000 -24.297718
7.350000 -16.778933
7.400000 -16.131638
7.450000 -39.538464
7.500000 -58.183762
7.550000 -35.475716
7.600000 -48.953957
7.650000 -30.276369
7.700000 -21.662392
7.750000 9.154536
7.800000 3.078578
7.850000 27.595486
7.900000 9.899033
7.950000 -5.932723
7.999999 4.040453
8.049999 15.405030
8.100000 16.537205
8.150000 4.211521
8.200000 18.955946
8.250000 8.972657
8.300000 20.336584
8.350000 -3.263165
8.400000 -4.458721
8.450000 22.273647
8.500000 3.024341
8.549999 18.008072
8.599999 2.766313
8.650000 5.945015
8.700000 13.037148
8.750000 -5.131537
8.800000 -1.368514
8.850000 -20.175291
8.900000 -12.261692
8.950000 8.613208
9.000000 28.303503
9.050000 19.720741
9.099999 18.916904
9.149999 8.861539
9.200000 -1.094471
9.250000 0.297799
9.300000 14.420963
9.350000 -11.130621
9.400000 1.900534
9.450000 -20.439150
9.500000 -0.691026
9.550000 -8.460679
9.600000 -8.983338
9.649999 -15.186563
9.699999 -1.012261
9.750000 -7.070841
9.800000 9.710209
9.850000 -9.010629
9.900000 -2.795928
9.950000 8.774175
10.000000 6.046304
10.050000 27.049704
10.100000 17.968410
10.150000 5.466074
10.199999 0.061581
10.249999 23.748611
10.300000 -16.715439
10.350000 15.524204
10.400000 10.835254
10.450000 17.596857
10.500000 2.351274
10.550000 12.688340
10.600000 18.539078
10.650000 -21.380178
10.700000 7.218147
10.749999 -2.149343
10.799999 6.583066
10.849999 -6.973644
10.900000 11.440516
10.950000 5.144760
11.000000 -12.646798
11.050000 7.169570
11.100000 -6.794090
11.150000 -13.661383
11.200000 -16.139366
11.250000 -7.767695
11.299999 -9.143125
11.349999 -6.952892
11.399999 -2.459023
11.450000 -3.994742
11.500000 4.000099
11.550000 10.545525
11.600000 1.821995
11.650000 9.668750
11.700000 -5.215209
11.750000 18.693636
11.800000 13.394903
11.849999 5.360174
11.899999 4.564334
11.949999 0.933427
12.000000 8.224897
12.050000 -12.482231
12.100000 -9.786389
12.150000 -9.088352
12.200000 -5.920090
12.250000 -21.482559
12.300000 -15.095205
12.350000 -0.794176
12.399999 15.895210
12.449999 -25.861078
12.499999 -1.619810
12.550000 -2.972049
12.600000 12.541265
12.650000 -14.723201
12.700000 12.396063
12.750000 3.692875
12.800000 9.791781
12.850000 20.183619
12.900000 -10.260230
12.949999 3.742504
12.999999 -2.745012
13.049999 11.087536
13.100000 0.949926
13.150000 19.676163
13.200000 -5.308065
13.250000 6.053447
13.300000 1.091392
13.350000 -2.824535
13.400000 -21.853367
13.450000 3.713722
13.499999 -0.987974
13.549999 -0.331499
13.599999 12.633041
13.650000 -0.121881
13.700000 1.262434
13.750000 9.622326
13.800000 8.514184
13.850000 2.152845
13.900000 -8.532865
13.950000 -30.354963
14.000000 -7.054166
14.049999 -20.478294
14.099999 -18.722317
14.149999 -22.557499
14.200000 -3.956366
14.250000 3.482918
14.300000 -9.128570
14.350000 -11.646104
14.400000 1.100928
14.450000 -13.190598
14.500000 -1.962488
14.549999 17.504807
14.599999 -10.129873
14.649999 -3.804105
14.699999 9.475055
14.750000 9.178176
14.800000 10.832944
14.850000 8.339680
14.900000 3.979347
14.950000 3.452753
15.000000 2.071187
15.050000 -9.931371
15.099999 1.581412
15.149999 -24.090750
15.199999 4.590104
15.249999 0.386871
15.299999 6.913679
15.350000 10.837446
15.400000 16.652283
15.450000 2.272295
15.500000 -0.532044
15.550000 -3.646119
15.600000 -6.793997
15.650000 -21.535643
15.699999 -17.783529
15.750000 1.401460
15.799999 -3.889104
15.850000 -1.135118
15.899999 -0.480698
15.950000 -13.597950
15.999999 -13.419779
16.050000 -18.357317
16.099999 -7.043309
16.150000 2.920907
16.200000 -4.264734
16.249999 -14.665384
16.300000 -18.800741
16.349999 -9.625105
16.400000 6.222476
16.449999 -1.765201
16.500000 5.872534
16.549999 28.502850
16.600000 25.624550
16.649999 12.165592
16.700000 20.633226
16.750000 28.864048
16.799999 -0.233712
16.850000 28.043928
16.899999 -0.395606
16.950000 -5.097278
16.999999 11.139690
17.050000 -18.322205
17.099999 -10.327748
17.150000 -13.755241
17.199999 -10.571976
17.250000 -5.844413
17.300000 8.213144
17.349999 -2.421711
17.400000 -3.882336
17.449999 -14.045295
17.500000 -14.111858
17.549999 -25.093071
17.600000 11.823711
17.649999 -14.880794
17.700000 -11.136166
17.749999 -29.002777
17.800000 -17.263437
17.850000 -18.674746
17.899999 7.648402
17.950000 -5.544743
17.999999 15.207130
18.050000 17.725441
18.099999 19.361404
18.150000 18.672659
18.199999 7.588732
18.250000 10.836541
18.299999 -2.152038
18.350000 1.661341
18.400000 -9.593476
18.449999 -13.568513
18.500000 -5.515562
18.549999 -6.382663
18.600000 26.272446
18.649999 3.619362
18.700000 -2.154292
18.749999 42.135677
18.800000 34.534634
18.849999 22.138796
18.900000 -11.165773
18.950000 -15.955843
18.999999 7.815807
19.050000 11.569656
19.099999 11.649034
19.150000 1.598686
19.199999 12.618131
19.250000 21.819124
19.299999 6.885427
19.350000 14.070030
19.399999 32.575596
19.450000 17.806116
19.500000 10.886122
19.549999 18.109169
19.600000 10.445592
19.649999 26.867216
19.700000 14.028832
19.749999 31.276018
19.800000 21.369675
19.849999 0.662512
19.900000 -4.054977
19.949999 -2.069083
