0.000000 -1.712737
0.050000 5.891275
0.100000 -4.112513
0.150000 -0.234152
0.200000 -1.000293
0.250000 -3.725939
0.300000 -1.601235
0.350000 0.543944
0.400000 -7.339365
0.450000 6.878832
0.500000 -1.518640
0.550000 -4.728787
0.600000 -1.133738
0.650000 2.621139
0.700000 5.934323
0.750000 0.442667
0.800000 -3.445186
0.850000 -3.955857
0.900000 3.487506
0.950000 -4.548127
1.000000 -4.886395
1.050000 5.094948
1.100000 5.561059
1.150000 -0.010783
1.200000 -1.446873
1.250000 -7.031634
1.300000 -4.849458
1.350000 -2.616155
1.400000 3.429743
1.450000 0.146835
1.500000 -2.395379
1.550000 -1.606580
1.600000 12.834722
1.650000 4.914876
1.700000 14.129855
1.750000 4.221098
1.800000 -5.478629
1.850000 -20.766872
1.900000 -34.076618
1.950000 -31.732210
2.000000 -23.035620
2.050000 7.138249
2.100000 41.632950
2.150000 60.757587
2.200000 42.830467
2.250000 0.513057
2.300000 -43.084503
2.350000 -71.843048
2.400000 -60.217400
2.450000 -17.436890
2.500000 37.074234
2.550000 59.151089
2.600000 58.882702
2.650000 21.881414
2.700000 -20.543859
2.750000 -48.408806
2.800000 -40.220810
2.850000 -13.558176
2.900000 17.927143
2.950000 37.338554
3.000000 26.854263
3.050000 6.662716
3.100000 -21.722792
3.150000 -28.711475
3.200000 -14.236622
3.250000 -0.584227
3.300000 20.667519
3.350000 22.653023
3.400000 19.133234
3.450000 0.095122
3.500000 -14.943428
3.550000 -26.711777
3.600000 -9.827075
3.650000 -3.701047
3.700000 14.644359
3.750000 26.120605
3.800000 9.889255
3.850000 -0.491368
3.900000 -11.333625
3.950000 -14.054337
4.000000 -6.949565
4.050000 -3.128891
4.100000 2.741191
4.150000 5.501972
4.200000 6.997958
4.250000 -6.636694
4.300000 0.770457
4.350000 2.292351
4.400000 0.501736
4.450000 -0.024382
4.500000 3.620406
4.550000 -9.849697
4.600000 -0.219166
4.650000 -0.337737
4.700000 -2.752146
4.750000 0.136704
4.800000 5.578720
4.850000 3.454279
4.900000 -5.897459
4.950000 -14.927657
5.000000 -3.389060
5.050000 2.769120
5.100000 6.421858
5.150000 5.175985
5.200000 4.029568
5.250000 6.502755
5.300000 0.376680
5.350000 1.081710
5.400000 -2.092720
5.450000 -1.673100
5.500000 -1.305824
5.550000 3.076456
5.600000 3.451354
5.650000 -1.694564
5.700000 2.262162
5.750000 1.672224
5.800000 4.674260
5.850000 4.053245
5.900000 6.785290
5.950000 -0.828549
6.000000 -0.324237
6.050000 7.951170
6.100000 5.053967
6.150000 2.586827
6.200000 -4.637919
6.250000 -3.141624
6.300000 0.002569
6.350000 7.225337
6.400000 0.555896
6.450000 6.163799
6.500000 2.860757
6.550000 -1.014111
6.600000 3.998784
6.650000 -5.930889
6.700000 -1.312465
6.750000 -9.639972
6.800000 -5.750431
6.850000 8.339246
6.900000 -1.811993
6.950000 1.773537
7.000000 2.835218
7.050000 5.748550
7.100000 7.065670
7.150000 -7.557318
7.200000 -11.714520
7.250000 -3.593437
7.300000 0.499868
7.350000 -2.874799
7.400000 6.731555
7.450000 8.114299
7.500000 3.701103
7.550000 -6.990477
7.600000 -3.677019
7.650000 0.634453
7.700000 -6.016178
7.750000 -5.183094
7.800000 0.624941
7.850000 4.095368
7.900000 -1.967595
7.950000 -0.233861
7.999999 5.573968
8.049999 2.659889
8.100000 0.851206
8.150000 2.002698
8.200000 -2.051979
8.250000 -5.169074
8.300000 6.098834
8.350000 -4.750054
8.400000 2.664391
8.450000 1.883691
8.500000 0.727708
8.549999 8.813348
8.599999 7.870873
8.650000 -1.919881
8.700000 -0.269363
8.750000 -1.322727
8.800000 2.447556
8.850000 10.210779
8.900000 -1.702639
8.950000 5.598810
9.000000 5.233178
9.050000 4.374620
9.099999 0.928175
9.149999 3.661081
9.200000 9.630431
9.250000 3.639416
9.300000 -2.782177
9.350000 1.955194
9.400000 -1.687303
9.450000 -1.614338
9.500000 7.252268
9.550000 1.396093
9.600000 -1.296948
9.649999 5.791794
9.699999 4.499116
9.750000 -1.514075
9.800000 -5.132917
9.850000 -3.365778
9.900000 -2.084703
9.950000 1.581492
10.000000 -5.481225
10.050000 -4.855495
10.100000 -5.357563
10.150000 -4.190359
10.199999 -10.014808
10.249999 -2.868713
10.300000 1.042695
10.350000 1.201026
10.400000 5.459810
10.450000 -1.973427
10.500000 -0.229745
10.550000 -4.718403
10.600000 -3.265229
10.650000 7.710886
10.700000 1.726246
10.749999 1.429167
10.799999 7.771087
10.849999 5.964942
10.900000 3.365738
10.950000 1.637941
11.000000 -4.400085
11.050000 0.581700
11.100000 0.472546
11.150000 -5.635917
11.200000 7.828431
11.250000 -1.051912
11.299999 5.417706
11.349999 2.498698
11.399999 3.757825
11.450000 -0.599355
11.500000 7.409333
11.550000 2.474772
11.600000 -7.873785
11.650000 -7.331562
11.700000 -5.104234
11.750000 -0.730227
11.800000 -1.053715
11.849999 5.084736
11.899999 -0.062541
11.949999 -1.141218
12.000000 2.201897
12.050000 0.167549
12.100000 -6.989101
12.150000 -7.384330
12.200000 3.263911
12.250000 -1.015919
12.300000 -3.213431
12.350000 -0.300159
12.399999 -2.172494
12.449999 -0.968672
12.499999 -8.250072
12.550000 -0.894900
12.600000 -2.096513
12.650000 -6.504085
12.700000 -0.259765
12.750000 0.419552
12.800000 1.002315
12.850000 7.758491
12.900000 1.004289
12.949999 7.043859
12.999999 -2.134265
13.049999 3.886309
13.100000 -2.488222
13.150000 -1.299871
13.200000 3.819937
13.250000 -0.389800
13.300000 -9.417427
13.350000 0.552780
13.400000 2.476948
13.450000 1.142131
13.499999 -9.186025
13.549999 1.050381
13.599999 -10.893633
13.650000 -2.401069
13.700000 -3.833395
13.750000 2.598026
13.800000 1.577599
13.850000 -5.942757
13.900000 -4.963255
13.950000 5.605362
14.000000 3.915272
14.049999 6.719573
14.099999 8.341029
14.149999 -1.964520
14.200000 -2.572201
14.250000 -2.901448
14.300000 -4.571184
14.350000 -2.916713
14.400000 -3.438134
14.450000 -1.238072
14.500000 4.506587
14.549999 0.094088
14.599999 1.656291
14.649999 2.131267
14.699999 1.788100
14.750000 -2.015837
14.800000 -0.589991
14.850000 -11.092854
14.900000 -3.450285
14.950000 0.713611
15.000000 2.965044
15.050000 6.358379
15.099999 8.025244
15.149999 2.982026
15.199999 5.857659
15.249999 1.784996
15.299999 -3.194731
15.350000 -3.423138
15.400000 -2.909315
15.450000 -2.423820
15.500000 2.493546
15.550000 1.845082
15.600000 2.344022
15.650000 6.651837
15.699999 3.867474
15.750000 3.540330
15.799999 2.516290
15.850000 6.563255
15.899999 0.787188
15.950000 -1.308560
15.999999 -3.889612
16.050000 7.297743
16.099999 3.246511
16.150000 -1.022994
16.200000 4.464210
16.249999 5.388531
16.300000 -0.722519
16.349999 5.988142
16.400000 0.648679
16.449999 -0.779389
16.500000 -5.545208
16.549999 -2.793516
16.600000 3.661077
16.649999 11.768512
16.700000 10.509520
16.750000 2.234824
16.799999 -0.437633
16.850000 1.752360
16.899999 -3.013610
16.950000 -6.389554
16.999999 9.660275
17.050000 11.221659
17.099999 11.735989
17.150000 2.558749
17.199999 6.499669
17.250000 3.222254
17.300000 2.585344
17.349999 6.533740
17.400000 4.388928
17.449999 -4.219904
17.500000 -1.443687
17.549999 -4.042992
17.600000 -0.641265
17.649999 2.627371
17.700000 2.005095
17.749999 3.682529
17.800000 5.004764
17.850000 2.028062
17.899999 1.416617
17.950000 2.407028
17.999999 -5.137767
18.050000 3.077181
18.099999 0.294441
18.150000 6.659333
18.199999 -0.801928
18.250000 1.521805
18.299999 0.826610
18.350000 -1.069411
18.400000 1.789706
18.449999 -1.717603
18.500000 6.252559
18.549999 3.004144
18.600000 7.617762
18.649999 1.889309
18.700000 -2.769904
18.749999 4.694407
18.800000 1.014473
18.849999 -3.403814
18.900000 5.710280
18.950000 10.113111
18.999999 2.338915
19.050000 4.035709
19.099999 -0.179880
19.150000 -4.239668
19.199999 -3.334466
19.250000 3.772081
19.299999 -0.566216
19.350000 8.881540
19.399999 7.779122
19.450000 -1.540705
19.500000 4.563175
19.549999 5.624899
19.600000 1.979078
19.649999 -3.336677
19.700000 2.270046
19.749999 -1.912449
19.800000 -4.130207
19.849999 0.794214
19.900000 -2.634361
19.949999 7.191222
