0.000000 1.361144
0.050000 1.970478
0.100000 -0.407564
0.150000 -2.575876
0.200000 1.676383
0.250000 -1.482882
0.300000 0.218230
0.350000 -1.330441
0.400000 -1.642109
0.450000 0.160896
0.500000 0.892524
0.550000 2.113030
0.600000 0.204829
0.650000 0.680604
0.700000 -1.734036
0.750000 1.128825
0.800000 1.562112
0.850000 -0.047669
0.900000 1.306866
0.950000 1.104770
1.000000 0.240706
1.050000 0.392400
1.100000 2.878041
1.150000 1.684043
1.200000 2.728880
1.250000 0.225412
1.300000 -1.213751
1.350000 1.032233
1.400000 0.612292
1.450000 0.191637
1.500000 -0.537574
1.550000 0.251355
1.600000 -1.963544
1.650000 -2.237245
1.700000 -2.045590
1.750000 -1.505483
1.800000 -0.583148
1.850000 -0.862187
1.900000 -1.012957
1.950000 0.715634
2.000000 1.102922
2.050000 2.340613
2.100000 0.862471
2.150000 1.043660
2.200000 -0.207539
2.250000 1.350187
2.300000 2.227164
2.350000 0.759487
2.400000 3.353295
2.450000 1.892001
2.500000 3.529709
2.550000 0.589247
2.600000 2.399295
2.650000 1.064048
2.700000 0.215781
2.750000 -1.388916
2.800000 -1.893671
2.850000 -3.203647
2.900000 -4.716905
2.950000 -4.775973
3.000000 -2.712086
3.050000 -4.291925
3.100000 -3.947029
3.150000 -3.248315
3.200000 0.108690
3.250000 2.484974
3.300000 5.256147
3.350000 6.265744
3.400000 9.966788
3.450000 9.623924
3.500000 9.239188
3.550000 9.746970
3.600000 7.521880
3.650000 5.568172
3.700000 3.020380
3.750000 -1.032529
3.800000 -4.881464
3.850000 -4.706768
3.900000 -7.807725
3.950000 -9.625066
4.000000 -8.658508
4.050000 -11.220571
4.100000 -9.759623
4.150000 -8.853373
4.200000 -9.897816
4.250000 -3.810408
4.300000 -2.027682
4.350000 1.218189
4.400000 2.866912
4.450000 7.183970
4.500000 7.281235
4.550000 9.252430
4.600000 10.434731
4.650000 9.204530
4.700000 8.520568
4.750000 6.550856
4.800000 4.979516
4.850000 5.430541
4.900000 1.039042
4.950000 -0.257771
5.000000 -0.725106
5.050000 -2.856021
5.100000 -4.362019
5.150000 -6.321748
5.200000 -7.512421
5.250000 -7.735227
5.300000 -7.187455
5.350000 -7.102013
5.400000 -6.218141
5.450000 -3.931383
5.500000 1.764011
5.550000 1.574871
5.600000 4.250252
5.650000 2.450178
5.700000 7.935020
5.750000 4.642148
5.800000 6.121884
5.850000 5.287499
5.900000 5.309311
5.950000 3.284838
6.000000 2.256252
6.050000 1.580944
6.100000 -1.235063
6.150000 -0.558335
6.200000 -2.880361
6.250000 -4.365070
6.300000 -4.512295
6.350000 -5.438915
6.400000 -5.081207
6.450000 -5.116539
6.500000 -3.309728
6.550000 -0.395587
6.600000 -1.874384
6.650000 0.500600
6.700000 0.146340
6.750000 1.214224
6.800000 1.229937
6.850000 2.331445
6.900000 1.404743
6.950000 1.334964
7.000000 3.483354
7.050000 2.464182
7.100000 2.516665
7.150000 1.972309
7.200000 1.577854
7.250000 -0.900798
7.300000 -0.325986
7.350000 -0.713429
7.400000 -1.576471
7.450000 -2.222036
7.500000 -0.619132
7.550000 -1.797173
7.600000 -3.441894
7.650000 -1.079020
7.700000 0.199226
7.750000 0.029770
7.800000 -3.139200
7.850000 -0.745814
7.900000 -0.056791
7.950000 -0.296151
7.999999 0.731552
8.049999 2.168079
8.100000 2.638819
8.150000 3.797391
8.200000 2.155508
8.250000 2.837216
8.300000 2.582772
8.350000 2.758223
8.400000 2.230300
8.450000 -2.926338
8.500000 -1.447729
8.549999 -0.946299
8.599999 -0.342684
8.650000 0.003345
8.700000 -2.382928
8.750000 -0.208735
8.800000 0.967360
8.850000 -0.556073
8.900000 -1.256117
8.950000 -0.955207
9.000000 0.603975
9.050000 -1.104140
9.099999 -0.163304
9.149999 2.068324
9.200000 1.015239
9.250000 1.852480
9.300000 1.529125
9.350000 2.591871
9.400000 2.476441
9.450000 3.149443
9.500000 2.300200
9.550000 2.719462
9.600000 -1.127034
9.649999 0.442809
9.699999 0.399220
9.750000 -1.088447
9.800000 0.035130
9.850000 0.805672
9.900000 -0.182441
9.950000 -0.669913
10.000000 -0.862330
10.050000 -0.927249
10.100000 -0.098733
10.150000 -2.023726
10.199999 -0.341222
10.249999 -0.645151
10.300000 -0.341415
10.350000 -0.505416
10.400000 1.050331
10.450000 0.313057
10.500000 2.056481
10.550000 0.689819
10.600000 1.332588
10.650000 0.735358
10.700000 -0.447298
10.749999 -0.536427
10.799999 0.166273
10.849999 0.173071
10.900000 1.476423
10.950000 0.488389
11.000000 1.416497
11.050000 1.666820
11.100000 1.626428
11.150000 0.336986
11.200000 -0.968674
11.250000 1.748392
11.299999 -1.618655
11.349999 1.192623
11.399999 0.270255
11.450000 -0.435129
11.500000 0.183567
11.550000 -0.749203
11.600000 -0.267002
11.650000 -0.046281
11.700000 -0.387728
11.750000 -0.121656
11.800000 1.899832
11.849999 -0.068395
11.899999 1.593568
11.949999 0.011151
12.000000 1.251069
12.050000 0.558479
12.100000 0.164504
12.150000 1.147010
12.200000 1.361696
12.250000 1.085804
12.300000 1.816460
12.350000 2.272011
12.399999 2.120136
12.449999 0.550147
12.499999 1.244334
12.550000 -1.372448
12.600000 -0.388515
12.650000 -0.036194
12.700000 -0.029630
12.750000 -0.194187
12.800000 -0.553175
12.850000 0.982786
12.900000 0.648468
12.949999 0.130599
12.999999 -0.865898
13.049999 -0.273055
13.100000 -0.132111
13.150000 0.098432
13.200000 0.235450
13.250000 1.521843
13.300000 1.832693
13.350000 1.814318
13.400000 1.962442
13.450000 1.761186
13.499999 1.459470
13.549999 0.503143
13.599999 2.442817
13.650000 0.085600
13.700000 -0.204541
13.750000 -0.999149
13.800000 -0.811606
13.850000 -0.922811
13.900000 0.358267
13.950000 -1.335061
14.000000 -1.445909
14.049999 -0.596585
14.099999 -0.945695
14.149999 -0.432869
14.200000 -0.109332
14.250000 0.755684
14.300000 -0.192010
14.350000 0.119732
14.400000 1.106746
14.450000 1.172537
14.500000 0.926951
14.549999 -0.002115
14.599999 1.607926
14.649999 1.176735
14.699999 0.950426
14.750000 1.047480
14.800000 0.346217
14.850000 0.609903
14.900000 0.125156
14.950000 0.614567
15.000000 0.952510
15.050000 -0.973438
15.099999 -0.122549
15.149999 -0.913088
15.199999 -1.919573
15.249999 -1.481957
15.299999 -1.486714
15.350000 0.116218
15.400000 -0.166695
15.450000 1.288836
15.500000 -0.082781
15.550000 1.989269
15.600000 -0.727186
15.650000 0.679755
15.699999 -1.171050
15.750000 1.136386
15.799999 1.153702
15.850000 3.379153
15.899999 1.466951
15.950000 0.917028
15.999999 2.005946
16.050000 -0.142312
16.099999 0.513300
16.150000 0.111866
16.200000 -0.573360
16.249999 -1.201081
16.300000 -1.584761
16.349999 -0.545056
16.400000 -2.350147
16.449999 0.414784
16.500000 -0.150090
16.549999 -0.450765
16.600000 0.048819
16.649999 -0.313149
16.700000 0.561851
16.750000 1.092637
16.799999 0.055728
16.850000 1.282343
16.899999 1.351436
16.950000 0.691799
16.999999 3.106772
17.050000 0.731412
17.099999 -1.439089
17.150000 1.138429
17.199999 -0.742088
17.250000 -0.274698
17.300000 0.535500
17.349999 -1.128420
17.400000 0.017459
17.449999 1.101052
17.500000 0.852656
17.549999 2.015279
17.600000 1.030589
17.649999 0.958486
17.700000 -0.701352
17.749999 1.632372
17.800000 0.083000
17.850000 0.192195
17.899999 -2.110406
17.950000 -0.214063
17.999999 0.127101
18.050000 0.464661
18.099999 0.252452
18.150000 -0.377206
18.199999 2.967180
18.250000 1.483653
18.299999 0.113538
18.350000 1.307247
18.400000 -0.169702
18.449999 0.903006
18.500000 2.422349
18.549999 1.516071
18.600000 1.240012
18.649999 1.570991
18.700000 -0.165499
18.749999 1.058215
18.800000 0.861189
18.849999 0.492564
18.900000 0.509830
18.950000 -1.291718
18.999999 0.740800
19.050000 -0.291167
19.099999 -1.626334
19.150000 -1.530039
19.199999 -0.744710
19.250000 -1.075938
19.299999 0.187118
19.350000 -0.387574
19.399999 -1.173105
19.450000 -0.399758
19.500000 1.455000
19.549999 1.484753
19.600000 1.851250
19.649999 2.154143
19.700000 1.563661
19.749999 -1.117753
19.800000 0.778946
19.849999 -0.041617
19.900000 -0.720613
19.949999 0.349527
