0.000000 0.358578
0.050000 3.190013
0.100000 1.135557
0.150000 1.245581
0.200000 -1.290079
0.250000 2.526949
0.300000 -1.469093
0.350000 -1.162943
0.400000 -1.948141
0.450000 -1.326441
0.500000 -0.821867
0.550000 0.219061
0.600000 0.414055
0.650000 0.477745
0.700000 1.402088
0.750000 -2.388164
0.800000 1.609403
0.850000 0.669928
0.900000 0.250758
0.950000 1.568747
1.000000 0.440223
1.050000 1.403011
1.100000 1.351537
1.150000 1.892127
1.200000 2.132843
1.250000 3.116477
1.300000 2.722182
1.350000 2.049457
1.400000 0.150831
1.450000 -0.501150
1.500000 0.123863
1.550000 -1.951228
1.600000 -1.861148
1.650000 -1.586894
1.700000 -1.008607
1.750000 -3.341475
1.800000 -0.256748
1.850000 0.357038
1.900000 -0.507493
1.950000 -0.031706
2.000000 0.111808
2.050000 0.016386
2.100000 1.001711
2.150000 0.038912
2.200000 2.480172
2.250000 1.319589
2.300000 -0.144418
2.350000 -0.135153
2.400000 1.690804
2.450000 1.994341
2.500000 2.962190
2.550000 2.533867
2.600000 1.025132
2.650000 0.577474
2.700000 -1.552359
2.750000 -1.261853
2.800000 -0.745192
2.850000 -4.696065
2.900000 -4.622595
2.950000 -3.690345
3.000000 -2.574446
3.050000 -4.480804
3.100000 -2.866997
3.150000 -1.881686
3.200000 -2.252809
3.250000 3.172642
3.300000 1.915534
3.350000 2.274250
3.400000 7.016648
3.450000 8.148977
3.500000 9.582148
3.550000 8.631008
3.600000 10.050844
3.650000 8.914939
3.700000 6.583315
3.750000 3.444721
3.800000 0.079245
3.850000 -3.225656
3.900000 -5.040421
3.950000 -9.860027
4.000000 -10.492780
4.050000 -10.324834
4.100000 -9.304556
4.150000 -10.149781
4.200000 -11.293569
4.250000 -8.472710
4.300000 -6.266688
4.350000 -3.829304
4.400000 -0.872458
4.450000 2.475974
4.500000 3.952668
4.550000 6.159979
4.600000 9.585100
4.650000 9.932614
4.700000 10.693312
4.750000 10.483631
4.800000 9.093524
4.850000 9.629835
4.900000 7.071207
4.950000 1.907165
5.000000 1.008315
5.050000 -0.194163
5.100000 -3.491213
5.150000 -3.257107
5.200000 -6.532888
5.250000 -7.177163
5.300000 -9.879683
5.350000 -9.634593
5.400000 -9.906137
5.450000 -5.814732
5.500000 -6.119639
5.550000 -3.786415
5.600000 -2.121069
5.650000 1.550766
5.700000 4.036140
5.750000 4.733495
5.800000 7.640178
5.850000 9.455739
5.900000 10.809819
5.950000 7.883865
6.000000 7.351077
6.050000 5.894014
6.100000 4.919483
6.150000 1.185421
6.200000 0.686720
6.250000 0.313536
6.300000 -6.809952
6.350000 -5.707458
6.400000 -6.749595
6.450000 -7.151784
6.500000 -8.258783
6.550000 -5.990326
6.600000 -7.318199
6.650000 -6.912550
6.700000 -3.692997
6.750000 -2.454820
6.800000 0.499345
6.850000 2.092873
6.900000 3.066638
6.950000 3.794621
7.000000 5.539302
7.050000 4.589536
7.100000 5.660817
7.150000 5.343235
7.200000 5.596521
7.250000 3.193356
7.300000 1.206662
7.350000 -0.507778
7.400000 -0.159095
7.450000 -5.424822
7.500000 -2.440407
7.550000 -7.284239
7.600000 -6.167001
7.650000 -3.831931
7.700000 -4.239653
7.750000 -2.491499
7.800000 -1.581540
7.850000 -1.047333
7.900000 -1.550846
7.950000 1.626984
7.999999 0.503762
8.049999 3.149235
8.100000 2.838207
8.150000 3.354486
8.200000 4.330515
8.250000 4.878218
8.300000 4.952151
8.350000 4.334811
8.400000 3.154881
8.450000 1.728718
8.500000 0.946156
8.549999 -0.258590
8.599999 -1.149089
8.650000 -2.133018
8.700000 -2.247579
8.750000 -2.237193
8.800000 -2.689853
8.850000 -1.613917
8.900000 0.494355
8.950000 -0.014891
9.000000 0.215739
9.050000 -1.430645
9.099999 -1.556730
9.149999 0.197699
9.200000 0.296674
9.250000 -0.145790
9.300000 1.061049
9.350000 2.738935
9.400000 2.114962
9.450000 2.409436
9.500000 1.671706
9.550000 1.747971
9.600000 2.597729
9.649999 0.942837
9.699999 0.651240
9.750000 -0.339219
9.800000 -2.681440
9.850000 0.380870
9.900000 -0.560935
9.950000 -0.284433
10.000000 0.593490
10.050000 -1.602577
10.100000 -1.358451
10.150000 -1.224565
10.199999 -1.100124
10.249999 -0.750482
10.300000 -0.388714
10.350000 -1.716030
10.400000 0.277241
10.450000 0.313387
10.500000 0.404947
10.550000 0.742196
10.600000 1.452080
10.650000 -0.247815
10.700000 0.521728
10.749999 0.845905
10.799999 0.016689
10.849999 2.842160
10.900000 -2.098021
10.950000 1.623071
11.000000 -0.182255
11.050000 -0.659437
11.100000 1.594405
11.150000 -0.627908
11.200000 -1.131492
11.250000 -0.104410
11.299999 -1.596442
11.349999 0.235758
11.399999 -1.999650
11.450000 -0.188163
11.500000 0.432461
11.550000 -0.542800
11.600000 -0.153654
11.650000 -0.687067
11.700000 0.304814
11.750000 -1.280014
11.800000 0.525585
11.849999 2.030003
11.899999 0.620534
11.949999 1.593886
12.000000 -0.074592
12.050000 1.925629
12.100000 1.607225
12.150000 1.749316
12.200000 -0.702669
12.250000 1.396062
12.300000 3.166629
12.350000 -1.494391
12.399999 0.803089
12.449999 0.484868
12.499999 -0.892301
12.550000 -1.473059
12.600000 -1.656966
12.650000 0.037924
12.700000 -1.329949
12.750000 -0.127004
12.800000 -0.894548
12.850000 0.577735
12.900000 1.305107
12.949999 -0.992136
12.999999 -0.081873
13.049999 -0.040316
13.100000 -1.002882
13.150000 0.795706
13.200000 1.709021
13.250000 0.226654
13.300000 1.770234
13.350000 -1.192184
13.400000 2.139641
13.450000 2.401370
13.499999 0.433451
13.549999 -0.069208
13.599999 1.674077
13.650000 0.955310
13.700000 1.194852
13.750000 1.895601
13.800000 -1.070188
13.850000 -0.507199
13.900000 -0.397342
13.950000 -0.210381
14.000000 0.383667
14.049999 -0.179453
14.099999 -1.174810
14.149999 -1.365279
14.200000 -0.551659
14.250000 0.655706
14.300000 -0.406845
14.350000 -1.078008
14.400000 1.458556
14.450000 0.589528
14.500000 0.637352
14.549999 1.459005
14.599999 1.277503
14.649999 1.329091
14.699999 0.845499
14.750000 0.723798
14.800000 2.723027
14.850000 -0.419397
14.900000 2.251741
14.950000 0.453153
15.000000 -0.119828
15.050000 -1.247298
15.099999 0.788868
15.149999 -0.851956
15.199999 -0.419291
15.249999 -2.911811
15.299999 0.394974
15.350000 0.298208
15.400000 -1.684045
15.450000 0.395784
15.500000 -0.926023
15.550000 0.624308
15.600000 1.232081
15.650000 0.140727
15.699999 1.221257
15.750000 1.415227
15.799999 1.229769
15.850000 0.810900
15.899999 0.754055
15.950000 2.055696
15.999999 1.728029
16.050000 0.738907
16.099999 1.966923
16.150000 0.158400
16.200000 0.267040
16.249999 -0.370742
16.300000 0.046107
16.349999 -2.951308
16.400000 -1.265685
16.449999 -2.111996
16.500000 -2.562181
16.549999 -0.562760
16.600000 -0.384958
16.649999 -0.467625
16.700000 0.018299
16.750000 -0.437299
16.799999 0.438559
16.850000 0.541374
16.899999 1.173233
16.950000 -0.223467
16.999999 0.900756
17.050000 0.922695
17.099999 0.918589
17.150000 1.064483
17.199999 0.570852
17.250000 2.683894
17.300000 1.951016
17.349999 1.410738
17.400000 1.699656
17.449999 0.632935
17.500000 0.765018
17.549999 0.272107
17.600000 -0.362895
17.649999 0.354704
17.700000 -0.202219
17.749999 1.008599
17.800000 1.003850
17.850000 -1.320426
17.899999 1.648087
17.950000 -0.771281
17.999999 -0.646374
18.050000 -1.690730
18.099999 -1.159354
18.150000 -0.549372
18.199999 -1.387061
18.250000 -0.625329
18.299999 0.151055
18.350000 -0.007175
18.400000 -0.025685
18.449999 1.516818
18.500000 0.164515
18.549999 2.175999
18.600000 2.414779
18.649999 2.763784
18.700000 0.504820
18.749999 0.192926
18.800000 0.163006
18.849999 1.680966
18.900000 1.070200
18.950000 0.006801
18.999999 0.265757
19.050000 0.955860
19.099999 -1.433269
19.150000 -0.988373
19.199999 -1.573507
19.250000 -0.730426
19.299999 -0.730952
19.350000 -1.018597
19.399999 -1.792516
19.450000 -0.909078
19.500000 -1.018125
19.549999 -0.099440
19.600000 2.300444
19.649999 1.957800
19.700000 1.863737
19.749999 1.862813
19.800000 -1.215515
19.849999 -0.429244
19.900000 1.052726
19.949999 0.278719
