0.000000 23.487917
0.050000 5.645538
0.100000 10.867059
0.150000 4.044430
0.200000 -1.518687
0.250000 -1.783968
0.300000 9.687594
0.350000 -6.022136
0.400000 29.141020
0.450000 20.197388
0.500000 -30.266775
0.550000 -3.146214
0.600000 33.803864
0.650000 -9.007703
0.700000 -20.748991
0.750000 -25.222088
0.800000 -24.151217
0.850000 0.807022
0.900000 13.407565
0.950000 -6.278430
1.000000 -4.330909
1.050000 6.094913
1.100000 -15.856076
1.150000 -4.905940
1.200000 24.421051
1.250000 15.540609
1.300000 38.407761
1.350000 39.647087
1.400000 50.266872
1.450000 25.854155
1.500000 -48.576576
1.550000 -73.399155
1.600000 -26.243280
1.650000 21.406591
1.700000 91.069580
1.750000 67.193558
1.800000 -65.110573
1.850000 -129.041046
1.900000 -45.608299
1.950000 41.389004
2.000000 138.840134
2.050000 81.827538
2.100000 -28.476929
2.150000 -116.583221
2.200000 -58.786568
2.250000 33.819958
2.300000 115.510872
2.350000 16.517359
2.400000 -4.494160
2.450000 -26.706001
2.500000 -47.180027
2.550000 35.955746
2.600000 59.352829
2.650000 41.736267
2.700000 -25.042913
2.750000 -28.321920
2.800000 -21.973465
2.850000 -0.413071
2.900000 11.462548
2.950000 1.279033
3.000000 -17.638943
3.050000 -28.140121
3.100000 -29.579393
3.150000 29.789289
3.200000 13.977384
3.250000 13.886361
3.300000 6.441755
3.350000 -40.973148
3.400000 -18.709917
3.450000 -4.754839
3.500000 28.639889
3.550000 -0.131872
3.600000 7.543608
3.650000 -39.301769
3.700000 -4.307851
3.750000 7.400579
3.800000 -13.272202
3.850000 7.688894
3.900000 -14.869522
3.950000 -6.798794
4.000000 -7.655560
4.050000 4.961124
4.100000 4.053298
4.150000 9.189384
4.200000 -4.841033
4.250000 -3.081862
4.300000 -12.448480
4.350000 -0.222249
4.400000 -0.288635
4.450000 14.638255
4.500000 -20.696297
4.550000 -20.028381
4.600000 7.502843
4.650000 17.665745
4.700000 -4.430093
4.750000 24.872913
4.800000 -3.128270
4.850000 -1.265098
4.900000 6.043264
4.950000 10.571351
5.000000 9.395290
5.050000 9.621161
5.100000 31.415970
5.150000 8.414465
5.200000 -16.558527
5.250000 26.425323
5.300000 7.224622
5.350000 9.977409
5.400000 25.824682
5.450000 10.552882
5.500000 -6.715681
5.550000 -7.294469
5.600000 13.666276
5.650000 7.317708
5.700000 -18.755802
5.750000 -2.564697
5.800000 1.286142
5.850000 -4.210053
5.900000 21.826180
5.950000 6.419854
6.000000 -3.811977
6.050000 -3.277722
6.100000 8.391709
6.150000 4.517433
6.200000 22.509933
6.250000 2.042582
6.300000 -13.664347
6.350000 0.272799
6.400000 12.071602
6.450000 2.177048
6.500000 20.666090
6.550000 -3.974393
6.600000 -16.887293
6.650000 16.929197
6.700000 13.562803
6.750000 -5.615154
6.800000 11.535970
6.850000 -13.398551
6.900000 5.713534
6.950000 23.004049
7.000000 2.083636
7.050000 10.511406
7.100000 -7.690118
7.150000 -6.174882
7.200000 -6.005835
7.250000 24.733126
7.300000 9.116652
7.350000 -6.229586
7.400000 -3.360728
7.450000 29.549467
7.500000 14.727703
7.550000 -10.507027
7.600000 8.324894
7.650000 -3.599467
7.700000 -9.949756
7.750000 22.727280
7.800000 5.915845
7.850000 6.298965
7.900000 -25.567797
7.950000 -36.991100
7.999999 13.689797
8.049999 -16.162760
8.100000 21.336353
8.150000 -8.459188
8.200000 -19.164263
8.250000 -14.974474
8.300000 20.015236
8.350000 2.852923
8.400000 26.215691
8.450000 0.010348
8.500000 11.509448
8.549999 3.647744
8.599999 33.763618
8.650000 9.082155
8.700000 11.879835
8.750000 -8.654997
8.800000 7.303879
8.850000 19.560284
8.900000 15.941595
8.950000 18.485748
9.000000 5.615602
9.050000 6.728510
9.099999 25.114786
9.149999 -8.670259
9.200000 22.601933
9.250000 -15.265989
9.300000 -29.558733
9.350000 -2.882172
9.400000 6.519352
9.450000 12.105158
9.500000 20.340887
9.550000 -32.092903
9.600000 1.139556
9.649999 3.273221
9.699999 -13.647996
9.750000 21.727175
9.800000 12.476101
9.850000 -30.542891
9.900000 5.690610
9.950000 0.622993
10.000000 10.873262
10.050000 6.592730
10.100000 2.129873
10.150000 -11.207106
10.199999 -11.072100
10.249999 -24.906836
10.300000 15.092092
10.350000 9.240490
10.400000 -13.994507
10.450000 -19.086824
10.500000 -3.425739
10.550000 -40.182365
10.600000 -2.253609
10.650000 -6.180968
10.700000 -11.395679
10.749999 -8.527760
10.799999 13.474866
10.849999 5.079064
10.900000 20.302368
10.950000 10.077686
11.000000 -0.436732
11.050000 6.449504
11.100000 -0.391437
11.150000 -5.219385
11.200000 -1.962867
11.250000 12.595431
11.299999 7.118853
11.349999 7.919094
11.399999 1.773356
11.450000 33.937363
11.500000 6.053711
11.550000 -1.442761
11.600000 6.920732
11.650000 4.363598
11.700000 -13.244925
11.750000 21.941948
11.800000 -13.262753
11.849999 2.292414
11.899999 -12.935045
11.949999 7.672498
12.000000 -3.649543
12.050000 -8.050233
12.100000 -3.945580
12.150000 4.717631
12.200000 7.125567
12.250000 -0.835594
12.300000 16.592999
12.350000 -2.621319
12.399999 21.589897
12.449999 2.234585
12.499999 13.222900
12.550000 45.757668
12.600000 3.437001
12.650000 5.646904
12.700000 16.148554
12.750000 -10.204415
12.800000 11.529870
12.850000 11.191252
12.900000 3.480283
12.949999 -14.356842
12.999999 7.242805
13.049999 -2.235517
13.100000 2.847120
13.150000 12.624820
13.200000 24.016193
13.250000 19.564043
13.300000 -2.073877
13.350000 20.151361
13.400000 -6.134820
13.450000 16.012718
13.499999 3.243520
13.549999 2.925837
13.599999 -14.209412
13.650000 -22.870569
13.700000 -28.096081
13.750000 -22.844051
13.800000 13.333106
13.850000 9.563434
13.900000 49.195126
13.950000 -16.542570
14.000000 -16.502144
14.049999 -7.412307
14.099999 14.724040
14.149999 23.280453
14.200000 8.398958
14.250000 35.071663
14.300000 1.355115
14.350000 0.266000
14.400000 6.591472
14.450000 -3.317948
14.500000 -6.654897
14.549999 11.343258
14.599999 15.367985
14.649999 5.463590
14.699999 -0.714864
14.750000 5.000424
14.800000 2.592764
14.850000 -0.811405
14.900000 6.806244
14.950000 15.013521
15.000000 19.396107
15.050000 -5.227830
15.099999 5.603436
15.149999 1.806991
15.199999 -5.038084
15.249999 2.009950
15.299999 1.349220
15.350000 -20.452021
15.400000 12.340004
15.450000 4.501667
15.500000 11.905598
15.550000 14.182384
15.600000 5.774879
15.650000 -16.822147
15.699999 5.487648
15.750000 8.135456
15.799999 -0.491557
15.850000 9.666500
15.899999 27.415535
15.950000 -14.992797
15.999999 -20.402702
16.050000 -22.529537
16.099999 -11.340143
16.150000 15.182764
16.200000 19.434507
16.249999 9.943005
16.300000 38.351234
16.349999 19.636213
16.400000 -0.496557
16.449999 -10.898217
16.500000 1.064154
16.549999 20.300287
16.600000 2.100751
16.649999 -17.024069
16.700000 -0.273956
16.750000 13.275249
16.799999 -0.738479
16.850000 -0.736354
16.899999 25.719036
16.950000 -30.487606
16.999999 -0.483421
17.050000 -16.057739
17.099999 6.455802
17.150000 7.911864
17.199999 1.354277
17.250000 1.565983
17.300000 5.860145
17.349999 7.012129
17.400000 18.770718
17.449999 36.082539
17.500000 5.399987
17.549999 -1.393063
17.600000 -2.695272
17.649999 -5.809156
17.700000 4.336657
17.749999 1.903250
17.800000 -12.220192
17.850000 -4.990287
17.899999 -1.126387
17.950000 -6.144944
17.999999 -1.214013
18.050000 6.361000
18.099999 -6.462478
18.150000 13.404119
18.199999 6.796436
18.250000 -11.542049
18.299999 -0.651642
18.350000 11.274129
18.400000 4.229556
18.449999 2.934503
18.500000 2.788170
18.549999 14.176573
18.600000 -0.928659
18.649999 6.359931
18.700000 -8.886653
18.749999 -6.364293
18.800000 4.776366
18.849999 -1.308451
18.900000 -31.545708
18.950000 -5.356554
18.999999 -8.661806
19.050000 25.893297
19.099999 -13.327372
19.150000 -12.463592
19.199999 -19.437138
19.250000 23.318748
19.299999 33.633522
19.350000 -12.649323
19.399999 9.646566
19.450000 -11.513566
19.500000 -35.089970
19.549999 -5.169455
19.600000 -1.254333
19.649999 0.688831
19.700000 22.287701
19.749999 -22.687208
19.800000 9.442876
19.849999 2.689074
19.900000 -22.850428
19.949999 7.076324
