0.000000 9.128159
0.050000 2.218710
0.100000 6.527831
0.150000 1.666654
0.200000 -8.212735
0.250000 3.003888
0.300000 6.138526
0.350000 -5.243751
0.400000 4.385699
0.450000 2.270437
0.500000 8.539116
0.550000 14.508027
0.600000 12.648973
0.650000 31.622091
0.700000 25.781565
0.750000 5.985826
0.800000 10.999058
0.850000 -10.940400
0.900000 -4.860216
0.950000 -5.269954
1.000000 6.507293
1.050000 -14.153028
1.100000 -2.067503
1.150000 26.543619
1.200000 1.603549
1.250000 -12.545257
1.300000 2.346869
1.350000 -2.477299
1.400000 -1.623973
1.450000 25.902035
1.500000 -20.317120
1.550000 5.657753
1.600000 4.766744
1.650000 6.552842
1.700000 -5.661716
1.750000 -9.748286
1.800000 8.158968
1.850000 7.035585
1.900000 20.536896
1.950000 -4.240069
2.000000 -15.394657
2.050000 -17.454853
2.100000 -20.346981
2.150000 8.134644
2.200000 -4.491219
2.250000 -7.229856
2.300000 -3.925695
2.350000 -7.263763
2.400000 -25.607864
2.450000 -3.459326
2.500000 -10.558060
2.550000 -2.939677
2.600000 26.538553
2.650000 6.581371
2.700000 0.949422
2.750000 13.632205
2.800000 6.443685
2.850000 -6.341168
2.900000 14.440990
2.950000 24.514214
3.000000 15.571076
3.050000 20.537106
3.100000 27.845005
3.150000 31.693283
3.200000 3.828949
3.250000 -14.343417
3.300000 -17.514967
3.350000 -30.680836
3.400000 -47.874348
3.450000 -43.884621
3.500000 -51.077717
3.550000 -46.782864
3.600000 -25.421093
3.650000 -39.949318
3.700000 -10.474528
3.750000 8.215193
3.800000 32.952637
3.850000 44.824024
3.900000 57.421303
3.950000 91.240082
4.000000 94.967171
4.050000 89.033676
4.100000 82.194366
4.150000 76.565880
4.200000 68.421089
4.250000 29.902769
4.300000 20.032824
4.350000 -4.638889
4.400000 -13.389627
4.450000 -57.736423
4.500000 -73.406471
4.550000 -99.150749
4.600000 -105.359596
4.650000 -119.331131
4.700000 -136.209274
4.750000 -122.651543
4.800000 -87.799530
4.850000 -73.252930
4.900000 -41.165245
4.950000 -11.143748
5.000000 13.066726
5.050000 41.257671
5.100000 59.859154
5.150000 71.999496
5.200000 114.687706
5.250000 106.837029
5.300000 102.049690
5.350000 100.019485
5.400000 95.771095
5.450000 91.407242
5.500000 76.097092
5.550000 29.039135
5.600000 27.829216
5.650000 4.581406
5.700000 -2.933550
5.750000 -29.424335
5.800000 -34.691326
5.850000 -58.977921
5.900000 -57.769108
5.950000 -78.736107
6.000000 -70.668755
6.050000 -64.293968
6.100000 -65.957848
6.150000 -29.175962
6.200000 -24.453924
6.250000 -12.915681
6.300000 1.150862
6.350000 32.210644
6.400000 20.500824
6.450000 39.523571
6.500000 42.098629
6.550000 39.797970
6.600000 36.883091
6.650000 33.045746
6.700000 32.696796
6.750000 5.876119
6.800000 10.740383
6.850000 3.379493
6.900000 -8.525553
6.950000 2.902757
7.000000 -5.430057
7.050000 2.463531
7.100000 2.624610
7.150000 -15.643735
7.200000 1.573106
7.250000 -29.264837
7.300000 -9.143286
7.350000 -21.793459
7.400000 -6.778759
7.450000 -27.437714
7.500000 -10.637419
7.550000 -7.567951
7.600000 17.187920
7.650000 1.485104
7.700000 25.500778
7.750000 4.790486
7.800000 8.428234
7.850000 19.602512
7.900000 18.120604
7.950000 6.371466
8.000000 18.828211
8.050000 -6.539864
8.100000 -5.550822
8.150000 -12.250913
8.200000 4.293041
8.250000 1.459426
8.300000 5.681533
8.350000 13.884329
8.400000 6.310701
8.450000 -2.048086
8.500000 3.810807
8.550000 -14.715549
8.600000 -10.199744
8.650000 -13.914755
8.700000 18.819981
8.750000 20.572357
8.800000 13.007333
8.850000 25.566439
8.900000 13.361270
8.950000 14.800333
9.000000 16.870569
9.050000 20.077528
9.100000 7.593532
9.150000 3.129557
9.200000 19.628956
9.250000 9.999620
9.300000 1.717674
9.350000 -10.596549
9.400000 -10.614788
9.450000 -15.654843
9.500000 -13.095074
9.550000 -18.349339
9.600000 -8.898159
9.650000 -3.966258
9.700000 -21.586985
9.750000 -2.407190
9.800000 -2.544053
9.850000 9.085103
9.900000 7.495944
9.950000 7.894046
10.000000 11.073093
10.050000 17.876589
10.100000 12.748906
10.150000 13.471272
10.200000 17.578907
10.250000 14.828895
10.300000 -21.208961
10.350000 21.429487
10.400000 17.735918
10.450000 8.004203
10.500000 -0.630970
10.550000 4.942584
10.600000 1.603249
10.650000 -6.065917
10.700000 -9.490706
10.750000 -22.294220
10.800000 -10.896365
10.850000 1.264739
10.900000 -1.387245
10.950000 11.820215
11.000000 8.042265
11.050000 14.852964
11.100000 8.678346
11.150000 20.385792
11.200000 3.139041
11.250000 -3.781423
11.300000 17.708151
11.350000 -15.297895
11.400000 10.218672
11.450000 -0.600223
11.500000 14.063297
11.550000 -0.376766
11.600000 33.530556
11.650000 1.916087
11.700000 4.569350
11.750000 -16.421574
11.800000 -7.228911
11.850000 12.748381
11.900000 -2.805317
11.950000 4.419667
12.000000 2.567362
12.050000 -5.538008
12.100000 -3.046488
12.150000 -15.920527
12.200000 7.041214
12.250000 -14.431238
12.300000 -7.450830
12.350000 -2.542417
12.400000 18.612934
12.450000 11.210339
12.500000 17.675262
12.550000 13.582035
12.600000 -8.125621
12.650000 -2.083932
12.700000 21.345682
12.750000 4.124707
12.800000 -8.488098
12.850000 4.998151
12.900000 8.599781
12.950000 14.162324
13.000000 24.566517
13.050000 11.483084
13.100000 24.718552
13.150000 18.622074
13.200000 0.928376
13.250000 -10.121138
13.300000 -1.964460
13.350000 13.715585
13.400000 14.832544
13.450000 10.917215
13.500000 10.304571
13.550000 -0.659068
13.600000 5.039705
13.650000 -18.259293
13.700000 10.337115
13.750000 -7.436341
13.800000 -6.512408
13.850000 -0.333081
13.900000 6.928843
13.950000 -7.426906
14.000000 -4.701337
14.050000 11.299271
14.100000 3.192276
14.150000 -6.554672
14.200000 11.124709
14.250000 -14.120692
14.300000 5.502012
14.350000 -3.270511
14.400000 9.462469
14.450000 -1.438809
14.500000 -3.516986
14.550000 -4.852827
14.600000 -6.871171
14.650000 -12.787591
14.700000 9.103024
14.750000 -3.742076
14.800000 -18.439951
14.850000 -6.122419
14.900000 7.747249
14.950000 0.518554
15.000000 2.898266
15.050000 7.427141
15.100000 16.122116
15.150000 4.710763
15.200000 13.329655
15.250000 15.783278
15.300000 21.399332
15.350000 -4.400466
15.400000 6.439205
15.450000 -4.072281
15.500000 -0.069708
15.550000 -0.277389
15.600000 -4.515705
15.650000 -2.737426
15.700000 -5.656166
15.750000 -20.247990
15.800000 -11.232712
15.850000 -29.742085
15.900000 -28.664505
15.950000 0.257477
16.000000 -7.050125
16.050000 4.602905
16.100000 -11.087482
16.150000 10.705715
16.200000 -3.118936
16.250000 6.826344
16.300000 0.280294
16.350000 -11.859279
16.400000 -4.937378
16.450000 6.883324
16.500000 3.633043
16.550000 4.172824
16.600000 4.306514
16.650000 0.928527
16.700000 5.514593
16.750000 12.934301
16.800000 -0.484228
16.850000 5.062802
16.900000 0.106087
16.950000 -6.992283
17.000000 -13.945472
17.050000 10.486051
17.100000 -17.271738
17.150000 -6.483298
17.200000 -9.083925
17.250000 -25.524654
17.300000 -7.334908
17.350000 -5.739372
17.400000 -9.227787
17.450000 -22.532318
17.500000 12.771998
17.550000 12.834465
17.600000 10.252371
17.650000 13.319917
17.700000 6.504734
17.750000 6.105960
17.800000 5.819474
17.850000 13.084083
17.900000 9.367817
17.950000 7.037347
18.000000 2.409674
18.050000 1.954571
18.100000 15.546458
18.150000 7.467669
18.200000 27.734468
18.250000 28.196268
18.300000 10.603678
18.350000 8.713578
18.400000 -7.050175
18.450000 -2.714563
18.500000 -32.996021
18.550000 -2.686568
18.600000 -1.700016
18.650000 4.221616
18.700000 -18.703892
18.750000 -1.091542
18.800000 3.060865
18.850000 -3.422855
18.900000 -7.333594
18.950000 -2.952901
19.000000 15.204744
19.050000 26.393850
19.100000 27.151745
19.150000 25.344019
19.200000 17.604534
19.250000 4.480092
19.300000 7.596243
19.350000 -8.873825
19.400000 14.138418
19.450000 5.670055
19.500000 -1.798032
19.550000 10.899434
19.600000 -3.575759
19.650000 14.138781
19.700000 -7.880144
19.750000 -11.603875
19.799999 -18.959625
19.849999 -12.245478
19.899999 -6.946801
19.949999 -9.061073
