0.000000 -3.253676
0.050000 24.960670
0.100000 9.604529
0.150000 13.503567
0.200000 1.144954
0.250000 -1.550366
0.300000 -0.500441
0.350000 10.946883
0.400000 15.988523
0.450000 12.352393
0.500000 12.402610
0.550000 8.893373
0.600000 8.277679
0.650000 4.187283
0.700000 -18.897848
0.750000 -10.876064
0.800000 3.672536
0.850000 -16.718296
0.900000 5.485548
0.950000 -18.733263
1.000000 10.754057
1.050000 3.177933
1.100000 2.341548
1.150000 -12.548537
1.200000 0.328522
1.250000 -7.953898
1.300000 -21.323856
1.350000 2.118551
1.400000 5.856598
1.450000 22.636518
1.500000 -0.481798
1.550000 38.696121
1.600000 28.142056
1.650000 35.431355
1.700000 5.214581
1.750000 -38.107899
1.800000 -71.741158
1.850000 -79.083580
1.900000 12.874870
1.950000 64.860146
2.000000 112.299973
2.050000 97.594620
2.100000 20.881285
2.150000 -107.349640
2.200000 -147.470947
2.250000 -66.769714
2.300000 63.758492
2.350000 124.437782
2.400000 99.222054
2.450000 -0.571148
2.500000 -79.774826
2.550000 -118.084885
2.600000 -27.446306
2.650000 47.339832
2.700000 91.226303
2.750000 56.281330
2.800000 1.203410
2.850000 -61.480965
2.900000 -62.019970
2.950000 -14.292849
3.000000 31.690865
3.050000 46.050396
3.100000 -1.905036
3.150000 -31.914513
3.200000 -37.385506
3.250000 -17.696062
3.300000 0.507453
3.350000 35.264309
3.400000 24.662809
3.450000 -17.993227
3.500000 -18.107803
3.550000 -3.842043
3.600000 -7.273722
3.650000 35.504951
3.700000 41.100594
3.750000 4.532517
3.800000 -5.167136
3.850000 -8.167556
3.900000 -12.563615
3.950000 -5.599138
4.000000 14.912679
4.050000 17.202766
4.100000 -9.925722
4.150000 -15.982363
4.200000 4.944546
4.250000 -0.008795
4.300000 -5.927137
4.350000 4.846431
4.400000 -12.685914
4.450000 -9.607777
4.500000 -5.172216
4.550000 8.087584
4.600000 3.602913
4.650000 8.900888
4.700000 9.431052
4.750000 -20.338511
4.800000 10.837913
4.850000 -3.685637
4.900000 10.347702
4.950000 14.952736
5.000000 8.145433
5.050000 -1.802208
5.100000 1.729775
5.150000 2.030694
5.200000 -9.931837
5.250000 -14.051930
5.300000 -1.490235
5.350000 12.347213
5.400000 -29.034729
5.450000 -4.446884
5.500000 -3.726674
5.550000 -7.527560
5.600000 28.941151
5.650000 25.776428
5.700000 12.406580
5.750000 -11.722860
5.800000 -10.672112
5.850000 -4.529180
5.900000 23.378365
5.950000 13.461122
6.000000 0.730818
6.050000 -1.637244
6.100000 -0.778485
6.150000 3.492253
6.200000 8.074661
6.250000 8.575298
6.300000 9.883754
6.350000 -0.015616
6.400000 7.803396
6.450000 -3.864825
6.500000 0.510890
6.550000 -9.418048
6.600000 -12.601564
6.650000 4.980629
6.700000 7.833468
6.750000 13.376747
6.800000 10.814247
6.850000 29.101114
6.900000 3.922154
6.950000 12.227540
7.000000 -10.645185
7.050000 2.413311
7.100000 -1.777046
7.150000 -3.340675
7.200000 2.242394
7.250000 15.779466
7.300000 18.578857
7.350000 -13.074923
7.400000 -9.269969
7.450000 -5.974793
7.500000 -27.340786
7.550000 21.421242
7.600000 9.222933
7.650000 5.234314
7.700000 11.270585
7.750000 -0.533691
7.800000 7.349844
7.850000 5.661840
7.900000 13.176394
7.950000 -19.281553
7.999999 -0.659702
8.049999 4.248382
8.100000 -10.170831
8.150000 -20.506966
8.200000 11.189309
8.250000 -7.257778
8.300000 2.145759
8.350000 17.562630
8.400000 7.260936
8.450000 18.415672
8.500000 8.053266
8.549999 13.205225
8.599999 2.164225
8.650000 17.733044
8.700000 26.894991
8.750000 11.374277
8.800000 -10.677567
8.850000 5.464597
8.900000 -16.180948
8.950000 21.203728
9.000000 26.099319
9.050000 -4.960268
9.099999 1.949904
9.149999 11.886786
9.200000 6.925541
9.250000 5.220066
9.300000 -10.340808
9.350000 -3.581386
9.400000 -7.632098
9.450000 -2.249728
9.500000 -17.359272
9.550000 7.795687
9.600000 14.786225
9.649999 -28.953642
9.699999 -37.077362
9.750000 5.326096
9.800000 32.299789
9.850000 2.917732
9.900000 -15.056000
9.950000 8.276487
10.000000 21.172533
10.050000 2.535935
10.100000 20.675812
10.150000 7.011030
10.199999 6.952518
10.249999 7.028270
10.300000 17.154802
10.350000 3.348312
10.400000 7.988920
10.450000 17.406586
10.500000 1.024437
10.550000 -9.149096
10.600000 -21.070423
10.650000 -8.905408
10.700000 -6.217844
10.749999 -31.583775
10.799999 -17.572454
10.849999 -26.788216
10.900000 0.050511
10.950000 3.895335
11.000000 -24.080883
11.050000 -8.421791
11.100000 -6.864319
11.150000 4.575984
11.200000 -27.868404
11.250000 1.073910
11.299999 3.477929
11.349999 8.924955
11.399999 -9.147698
11.450000 2.078837
11.500000 -23.192459
11.550000 10.040191
11.600000 -21.978338
11.650000 9.336768
11.700000 -0.164666
11.750000 -0.307286
11.800000 -5.407076
11.849999 -15.262356
11.899999 -14.233000
11.949999 3.530185
12.000000 1.053985
12.050000 4.618508
12.100000 7.208162
12.150000 -35.848095
12.200000 -9.104886
12.250000 8.852723
12.300000 8.233761
12.350000 0.041132
12.399999 1.996491
12.449999 7.895744
12.499999 -14.902302
12.550000 10.294116
12.600000 19.670408
12.650000 -4.004853
12.700000 -12.325519
12.750000 -15.072791
12.800000 1.243999
12.850000 15.927224
12.900000 7.919425
12.949999 -8.842082
12.999999 16.096586
13.049999 -7.806126
13.100000 24.679792
13.150000 3.215243
13.200000 -8.197486
13.250000 -1.641968
13.300000 -12.465919
13.350000 -1.265216
13.400000 1.085420
13.450000 18.073069
13.499999 -11.300577
13.549999 4.985833
13.599999 -22.694380
13.650000 7.059811
13.700000 14.032411
13.750000 -11.745795
13.800000 15.689004
13.850000 4.635873
13.900000 13.845079
13.950000 4.545157
14.000000 10.990625
14.049999 -8.853756
14.099999 -7.853893
14.149999 -0.775973
14.200000 -1.080690
14.250000 2.404517
14.300000 0.795209
14.350000 10.652577
14.400000 2.650443
14.450000 -11.431338
14.500000 19.141687
14.549999 8.200164
14.599999 -5.179294
14.649999 -14.383719
14.699999 2.292181
14.750000 -9.277674
14.800000 -18.055229
14.850000 -14.268292
14.900000 3.166492
14.950000 5.785223
15.000000 -9.631242
15.050000 -13.102938
15.099999 10.279729
15.149999 25.343925
15.199999 -20.989485
15.249999 8.109593
15.299999 5.979286
15.350000 7.443804
15.400000 10.398162
15.450000 12.440571
15.500000 -5.475804
15.550000 6.338937
15.600000 -0.640813
15.650000 -2.602400
15.699999 -19.036104
15.750000 4.946567
15.799999 8.736375
15.850000 -3.917196
15.899999 -3.633781
15.950000 -4.185293
15.999999 8.386011
16.050000 7.328846
16.099999 -0.126045
16.150000 29.398056
16.200000 -9.025577
16.249999 10.972483
16.300000 3.969652
16.349999 0.312341
16.400000 -14.652865
16.449999 -3.899584
16.500000 31.061630
16.549999 -3.410102
16.600000 14.068645
16.649999 -5.188604
16.700000 -16.189260
16.750000 -6.986572
16.799999 -14.064171
16.850000 -4.868670
16.899999 -11.708797
16.950000 8.268768
16.999999 -33.433582
17.050000 -15.385138
17.099999 8.844021
17.150000 -4.933847
17.199999 -0.744405
17.250000 -12.661886
17.300000 7.747705
17.349999 -15.667686
17.400000 2.563664
17.449999 15.623108
17.500000 9.773421
17.549999 0.744233
17.600000 -0.479443
17.649999 -6.113852
17.700000 -13.509917
17.749999 9.251673
17.800000 11.170829
17.850000 -24.649193
17.899999 8.012771
17.950000 15.281923
17.999999 -19.474552
18.050000 -14.944822
18.099999 18.330240
18.150000 -9.582984
18.199999 13.867026
18.250000 -13.305009
18.299999 13.665744
18.350000 6.981028
18.400000 10.367482
18.449999 -3.774130
18.500000 27.768709
18.549999 -10.175952
18.600000 -12.535355
18.649999 23.885553
18.700000 18.915894
18.749999 -14.997527
18.800000 2.390900
18.849999 -5.746599
18.900000 2.903860
18.950000 -13.469524
18.999999 -8.364437
19.050000 8.385734
19.099999 7.315829
19.150000 19.217930
19.199999 1.042292
19.250000 4.533568
19.299999 -1.187021
19.350000 2.843823
19.399999 -26.081429
19.450000 8.093704
19.500000 -23.800196
19.549999 -18.855608
19.600000 18.948141
19.649999 -12.121580
19.700000 1.656288
19.749999 28.020161
19.800000 13.933047
19.849999 18.349415
19.900000 20.251238
19.949999 10.396320
