0.000000 15.091687
0.050000 -15.114910
0.100000 -2.940606
0.150000 -4.375669
0.200000 -3.722641
0.250000 8.840616
0.300000 -18.325500
0.350000 34.341034
0.400000 -2.904556
0.450000 7.408473
0.500000 0.636066
0.550000 19.462702
0.600000 1.846545
0.650000 10.733466
0.700000 -0.086290
0.750000 4.487700
0.800000 -7.767733
0.850000 23.278414
0.900000 30.701357
0.950000 35.123714
1.000000 -3.575520
1.050000 4.028468
1.100000 -0.659797
1.150000 3.871755
1.200000 -30.206718
1.250000 -22.149897
1.300000 5.137690
1.350000 -23.432911
1.400000 -3.487816
1.450000 -23.774052
1.500000 -1.757286
1.550000 5.966020
1.600000 -5.813215
1.650000 13.126895
1.700000 -5.726555
1.750000 27.655607
1.800000 -10.667278
1.850000 1.314151
1.900000 -10.380475
1.950000 24.365171
2.000000 7.924152
2.050000 6.720957
2.100000 32.694790
2.150000 14.615075
2.200000 13.728209
2.250000 -6.208911
2.300000 26.172977
2.350000 20.033731
2.400000 5.534276
2.450000 14.451687
2.500000 4.167987
2.550000 -28.090895
2.600000 -4.502267
2.650000 -39.475098
2.700000 -50.856457
2.750000 -26.184063
2.800000 -74.774239
2.850000 -65.857895
2.900000 -107.554283
2.950000 -75.271530
3.000000 -25.747360
3.050000 -18.407423
3.100000 47.186340
3.150000 66.256996
3.200000 147.995621
3.250000 158.275574
3.300000 175.717606
3.350000 169.852737
3.400000 163.241013
3.450000 153.836655
3.500000 83.838615
3.550000 21.936295
3.600000 -52.342335
3.650000 -90.573273
3.700000 -125.609932
3.750000 -157.285706
3.800000 -196.404327
3.850000 -190.826294
3.900000 -206.280930
3.950000 -171.511780
4.000000 -125.791122
4.050000 -74.140373
4.100000 -47.500778
4.150000 31.259970
4.200000 78.304688
4.250000 108.507324
4.300000 124.511345
4.350000 161.229111
4.400000 191.826309
4.450000 135.140137
4.500000 111.366295
4.550000 111.578590
4.600000 70.550499
4.650000 47.431042
4.700000 6.096741
4.750000 -32.400684
4.800000 -45.177559
4.850000 -96.264359
4.900000 -109.003639
4.950000 -84.935272
5.000000 -119.412392
5.050000 -109.702950
5.100000 -89.872330
5.150000 -72.381157
5.200000 -11.896799
5.250000 15.771839
5.300000 53.848911
5.350000 73.002380
5.400000 85.143997
5.450000 70.076614
5.500000 91.996811
5.550000 73.225914
5.600000 65.110260
5.650000 55.260983
5.700000 9.841717
5.750000 20.354052
5.800000 12.603602
5.850000 -8.873280
5.900000 -25.422384
5.950000 -54.140610
6.000000 -70.569595
6.050000 -67.447891
6.100000 -45.964005
6.150000 -68.586021
6.200000 -52.609783
6.250000 -24.133062
6.300000 5.669315
6.350000 31.876112
6.400000 26.872122
6.450000 25.677109
6.500000 41.726410
6.550000 45.175991
6.600000 36.998581
6.650000 34.737453
6.700000 26.179466
6.750000 14.897711
6.800000 22.604561
6.850000 -12.739166
6.900000 0.941227
6.950000 -6.188334
7.000000 -2.907806
7.050000 -25.732912
7.100000 -23.370674
7.150000 3.356548
7.200000 2.776019
7.250000 19.874670
7.300000 -21.108604
7.350000 3.725154
7.400000 -5.194384
7.450000 20.320070
7.500000 15.916181
7.550000 13.933191
7.600000 7.405218
7.650000 -6.046137
7.700000 8.652641
7.750000 -8.382921
7.800000 -18.349163
7.850000 -14.277616
7.900000 9.370199
7.950000 18.082462
7.999999 3.543339
8.049999 8.206516
8.100000 41.453022
8.150000 14.322041
8.200000 5.582406
8.250000 11.559733
8.300000 2.665313
8.350000 -27.391840
8.400000 1.751482
8.450000 14.777502
8.500000 -1.739901
8.549999 2.978821
8.599999 2.415942
8.650000 -13.336655
8.700000 -28.784977
8.750000 -5.654637
8.800000 -33.429955
8.850000 -11.329350
8.900000 -21.784258
8.950000 -12.041403
9.000000 9.584398
9.050000 4.479737
9.099999 14.432797
9.149999 22.615952
9.200000 7.726078
9.250000 -2.873512
9.300000 -2.361578
9.350000 -7.549737
9.400000 4.759739
9.450000 -19.498484
9.500000 -11.699186
9.550000 5.205519
9.600000 -28.023916
9.649999 5.899826
9.699999 -28.349165
9.750000 -22.055721
9.800000 -23.454996
9.850000 -12.936681
9.900000 -2.565671
9.950000 -6.686896
10.000000 15.032447
10.050000 -9.924682
10.100000 32.538948
10.150000 16.657024
10.199999 22.060045
10.249999 12.707622
10.300000 7.823110
10.350000 -9.149261
10.400000 3.847768
10.450000 -11.069158
10.500000 11.085382
10.550000 15.670124
10.600000 4.445909
10.650000 -5.404857
10.700000 7.213668
10.749999 14.714506
10.799999 -10.284409
10.849999 -16.700451
10.900000 -2.184374
10.950000 -9.100517
11.000000 -19.302948
11.050000 15.670672
11.100000 2.548840
11.150000 24.051556
11.200000 -1.016355
11.250000 -1.540716
11.299999 9.726949
11.349999 12.298551
11.399999 -17.790876
11.450000 -20.581560
11.500000 -13.580422
11.550000 24.135479
11.600000 15.540925
11.650000 -1.815114
11.700000 16.415876
11.750000 -11.214409
11.800000 -41.300938
11.849999 -13.585042
11.899999 3.138853
11.949999 -6.527174
12.000000 41.441078
12.050000 21.171030
12.100000 35.689384
12.150000 -14.779840
12.200000 7.970467
12.250000 2.511302
12.300000 -0.717876
12.350000 -12.280612
12.399999 12.013186
12.449999 -25.615591
12.499999 20.133804
12.550000 29.311344
12.600000 2.895011
12.650000 -16.696428
12.700000 -8.682091
12.750000 -2.542300
12.800000 16.444813
12.850000 -17.665352
12.900000 15.082081
12.949999 -20.893581
12.999999 -8.270011
13.049999 2.826131
13.100000 17.148010
13.150000 30.100552
13.200000 0.019615
13.250000 26.757526
13.300000 13.830204
13.350000 -1.161054
13.400000 -17.119595
13.450000 5.812832
13.499999 1.874700
13.549999 20.180149
13.599999 -10.522275
13.650000 8.736618
13.700000 22.934570
13.750000 -13.478243
13.800000 -29.442902
13.850000 -9.696688
13.900000 -0.170487
13.950000 11.137105
14.000000 13.184745
14.049999 22.087160
14.099999 11.519675
14.149999 14.332474
14.200000 13.250215
14.250000 35.292446
14.300000 9.676135
14.350000 -9.867567
14.400000 32.048584
14.450000 18.406799
14.500000 21.906298
14.549999 22.539373
14.599999 -12.968094
14.649999 20.880733
14.699999 -11.569418
14.750000 -13.160220
14.800000 -15.627758
14.850000 1.515160
14.900000 -29.293457
14.950000 -20.821575
15.000000 -24.795057
15.050000 -22.477528
15.099999 -6.805406
15.149999 30.141668
15.199999 16.160404
15.249999 -2.847324
15.299999 13.517688
15.350000 9.077462
15.400000 1.337943
15.450000 -12.087827
15.500000 -10.193356
15.550000 -8.955202
15.600000 17.095528
15.650000 2.178019
15.699999 -1.996734
15.750000 -2.811119
15.799999 -15.323953
15.850000 4.968098
15.899999 1.996399
15.950000 -2.846131
15.999999 -7.705804
16.050000 -8.174932
16.099999 -10.075359
16.150000 13.940774
16.200000 19.013222
16.249999 -6.326716
16.300000 16.094887
16.349999 12.554970
16.400000 21.601641
16.449999 -10.507958
16.500000 1.183620
16.549999 -9.991846
16.600000 -4.455009
16.649999 7.163836
16.700000 -4.707334
16.750000 -13.199183
16.799999 11.411147
16.850000 3.240334
16.899999 -6.594947
16.950000 -6.914436
16.999999 -11.131079
17.050000 16.882261
17.099999 23.151459
17.150000 -4.827895
17.199999 25.590410
17.250000 26.793509
17.300000 31.502018
17.349999 12.873759
17.400000 -17.934677
17.449999 -3.909979
17.500000 13.364860
17.549999 -4.304304
17.600000 -19.672064
17.649999 9.450149
17.700000 -2.310783
17.749999 24.043255
17.800000 7.394262
17.850000 -23.653646
17.899999 -39.578678
17.950000 -27.376423
17.999999 -25.081947
18.050000 -39.434631
18.099999 -9.011586
18.150000 21.759161
18.199999 16.649454
18.250000 8.290770
18.299999 18.067965
18.350000 7.974838
18.400000 46.537437
18.449999 30.928606
18.500000 18.227121
18.549999 14.124109
18.600000 4.095574
18.649999 13.647550
18.700000 15.962791
18.749999 -17.847418
18.800000 -12.203829
18.849999 -10.184407
18.900000 -16.553249
18.950000 -8.143676
18.999999 4.156451
19.050000 -40.179321
19.099999 -19.075989
19.150000 -26.912436
19.199999 2.911252
19.250000 0.699613
19.299999 27.986273
19.350000 0.042760
19.399999 13.962565
19.450000 21.881258
19.500000 4.118043
19.549999 16.101513
19.600000 5.690895
19.649999 3.908310
19.700000 20.671524
19.749999 8.431494
19.800000 6.730543
19.849999 -7.774946
19.900000 0.167786
19.949999 -20.628668
