0.000000 -3.237677
0.050000 28.246363
0.100000 24.821171
0.150000 11.569692
0.200000 13.032858
0.250000 -2.416697
0.300000 8.312505
0.350000 10.695556
0.400000 -12.477021
0.450000 -5.299190
0.500000 -16.712091
0.550000 -9.518746
0.600000 -13.429611
0.650000 -3.618324
0.700000 20.504827
0.750000 18.753653
0.800000 17.311716
0.850000 6.050648
0.900000 4.334271
0.950000 -15.070560
1.000000 0.652596
1.050000 -21.808990
1.100000 -16.042019
1.150000 2.088343
1.200000 -5.884337
1.250000 -5.578974
1.300000 5.769452
1.350000 -6.346963
1.400000 13.428469
1.450000 3.074176
1.500000 -3.052588
1.550000 -1.010451
1.600000 4.068346
1.650000 3.249596
1.700000 -5.358446
1.750000 16.208019
1.800000 10.923644
1.850000 9.134940
1.900000 4.076381
1.950000 32.066360
2.000000 40.419296
2.050000 15.184066
2.100000 26.593479
2.150000 -0.081382
2.200000 -8.465409
2.250000 -14.902462
2.300000 -49.685616
2.350000 -56.359089
2.400000 -61.550240
2.450000 -51.376270
2.500000 7.615752
2.550000 39.550236
2.600000 68.558861
2.650000 98.024864
2.700000 110.691177
2.750000 93.034584
2.800000 24.043180
2.850000 -40.215401
2.900000 -107.019951
2.950000 -151.928650
3.000000 -159.709122
3.050000 -114.257515
3.100000 -52.446968
3.150000 39.799160
3.200000 78.159904
3.250000 129.412796
3.300000 148.478165
3.350000 127.677422
3.400000 81.930573
3.450000 16.396778
3.500000 -68.207352
3.550000 -139.876297
3.600000 -154.049164
3.650000 -123.197876
3.700000 -70.479103
3.750000 -10.075349
3.800000 50.091820
3.850000 86.643005
3.900000 91.056389
3.950000 97.022942
4.000000 68.296432
4.050000 26.309044
4.100000 -4.436033
4.150000 -64.349052
4.200000 -70.258453
4.250000 -64.718231
4.300000 -37.218010
4.350000 -8.021483
4.400000 2.383093
4.450000 32.842175
4.500000 49.773647
4.550000 51.180290
4.600000 22.836985
4.650000 1.917991
4.700000 0.407319
4.750000 -41.272053
4.800000 -31.366365
4.850000 -15.982718
4.900000 12.986063
4.950000 9.094271
5.000000 9.127584
5.050000 10.440740
5.100000 20.091452
5.150000 11.094517
5.200000 20.295137
5.250000 -5.714098
5.300000 -3.180447
5.350000 5.256092
5.400000 1.465849
5.450000 -16.848721
5.500000 -14.012757
5.550000 -9.277784
5.600000 -10.235242
5.650000 15.429837
5.700000 -12.586329
5.750000 -4.231353
5.800000 42.786362
5.850000 -4.614199
5.900000 17.287388
5.950000 -7.529442
6.000000 -20.478889
6.050000 15.226453
6.100000 -9.857183
6.150000 17.431978
6.200000 -9.840814
6.250000 2.658665
6.300000 7.839353
6.350000 -10.161336
6.400000 1.217401
6.450000 24.431965
6.500000 27.288858
6.550000 4.195963
6.600000 -0.083770
6.650000 4.697093
6.700000 9.517314
6.750000 16.625816
6.800000 -15.813685
6.850000 4.612412
6.900000 -7.312140
6.950000 -14.195803
7.000000 17.760250
7.050000 -15.295448
7.100000 -0.542161
7.150000 24.925322
7.200000 7.998723
7.250000 -6.924022
7.300000 -0.547325
7.350000 3.908403
7.400000 -4.539168
7.450000 3.911052
7.500000 -0.048730
7.550000 10.170884
7.600000 3.231673
7.650000 16.436720
7.700000 16.181505
7.750000 11.270188
7.800000 21.406883
7.850000 -22.777340
7.900000 5.282728
7.950000 9.437305
8.000000 4.043444
8.050000 -0.262093
8.100000 10.368387
8.150000 -9.039994
8.200000 6.189054
8.250000 -17.165087
8.300000 13.268157
8.350000 0.808753
8.400000 -18.281324
8.450000 -6.202402
8.500000 13.225118
8.550000 -3.963979
8.600000 5.345882
8.650000 0.140504
8.700000 2.701244
8.750000 9.045746
8.800000 -17.579374
8.850000 -18.666111
8.900000 2.647816
8.950000 -8.918570
9.000000 -3.259532
9.050000 -8.415227
9.100000 0.272777
9.150000 -7.760900
9.200000 -2.577783
9.250000 4.911588
9.300000 0.495105
9.350000 -0.239170
9.400000 -11.466280
9.450000 -1.833351
9.500000 -25.337208
9.550000 -4.249952
9.600000 -18.895174
9.650000 -13.162439
9.700000 10.242904
9.750000 6.179285
9.800000 1.384371
9.850000 27.020248
9.900000 1.205689
9.950000 11.501842
10.000000 -2.183866
10.050000 -1.667766
10.100000 -15.024177
10.150000 10.072464
10.200000 14.597316
10.250000 22.299072
10.300000 9.752028
10.350000 5.727837
10.400000 22.538021
10.450000 -4.010354
10.500000 -10.231457
10.550000 16.053022
10.600000 0.921370
10.650000 -10.668592
10.700000 0.393342
10.750000 -16.150892
10.800000 -0.398222
10.850000 3.935591
10.900000 -11.385658
10.950000 -4.903932
11.000000 -9.648821
11.050000 -5.127485
11.100000 21.133537
11.150000 6.107665
11.200000 0.180587
11.250000 -9.602259
11.300000 11.214117
11.350000 -0.464224
11.400000 -4.137200
11.450000 14.679228
11.500000 5.242999
11.550000 -5.551931
11.600000 25.293768
11.650000 8.177391
11.700000 -3.607447
11.750000 2.201502
11.800000 -11.432721
11.850000 -11.909445
11.900000 3.630007
11.950000 14.863740
12.000000 11.553873
12.050000 22.765017
12.100000 12.282326
12.150000 10.517100
12.200000 -20.460636
12.250000 19.891994
12.300000 -16.405060
12.350000 0.465598
12.400000 -7.351158
12.450000 -5.679887
12.500000 4.225190
12.550000 12.116290
12.600000 -7.849565
12.650000 7.072540
12.700000 -1.919766
12.750000 12.114641
12.800000 1.130062
12.850000 -11.709387
12.900000 22.751663
12.950000 -15.833960
13.000000 -9.289266
13.050000 17.320026
13.100000 -0.737604
13.150000 -5.776174
13.200000 -30.613676
13.250000 2.977280
13.300000 -0.334739
13.350000 9.815645
13.400000 5.470102
13.450000 3.259848
13.500000 -14.019515
13.550000 0.537706
13.600000 -3.985170
13.650000 -13.075507
13.700000 -15.623810
13.750000 -21.762360
13.800000 13.562023
13.850000 3.885678
13.900000 15.856570
13.950000 29.822580
14.000000 -3.654290
14.050000 1.621576
14.100000 12.402932
14.150000 10.026338
14.200000 14.738422
14.250000 -4.670125
14.300000 -3.583122
14.350000 -16.416094
14.400000 -11.172796
14.450000 3.328709
14.500000 6.520109
14.550000 -2.928235
14.600000 -6.742829
14.650000 31.641050
14.700000 19.917318
14.750000 18.788975
14.800000 -0.172329
14.850000 -5.491304
14.900000 -10.037528
14.950000 -6.766194
15.000000 -8.300159
15.050000 -14.515235
15.100000 0.045658
15.150000 13.064885
15.200000 23.532822
15.250000 6.211027
15.300000 35.090725
15.350000 -3.231726
15.400000 -3.104542
15.450000 -0.562623
15.500000 -3.031729
15.550000 -28.128183
15.600000 -9.411094
15.650000 -13.043519
15.700000 12.378785
15.750000 -12.459581
15.800000 -4.129384
15.850000 26.067846
15.900000 13.127931
15.950000 25.059414
16.000000 19.108732
16.050000 -22.984396
16.100000 -11.123039
16.150000 -7.673978
16.200000 -8.136228
16.250000 -6.551861
16.300000 8.266031
16.350000 -0.944187
16.400000 26.250414
16.450000 7.780990
16.500000 1.132817
16.550000 -0.821591
16.600000 13.869915
16.650000 -11.417048
16.700000 -12.588522
16.750000 -11.692493
16.800000 -2.408967
16.850000 7.000840
16.900000 9.034777
16.950000 20.859457
17.000000 21.988092
17.050000 15.481835
17.100000 -10.045527
17.150000 3.520515
17.200000 -4.226994
17.250000 -2.708179
17.300000 9.147666
17.350000 2.882374
17.400000 22.138016
17.450000 -9.416362
17.500000 7.389613
17.550000 9.487020
17.600000 -12.905499
17.650000 -2.992784
17.700000 8.633741
17.750000 -0.428049
17.800000 -3.811846
17.850000 21.170666
17.900000 -1.426643
17.950000 -2.397661
18.000000 -0.240599
18.050000 23.313175
18.100000 -10.583360
18.150000 -34.259052
18.200000 -12.749729
18.250000 3.146023
18.300000 19.395000
18.350000 11.113728
18.400000 -0.468894
18.450000 -0.783318
18.500000 -2.493478
18.550000 20.286243
18.600000 11.794702
18.650000 -10.534951
18.700000 26.707565
18.750000 -5.555436
18.800000 -5.605285
18.850000 -23.146175
18.900000 -0.826234
18.950000 13.438223
19.000000 -6.868658
19.050000 7.931395
19.100000 -20.561384
19.150000 14.882195
19.200000 8.899786
19.250000 -0.180827
19.300000 6.418129
19.350000 -2.345748
19.400000 -7.409423
19.450000 10.320097
19.500000 -13.587278
19.550000 -2.082253
19.600000 -2.108712
19.650000 5.125511
19.700000 4.009647
19.750000 -8.924236
19.799999 -11.801426
19.849999 -12.887219
19.899999 3.711365
19.949999 3.122705
