0.000000 -9.079098
0.050000 17.799261
0.100000 -15.402578
0.150000 13.088776
0.200000 -8.149173
0.250000 7.711404
0.300000 14.169219
0.350000 -9.484895
0.400000 -23.199419
0.450000 4.127703
0.500000 -18.155874
0.550000 -23.513878
0.600000 -5.641073
0.650000 -4.299377
0.700000 -11.196344
0.750000 5.033448
0.800000 -13.804992
0.850000 -9.576922
0.900000 12.038927
0.950000 -11.205479
1.000000 5.831190
1.050000 -2.316203
1.100000 -1.819888
1.150000 8.288178
1.200000 17.380072
1.250000 3.796100
1.300000 20.150383
1.350000 8.396575
1.400000 5.096727
1.450000 20.088867
1.500000 5.254736
1.550000 -28.391001
1.600000 2.551442
1.650000 -5.708266
1.700000 -13.104606
1.750000 23.227648
1.800000 -5.671920
1.850000 -11.901199
1.900000 -4.253139
1.950000 -4.584611
2.000000 1.541868
2.050000 -9.428279
2.100000 8.899694
2.150000 -5.549681
2.200000 -20.624861
2.250000 -3.004425
2.300000 -7.363100
2.350000 1.350698
2.400000 -9.242038
2.450000 -11.312937
2.500000 -4.570645
2.550000 23.367683
2.600000 -12.643934
2.650000 -15.259314
2.700000 -0.812905
2.750000 24.708418
2.800000 7.872194
2.850000 -0.115793
2.900000 26.915648
2.950000 22.293705
3.000000 9.333920
3.050000 -7.303588
3.100000 42.132191
3.150000 8.367393
3.200000 0.955513
3.250000 17.782724
3.300000 22.984121
3.350000 1.056980
3.400000 20.410692
3.450000 26.058065
3.500000 24.380289
3.550000 13.649483
3.600000 28.952707
3.650000 -2.460155
3.700000 25.875631
3.750000 9.759533
3.800000 29.354568
3.850000 11.027511
3.900000 23.246820
3.950000 14.203594
4.000000 12.172720
4.050000 14.536465
4.100000 6.335719
4.150000 -11.847250
4.200000 15.034452
4.250000 -16.277939
4.300000 4.660625
4.350000 -19.256487
4.400000 -22.367867
4.450000 -12.820137
4.500000 -12.349155
4.550000 -16.962614
4.600000 -12.680409
4.650000 -42.180687
4.700000 -31.266712
4.750000 -33.844353
4.800000 -29.746700
4.850000 -62.121269
4.900000 -37.300728
4.950000 -39.732212
5.000000 -62.580803
5.050000 -44.297157
5.100000 -66.741936
5.150000 -43.127113
5.200000 -42.585838
5.250000 -68.775162
5.300000 -38.285686
5.350000 -30.215649
5.400000 -38.412266
5.450000 -22.247448
5.500000 -14.516960
5.550000 -4.750092
5.600000 -1.140388
5.650000 20.191879
5.700000 29.397779
5.750000 47.232018
5.800000 53.984833
5.850000 43.070530
5.900000 34.985668
5.950000 67.440468
6.000000 81.612312
6.050000 81.270966
6.100000 76.905838
6.150000 96.433403
6.200000 51.814564
6.250000 95.341011
6.300000 90.602966
6.350000 81.627533
6.400000 94.032867
6.450000 66.735764
6.500000 91.593956
6.550000 81.419235
6.600000 37.850033
6.650000 61.035397
6.700000 68.672157
6.750000 51.005489
6.800000 41.040325
6.850000 61.812885
6.900000 45.056477
6.950000 11.781424
7.000000 2.664716
7.050000 8.195157
7.100000 -3.065616
7.150000 -18.677568
7.200000 -41.842495
7.250000 -24.710396
7.300000 -55.613331
7.350000 -52.688015
7.400000 -77.277138
7.450000 -52.016644
7.500000 -82.370369
7.550000 -87.936928
7.600000 -81.976540
7.650000 -95.753990
7.700000 -74.051208
7.750000 -77.807991
7.800000 -84.196877
7.850000 -90.707397
7.900000 -95.836914
7.950000 -88.026031
8.000000 -97.439209
8.050000 -81.044739
8.100000 -73.791718
8.150000 -90.198242
8.200000 -63.712894
8.250000 -73.974457
8.300000 -58.375710
8.350000 -47.924664
8.400000 -28.205967
8.450000 -36.899841
8.500000 -30.924419
8.550000 -7.789539
8.600000 -13.476814
8.650000 -16.316502
8.700000 -6.922047
8.750000 12.276624
8.800000 8.371265
8.850000 28.312401
8.900000 21.237740
8.950000 48.467739
9.000000 42.631870
9.050000 46.014191
9.100000 66.567657
9.150000 64.460724
9.200000 66.522057
9.250000 44.176945
9.300000 71.346886
9.350000 42.991531
9.400000 95.594521
9.450000 70.014000
9.500000 62.449612
9.550000 61.092377
9.600000 82.133682
9.650000 60.023342
9.700000 59.512966
9.750000 74.313286
9.800000 52.397755
9.850000 54.341164
9.900000 46.901508
9.950000 42.559517
10.000000 52.838623
10.050000 23.826683
10.100000 36.571102
10.150000 23.940428
10.200000 34.814686
10.250000 8.286651
10.300000 1.935587
10.350000 8.454384
10.400000 7.794280
10.450000 -5.208785
10.500000 4.284313
10.550000 -23.612820
10.600000 1.102468
10.650000 -36.220715
10.700000 15.182165
10.750000 -32.571735
10.800000 -24.145945
10.850000 -20.708214
10.900000 -31.556343
10.950000 -22.357702
11.000000 4.780833
11.050000 -31.898546
11.100000 -26.234785
11.150000 -49.342640
11.200000 -19.820129
11.250000 -45.270767
11.300000 -37.209671
11.350000 -31.343927
11.400000 -26.611338
11.450000 -33.109138
11.500000 -4.166962
11.550000 -19.991636
11.600000 -11.595497
11.650000 -4.326060
11.700000 -24.433743
11.750000 -11.968277
11.800000 3.672847
11.850000 -15.335115
11.900000 0.738489
11.950000 16.210810
12.000000 -11.841115
12.050000 -3.107948
12.100000 44.980755
12.150000 -19.766386
12.200000 -22.058199
12.250000 18.642693
12.300000 15.778749
12.350000 9.328562
12.400000 14.666310
12.450000 12.087261
12.500000 18.973705
12.550000 15.840046
12.600000 24.349852
12.650000 34.032799
12.700000 26.943432
12.750000 14.767392
12.800000 16.877930
12.850000 11.902907
12.900000 18.914209
12.950000 15.506006
13.000000 40.088974
13.050000 14.530949
13.100000 33.922646
13.150000 3.497474
13.200000 12.377210
13.250000 25.040016
13.300000 -4.142956
13.350000 5.805646
13.400000 -4.388297
13.450000 8.863439
13.500000 -27.464777
13.550000 23.424000
13.600000 15.763005
13.650000 1.294371
13.700000 5.344531
13.750000 -20.788807
13.800000 -8.978737
13.850000 -8.858751
13.900000 3.893165
13.950000 2.716233
14.000000 27.136316
14.050000 12.401638
14.100000 -13.621857
14.150000 -9.633188
14.200000 -27.259369
14.250000 3.414308
14.300000 2.234837
14.350000 -6.025340
14.400000 -4.402218
14.450000 -33.756084
14.500000 -23.015348
14.550000 15.616214
14.600000 -15.953648
14.650000 -7.957905
14.700000 -8.663380
14.750000 -10.310785
14.800000 -3.877069
14.850000 -25.217403
14.900000 -44.585922
14.950000 -19.405306
15.000000 8.563769
15.050000 -27.547529
15.100000 6.351609
15.150000 -6.850961
15.200000 2.722703
15.250000 12.032316
15.300000 4.954829
15.350000 -6.584411
15.400000 7.087156
15.450000 -21.157568
15.500000 12.823033
15.550000 8.283923
15.600000 4.501368
15.650000 11.242005
15.700000 11.540769
15.750000 17.602007
15.800000 13.022007
15.850000 0.592842
15.900000 14.664645
15.950000 9.990120
16.000000 -0.756837
16.050000 -3.751469
16.100000 5.162602
16.150000 -8.070880
16.200000 29.369183
16.250000 17.382092
16.300000 37.326645
16.350000 -1.610581
16.400000 7.279834
16.450000 3.262235
16.500000 4.260429
16.550000 11.354321
16.600000 -1.319426
16.650000 -0.227220
16.700000 17.286158
16.750000 17.452660
16.800000 13.303549
16.850000 7.811896
16.900000 -16.783073
16.950000 14.770457
17.000000 6.519906
17.050000 5.828784
17.100000 -15.828341
17.150000 -0.150271
17.200000 -11.998874
17.250000 -6.602180
17.300000 1.417563
17.350000 -24.767986
17.400000 -6.240180
17.450000 1.048476
17.500000 -14.883456
17.550000 -11.274714
17.600000 -0.689407
17.650000 -6.649423
17.700000 -23.699236
17.750000 -4.368885
17.800000 10.260756
17.850000 -5.633276
17.900000 -5.158889
17.950000 4.242910
18.000000 0.539449
18.050000 -2.891688
18.100000 -1.871354
18.150000 -8.343140
18.200000 3.181309
18.250000 1.827198
18.300000 -9.602968
18.350000 0.136569
18.400000 -4.761147
18.450000 6.593234
18.500000 -22.406525
18.550000 7.218941
18.600000 7.772058
18.650000 8.275909
18.700000 9.979807
18.750000 10.106454
18.800000 19.178308
18.850000 19.786520
18.900000 -6.603994
18.950000 11.573265
19.000000 13.037509
19.050000 10.556983
19.100000 -2.950124
19.150000 -5.764510
19.200000 16.473782
19.250000 8.151143
19.300000 13.784773
19.350000 19.665033
19.400000 14.921825
19.450000 11.195865
19.500000 0.294412
19.550000 -4.420371
19.600000 19.210039
19.650000 7.039601
19.700000 8.572888
19.750000 10.054236
19.799999 21.352966
19.849999 -9.777932
19.899999 -29.033882
19.949999 7.278155
