0.000000 -0.411081
0.050000 0.902355
0.100000 -0.219326
0.150000 0.660206
0.200000 0.851127
0.250000 0.038165
0.300000 0.384627
0.350000 0.860343
0.400000 0.022768
0.450000 0.213586
0.500000 -0.549849
0.550000 -0.332496
0.600000 0.332966
0.650000 0.106608
0.700000 0.229554
0.750000 -0.885388
0.800000 -0.235805
0.850000 0.065672
0.900000 -0.190790
0.950000 1.306959
1.000000 0.320974
1.050000 0.183287
1.100000 0.636377
1.150000 0.671213
1.200000 -0.045728
1.250000 0.265569
1.300000 -0.205335
1.350000 -0.061831
1.400000 0.005416
1.450000 -0.160529
1.500000 0.948333
1.550000 -0.417321
1.600000 -0.172021
1.650000 -0.359998
1.700000 -0.118695
1.750000 0.340365
1.800000 0.379688
1.850000 -0.284185
1.900000 0.362840
1.950000 0.233404
2.000000 0.888462
2.050000 0.137330
2.100000 -0.137224
2.150000 0.408975
2.200000 0.381723
2.250000 0.438747
2.300000 -0.475240
2.350000 0.548771
2.400000 0.163127
2.450000 -0.695143
2.500000 -0.221615
2.550000 0.808559
2.600000 0.437135
2.650000 0.861934
2.700000 0.012253
2.750000 -0.124632
2.800000 0.207525
2.850000 0.226700
2.900000 -0.586033
2.950000 0.856450
3.000000 0.379909
3.050000 -0.681548
3.100000 -0.464568
3.150000 0.310601
3.200000 -0.433836
3.250000 0.571136
3.300000 0.315275
3.350000 -0.792849
3.400000 0.041474
3.450000 -0.181061
3.500000 -0.240228
3.550000 -0.386152
3.600000 -0.899261
3.650000 0.122477
3.700000 0.757579
3.750000 -0.509925
3.800000 -0.359373
3.850000 0.393191
3.900000 0.553137
3.950000 1.082119
4.000000 1.832065
4.050000 1.174077
4.100000 1.679927
4.150000 1.253071
4.200000 1.301060
4.250000 0.092694
4.300000 -0.481167
4.350000 -0.157307
4.400000 -1.935607
4.450000 -2.453964
4.500000 -1.559148
4.550000 -2.823432
4.600000 -1.805860
4.650000 -1.507247
4.700000 -0.765437
4.750000 -1.139806
4.800000 0.917028
4.850000 1.917548
4.900000 2.335391
4.950000 2.405081
5.000000 3.938677
5.050000 2.523649
5.100000 2.695697
5.150000 3.033713
5.200000 1.440903
5.250000 0.132144
5.300000 -0.409755
5.350000 -0.474194
5.400000 -2.255055
5.450000 -2.722479
5.500000 -2.100689
5.550000 -1.356272
5.600000 -1.843728
5.650000 -2.536721
5.700000 -0.393868
5.750000 -0.440439
5.800000 1.626023
5.850000 1.616378
5.900000 2.469452
5.950000 2.826473
6.000000 2.576493
6.050000 2.200251
6.100000 2.034739
6.150000 1.417987
6.200000 -0.024244
6.250000 -0.512421
6.300000 -0.207005
6.350000 -0.998273
6.400000 -1.610887
6.450000 -2.708877
6.500000 -1.960545
6.550000 -1.617326
6.600000 -1.606824
6.650000 0.166246
6.700000 0.880976
6.750000 0.729420
6.800000 1.208279
6.850000 1.534446
6.900000 2.159337
6.950000 2.696520
7.000000 2.114983
7.050000 1.657362
7.100000 0.513977
7.150000 0.084992
7.200000 0.009173
7.250000 -0.245606
7.300000 -0.515845
7.350000 -0.717001
7.400000 -1.086111
7.450000 -1.948783
7.500000 -0.790164
7.550000 -1.098041
7.600000 -0.790800
7.650000 0.677791
7.700000 1.347146
7.750000 0.089854
7.800000 0.721966
7.850000 0.843201
7.900000 0.613540
7.950000 0.931087
8.000000 1.433429
8.050000 0.661080
8.100000 0.119326
8.150000 -0.358953
8.200000 -0.358939
8.250000 -0.691201
8.300000 -1.202891
8.350000 -0.829750
8.400000 -0.129887
8.450000 -0.278106
8.500000 -0.066984
8.550000 -0.075403
8.600000 0.021960
8.650000 0.224347
8.700000 0.801334
8.750000 0.791962
8.800000 0.182544
8.850000 1.166680
8.900000 -0.383203
8.950000 1.002072
9.000000 0.423487
9.050000 0.319509
9.100000 0.182934
9.150000 -0.354096
9.200000 -0.696837
9.250000 -0.314423
9.300000 -0.790996
9.350000 -0.413771
9.400000 -0.924425
9.450000 -0.616317
9.500000 -0.541811
9.550000 -0.102316
9.600000 0.306561
9.650000 0.790107
9.700000 0.330668
9.750000 0.445091
9.800000 -0.336556
9.850000 0.746810
9.900000 0.309392
9.950000 0.824754
10.000000 0.474295
10.050000 0.127923
10.100000 0.082580
10.150000 0.162259
10.200000 -0.415632
10.250000 -0.945360
10.300000 0.019958
10.350000 -0.789810
10.400000 -0.230550
10.450000 -0.610531
10.500000 -0.391350
10.550000 -0.115587
10.600000 0.277522
10.650000 0.107048
10.700000 0.495770
10.750000 -0.270546
10.800000 0.857426
10.850000 -0.638862
10.900000 -0.403633
10.950000 1.087006
11.000000 -0.515335
11.050000 0.544275
11.100000 0.356986
11.150000 -0.410683
11.200000 -1.148501
11.250000 0.201982
11.300000 -0.550652
11.350000 0.836451
11.400000 0.020462
11.450000 0.259526
11.500000 0.265771
11.550000 0.655606
11.600000 -0.134705
11.650000 0.071912
11.700000 0.523187
11.750000 0.209304
11.800000 -0.739651
11.850000 -0.078986
11.900000 0.207891
11.950000 0.477190
12.000000 -0.442826
12.050000 -0.205304
12.100000 -1.085631
12.150000 -0.484496
12.200000 -0.062518
12.250000 0.515559
12.300000 -0.482426
12.350000 0.326578
12.400000 0.638837
12.450000 0.098262
12.500000 0.708464
12.550000 0.033084
12.600000 -0.578300
12.650000 -0.189087
12.700000 0.029655
12.750000 -0.450965
12.800000 -0.090056
12.850000 0.246408
12.900000 -0.170551
12.950000 -1.316018
13.000000 0.132940
13.050000 -0.159234
13.100000 -0.354830
13.150000 0.832642
13.200000 0.285761
13.250000 -0.942058
13.300000 0.377097
13.350000 -0.727747
13.400000 -0.513673
13.450000 0.548168
13.500000 -0.403459
13.550000 0.936961
13.600000 0.395759
13.650000 -0.387860
13.700000 0.361573
13.750000 0.418099
13.800000 0.821063
13.850000 -0.570871
13.900000 -0.533754
13.950000 -0.253976
14.000000 -0.249286
14.050000 0.074168
14.100000 0.438725
14.150000 -0.768897
14.200000 -0.108819
14.250000 -0.965765
14.300000 -0.471578
14.350000 -0.659148
14.400000 0.080081
14.450000 -0.218851
14.500000 -0.726501
14.550000 -0.216003
14.600000 0.239682
14.650000 -0.930490
14.700000 0.539778
14.750000 -0.048552
14.800000 -0.328925
14.850000 0.397941
14.900000 -0.394152
14.950000 0.353630
15.000000 -0.503161
15.050000 0.024531
15.100000 -0.424000
15.150000 0.711415
15.200000 -0.431565
15.250000 -0.881404
15.300000 0.106562
15.350000 -0.489811
15.400000 -0.297308
15.450000 -0.207692
15.500000 -0.837472
15.550000 -1.065531
15.600000 -0.336288
15.650000 -0.312696
15.700000 0.310915
15.750000 0.799073
15.800000 0.210055
15.850000 0.202756
15.900000 -0.633853
15.950000 -0.329951
16.000000 0.247493
16.050000 -1.008617
16.100000 -0.502226
16.150000 0.418294
16.200000 1.183293
16.250000 0.314448
16.300000 0.397317
16.350000 -0.268988
16.400000 -0.678314
16.450000 -0.641871
16.500000 -1.080455
16.550000 -0.007176
16.600000 -0.005656
16.650000 0.074155
16.700000 0.755852
16.750000 -1.371313
16.800000 0.234433
16.850000 0.190833
16.900000 -0.788131
16.950000 -0.580977
17.000000 -0.578317
17.050000 -1.240193
17.100000 0.443027
17.150000 -0.695250
17.200000 -0.352143
17.250000 -0.591228
17.300000 -0.914515
17.350000 -0.411465
17.400000 0.191936
17.450000 -0.068659
17.500000 -0.406852
17.550000 -0.164019
17.600000 0.032405
17.650000 -0.377697
17.700000 -0.394318
17.750000 -0.415556
17.800000 -1.097641
17.850000 0.037468
17.900000 0.108603
17.950000 1.088975
18.000000 -0.557041
18.050000 -0.197215
18.100000 0.375243
18.150000 -0.022706
18.200000 -0.701230
18.250000 -0.109097
18.300000 0.179328
18.350000 0.124100
18.400000 -0.505551
18.450000 -0.141799
18.500000 -0.065121
18.550000 -0.534227
18.600000 0.728148
18.650000 -0.334559
18.700000 0.012370
18.750000 -0.882119
18.800000 0.457573
18.850000 0.950148
18.900000 0.142105
18.950000 -0.520609
19.000000 -0.126847
19.050000 0.479511
19.100000 -0.151785
19.150000 0.722591
19.200000 -0.257259
19.250000 -0.254172
19.300000 0.481853
19.350000 0.241696
19.400000 -0.833548
19.450000 -0.733367
19.500000 -0.028326
19.550000 -0.650214
19.600000 -0.370338
19.650000 -0.796406
19.700000 -1.085983
19.750000 0.309839
19.799999 -0.013104
19.849999 -0.675706
19.899999 -0.483173
19.949999 0.442037
