0.000000 -5.155311
0.050000 -14.363249
0.100000 -6.906739
0.150000 -3.777103
0.200000 -7.647686
0.250000 -10.590687
0.300000 -3.534218
0.350000 10.753483
0.400000 10.968879
0.450000 0.206643
0.500000 -9.729572
0.550000 -5.117524
0.600000 -11.808152
0.650000 -14.432817
0.700000 -1.368633
0.750000 -24.848640
0.800000 1.700269
0.850000 -24.376608
0.900000 -6.453343
0.950000 -3.380789
1.000000 14.974391
1.050000 4.396582
1.100000 3.990906
1.150000 3.233410
1.200000 3.199160
1.250000 13.164801
1.300000 -8.984316
1.350000 2.830866
1.400000 -12.428726
1.450000 -24.312138
1.500000 -1.071141
1.550000 2.518626
1.600000 -7.184215
1.650000 9.437364
1.700000 3.908148
1.750000 6.690964
1.800000 13.053542
1.850000 11.617243
1.900000 -6.988075
1.950000 -15.598848
2.000000 -12.489866
2.050000 -15.087145
2.100000 2.964874
2.150000 1.037821
2.200000 14.421888
2.250000 19.390442
2.300000 22.242788
2.350000 19.507980
2.400000 -1.242280
2.450000 -18.494434
2.500000 -18.657902
2.550000 -43.866642
2.600000 -49.816635
2.650000 -56.402168
2.700000 -48.031059
2.750000 -23.424147
2.800000 10.752934
2.850000 59.236553
2.900000 85.504227
2.950000 81.833771
3.000000 88.870132
3.050000 71.330231
3.100000 9.874530
3.150000 -43.176109
3.200000 -88.035202
3.250000 -108.189346
3.300000 -92.931938
3.350000 -97.439812
3.400000 -53.117081
3.450000 -34.730038
3.500000 44.388313
3.550000 66.494629
3.600000 76.695023
3.650000 84.627655
3.700000 80.372154
3.750000 38.357071
3.800000 -0.338181
3.850000 -31.326988
3.900000 -61.888985
3.950000 -97.788025
4.000000 -88.185394
4.050000 -76.895096
4.100000 -21.830835
4.150000 2.910293
4.200000 36.942593
4.250000 54.316135
4.300000 65.260567
4.350000 66.778061
4.400000 39.678741
4.450000 25.183603
4.500000 -7.919311
4.550000 -31.290531
4.600000 -61.216343
4.650000 -56.170822
4.700000 -59.521797
4.750000 -27.504452
4.800000 -6.004281
4.850000 25.183704
4.900000 46.443939
4.950000 65.718025
5.000000 41.037300
5.050000 39.078625
5.100000 32.343636
5.150000 0.179952
5.200000 -26.442902
5.250000 -29.879036
5.300000 -26.502243
5.350000 -33.680046
5.400000 -52.272800
5.450000 -3.941772
5.500000 -0.135900
5.550000 25.865549
5.600000 45.659309
5.650000 37.731293
5.700000 41.263767
5.750000 32.808399
5.800000 14.633318
5.850000 -8.849969
5.900000 -26.590836
5.950000 -15.394259
6.000000 -32.326580
6.050000 -18.157093
6.100000 -3.447901
6.150000 17.428024
6.200000 28.852087
6.250000 25.522169
6.300000 17.350637
6.350000 13.146177
6.400000 1.352505
6.450000 9.362260
6.500000 2.229575
6.550000 -24.739571
6.600000 -11.199928
6.650000 -19.255009
6.700000 -15.832335
6.750000 2.142422
6.800000 5.330039
6.850000 14.683688
6.900000 12.828317
6.950000 14.745217
7.000000 -10.655480
7.050000 -6.417380
7.100000 0.577132
7.150000 1.590377
7.200000 -2.705075
7.250000 8.952402
7.300000 -5.092178
7.350000 -2.586365
7.400000 20.751265
7.450000 15.137507
7.500000 26.731424
7.550000 29.306150
7.600000 33.153221
7.650000 15.487982
7.700000 4.550185
7.750000 2.358433
7.800000 -9.063578
7.850000 -14.914168
7.900000 -16.074181
7.950000 -6.613052
7.999999 2.250230
8.049999 2.347888
8.100000 10.750189
8.150000 20.551613
8.200000 3.758663
8.250000 2.377725
8.300000 4.293687
8.350000 1.337799
8.400000 16.623898
8.450000 -0.217234
8.500000 -15.221816
8.549999 -8.196656
8.599999 0.716879
8.650000 -3.278299
8.700000 5.418872
8.750000 -1.261787
8.800000 -2.018724
8.850000 -8.059132
8.900000 -6.726752
8.950000 3.278277
9.000000 1.788037
9.050000 9.342804
9.099999 -12.393963
9.149999 -8.723938
9.200000 0.468702
9.250000 -9.445998
9.300000 -22.793941
9.350000 -1.543663
9.400000 5.582882
9.450000 9.912051
9.500000 -0.863475
9.550000 7.995168
9.600000 4.168224
9.649999 2.073098
9.699999 -19.954142
9.750000 4.105044
9.800000 -2.050675
9.850000 -11.998674
9.900000 -0.257600
9.950000 -4.126417
10.000000 3.521976
10.050000 -9.036526
10.100000 -8.779757
10.150000 4.404194
10.199999 14.058867
10.249999 10.439877
10.300000 -0.426034
10.350000 -2.727131
10.400000 -2.083487
10.450000 -15.630335
10.500000 -11.907844
10.550000 -0.398698
10.600000 18.096241
10.650000 23.455042
10.700000 5.624619
10.749999 -7.603207
10.799999 2.386066
10.849999 9.411932
10.900000 2.119206
10.950000 -4.288738
11.000000 8.520114
11.050000 1.389329
11.100000 4.526123
11.150000 -16.851637
11.200000 -10.967249
11.250000 -9.294398
11.299999 8.687795
11.349999 -0.235865
11.399999 -2.669281
11.450000 -20.469406
11.500000 -2.307138
11.550000 7.706287
11.600000 10.086267
11.650000 7.760850
11.700000 10.872333
11.750000 7.978614
11.800000 3.989568
11.849999 7.753036
11.899999 -4.404261
11.949999 2.549798
12.000000 5.319938
12.050000 -0.554764
12.100000 7.850700
12.150000 5.369901
12.200000 -4.585248
12.250000 4.436199
12.300000 12.503733
12.350000 7.060245
12.399999 7.346657
12.449999 23.182657
12.499999 12.728539
12.550000 -10.725600
12.600000 4.305505
12.650000 -8.334570
12.700000 2.701722
12.750000 4.990538
12.800000 1.074024
12.850000 17.606245
12.900000 21.388330
12.949999 -1.645584
12.999999 9.817772
13.049999 2.229110
13.100000 5.445510
13.150000 14.698440
13.200000 -14.447303
13.250000 6.764777
13.300000 16.329184
13.350000 -6.876070
13.400000 3.412423
13.450000 9.249877
13.499999 -9.278707
13.549999 11.557106
13.599999 -6.621185
13.650000 1.923348
13.700000 10.779753
13.750000 1.490947
13.800000 3.252904
13.850000 7.004785
13.900000 -0.047093
13.950000 -0.973101
14.000000 -14.605329
14.049999 -4.916143
14.099999 9.375705
14.149999 -4.339286
14.200000 4.400648
14.250000 5.540334
14.300000 -6.433189
14.350000 13.062022
14.400000 -4.237633
14.450000 13.503347
14.500000 -2.144207
14.549999 11.729769
14.599999 -7.482587
14.649999 -12.451095
14.699999 -7.646380
14.750000 7.575932
14.800000 4.271477
14.850000 14.227429
14.900000 -4.139905
14.950000 -2.384192
15.000000 -7.778730
15.050000 -0.589795
15.099999 6.296901
15.149999 -8.935180
15.199999 -10.704492
15.249999 2.206360
15.299999 -4.078974
15.350000 -12.115373
15.400000 -1.991301
15.450000 5.326418
15.500000 8.588325
15.550000 10.555383
15.600000 4.787673
15.650000 11.110652
15.699999 1.041390
15.750000 7.608433
15.799999 -5.975007
15.850000 3.834985
15.899999 -9.763123
15.950000 1.536673
15.999999 4.678421
16.050000 -6.455272
16.099999 3.443370
16.150000 4.275204
16.200000 14.006025
16.249999 11.588322
16.300000 6.452553
16.349999 7.018140
16.400000 -7.477356
16.449999 -4.143226
16.500000 -1.806198
16.549999 -3.836608
16.600000 19.181894
16.649999 -5.677971
16.700000 6.881560
16.750000 -4.301280
16.799999 6.544198
16.850000 13.528963
16.899999 14.607158
16.950000 -3.046966
16.999999 1.342221
17.050000 -0.550714
17.099999 2.021066
17.150000 12.177682
17.199999 19.657494
17.250000 2.523556
17.300000 6.522727
17.349999 16.448692
17.400000 2.713906
17.449999 13.047419
17.500000 10.235972
17.549999 -17.887650
17.600000 5.727971
17.649999 15.779687
17.700000 -5.986488
17.749999 6.636305
17.800000 -5.620838
17.850000 -4.267528
17.899999 4.995486
17.950000 -5.475659
17.999999 -2.362549
18.050000 -0.248314
18.099999 13.068026
18.150000 11.058862
18.199999 -11.172407
18.250000 4.627949
18.299999 6.715552
18.350000 -10.365627
18.400000 11.957260
18.449999 -4.583505
18.500000 1.431109
18.549999 -2.546908
18.600000 3.753289
18.649999 -9.894757
18.700000 7.277633
18.749999 2.690802
18.800000 5.705260
18.849999 -2.997966
18.900000 21.256098
18.950000 11.496114
18.999999 -0.214947
19.050000 -1.043409
19.099999 0.650843
19.150000 8.745136
19.199999 -5.773467
19.250000 -5.686791
19.299999 -8.086356
19.350000 0.765818
19.399999 -5.274606
19.450000 2.701822
19.500000 -1.796525
19.549999 -5.293176
19.600000 -7.435991
19.649999 6.439539
19.700000 7.755499
19.749999 15.853024
19.800000 -2.664510
19.849999 6.726824
19.900000 -12.774897
19.949999 -22.972433
