0.000000 -16.496607
0.050000 2.643109
0.100000 -0.079262
0.150000 -1.567348
0.200000 0.534951
0.250000 4.408473
0.300000 -9.618990
0.350000 8.702341
0.400000 -5.677309
0.450000 -5.854981
0.500000 5.127519
0.550000 -5.969946
0.600000 -3.478567
0.650000 -9.562373
0.700000 -2.225179
0.750000 3.287608
0.800000 -1.967945
0.850000 -10.643948
0.900000 -4.147323
0.950000 6.206132
1.000000 18.347334
1.050000 -12.673974
1.100000 -1.635359
1.150000 -8.494191
1.200000 1.288858
1.250000 -5.853677
1.300000 -8.091154
1.350000 0.596963
1.400000 -12.446498
1.450000 -8.344945
1.500000 -13.288686
1.550000 -13.218575
1.600000 5.529122
1.650000 14.845732
1.700000 13.692296
1.750000 14.054349
1.800000 7.405200
1.850000 33.272911
1.900000 57.903893
1.950000 42.564655
2.000000 36.064648
2.050000 6.369549
2.100000 -33.499969
2.150000 -36.463982
2.200000 -57.276512
2.250000 -33.080231
2.300000 11.286760
2.350000 51.548656
2.400000 85.613525
2.450000 89.375206
2.500000 26.185999
2.550000 -27.252169
2.600000 -81.359856
2.650000 -95.180893
2.700000 -66.494080
2.750000 -19.029613
2.800000 12.376785
2.850000 16.928379
2.900000 18.498819
2.950000 0.958281
3.000000 -16.283199
3.050000 -15.163490
3.100000 -18.568552
3.150000 -8.125808
3.200000 5.699243
3.250000 0.802764
3.300000 4.760546
3.350000 -12.505365
3.400000 -11.950247
3.450000 -6.431568
3.500000 -3.514155
3.550000 6.287710
3.600000 10.306054
3.650000 2.788560
3.700000 -7.391485
3.750000 -5.171610
3.800000 -6.781739
3.850000 -28.425829
3.900000 11.958071
3.950000 -7.111615
4.000000 3.946323
4.050000 2.034708
4.100000 6.050106
4.150000 0.465702
4.200000 -18.213276
4.250000 1.114816
4.300000 -2.193588
4.350000 -5.441841
4.400000 2.211373
4.450000 13.451267
4.500000 7.049407
4.550000 -1.185758
4.600000 -0.497950
4.650000 5.003857
4.700000 -0.288236
4.750000 1.953623
4.800000 -4.903356
4.850000 -17.784365
4.900000 -2.761337
4.950000 13.211911
5.000000 10.101078
5.050000 15.098666
5.100000 10.162098
5.150000 2.480862
5.200000 2.487017
5.250000 -1.214025
5.300000 -4.297848
5.350000 16.571722
5.400000 1.848941
5.450000 7.527360
5.500000 5.615996
5.550000 12.847276
5.600000 11.272109
5.650000 -1.020553
5.700000 -4.340600
5.750000 1.981672
5.800000 9.914042
5.850000 -13.601210
5.900000 -2.081310
5.950000 -4.519367
6.000000 -6.270186
6.050000 -0.506791
6.100000 -11.036139
6.150000 8.185735
6.200000 -2.464647
6.250000 0.106212
6.300000 -3.757442
6.350000 1.602151
6.400000 14.396771
6.450000 -13.743330
6.500000 -4.820378
6.550000 -1.221436
6.600000 -4.563720
6.650000 6.085736
6.700000 9.146606
6.750000 2.455648
6.800000 12.853519
6.850000 10.373114
6.900000 7.719360
6.950000 5.345946
7.000000 -0.046434
7.050000 -0.571298
7.100000 -10.989535
7.150000 -8.105318
7.200000 0.524948
7.250000 9.740813
7.300000 -16.752300
7.350000 -4.851184
7.400000 10.840734
7.450000 0.025122
7.500000 1.967103
7.550000 -1.027017
7.600000 0.159520
7.650000 9.009582
7.700000 5.378794
7.750000 7.579184
7.800000 -0.632982
7.850000 2.261026
7.900000 3.022851
7.950000 -27.770407
7.999999 -11.309972
8.049999 6.064007
8.100000 5.292178
8.150000 5.933042
8.200000 14.395694
8.250000 9.283714
8.300000 8.564122
8.350000 -1.598021
8.400000 6.376806
8.450000 1.578087
8.500000 -1.009636
8.549999 11.144140
8.599999 -1.101314
8.650000 0.756513
8.700000 -5.063177
8.750000 6.066945
8.800000 17.089363
8.850000 -0.421731
8.900000 -1.460062
8.950000 6.609050
9.000000 -1.527653
9.050000 2.377966
9.099999 -1.651294
9.149999 -0.333053
9.200000 -4.362747
9.250000 -17.713099
9.300000 -1.151648
9.350000 0.829015
9.400000 0.307782
9.450000 -1.561540
9.500000 7.737143
9.550000 -3.400644
9.600000 10.733438
9.649999 -2.674767
9.699999 0.446420
9.750000 -6.846527
9.800000 -8.723413
9.850000 8.007775
9.900000 1.543065
9.950000 3.131137
10.000000 0.316925
10.050000 8.796932
10.100000 -1.480339
10.150000 0.218786
10.199999 -2.722021
10.249999 7.873191
10.300000 -8.418940
10.350000 -7.155374
10.400000 9.492454
10.450000 5.204263
10.500000 0.699201
10.550000 17.357738
10.600000 5.826683
10.650000 -7.330242
10.700000 13.501103
10.749999 -6.409908
10.799999 -12.162681
10.849999 9.652311
10.900000 3.979141
10.950000 -7.510750
11.000000 -4.011286
11.050000 10.154807
11.100000 0.456787
11.150000 -15.472383
11.200000 -6.930034
11.250000 4.258945
11.299999 -6.788478
11.349999 1.956383
11.399999 -2.336227
11.450000 -7.940361
11.500000 -2.589415
11.550000 0.090856
11.600000 6.517004
11.650000 3.858196
11.700000 -0.196930
11.750000 -0.125972
11.800000 6.362736
11.849999 8.450886
11.899999 17.672312
11.949999 -3.902611
12.000000 -3.223795
12.050000 8.687144
12.100000 2.330517
12.150000 -3.465682
12.200000 -4.919691
12.250000 -3.264008
12.300000 -7.070578
12.350000 7.192642
12.399999 -9.983412
12.449999 -5.995841
12.499999 2.115680
12.550000 4.435130
12.600000 -4.585553
12.650000 12.820782
12.700000 14.203556
12.750000 24.223911
12.800000 -8.602558
12.850000 -0.141106
12.900000 -4.863733
12.949999 -2.893423
12.999999 -6.777283
13.049999 20.505968
13.100000 -9.045352
13.150000 8.380744
13.200000 -0.685431
13.250000 3.436714
13.300000 -5.454203
13.350000 -16.593773
13.400000 6.811958
13.450000 -4.801493
13.499999 2.273634
13.549999 1.392423
13.599999 14.846691
13.650000 11.908636
13.700000 -5.960187
13.750000 -2.685505
13.800000 -3.291778
13.850000 3.118383
13.900000 6.630437
13.950000 11.833264
14.000000 4.835379
14.049999 -2.579559
14.099999 -9.276099
14.149999 7.650749
14.200000 -0.165768
14.250000 10.080810
14.300000 -1.530473
14.350000 5.349624
14.400000 -1.611241
14.450000 2.584098
14.500000 2.091768
14.549999 -6.852178
14.599999 -3.508954
14.649999 -3.240463
14.699999 2.567103
14.750000 -9.781962
14.800000 -16.289099
14.850000 -7.270565
14.900000 1.458882
14.950000 12.825355
15.000000 7.023438
15.050000 -4.143115
15.099999 0.118006
15.149999 8.728264
15.199999 -11.089146
15.249999 -1.981945
15.299999 0.850647
15.350000 1.818291
15.400000 1.501553
15.450000 8.913822
15.500000 7.174751
15.550000 4.845102
15.600000 3.092070
15.650000 16.866777
15.699999 -8.696414
15.750000 2.786839
15.799999 5.507205
15.850000 -9.502673
15.899999 11.942632
15.950000 6.264159
15.999999 12.968966
16.050000 3.687836
16.099999 10.914478
16.150000 4.603116
16.200000 -2.380611
16.249999 -2.556833
16.300000 -12.812718
16.349999 -5.783572
16.400000 -3.405337
16.449999 -5.091685
16.500000 0.127123
16.549999 -8.118169
16.600000 -6.947330
16.649999 -14.413660
16.700000 1.171929
16.750000 -8.900528
16.799999 -2.851723
16.850000 -2.187260
16.899999 3.351094
16.950000 15.090777
16.999999 14.084083
17.050000 -7.343608
17.099999 6.355636
17.150000 1.642991
17.199999 -5.597873
17.250000 -6.445637
17.300000 0.243262
17.349999 -9.547345
17.400000 -3.097019
17.449999 9.428215
17.500000 14.842816
17.549999 9.831501
17.600000 -10.559751
17.649999 11.122599
17.700000 1.442703
17.749999 -6.166502
17.800000 -8.505404
17.850000 5.296978
17.899999 -2.398621
17.950000 -1.564236
17.999999 -1.492394
18.050000 -1.730570
18.099999 11.740135
18.150000 -5.039005
18.199999 -4.327600
18.250000 -2.861959
18.299999 -5.654013
18.350000 0.617123
18.400000 -1.114819
18.449999 -5.840904
18.500000 8.274169
18.549999 -1.782606
18.600000 7.529461
18.649999 16.909111
18.700000 3.479872
18.749999 -2.746707
18.800000 4.881825
18.849999 -8.377004
18.900000 -12.397946
18.950000 15.099121
18.999999 -6.916517
19.050000 -4.509508
19.099999 -1.387295
19.150000 2.177073
19.199999 4.982739
19.250000 7.125338
19.299999 3.919715
19.350000 1.151463
19.399999 -20.293243
19.450000 3.781336
19.500000 3.033405
19.549999 9.573773
19.600000 1.371203
19.649999 13.378138
19.700000 2.296349
19.749999 1.170115
19.800000 -1.445827
19.849999 10.600520
19.900000 -7.526524
19.949999 -5.703715
