0.000000 2.359997
0.050000 1.185151
0.100000 -0.528245
0.150000 -0.322025
0.200000 -0.511076
0.250000 -0.062926
0.300000 -1.242425
0.350000 -1.233209
0.400000 1.582121
0.450000 0.803877
0.500000 0.973086
0.550000 2.007745
0.600000 -0.050222
0.650000 0.316338
0.700000 -0.786833
0.750000 0.264335
0.800000 -1.459560
0.850000 1.007867
0.900000 -1.807421
0.950000 0.521009
1.000000 -0.865090
1.050000 0.671481
1.100000 1.387625
1.150000 1.733141
1.200000 0.010532
1.250000 2.343442
1.300000 -1.823751
1.350000 0.251998
1.400000 0.369942
1.450000 1.440391
1.500000 -0.545886
1.550000 1.448552
1.600000 -1.622120
1.650000 0.813217
1.700000 0.284403
1.750000 -1.987142
1.800000 -0.134719
1.850000 1.034048
1.900000 0.366292
1.950000 0.638595
2.000000 0.227415
2.050000 1.107686
2.100000 -0.804854
2.150000 -3.387849
2.200000 -3.894713
2.250000 -4.683512
2.300000 -6.330028
2.350000 -3.401374
2.400000 -0.258381
2.450000 3.365768
2.500000 6.064881
2.550000 10.279090
2.600000 10.897774
2.650000 7.335281
2.700000 -0.536383
2.750000 -7.342978
2.800000 -13.384453
2.850000 -14.135940
2.900000 -13.298229
2.950000 -6.320709
3.000000 3.277048
3.050000 9.231051
3.100000 14.526633
3.150000 14.259726
3.200000 9.172791
3.250000 3.783062
3.300000 -4.820569
3.350000 -10.408467
3.400000 -13.087105
3.450000 -9.127590
3.500000 -5.192108
3.550000 -0.194402
3.600000 5.177733
3.650000 9.345402
3.700000 11.083092
3.750000 6.760712
3.800000 3.236412
3.850000 -1.128897
3.900000 -4.271748
3.950000 -4.875038
4.000000 -4.405571
4.050000 -0.659796
4.100000 0.361521
4.150000 3.242636
4.200000 5.972435
4.250000 4.930175
4.300000 2.877306
4.350000 -1.539492
4.400000 -3.648863
4.450000 -5.117681
4.500000 -0.198623
4.550000 -1.192261
4.600000 -0.495410
4.650000 2.231744
4.700000 2.833347
4.750000 1.941047
4.800000 1.253226
4.850000 -1.658336
4.900000 -2.678471
4.950000 -2.830527
5.000000 -3.772685
5.050000 0.248771
5.100000 2.053946
5.150000 2.873828
5.200000 4.650898
5.250000 3.412472
5.300000 2.611518
5.350000 0.265553
5.400000 -1.020224
5.450000 -4.393167
5.500000 -4.965272
5.550000 -2.630214
5.600000 1.280477
5.650000 1.177198
5.700000 4.652349
5.750000 2.099562
5.800000 1.725609
5.850000 0.630776
5.900000 -0.650727
5.950000 -3.466941
6.000000 -1.253197
6.050000 -2.468145
6.100000 -0.384201
6.150000 0.171780
6.200000 0.882788
6.250000 2.380471
6.300000 1.466298
6.350000 2.890787
6.400000 -1.014007
6.450000 1.626898
6.500000 -3.071505
6.550000 -3.513095
6.600000 -1.847848
6.650000 -2.201390
6.700000 -0.867948
6.750000 -0.357520
6.800000 0.882618
6.850000 0.885500
6.900000 -0.451033
6.950000 0.929867
7.000000 0.970160
7.050000 0.669405
7.100000 -0.816139
7.150000 1.229913
7.200000 -1.839055
7.250000 -2.057227
7.300000 -1.914383
7.350000 1.426934
7.400000 -0.350080
7.450000 -1.532549
7.500000 -0.226386
7.550000 2.334333
7.600000 1.922120
7.650000 -1.230231
7.700000 -2.072876
7.750000 0.255334
7.800000 -0.240075
7.850000 1.110775
7.900000 0.469728
7.950000 -1.613143
7.999999 -2.276870
8.049999 -0.107573
8.100000 1.214601
8.150000 -1.508560
8.200000 0.917714
8.250000 -0.934011
8.300000 0.039589
8.350000 1.164241
8.400000 0.839542
8.450000 0.723803
8.500000 1.632315
8.549999 1.463584
8.599999 0.840781
8.650000 0.395899
8.700000 0.125014
8.750000 0.065783
8.800000 -1.086791
8.850000 1.561102
8.900000 1.412494
8.950000 0.919613
9.000000 0.037438
9.050000 1.047184
9.099999 2.069430
9.149999 1.104583
9.200000 -0.481322
9.250000 -1.094565
9.300000 -0.403622
9.350000 -0.764782
9.400000 -0.985952
9.450000 0.627657
9.500000 -0.065127
9.550000 2.739526
9.600000 2.189552
9.649999 -0.125660
9.699999 1.838240
9.750000 1.185016
9.800000 -0.186569
9.850000 1.295802
9.900000 2.408877
9.950000 0.598892
10.000000 2.056967
10.050000 0.202580
10.100000 -0.958065
10.150000 -1.539119
10.199999 0.931148
10.249999 1.628803
10.300000 3.738216
10.350000 0.284446
10.400000 -0.336496
10.450000 1.647365
10.500000 1.657013
10.550000 -0.158547
10.600000 -0.693653
10.650000 2.932846
10.700000 0.410505
10.749999 1.110649
10.799999 0.076945
10.849999 -0.243069
10.900000 1.455529
10.950000 0.810947
11.000000 0.484050
11.050000 -0.008000
11.100000 -0.936772
11.150000 0.470074
11.200000 1.213094
11.250000 0.913918
11.299999 1.427958
11.349999 1.867722
11.399999 -0.081068
11.450000 2.406714
11.500000 -1.360090
11.550000 0.006622
11.600000 -0.669814
11.650000 0.080960
11.700000 -0.417916
11.750000 1.178455
11.800000 0.023431
11.849999 1.399107
11.899999 0.544975
11.949999 -1.046549
12.000000 3.002307
12.050000 -0.396639
12.100000 0.510414
12.150000 -0.679469
12.200000 0.838400
12.250000 -0.183034
12.300000 0.612544
12.350000 1.870387
12.399999 -1.003086
12.449999 -0.685402
12.499999 -0.823270
12.550000 3.174268
12.600000 1.201413
12.650000 -1.317732
12.700000 -1.081841
12.750000 -0.468202
12.800000 -0.916643
12.850000 -1.165713
12.900000 -0.911782
12.949999 -0.453117
12.999999 -1.476810
13.049999 -1.166977
13.100000 0.867443
13.150000 -1.690244
13.200000 -0.321663
13.250000 1.354201
13.300000 1.760246
13.350000 0.070833
13.400000 1.505508
13.450000 0.227611
13.499999 -1.224027
13.549999 -1.582185
13.599999 -0.517442
13.650000 0.550251
13.700000 -3.250957
13.750000 1.372301
13.800000 1.212210
13.850000 0.897443
13.900000 -0.374660
13.950000 1.089419
14.000000 -2.200567
14.049999 -1.768552
14.099999 0.465871
14.149999 1.228759
14.200000 -1.367206
14.250000 -1.002923
14.300000 -2.198189
14.350000 2.374011
14.400000 -0.759897
14.450000 -0.172891
14.500000 1.094851
14.549999 0.389925
14.599999 0.454762
14.649999 -0.039826
14.699999 -0.508432
14.750000 1.040735
14.800000 -0.910341
14.850000 -0.618576
14.900000 1.789093
14.950000 -2.097792
15.000000 0.500751
15.050000 0.845473
15.099999 0.764488
15.149999 2.153205
15.199999 0.569138
15.249999 0.149542
15.299999 -1.315813
15.350000 -3.614561
15.400000 -0.335788
15.450000 -0.744457
15.500000 -1.332874
15.550000 0.831399
15.600000 -0.011445
15.650000 0.695358
15.699999 -0.905197
15.750000 1.864087
15.799999 0.498323
15.850000 -1.562528
15.899999 -1.328354
15.950000 0.232192
15.999999 -2.139892
16.050000 0.872759
16.099999 0.363011
16.150000 -0.018230
16.200000 0.459302
16.249999 -1.098242
16.300000 -1.371578
16.349999 -0.485888
16.400000 1.472781
16.449999 0.609772
16.500000 0.181839
16.549999 0.361695
16.600000 0.371896
16.649999 0.645942
16.700000 1.515291
16.750000 1.446044
16.799999 0.651917
16.850000 0.773765
16.899999 -0.866574
16.950000 0.634826
16.999999 0.526287
17.050000 1.099445
17.099999 0.173722
17.150000 0.955773
17.199999 0.739452
17.250000 1.670506
17.300000 0.501020
17.349999 -1.302358
17.400000 -1.189278
17.449999 -0.719218
17.500000 0.428764
17.549999 -0.653688
17.600000 -0.494873
17.649999 1.500859
17.700000 0.612158
17.749999 -0.254060
17.800000 0.632806
17.850000 0.149689
17.899999 -0.600649
17.950000 -1.650490
17.999999 -1.713172
18.050000 -1.919288
18.099999 0.750817
18.150000 -1.704623
18.199999 -0.134924
18.250000 1.350400
18.299999 1.087514
18.350000 0.730164
18.400000 0.055905
18.449999 2.378499
18.500000 0.360718
18.549999 -1.139729
18.600000 -0.029157
18.649999 -0.633682
18.700000 -0.519448
18.749999 0.315387
18.800000 -0.067691
18.849999 -0.675349
18.900000 -1.057360
18.950000 0.994304
18.999999 0.539505
19.050000 0.849406
19.099999 0.406088
19.150000 0.545770
19.199999 -0.462659
19.250000 1.150269
19.299999 0.059539
19.350000 0.034636
19.399999 0.007414
19.450000 1.124092
19.500000 0.698949
19.549999 -0.966411
19.600000 0.171584
19.649999 0.367981
19.700000 1.649415
19.749999 -0.359892
19.800000 0.576324
19.849999 -1.802517
19.900000 1.973557
19.949999 0.518765
