0.000000 3.823806
0.050000 5.736178
0.100000 -1.707930
0.150000 -2.092173
0.200000 3.350904
0.250000 1.714098
0.300000 2.533239
0.350000 -0.154501
0.400000 6.677183
0.450000 3.245747
0.500000 4.406576
0.550000 -4.754011
0.600000 1.274861
0.650000 3.887146
0.700000 -3.758011
0.750000 2.140157
0.800000 -7.132735
0.850000 -2.619579
0.900000 -0.725036
0.950000 4.696648
1.000000 1.714821
1.050000 6.181478
1.100000 1.366969
1.150000 -2.425992
1.200000 -3.474884
1.250000 -0.646954
1.300000 -6.848926
1.350000 5.734397
1.400000 -1.380588
1.450000 -0.510409
1.500000 -4.032100
1.550000 4.604343
1.600000 -2.742007
1.650000 11.882904
1.700000 9.907625
1.750000 6.752130
1.800000 11.106565
1.850000 -1.893729
1.900000 -20.269753
1.950000 -27.837553
2.000000 -36.356110
2.050000 -25.207119
2.100000 7.671106
2.150000 29.610016
2.200000 51.851986
2.250000 25.821716
2.300000 -9.694482
2.350000 -50.258606
2.400000 -54.789284
2.450000 -32.774944
2.500000 5.809930
2.550000 29.675745
2.600000 40.538288
2.650000 2.047859
2.700000 -18.894821
2.750000 -30.958628
2.800000 -19.495777
2.850000 10.450873
2.900000 32.808418
2.950000 31.543839
3.000000 12.582531
3.050000 -9.241274
3.100000 -26.537794
3.150000 -16.015360
3.200000 1.105410
3.250000 13.084169
3.300000 11.068803
3.350000 -3.193131
3.400000 -17.272074
3.450000 -12.175754
3.500000 -14.384857
3.550000 5.013881
3.600000 15.131739
3.650000 7.938480
3.700000 2.026731
3.750000 -5.610232
3.800000 -10.949599
3.850000 -1.324184
3.900000 2.817949
3.950000 2.516901
4.000000 8.371706
4.050000 -7.363742
4.100000 -2.549304
4.150000 -2.223829
4.200000 -0.381008
4.250000 2.587507
4.300000 3.572003
4.350000 3.409132
4.400000 -3.362305
4.450000 0.925817
4.500000 -8.034903
4.550000 -5.303251
4.600000 -0.851944
4.650000 0.649962
4.700000 6.274553
4.750000 4.694560
4.800000 4.968820
4.850000 2.371426
4.900000 3.582782
4.950000 -4.546207
5.000000 1.344422
5.050000 -5.394548
5.100000 1.199487
5.150000 -4.131052
5.200000 -0.806862
5.250000 -1.501117
5.300000 2.594071
5.350000 7.344585
5.400000 -2.192595
5.450000 2.959503
5.500000 3.813861
5.550000 0.274111
5.600000 -0.630388
5.650000 -3.417222
5.700000 -11.611353
5.750000 -3.796349
5.800000 1.186209
5.850000 -5.261711
5.900000 -5.860450
5.950000 3.262415
6.000000 -4.374363
6.050000 0.828364
6.100000 3.835936
6.150000 2.605210
6.200000 -0.161289
6.250000 -2.311329
6.300000 -0.780532
6.350000 -3.672831
6.400000 0.761496
6.450000 5.435018
6.500000 -1.337555
6.550000 8.214298
6.600000 2.172286
6.650000 2.219560
6.700000 8.867711
6.750000 2.112968
6.800000 -7.650919
6.850000 1.648507
6.900000 0.947775
6.950000 7.682847
7.000000 -0.799485
7.050000 -1.711159
7.100000 3.373597
7.150000 5.064878
7.200000 1.028570
7.250000 7.352103
7.300000 -1.844700
7.350000 0.399531
7.400000 10.710391
7.450000 9.554355
7.500000 -1.604881
7.550000 -5.036548
7.600000 -2.037896
7.650000 3.444717
7.700000 1.357212
7.750000 -0.932684
7.800000 0.627634
7.850000 -1.725721
7.900000 1.292681
7.950000 1.654687
7.999999 -3.098367
8.049999 -0.000513
8.100000 0.905429
8.150000 6.635916
8.200000 -0.203090
8.250000 3.449179
8.300000 0.803509
8.350000 -1.339765
8.400000 -3.680024
8.450000 -0.262434
8.500000 -0.507823
8.549999 1.981399
8.599999 7.644130
8.650000 1.574399
8.700000 -0.313291
8.750000 2.696773
8.800000 8.497137
8.850000 4.447187
8.900000 0.229804
8.950000 4.680226
9.000000 0.473626
9.050000 2.928867
9.099999 -1.758966
9.149999 1.510661
9.200000 -3.399427
9.250000 -2.798025
9.300000 2.582735
9.350000 1.928985
9.400000 -5.221793
9.450000 2.086590
9.500000 4.838134
9.550000 2.758180
9.600000 0.469442
9.649999 -3.671642
9.699999 1.161487
9.750000 -8.130795
9.800000 2.801242
9.850000 -1.747109
9.900000 -2.015241
9.950000 7.095764
10.000000 -7.530330
10.050000 -0.577338
10.100000 -2.907540
10.150000 -1.392045
10.199999 4.701420
10.249999 4.360860
10.300000 5.564849
10.350000 1.494236
10.400000 -1.502984
10.450000 7.063730
10.500000 0.587185
10.550000 0.983930
10.600000 3.500112
10.650000 7.557909
10.700000 4.652231
10.749999 11.818647
10.799999 -0.026465
10.849999 -1.387442
10.900000 4.228404
10.950000 7.055780
11.000000 0.392046
11.050000 -0.352072
11.100000 -1.537253
11.150000 -6.961098
11.200000 -1.228039
11.250000 3.088417
11.299999 -6.007584
11.349999 -0.697311
11.399999 -7.923721
11.450000 -3.384909
11.500000 4.395849
11.550000 -1.188872
11.600000 -4.369257
11.650000 7.546501
11.700000 -9.197890
11.750000 -9.022453
11.800000 5.471838
11.849999 2.060314
11.899999 5.444058
11.949999 2.467443
12.000000 -2.030974
12.050000 -5.271353
12.100000 0.907920
12.150000 -5.737225
12.200000 3.744870
12.250000 -4.208317
12.300000 -2.605887
12.350000 -9.919071
12.399999 -0.901016
12.449999 -6.427528
12.499999 6.007422
12.550000 -0.796033
12.600000 -1.366602
12.650000 -5.796978
12.700000 -2.424523
12.750000 2.826408
12.800000 -2.624238
12.850000 1.572565
12.900000 7.718937
12.949999 2.809638
12.999999 6.058564
13.049999 -0.974481
13.100000 -7.368956
13.150000 -4.132399
13.200000 2.112843
13.250000 0.746455
13.300000 0.731242
13.350000 4.471423
13.400000 -0.202200
13.450000 2.046280
13.499999 6.179754
13.549999 -4.608396
13.599999 4.744895
13.650000 -1.870165
13.700000 -0.325031
13.750000 6.548302
13.800000 7.070408
13.850000 1.993602
13.900000 -3.369617
13.950000 -1.620055
14.000000 1.920687
14.049999 -1.564057
14.099999 4.056493
14.149999 2.542951
14.200000 7.586408
14.250000 -7.209124
14.300000 -4.873420
14.350000 -8.337113
14.400000 6.414847
14.450000 1.552319
14.500000 -4.392251
14.549999 2.156286
14.599999 2.288848
14.649999 1.054925
14.699999 7.159449
14.750000 -1.661065
14.800000 -1.510585
14.850000 -4.667138
14.900000 0.654755
14.950000 -0.487093
15.000000 -7.147085
15.050000 5.070023
15.099999 1.418895
15.149999 -2.120554
15.199999 3.771572
15.249999 0.475769
15.299999 -1.618625
15.350000 1.215739
15.400000 6.817804
15.450000 -1.645133
15.500000 6.211180
15.550000 -3.694262
15.600000 5.610127
15.650000 9.331271
15.699999 2.728366
15.750000 4.784591
15.799999 -3.999277
15.850000 -2.567399
15.899999 0.056555
15.950000 4.037660
15.999999 4.388989
16.050000 5.970826
16.099999 -7.128038
16.150000 7.895426
16.200000 0.290391
16.249999 0.448399
16.300000 2.676523
16.349999 7.072779
16.400000 -0.874554
16.449999 5.509705
16.500000 3.024642
16.549999 0.146090
16.600000 2.263665
16.649999 3.932846
16.700000 2.559626
16.750000 0.153544
16.799999 5.923354
16.850000 1.252329
16.899999 -3.173709
16.950000 4.530330
16.999999 -5.385905
17.050000 -1.552011
17.099999 -5.324692
17.150000 -1.840111
17.199999 3.354129
17.250000 5.725698
17.300000 -0.268685
17.349999 -2.115394
17.400000 3.779798
17.449999 1.700373
17.500000 0.058533
17.549999 -1.135686
17.600000 -2.542047
17.649999 -5.161452
17.700000 2.348046
17.749999 1.557817
17.800000 -0.304246
17.850000 -3.923068
17.899999 4.118191
17.950000 -0.705397
17.999999 -4.003610
18.050000 6.006773
18.099999 1.757732
18.150000 5.977743
18.199999 2.010112
18.250000 3.310124
18.299999 0.455891
18.350000 -0.191302
18.400000 -1.553585
18.449999 2.671941
18.500000 5.409727
18.549999 5.318264
18.600000 7.809407
18.649999 -7.885261
18.700000 -2.468489
18.749999 2.912632
18.800000 0.797148
18.849999 -2.318330
18.900000 3.095569
18.950000 0.013793
18.999999 -1.418272
19.050000 1.514944
19.099999 -7.062942
19.150000 -1.517261
19.199999 -2.182826
19.250000 0.914204
19.299999 2.218621
19.350000 -1.246870
19.399999 -2.655806
19.450000 -4.149677
19.500000 1.424346
19.549999 -0.141734
19.600000 4.785299
19.649999 6.337539
19.700000 -0.272973
19.749999 -2.678228
19.800000 -9.073052
19.849999 -4.104422
19.900000 3.133753
19.949999 9.005049
