0.000000 -7.879165
0.050000 -0.290526
0.100000 0.717132
0.150000 0.897864
0.200000 9.133079
0.250000 5.149462
0.300000 -4.515831
0.350000 -1.790152
0.400000 -3.629573
0.450000 -6.321060
0.500000 6.131151
0.550000 -5.144141
0.600000 -10.091744
0.650000 -3.284063
0.700000 -6.475720
0.750000 1.264410
0.800000 -5.294745
0.850000 2.008575
0.900000 -3.137456
0.950000 -2.328763
1.000000 -5.069472
1.050000 -2.590013
1.100000 -2.720464
1.150000 2.607382
1.200000 2.465469
1.250000 -2.014746
1.300000 -1.007014
1.350000 11.325244
1.400000 4.485770
1.450000 2.425176
1.500000 -4.665015
1.550000 7.107990
1.600000 -1.201464
1.650000 4.816516
1.700000 4.263459
1.750000 3.541265
1.800000 -3.296912
1.850000 5.566552
1.900000 1.537229
1.950000 1.583301
2.000000 -1.844632
2.050000 -1.026066
2.100000 8.178804
2.150000 -2.018502
2.200000 2.322347
2.250000 -2.505775
2.300000 0.475352
2.350000 -7.771622
2.400000 1.254644
2.450000 -1.771291
2.500000 -3.545599
2.550000 9.594617
2.600000 0.918422
2.650000 2.111350
2.700000 4.995763
2.750000 -2.223828
2.800000 0.780905
2.850000 1.576970
2.900000 6.223912
2.950000 2.617386
3.000000 1.319055
3.050000 -1.992776
3.100000 5.457098
3.150000 -4.495332
3.200000 6.090508
3.250000 0.225239
3.300000 4.106626
3.350000 4.841860
3.400000 3.891416
3.450000 -0.980568
3.500000 4.202474
3.550000 -3.929061
3.600000 3.838994
3.650000 3.321110
3.700000 4.018880
3.750000 6.464882
3.800000 2.036076
3.850000 0.553522
3.900000 -1.087179
3.950000 1.120445
4.000000 -1.448018
4.050000 2.246812
4.100000 0.927364
4.150000 3.071758
4.200000 5.770602
4.250000 -1.304016
4.300000 -2.441509
4.350000 -0.881280
4.400000 -1.574803
4.450000 1.839290
4.500000 1.318724
4.550000 0.232165
4.600000 6.572546
4.650000 -1.102502
4.700000 0.205593
4.750000 3.841594
4.800000 -0.618655
4.850000 3.177071
4.900000 0.701693
4.950000 -5.705500
5.000000 1.907557
5.050000 3.986086
5.100000 4.753778
5.150000 9.313632
5.200000 7.892807
5.250000 -0.399847
5.300000 6.466584
5.350000 5.746383
5.400000 -0.819588
5.450000 4.347626
5.500000 3.227391
5.550000 2.061230
5.600000 -0.810940
5.650000 -5.199017
5.700000 1.978898
5.750000 0.821932
5.800000 -1.052316
5.850000 -6.240887
5.900000 -1.482578
5.950000 -2.295283
6.000000 4.108371
6.050000 4.256126
6.100000 3.456091
6.150000 1.417456
6.200000 -1.654810
6.250000 -1.679915
6.300000 -7.313449
6.350000 -1.723023
6.400000 6.484998
6.450000 6.581823
6.500000 9.872601
6.550000 -7.114860
6.600000 -7.185361
6.650000 -2.133550
6.700000 1.934184
6.750000 2.095387
6.800000 0.185059
6.850000 -3.235568
6.900000 -3.823031
6.950000 2.655225
7.000000 -6.722659
7.050000 -0.586429
7.100000 -0.861219
7.150000 3.922918
7.200000 1.854790
7.250000 -1.554785
7.300000 2.417342
7.350000 6.627631
7.400000 0.269611
7.450000 -4.390030
7.500000 3.309096
7.550000 -5.627360
7.600000 -9.385909
7.650000 -2.877482
7.700000 3.030483
7.750000 0.625734
7.800000 0.309753
7.850000 1.348227
7.900000 -0.929627
7.950000 -7.393807
7.999999 1.364567
8.049999 -6.061489
8.100000 1.569235
8.150000 -3.215539
8.200000 9.368693
8.250000 1.699534
8.300000 12.301555
8.350000 7.932348
8.400000 2.241319
8.450000 6.530866
8.500000 3.341378
8.549999 3.739307
8.599999 -3.666168
8.650000 2.420112
8.700000 3.066295
8.750000 3.097898
8.800000 -2.844621
8.850000 2.813959
8.900000 -7.781201
8.950000 -3.060483
9.000000 -2.127227
9.050000 -6.621123
9.099999 9.673445
9.149999 0.079762
9.200000 9.980718
9.250000 1.672732
9.300000 3.170820
9.350000 8.069041
9.400000 0.347401
9.450000 -4.593126
9.500000 -5.683825
9.550000 5.390411
9.600000 -1.289581
9.649999 3.833392
9.699999 -1.753299
9.750000 10.033377
9.800000 0.469862
9.850000 5.899464
9.900000 4.591340
9.950000 3.796559
10.000000 3.841491
10.050000 8.455919
10.100000 1.848112
10.150000 -2.603289
10.199999 6.053668
10.249999 6.458748
10.300000 -3.614080
10.350000 1.133667
10.400000 1.271886
10.450000 4.130006
10.500000 0.427880
10.550000 2.048956
10.600000 -2.725863
10.650000 -2.378274
10.700000 10.461069
10.749999 2.360649
10.799999 0.743211
10.849999 6.981398
10.900000 2.009528
10.950000 0.847234
11.000000 0.318450
11.050000 2.991980
11.100000 1.119441
11.150000 6.201211
11.200000 -3.951500
11.250000 0.286482
11.299999 8.150645
11.349999 -1.226151
11.399999 -2.562669
11.450000 5.298031
11.500000 -3.715229
11.550000 0.843361
11.600000 1.125487
11.650000 1.774685
11.700000 12.383317
11.750000 5.923466
11.800000 5.247125
11.849999 7.247030
11.899999 12.135204
11.949999 1.362959
12.000000 3.907446
12.050000 1.037143
12.100000 1.370331
12.150000 -2.160713
12.200000 -4.562719
12.250000 5.488554
12.300000 -0.664835
12.350000 -2.103350
12.399999 -4.481956
12.449999 3.176044
12.499999 9.188510
12.550000 4.110660
12.600000 -4.254061
12.650000 6.857407
12.700000 -4.750939
12.750000 -7.234807
12.800000 -3.151839
12.850000 -4.273484
12.900000 5.578911
12.949999 -3.733164
12.999999 -2.962056
13.049999 -0.885517
13.100000 -4.024375
13.150000 1.280257
13.200000 0.380742
13.250000 8.426353
13.300000 8.555396
13.350000 -3.704341
13.400000 -2.587296
13.450000 1.602826
13.499999 -6.283050
13.549999 6.009475
13.599999 1.868560
13.650000 -2.230453
13.700000 -1.267549
13.750000 4.989462
13.800000 6.676123
13.850000 4.410794
13.900000 4.514326
13.950000 -4.421432
14.000000 7.461002
14.049999 -1.874553
14.099999 4.983294
14.149999 -6.194774
14.200000 -3.609445
14.250000 1.726506
14.300000 -1.083862
14.350000 0.754051
14.400000 -3.072693
14.450000 -1.330299
14.500000 6.066073
14.549999 -4.397912
14.599999 3.032128
14.649999 -1.436216
14.699999 3.032965
14.750000 -7.075701
14.800000 2.413716
14.850000 1.797215
14.900000 4.447784
14.950000 -0.586818
15.000000 6.762156
15.050000 5.567453
15.099999 -8.649047
15.149999 -0.073395
15.199999 4.189976
15.249999 1.036093
15.299999 4.321125
15.350000 5.164377
15.400000 -0.533736
15.450000 -1.162483
15.500000 4.475191
15.550000 -0.698407
15.600000 2.230390
15.650000 -0.458986
15.699999 7.033636
15.750000 -1.656986
15.799999 4.782355
15.850000 7.108577
15.899999 7.143503
15.950000 0.482857
15.999999 4.642860
16.050000 -6.182249
16.099999 2.330337
16.150000 4.676285
16.200000 -0.162768
16.249999 4.678982
16.300000 -0.022971
16.349999 -7.544590
16.400000 1.706739
16.449999 1.407699
16.500000 -6.287954
16.549999 -5.397268
16.600000 2.211041
16.649999 1.014364
16.700000 0.570562
16.750000 5.555073
16.799999 2.350811
16.850000 0.640116
16.899999 -0.480213
16.950000 2.179923
16.999999 -3.153849
17.050000 3.160293
17.099999 2.692866
17.150000 -1.443712
17.199999 8.535438
17.250000 -4.395844
17.300000 -3.263786
17.349999 5.461317
17.400000 -0.465929
17.449999 -0.871888
17.500000 -4.607643
17.549999 -1.263541
17.600000 10.176458
17.649999 5.455797
17.700000 4.566706
17.749999 -2.266522
17.800000 -0.528284
17.850000 -4.515146
17.899999 5.621091
17.950000 -7.224037
17.999999 -2.485641
18.050000 -2.439637
18.099999 4.721205
18.150000 1.666044
18.199999 0.982697
18.250000 5.544564
18.299999 3.081758
18.350000 2.784436
18.400000 0.223667
18.449999 2.963776
18.500000 -6.315159
18.549999 0.154434
18.600000 -1.842986
18.649999 5.514741
18.700000 -5.037908
18.749999 -0.907281
18.800000 -4.095158
18.849999 -2.261530
18.900000 0.716779
18.950000 3.594797
18.999999 -1.902674
19.050000 -1.812766
19.099999 -9.033176
19.150000 -3.935134
19.199999 2.264303
19.250000 2.300864
19.299999 7.112625
19.350000 -0.223637
19.399999 -2.966313
19.450000 -1.909693
19.500000 5.129000
19.549999 9.477912
19.600000 -4.344127
19.649999 4.175522
19.700000 1.959822
19.749999 1.686934
19.800000 -10.817414
19.849999 2.787276
19.900000 -1.854155
19.949999 2.949902
