0.000000 -0.441522
0.050000 -0.055023
0.100000 0.201672
0.150000 -0.240650
0.200000 0.010935
0.250000 0.548834
0.300000 0.762157
0.350000 1.031497
0.400000 0.392682
0.450000 0.673325
0.500000 -0.543392
0.550000 0.370011
0.600000 -0.623852
0.650000 -0.050701
0.700000 -0.228965
0.750000 -0.141515
0.800000 0.476907
0.850000 0.002452
0.900000 0.284602
0.950000 0.273185
1.000000 0.281580
1.050000 0.690863
1.100000 0.319930
1.150000 -0.049233
1.200000 -0.057569
1.250000 0.192305
1.300000 -0.190868
1.350000 -0.461111
1.400000 0.587223
1.450000 0.024635
1.500000 0.171947
1.550000 0.189234
1.600000 -0.235623
1.650000 0.254786
1.700000 0.286876
1.750000 -0.171438
1.800000 -0.358237
1.850000 -0.409598
1.900000 -0.132285
1.950000 0.281554
2.000000 -0.365541
2.050000 0.153402
2.100000 0.132580
2.150000 -0.057252
2.200000 -0.148002
2.250000 0.414412
2.300000 -0.343448
2.350000 0.085701
2.400000 -0.177952
2.450000 -0.068926
2.500000 -0.911871
2.550000 -1.096244
2.600000 -0.655446
2.650000 -0.848443
2.700000 -0.356926
2.750000 0.397068
2.800000 0.774346
2.850000 1.344653
2.900000 1.881403
2.950000 2.465330
3.000000 1.500860
3.050000 -0.424646
3.100000 -1.090307
3.150000 -2.248054
3.200000 -1.982055
3.250000 -2.618180
3.300000 -2.137324
3.350000 -0.728666
3.400000 0.313776
3.450000 2.170423
3.500000 2.735512
3.550000 2.068114
3.600000 2.139333
3.650000 1.827846
3.700000 -0.233915
3.750000 -0.530358
3.800000 -2.066087
3.850000 -1.753805
3.900000 -2.007640
3.950000 -1.483905
4.000000 -0.619570
4.050000 0.045062
4.100000 0.580944
4.150000 1.468172
4.200000 1.682564
4.250000 1.016047
4.300000 0.794117
4.350000 0.076527
4.400000 -0.616068
4.450000 -0.919197
4.500000 -1.125127
4.550000 -0.693029
4.600000 -1.125155
4.650000 -0.200892
4.700000 0.027956
4.750000 0.420217
4.800000 0.612494
4.850000 0.747331
4.900000 0.461849
4.950000 0.872133
5.000000 -0.068669
5.050000 -0.119918
5.100000 -0.362766
5.150000 -0.989020
5.200000 -0.618785
5.250000 -0.420775
5.300000 -0.614930
5.350000 -0.068176
5.400000 0.213888
5.450000 0.639527
5.500000 -0.000788
5.550000 0.234510
5.600000 -0.318836
5.650000 -0.020617
5.700000 -0.216335
5.750000 0.035569
5.800000 -0.861369
5.850000 -0.345105
5.900000 -0.275127
5.950000 -0.014663
6.000000 0.022886
6.050000 0.758620
6.100000 0.352863
6.150000 0.593729
6.200000 0.711019
6.250000 0.139297
6.300000 0.080473
6.350000 -0.210008
6.400000 -0.092650
6.450000 0.202085
6.500000 -0.736096
6.550000 -0.178069
6.600000 0.172612
6.650000 0.321972
6.700000 0.667762
6.750000 0.653888
6.800000 0.026434
6.850000 0.800281
6.900000 0.826432
6.950000 -0.339540
7.000000 0.466577
7.050000 0.279895
7.100000 -0.069561
7.150000 -0.439598
7.200000 -0.087065
7.250000 -0.472194
7.300000 -0.144097
7.350000 -0.546449
7.400000 0.584487
7.450000 0.657619
7.500000 0.393054
7.550000 -0.125565
7.600000 0.149044
7.650000 -0.465920
7.700000 -0.114012
7.750000 0.077941
7.800000 -0.409217
7.850000 -0.096606
7.900000 0.535859
7.950000 -0.048064
8.000000 0.143007
8.050000 0.255464
8.100000 0.243721
8.150000 -0.206826
8.200000 0.224072
8.250000 -0.192924
8.300000 -0.110798
8.350000 -0.368695
8.400000 -0.549718
8.450000 -0.078880
8.500000 -0.342891
8.550000 -0.387253
8.600000 0.052194
8.650000 0.297677
8.700000 -0.361662
8.750000 0.351917
8.800000 0.525499
8.850000 -0.111773
8.900000 -0.127365
8.950000 0.250149
9.000000 0.003967
9.050000 -0.505328
9.100000 0.345081
9.150000 -0.810007
9.200000 0.241821
9.250000 -0.065357
9.300000 -0.245285
9.350000 -0.363326
9.400000 0.576384
9.450000 -0.305849
9.500000 0.065169
9.550000 0.168090
9.600000 -0.056589
9.650000 -0.142692
9.700000 -0.042843
9.750000 -0.216710
9.800000 -0.532587
9.850000 0.227252
9.900000 -0.247724
9.950000 -0.222829
10.000000 0.134392
10.050000 0.015963
10.100000 0.283478
10.150000 0.394252
10.200000 0.120109
10.250000 -0.054786
10.300000 0.393439
10.350000 -0.487934
10.400000 0.335366
10.450000 -0.148074
10.500000 0.038811
10.550000 0.239594
10.600000 0.238346
10.650000 0.249122
10.700000 -0.145497
10.750000 0.520352
10.800000 -0.035858
10.850000 0.133335
10.900000 0.600935
10.950000 -0.162093
11.000000 -0.041700
11.050000 0.372185
11.100000 -0.395507
11.150000 -0.047647
11.200000 -0.337135
11.250000 0.107588
11.300000 -0.002759
11.350000 0.143218
11.400000 0.048453
11.450000 0.467697
11.500000 -0.290238
11.550000 0.501257
11.600000 0.236558
11.650000 -0.079489
11.700000 -0.317140
11.750000 0.055149
11.800000 0.717171
11.850000 -0.242219
11.900000 0.056776
11.950000 -0.223555
12.000000 0.084261
12.050000 0.167024
12.100000 0.095698
12.150000 0.113411
12.200000 -0.411566
12.250000 0.114918
12.300000 -0.080771
12.350000 0.297400
12.400000 0.457646
12.450000 0.206935
12.500000 -0.016016
12.550000 -0.093099
12.600000 -0.199815
12.650000 0.200215
12.700000 0.114698
12.750000 -0.122885
12.800000 0.349119
12.850000 0.684425
12.900000 0.292708
12.950000 0.135503
13.000000 0.158311
13.050000 0.114531
13.100000 -0.430991
13.150000 0.581677
13.200000 -0.440242
13.250000 0.008835
13.300000 0.057563
13.350000 -0.489063
13.400000 -0.126044
13.450000 0.145749
13.500000 -0.229639
13.550000 -0.175387
13.600000 -0.072458
13.650000 0.271841
13.700000 0.420524
13.750000 0.434414
13.800000 -0.004400
13.850000 -0.175715
13.900000 0.383340
13.950000 0.103991
14.000000 -0.460841
14.050000 -0.484021
14.100000 -0.135284
14.150000 0.209729
14.200000 0.115279
14.250000 -0.093851
14.300000 0.618474
14.350000 0.002120
14.400000 0.541367
14.450000 -0.080514
14.500000 -0.112484
14.550000 0.074600
14.600000 0.236416
14.650000 0.241918
14.700000 -0.312623
14.750000 -0.433342
14.800000 -0.130973
14.850000 0.484609
14.900000 -0.055554
14.950000 0.548463
15.000000 0.101732
15.050000 0.107106
15.100000 -0.020605
15.150000 -0.539194
15.200000 0.608438
15.250000 0.014544
15.300000 -0.234351
15.350000 0.054889
15.400000 -0.086637
15.450000 -0.141056
15.500000 -0.039278
15.550000 0.133295
15.600000 -0.032380
15.650000 0.452584
15.700000 -0.026800
15.750000 0.074948
15.800000 0.266732
15.850000 -0.317865
15.900000 -0.041768
15.950000 0.440054
16.000000 0.431851
16.050000 -0.274301
16.100000 -0.035778
16.150000 0.597806
16.200000 0.062241
16.250000 0.012675
16.300000 -0.477932
16.350000 0.074698
16.400000 0.371145
16.450000 0.049828
16.500000 0.105732
16.550000 -0.418149
16.600000 0.114592
16.650000 0.381451
16.700000 -0.154210
16.750000 -0.206657
16.800000 0.206077
16.850000 0.156274
16.900000 -0.145782
16.950000 -0.062471
17.000000 0.186341
17.050000 -0.248991
17.100000 0.287450
17.150000 0.873349
17.200000 0.570091
17.250000 0.247801
17.300000 -0.096248
17.350000 0.036216
17.400000 0.157259
17.450000 -0.609652
17.500000 0.184362
17.550000 -0.284876
17.600000 0.370764
17.650000 -0.089095
17.700000 -0.240571
17.750000 -0.302238
17.800000 0.086859
17.850000 -0.068662
17.900000 -0.747080
17.950000 0.520948
18.000000 0.159073
18.050000 0.656667
18.100000 0.097841
18.150000 0.429883
18.200000 -0.176315
18.250000 -0.168203
18.300000 -0.562817
18.350000 -0.230912
18.400000 -0.540048
18.450000 0.499497
18.500000 -0.056136
18.550000 0.168195
18.600000 -0.073466
18.650000 0.607418
18.700000 0.039955
18.750000 0.395968
18.800000 0.219916
18.850000 0.007883
18.900000 -0.601232
18.950000 0.058604
19.000000 0.061798
19.050000 -0.304199
19.100000 -0.251581
19.150000 0.032493
19.200000 -0.078469
19.250000 0.408770
19.300000 0.056869
19.350000 0.033448
19.400000 0.500613
19.450000 0.754816
19.500000 -0.165165
19.550000 0.128046
19.600000 0.709239
19.650000 -0.527489
19.700000 0.129030
19.750000 0.549952
19.799999 0.383809
19.849999 -0.388533
19.899999 -0.202483
19.949999 0.252720
