0.000000 4.973024
0.050000 6.422553
0.100000 -2.758929
0.150000 3.223647
0.200000 0.667150
0.250000 1.980882
0.300000 -1.984280
0.350000 -4.827899
0.400000 -5.336443
0.450000 -2.767493
0.500000 -0.953043
0.550000 -0.671304
0.600000 1.757592
0.650000 -0.172350
0.700000 -0.341920
0.750000 0.957206
0.800000 3.572278
0.850000 0.372456
0.900000 3.304996
0.950000 4.073360
1.000000 1.638358
1.050000 -0.124898
1.100000 7.953265
1.150000 1.527394
1.200000 0.935295
1.250000 10.538887
1.300000 -3.902050
1.350000 -1.829946
1.400000 -4.587770
1.450000 0.554269
1.500000 -6.558601
1.550000 3.219610
1.600000 -0.114137
1.650000 3.227409
1.700000 -1.103446
1.750000 -2.286756
1.800000 0.584989
1.850000 -5.678512
1.900000 -7.040695
1.950000 0.589749
2.000000 4.895768
2.050000 4.199251
2.100000 1.933969
2.150000 4.837701
2.200000 1.940442
2.250000 3.750374
2.300000 4.905433
2.350000 8.207269
2.400000 5.432617
2.450000 1.195143
2.500000 3.149923
2.550000 1.460241
2.600000 7.018159
2.650000 0.752062
2.700000 -0.456517
2.750000 -1.179600
2.800000 -2.130145
2.850000 0.682708
2.900000 -1.756462
2.950000 -10.162369
3.000000 -7.463177
3.050000 -8.265157
3.100000 -11.747493
3.150000 -13.841180
3.200000 -13.949130
3.250000 -4.365076
3.300000 1.157923
3.350000 12.810890
3.400000 19.247417
3.450000 24.854355
3.500000 27.882839
3.550000 39.143063
3.600000 35.277035
3.650000 34.146824
3.700000 25.613743
3.750000 13.111602
3.800000 5.513086
3.850000 -4.338329
3.900000 -19.463747
3.950000 -27.330139
4.000000 -41.598564
4.050000 -44.018391
4.100000 -42.065006
4.150000 -47.437759
4.200000 -39.275600
4.250000 -27.004942
4.300000 -19.655741
4.350000 -6.379259
4.400000 11.398682
4.450000 14.425804
4.500000 29.254608
4.550000 33.493221
4.600000 34.097633
4.650000 35.499363
4.700000 39.647640
4.750000 34.186329
4.800000 27.650764
4.850000 12.823768
4.900000 7.171637
4.950000 -0.764157
5.000000 -13.628693
5.050000 -19.450089
5.100000 -18.408047
5.150000 -29.225780
5.200000 -28.493925
5.250000 -25.477484
5.300000 -16.055490
5.350000 -13.351034
5.400000 -7.797945
5.450000 -1.595119
5.500000 7.820868
5.550000 15.961726
5.600000 18.701538
5.650000 19.053837
5.700000 15.569105
5.750000 13.444689
5.800000 17.079000
5.850000 2.837172
5.900000 -0.070386
5.950000 3.030760
6.000000 -5.461756
6.050000 -4.404217
6.100000 -10.703880
6.150000 -9.179607
6.200000 -7.537900
6.250000 -8.206005
6.300000 -9.153204
6.350000 -5.511471
6.400000 -5.299833
6.450000 4.274977
6.500000 6.113051
6.550000 10.747866
6.600000 3.855534
6.650000 5.640488
6.700000 1.968199
6.750000 4.289028
6.800000 -6.363840
6.850000 1.748829
6.900000 6.709555
6.950000 5.511182
7.000000 -0.703655
7.050000 4.325655
7.100000 -1.361452
7.150000 -1.178894
7.200000 -4.617548
7.250000 3.461820
7.300000 -0.006407
7.350000 -2.159193
7.400000 1.873800
7.450000 6.884476
7.500000 7.852728
7.550000 0.597806
7.600000 5.225912
7.650000 5.241255
7.700000 3.215318
7.750000 7.297465
7.800000 -1.450931
7.850000 -0.629655
7.900000 -0.766827
7.950000 -3.070092
8.000000 1.630627
8.050000 -4.807884
8.100000 2.215822
8.150000 0.822369
8.200000 0.950413
8.250000 5.105223
8.300000 3.202365
8.350000 1.011360
8.400000 7.973795
8.450000 5.672090
8.500000 5.313202
8.550000 4.277805
8.600000 0.839678
8.650000 4.053500
8.700000 0.349178
8.750000 -0.066809
8.800000 4.058561
8.850000 -3.363661
8.900000 -1.275090
8.950000 -3.173119
9.000000 -9.359264
9.050000 -9.665401
9.100000 -1.709010
9.150000 -1.984792
9.200000 -1.916254
9.250000 9.493640
9.300000 1.759812
9.350000 7.501734
9.400000 9.730403
9.450000 7.094946
9.500000 4.685108
9.550000 3.497383
9.600000 -1.907754
9.650000 3.096670
9.700000 5.033556
9.750000 -1.538332
9.800000 -4.693974
9.850000 -3.886546
9.900000 -0.065916
9.950000 -1.692884
10.000000 -3.120790
10.050000 -6.572979
10.100000 -1.155302
10.150000 -0.028628
10.200000 -2.754113
10.250000 -3.899414
10.300000 -0.677546
10.350000 4.443834
10.400000 -2.360079
10.450000 1.732265
10.500000 -1.627150
10.550000 -4.775113
10.600000 0.208570
10.650000 1.195390
10.700000 2.911487
10.750000 4.374490
10.800000 3.566845
10.850000 -0.087054
10.900000 2.456695
10.950000 1.719849
11.000000 4.544405
11.050000 3.813431
11.100000 8.261541
11.150000 4.018130
11.200000 -3.249415
11.250000 3.024130
11.300000 -0.353495
11.350000 -0.261444
11.400000 7.378236
11.450000 2.777926
11.500000 0.285867
11.550000 -2.782724
11.600000 2.098009
11.650000 -4.693540
11.700000 -0.311164
11.750000 -0.696217
11.800000 1.964942
11.850000 1.239029
11.900000 -6.558988
11.950000 0.818279
12.000000 1.440376
12.050000 -2.559679
12.100000 -2.639628
12.150000 6.835754
12.200000 -3.964793
12.250000 6.572565
12.300000 5.803337
12.350000 8.255344
12.400000 8.182322
12.450000 -0.703647
12.500000 -3.825938
12.550000 -2.489117
12.600000 0.331155
12.650000 -3.850026
12.700000 2.958742
12.750000 0.787593
12.800000 3.020486
12.850000 -4.801470
12.900000 1.610430
12.950000 3.771837
13.000000 -4.423487
13.050000 1.740037
13.100000 -4.172040
13.150000 -6.255931
13.200000 5.706102
13.250000 6.182811
13.300000 3.719722
13.350000 1.711013
13.400000 7.113289
13.450000 1.020061
13.500000 4.807634
13.550000 3.037791
13.600000 1.776233
13.650000 -5.418488
13.700000 -0.528278
13.750000 1.383817
13.800000 1.597951
13.850000 7.559177
13.900000 -3.100889
13.950000 -2.601197
14.000000 -6.703944
14.050000 4.764467
14.100000 -4.078180
14.150000 -2.560460
14.200000 1.977196
14.250000 -0.758898
14.300000 -0.258715
14.350000 -0.685795
14.400000 -0.086540
14.450000 3.836033
14.500000 -3.368487
14.550000 -3.981163
14.600000 -1.322379
14.650000 3.851924
14.700000 -2.987952
14.750000 -1.763958
14.800000 2.074726
14.850000 0.219069
14.900000 -0.332242
14.950000 -4.399885
15.000000 3.895416
15.050000 -4.206768
15.100000 -5.681609
15.150000 -9.824730
15.200000 -6.690746
15.250000 -3.150104
15.300000 -0.621685
15.350000 -2.039766
15.400000 1.831403
15.450000 2.903251
15.500000 -2.905914
15.550000 1.481189
15.600000 3.252903
15.650000 4.307686
15.700000 3.859559
15.750000 -1.878325
15.800000 6.540525
15.850000 5.024016
15.900000 7.003570
15.950000 -2.490807
16.000000 -3.345847
16.050000 -0.089626
16.100000 -3.967429
16.150000 -3.001178
16.200000 -4.141333
16.250000 2.837520
16.300000 -0.310328
16.350000 -2.400235
16.400000 -5.089076
16.450000 -3.296002
16.500000 -2.445507
16.550000 0.903296
16.600000 1.232851
16.650000 -0.360136
16.700000 -4.559079
16.750000 0.474168
16.800000 4.982255
16.850000 1.516340
16.900000 -0.603087
16.950000 -2.130295
17.000000 -8.505781
17.050000 -0.283299
17.100000 0.542072
17.150000 1.481108
17.200000 0.739081
17.250000 -1.400907
17.300000 0.336373
17.350000 4.760420
17.400000 1.065642
17.450000 1.230103
17.500000 -0.747249
17.550000 2.595066
17.600000 -0.202037
17.650000 0.210072
17.700000 0.527274
17.750000 -1.133300
17.800000 3.007876
17.850000 -5.507973
17.900000 -3.910903
17.950000 -2.573192
18.000000 -5.036438
18.050000 1.135288
18.100000 -4.281373
18.150000 1.886048
18.200000 -6.799616
18.250000 -0.656492
18.300000 3.095405
18.350000 -4.566481
18.400000 6.964120
18.450000 5.765427
18.500000 3.247142
18.550000 7.798467
18.600000 -0.167898
18.650000 2.487596
18.700000 4.655634
18.750000 0.956681
18.800000 2.128124
18.850000 7.037080
18.900000 5.310924
18.950000 0.203771
19.000000 -1.442021
19.050000 4.263431
19.100000 -1.880075
19.150000 -4.793908
19.200000 -7.128048
19.250000 -4.767167
19.300000 -9.792035
19.350000 -5.735160
19.400000 -2.712597
19.450000 -0.564969
19.500000 0.036429
19.550000 8.005351
19.600000 -1.911962
19.650000 9.525494
19.700000 3.025042
19.750000 6.525845
19.799999 5.719383
19.849999 2.920881
19.899999 -0.270523
19.949999 0.260004
