0.000000 -0.160870
0.050000 0.745212
0.100000 0.554978
0.150000 -0.091374
0.200000 0.171829
0.250000 0.158238
0.300000 -0.216833
0.350000 0.150139
0.400000 -0.015039
0.450000 -0.150417
0.500000 -0.027559
0.550000 0.452313
0.600000 0.046444
0.650000 0.235226
0.700000 -0.315178
0.750000 -0.147363
0.800000 0.343034
0.850000 0.714285
0.900000 -0.126210
0.950000 0.012438
1.000000 -0.214821
1.050000 0.479742
1.100000 -0.013706
1.150000 0.455467
1.200000 0.754017
1.250000 0.282807
1.300000 0.393081
1.350000 -0.138727
1.400000 -0.253726
1.450000 -0.077873
1.500000 -0.051715
1.550000 -0.009433
1.600000 0.074749
1.650000 0.159259
1.700000 0.431120
1.750000 0.235269
1.800000 -0.047428
1.850000 0.259082
1.900000 -0.315800
1.950000 0.466929
2.000000 0.140113
2.050000 -0.528240
2.100000 -0.858460
2.150000 -0.952762
2.200000 -1.039365
2.250000 -0.150513
2.300000 0.258682
2.350000 1.362586
2.400000 1.300556
2.450000 0.918092
2.500000 -0.203057
2.550000 -1.559582
2.600000 -1.771856
2.650000 -1.064620
2.700000 1.332446
2.750000 1.790733
2.800000 1.424473
2.850000 -0.135829
2.900000 -1.511957
2.950000 -2.831726
3.000000 -2.068594
3.050000 0.556319
3.100000 1.613113
3.150000 2.432810
3.200000 1.914426
3.250000 0.326191
3.300000 -1.816498
3.350000 -2.278036
3.400000 -1.397968
3.450000 -0.235569
3.500000 1.635282
3.550000 1.862808
3.600000 1.238807
3.650000 -0.568085
3.700000 -1.717189
3.750000 -1.953042
3.800000 -0.721494
3.850000 0.518583
3.900000 1.822036
3.950000 1.342831
4.000000 0.916420
4.050000 -1.599091
4.100000 -1.287345
4.150000 -1.147645
4.200000 -0.259504
4.250000 0.224868
4.300000 1.661545
4.350000 0.921268
4.400000 -0.011314
4.450000 -0.515507
4.500000 -0.767428
4.550000 -0.671360
4.600000 0.279829
4.650000 0.012265
4.700000 0.451956
4.750000 0.084608
4.800000 0.527785
4.850000 -0.131710
4.900000 -0.243837
4.950000 -0.498669
5.000000 0.428408
5.050000 -0.028281
5.100000 0.196217
5.150000 -0.308779
5.200000 0.016892
5.250000 -0.345395
5.300000 -0.313975
5.350000 0.081983
5.400000 0.036826
5.450000 -0.131269
5.500000 -0.110280
5.550000 0.367458
5.600000 -0.375569
5.650000 -0.256112
5.700000 -0.369710
5.750000 0.204904
5.800000 -0.147524
5.850000 0.072913
5.900000 0.235175
5.950000 -0.320656
6.000000 0.691048
6.050000 -0.140102
6.100000 -0.358868
6.150000 -0.088441
6.200000 0.158952
6.250000 0.319630
6.300000 0.424799
6.350000 -0.084062
6.400000 -0.281695
6.450000 0.062450
6.500000 0.020282
6.550000 -0.091291
6.600000 -0.001219
6.650000 -0.679509
6.700000 -0.016238
6.750000 -0.233841
6.800000 0.090743
6.850000 -0.138768
6.900000 0.047420
6.950000 -0.076248
7.000000 -0.041489
7.050000 0.014580
7.100000 0.048897
7.150000 0.140659
7.200000 0.018502
7.250000 0.289923
7.300000 0.268160
7.350000 -0.069504
7.400000 -0.049858
7.450000 -0.001810
7.500000 -0.192305
7.550000 -0.094517
7.600000 0.048444
7.650000 -0.144784
7.700000 0.293035
7.750000 0.228322
7.800000 -0.752633
7.850000 -0.283271
7.900000 -0.105931
7.950000 -0.304148
8.000000 0.384395
8.050000 0.571595
8.100000 0.001221
8.150000 -0.003082
8.200000 -0.017862
8.250000 -0.305990
8.300000 -0.029707
8.350000 -0.429768
8.400000 0.097087
8.450000 0.418647
8.500000 0.234619
8.550000 0.038945
8.600000 -0.393246
8.650000 0.502873
8.700000 -0.640265
8.750000 0.325588
8.800000 0.085914
8.850000 0.118001
8.900000 -0.572552
8.950000 0.018148
9.000000 0.216137
9.050000 -0.203260
9.100000 0.264089
9.150000 0.321248
9.200000 0.254157
9.250000 0.233365
9.300000 0.458440
9.350000 0.145931
9.400000 0.037157
9.450000 -0.039293
9.500000 -0.252005
9.550000 -0.138761
9.600000 0.214690
9.650000 0.332402
9.700000 -0.019418
9.750000 0.294704
9.800000 0.306616
9.850000 0.111566
9.900000 -0.127607
9.950000 0.231660
10.000000 -0.614762
10.050000 -0.670878
10.100000 0.125065
10.150000 0.672181
10.200000 0.333814
10.250000 0.024472
10.300000 0.306177
10.350000 0.288273
10.400000 -0.336704
10.450000 -0.007620
10.500000 0.005326
10.550000 0.423349
10.600000 -0.211075
10.650000 -0.203044
10.700000 -0.314520
10.750000 -0.090818
10.800000 0.249333
10.850000 -0.072468
10.900000 0.495176
10.950000 0.303467
11.000000 -0.353256
11.050000 0.225932
11.100000 0.330716
11.150000 -0.237771
11.200000 0.008443
11.250000 -0.469763
11.300000 -0.245174
11.350000 0.053746
11.400000 0.283672
11.450000 0.194700
11.500000 0.073847
11.550000 0.168479
11.600000 0.321484
11.650000 0.351871
11.700000 -0.155993
11.750000 0.158902
11.800000 0.122775
11.850000 -0.058822
11.900000 -0.068610
11.950000 0.122095
12.000000 -0.087682
12.050000 0.556136
12.100000 0.011688
12.150000 -0.343987
12.200000 0.196982
12.250000 0.203728
12.300000 -0.242531
12.350000 0.105016
12.400000 0.502356
12.450000 0.327640
12.500000 0.007774
12.550000 -0.001804
12.600000 -0.143966
12.650000 -0.400289
12.700000 -0.101786
12.750000 -0.151890
12.800000 0.067565
12.850000 0.261768
12.900000 -0.208811
12.950000 -0.402329
13.000000 -0.498785
13.050000 -0.190164
13.100000 0.354843
13.150000 -0.002454
13.200000 0.571431
13.250000 0.295336
13.300000 -0.286094
13.350000 -0.418270
13.400000 0.300785
13.450000 -0.564867
13.500000 0.297477
13.550000 0.230621
13.600000 -0.356657
13.650000 0.130041
13.700000 0.154304
13.750000 -0.016642
13.800000 -0.169920
13.850000 -0.039730
13.900000 -0.113428
13.950000 0.159534
14.000000 0.105802
14.050000 -0.176688
14.100000 -0.046944
14.150000 -0.082738
14.200000 0.152485
14.250000 -0.202797
14.300000 0.102440
14.350000 -0.215053
14.400000 -0.349049
14.450000 -0.484595
14.500000 -0.037561
14.550000 -0.103226
14.600000 0.154363
14.650000 -0.534327
14.700000 -0.385873
14.750000 0.130136
14.800000 0.014215
14.850000 0.409878
14.900000 -0.105786
14.950000 0.190598
15.000000 0.175696
15.050000 0.151507
15.100000 0.240007
15.150000 -0.473836
15.200000 0.055304
15.250000 0.193322
15.300000 0.288578
15.350000 0.304885
15.400000 0.458876
15.450000 0.320921
15.500000 -0.379742
15.550000 0.557155
15.600000 0.208904
15.650000 0.120838
15.700000 0.413856
15.750000 -0.072086
15.800000 -0.281961
15.850000 0.525394
15.900000 -0.050567
15.950000 -0.242435
16.000000 0.159989
16.050000 0.560219
16.100000 0.169678
16.150000 0.489700
16.200000 -0.063601
16.250000 -0.094860
16.300000 0.583563
16.350000 0.170008
16.400000 0.355278
16.450000 0.254624
16.500000 -0.294839
16.550000 -0.662225
16.600000 0.401620
16.650000 -0.282884
16.700000 -0.065455
16.750000 -0.155633
16.800000 -0.036622
16.850000 -0.193131
16.900000 -0.017864
16.950000 0.383475
17.000000 -0.178120
17.050000 0.457711
17.100000 -0.358968
17.150000 0.085746
17.200000 -0.710068
17.250000 0.094918
17.300000 0.143666
17.350000 -0.159256
17.400000 -0.372934
17.450000 -0.156490
17.500000 0.125090
17.550000 0.569475
17.600000 -0.175672
17.650000 -0.065339
17.700000 0.406928
17.750000 0.053629
17.800000 -0.179993
17.850000 -0.139261
17.900000 0.386503
17.950000 -0.079055
18.000000 0.081845
18.050000 -0.098744
18.100000 -0.144735
18.150000 0.360570
18.200000 0.373600
18.250000 -0.261233
18.300000 -0.062848
18.350000 0.776582
18.400000 -0.082091
18.450000 0.143980
18.500000 -0.388056
18.550000 0.201996
18.600000 0.240279
18.650000 0.301611
18.700000 0.493856
18.750000 0.255511
18.800000 -0.124373
18.850000 -0.141187
18.900000 -0.247912
18.950000 0.532842
19.000000 -0.016268
19.050000 -0.420614
19.100000 0.633376
19.150000 0.371610
19.200000 0.084027
19.250000 -0.222473
19.300000 0.441502
19.350000 0.611754
19.400000 0.024455
19.450000 0.388889
19.500000 0.297993
19.550000 0.067786
19.600000 0.227018
19.650000 0.005071
19.700000 -0.113950
19.750000 -0.366369
19.799999 -0.157058
19.849999 -0.178570
19.899999 -0.076443
19.949999 0.008156
