0.000000 -8.186320
0.050000 19.937405
0.100000 16.258751
0.150000 19.321108
0.200000 42.146000
0.250000 30.414400
0.300000 -23.311590
0.350000 -13.668445
0.400000 -28.412392
0.450000 -24.958483
0.500000 -17.457148
0.550000 1.806866
0.600000 -6.807010
0.650000 11.895072
0.700000 16.625397
0.750000 35.289925
0.800000 7.620382
0.850000 11.653555
0.900000 6.570201
0.950000 -6.291101
1.000000 -14.035977
1.050000 12.420730
1.100000 -33.211960
1.150000 26.867052
1.200000 -7.774860
1.250000 -6.143611
1.300000 3.834208
1.350000 43.385593
1.400000 41.744881
1.450000 25.460497
1.500000 33.592709
1.550000 -9.497116
1.600000 -4.350751
1.650000 15.774119
1.700000 -19.947048
1.750000 -0.929961
1.800000 -6.652872
1.850000 -9.341229
1.900000 3.617723
1.950000 48.085258
2.000000 48.919842
2.050000 54.412510
2.100000 58.616196
2.150000 35.513363
2.200000 -3.204003
2.250000 -32.835186
2.300000 -78.336273
2.350000 -88.168907
2.400000 -91.650917
2.450000 -97.888664
2.500000 -58.792427
2.550000 -8.297634
2.600000 65.273354
2.650000 130.950058
2.700000 155.535873
2.750000 157.733917
2.800000 104.946686
2.850000 13.949503
2.900000 -52.702263
2.950000 -158.928421
3.000000 -204.952271
3.050000 -222.434982
3.100000 -143.681915
3.150000 -49.962116
3.200000 23.755966
3.250000 134.915512
3.300000 175.994415
3.350000 168.964401
3.400000 156.816864
3.450000 67.930717
3.500000 -17.680944
3.550000 -88.332611
3.600000 -137.598877
3.650000 -153.203812
3.700000 -138.071655
3.750000 -78.634163
3.800000 -11.845696
3.850000 45.708576
3.900000 93.849533
3.950000 86.402428
4.000000 90.739769
4.050000 44.177105
4.100000 -16.004869
4.150000 -47.165333
4.200000 -68.963417
4.250000 -61.501953
4.300000 -53.308342
4.350000 -25.907490
4.400000 0.062718
4.450000 11.063498
4.500000 35.492317
4.550000 43.213982
4.600000 44.112141
4.650000 22.671530
4.700000 13.657811
4.750000 -3.465991
4.800000 -39.388885
4.850000 -35.405926
4.900000 0.402671
4.950000 -11.416984
5.000000 9.277902
5.050000 1.459426
5.100000 29.295504
5.150000 14.172505
5.200000 35.456329
5.250000 26.601929
5.300000 10.886745
5.350000 -12.971038
5.400000 8.164081
5.450000 -18.599743
5.500000 -34.356426
5.550000 -8.405955
5.600000 -5.857176
5.650000 -1.069935
5.700000 16.193165
5.750000 15.728896
5.800000 35.915508
5.850000 22.161654
5.900000 9.745569
5.950000 6.337901
6.000000 -6.732213
6.050000 -14.466685
6.100000 -29.378351
6.150000 -23.151915
6.200000 -12.486237
6.250000 -27.890196
6.300000 14.511999
6.350000 17.205023
6.400000 5.213229
6.450000 15.523584
6.500000 47.669277
6.550000 28.122705
6.600000 21.875875
6.650000 -14.801375
6.700000 -17.109938
6.750000 -25.465954
6.800000 10.686403
6.850000 -24.161127
6.900000 -24.493706
6.950000 5.245568
7.000000 15.875204
7.050000 32.891624
7.100000 15.644932
7.150000 31.407497
7.200000 23.217510
7.250000 3.168681
7.300000 -3.279622
7.350000 -12.858926
7.400000 -0.826679
7.450000 7.379161
7.500000 2.561151
7.550000 -2.041203
7.600000 11.884617
7.650000 -5.089426
7.700000 36.597507
7.750000 19.690662
7.800000 16.399101
7.850000 6.582309
7.900000 9.966189
7.950000 -1.480384
8.000000 1.367791
8.050000 1.145252
8.100000 0.802027
8.150000 0.090419
8.200000 -12.294234
8.250000 -2.494967
8.300000 13.621560
8.350000 4.448755
8.400000 -1.255009
8.450000 -13.872656
8.500000 10.961841
8.550000 -34.164459
8.600000 -1.553260
8.650000 -2.927337
8.700000 -3.274979
8.750000 -15.272226
8.800000 -31.119802
8.850000 -8.422134
8.900000 -18.524345
8.950000 -24.201122
9.000000 -11.317175
9.050000 10.659052
9.100000 -8.792649
9.150000 -3.186104
9.200000 22.465569
9.250000 10.741744
9.300000 16.439417
9.350000 9.715452
9.400000 -28.894142
9.450000 -36.342220
9.500000 -19.901855
9.550000 0.560868
9.600000 -6.954317
9.650000 24.951960
9.700000 -15.390023
9.750000 -6.651005
9.800000 -8.180481
9.850000 13.388380
9.900000 26.068064
9.950000 -11.244680
10.000000 -21.209150
10.050000 -14.425089
10.100000 -5.156717
10.150000 32.013142
10.200000 -13.163198
10.250000 16.557077
10.300000 1.561983
10.350000 22.993546
10.400000 -15.709839
10.450000 28.049891
10.500000 3.280259
10.550000 16.638844
10.600000 4.347606
10.650000 -4.579044
10.700000 8.067887
10.750000 -3.667812
10.800000 -12.087285
10.850000 9.466140
10.900000 -19.379190
10.950000 5.944916
11.000000 34.906807
11.050000 6.642838
11.100000 14.787210
11.150000 23.759720
11.200000 -0.775957
11.250000 -6.348755
11.300000 8.551524
11.350000 -11.889472
11.400000 -9.615602
11.450000 3.920234
11.500000 6.400699
11.550000 14.117780
11.600000 19.855570
11.650000 24.889339
11.700000 4.615901
11.750000 -12.528849
11.800000 -20.498022
11.850000 -9.463976
11.900000 8.110721
11.950000 7.594101
12.000000 -13.178866
12.050000 -9.423266
12.100000 19.062044
12.150000 31.994518
12.200000 6.231878
12.250000 10.144936
12.300000 6.142069
12.350000 8.830588
12.400000 10.787140
12.450000 -17.773451
12.500000 10.444404
12.550000 9.719124
12.600000 -5.647535
12.650000 -3.084294
12.700000 22.754919
12.750000 14.819328
12.800000 18.220690
12.850000 2.854286
12.900000 -4.998267
12.950000 -9.132886
13.000000 -15.129585
13.050000 -4.333337
13.100000 11.012908
13.150000 -2.189877
13.200000 -2.384220
13.250000 -17.770294
13.300000 8.075227
13.350000 -0.097744
13.400000 12.643710
13.450000 -2.641273
13.500000 32.225632
13.550000 8.302881
13.600000 -15.054108
13.650000 1.110684
13.700000 4.956973
13.750000 1.265757
13.800000 -19.687008
13.850000 -35.570351
13.900000 4.749549
13.950000 38.265717
14.000000 8.913506
14.050000 27.309414
14.100000 8.996782
14.150000 2.850502
14.200000 13.576111
14.250000 12.803040
14.300000 5.895088
14.350000 11.915152
14.400000 -5.630357
14.450000 -0.840035
14.500000 -9.400795
14.550000 0.453804
14.600000 -13.936229
14.650000 12.489793
14.700000 14.745630
14.750000 15.891435
14.800000 24.826025
14.850000 25.626673
14.900000 5.871918
14.950000 -33.871277
15.000000 -37.188969
15.050000 -12.631271
15.100000 15.501995
15.150000 -6.268183
15.200000 3.026311
15.250000 15.366282
15.300000 14.185772
15.350000 20.693731
15.400000 27.174545
15.450000 6.407332
15.500000 -15.146008
15.550000 -8.112388
15.600000 -25.584900
15.650000 -14.225354
15.700000 -5.618420
15.750000 44.934868
15.800000 -5.115871
15.850000 19.251450
15.900000 19.698414
15.950000 23.170891
16.000000 23.170040
16.050000 -5.599889
16.100000 13.776897
16.150000 -14.713779
16.200000 1.039903
16.250000 -12.151215
16.300000 9.762771
16.350000 12.097710
16.400000 3.735721
16.450000 -3.324916
16.500000 4.484726
16.550000 27.830460
16.600000 11.190025
16.650000 -8.180416
16.700000 8.748356
16.750000 0.501931
16.800000 -9.021963
16.850000 -13.269103
16.900000 -12.286467
16.950000 9.715315
17.000000 -9.597634
17.050000 11.359158
17.100000 -8.081286
17.150000 19.842659
17.200000 -15.481354
17.250000 -5.401670
17.300000 -8.135815
17.350000 22.019794
17.400000 11.650581
17.450000 -10.284279
17.500000 -13.305793
17.550000 18.700926
17.600000 -16.634325
17.650000 -0.411026
17.700000 -15.524280
17.750000 2.694851
17.800000 23.718227
17.850000 3.327933
17.900000 9.365186
17.950000 -12.426159
18.000000 -4.955235
18.050000 22.140005
18.100000 -5.500864
18.150000 -11.368414
18.200000 3.430937
18.250000 0.670082
18.300000 -15.457792
18.350000 0.758982
18.400000 2.565661
18.450000 22.633062
18.500000 22.554186
18.550000 0.019156
18.600000 22.820290
18.650000 11.241109
18.700000 -1.146875
18.750000 -7.179563
18.800000 7.171325
18.850000 -28.636465
18.900000 9.826897
18.950000 11.426297
19.000000 3.795175
19.050000 -7.476649
19.100000 -3.811128
19.150000 -12.421524
19.200000 19.901340
19.250000 20.003048
19.300000 19.951355
19.350000 6.304942
19.400000 3.237988
19.450000 -22.349360
19.500000 1.213894
19.550000 -0.532440
19.600000 4.419111
19.650000 -9.330539
19.700000 -0.749075
19.750000 -27.197235
19.799999 -16.052395
19.849999 -24.385933
19.899999 -0.105673
19.949999 -3.896940
