0.000000 -1.236812
0.050000 1.998867
0.100000 -1.533244
0.150000 0.048104
0.200000 1.978737
0.250000 0.536475
0.300000 0.373274
0.350000 0.983970
0.400000 -1.400239
0.450000 0.125528
0.500000 0.110851
0.550000 -0.966179
0.600000 -3.473787
0.650000 1.688068
0.700000 -0.597643
0.750000 -1.431638
0.800000 -1.166765
0.850000 -0.457502
0.900000 3.587359
0.950000 2.654792
1.000000 -1.047391
1.050000 -0.394010
1.100000 -1.210719
1.150000 -1.034494
1.200000 -0.844637
1.250000 -0.468075
1.300000 0.387490
1.350000 0.425892
1.400000 0.212824
1.450000 -1.200710
1.500000 -0.290289
1.550000 -1.929326
1.600000 0.688636
1.650000 1.376557
1.700000 -0.256696
1.750000 2.222463
1.800000 0.218169
1.850000 -0.273683
1.900000 -0.442503
1.950000 -1.064469
2.000000 -2.447931
2.050000 -5.254493
2.100000 -6.221995
2.150000 -4.066359
2.200000 1.204515
2.250000 8.771334
2.300000 13.114428
2.350000 10.555687
2.400000 4.686904
2.450000 -7.027655
2.500000 -15.133091
2.550000 -18.231449
2.600000 -10.560310
2.650000 1.224209
2.700000 16.354778
2.750000 20.375610
2.800000 16.058981
2.850000 1.133430
2.900000 -8.899654
2.950000 -18.308161
3.000000 -15.400786
3.050000 -6.168872
3.100000 7.331864
3.150000 13.950350
3.200000 14.847792
3.250000 6.293186
3.300000 -4.043388
3.350000 -9.514706
3.400000 -12.168366
3.450000 -6.983311
3.500000 2.717234
3.550000 9.382774
3.600000 11.562987
3.650000 6.277901
3.700000 0.556741
3.750000 -7.795694
3.800000 -8.889968
3.850000 -2.865937
3.900000 -0.377916
3.950000 6.911805
4.000000 9.228100
4.050000 6.239583
4.100000 -0.626494
4.150000 -4.877353
4.200000 -7.305461
4.250000 -4.480405
4.300000 -0.896287
4.350000 2.451463
4.400000 5.139540
4.450000 4.975596
4.500000 1.073779
4.550000 -2.513076
4.600000 -3.727636
4.650000 -6.042243
4.700000 -2.454237
4.750000 2.343620
4.800000 2.448379
4.850000 3.288370
4.900000 0.502574
4.950000 -1.782193
5.000000 -0.805610
5.050000 -3.112360
5.100000 -1.273970
5.150000 -3.156846
5.200000 0.711983
5.250000 -1.592447
5.300000 2.879274
5.350000 0.652162
5.400000 0.641353
5.450000 0.781152
5.500000 -0.179866
5.550000 -1.309123
5.600000 1.076419
5.650000 -1.572796
5.700000 -1.591542
5.750000 -1.871405
5.800000 -0.502643
5.850000 -3.013609
5.900000 -1.076694
5.950000 -0.892250
6.000000 2.211773
6.050000 -0.076573
6.100000 -1.048492
6.150000 -1.268966
6.200000 0.030718
6.250000 0.062740
6.300000 -0.576336
6.350000 0.423485
6.400000 -2.122798
6.450000 -0.401114
6.500000 -1.041080
6.550000 -1.235330
6.600000 -1.467692
6.650000 -1.556356
6.700000 1.014639
6.750000 -0.233305
6.800000 -2.011023
6.850000 -0.563026
6.900000 -2.213681
6.950000 1.290632
7.000000 1.550222
7.050000 1.467624
7.100000 1.746303
7.150000 0.456939
7.200000 1.055648
7.250000 -0.144915
7.300000 -0.429206
7.350000 -2.394136
7.400000 -0.447948
7.450000 0.691266
7.500000 -0.741330
7.550000 0.677126
7.600000 2.475400
7.650000 0.540852
7.700000 -0.779783
7.750000 -1.146456
7.800000 -3.222048
7.850000 -0.142064
7.900000 -0.731796
7.950000 0.223432
8.000000 2.497782
8.050000 1.557391
8.100000 1.333505
8.150000 -0.280576
8.200000 -0.266757
8.250000 -0.677483
8.300000 0.885853
8.350000 -0.580222
8.400000 1.288597
8.450000 -0.311474
8.500000 1.592812
8.550000 -0.275326
8.600000 0.255902
8.650000 0.084116
8.700000 0.795826
8.750000 1.972271
8.800000 -0.382067
8.850000 -0.361113
8.900000 1.060206
8.950000 0.579111
9.000000 -0.259484
9.050000 1.001030
9.100000 0.326834
9.150000 1.270145
9.200000 2.701567
9.250000 2.330884
9.300000 1.073480
9.350000 0.155530
9.400000 -1.547550
9.450000 0.826645
9.500000 -0.318798
9.550000 -0.816006
9.600000 0.833122
9.650000 0.995114
9.700000 1.345158
9.750000 2.834793
9.800000 1.453120
9.850000 0.943891
9.900000 2.215734
9.950000 -0.846004
10.000000 -1.011136
10.050000 0.273725
10.100000 -0.673074
10.150000 0.037923
10.200000 0.609055
10.250000 1.534904
10.300000 -0.164770
10.350000 -2.850126
10.400000 -2.456095
10.450000 -2.428719
10.500000 2.143880
10.550000 -1.518736
10.600000 1.187935
10.650000 0.574571
10.700000 0.018682
10.750000 -1.971614
10.800000 -0.037747
10.850000 1.326834
10.900000 0.940469
10.950000 1.833026
11.000000 -0.593713
11.050000 1.119155
11.100000 3.347224
11.150000 0.548327
11.200000 -2.668063
11.250000 0.173210
11.300000 0.384519
11.350000 0.526313
11.400000 1.963468
11.450000 -0.213171
11.500000 -0.433048
11.550000 0.279409
11.600000 -0.509781
11.650000 1.025689
11.700000 2.731998
11.750000 -1.433136
11.800000 1.659738
11.850000 0.330907
11.900000 -0.633647
11.950000 -1.085629
12.000000 -0.272040
12.050000 -0.737288
12.100000 3.660308
12.150000 1.669246
12.200000 -0.203509
12.250000 -0.179538
12.300000 -1.509626
12.350000 -0.446349
12.400000 -0.073252
12.450000 1.465345
12.500000 -0.105781
12.550000 0.421655
12.600000 -0.142957
12.650000 -1.664351
12.700000 -0.494430
12.750000 0.352721
12.800000 0.273683
12.850000 2.415167
12.900000 1.273294
12.950000 1.108519
13.000000 -1.466137
13.050000 0.779357
13.100000 -1.356346
13.150000 0.320556
13.200000 0.010738
13.250000 3.132692
13.300000 1.629771
13.350000 1.072983
13.400000 2.989487
13.450000 1.483621
13.500000 0.985583
13.550000 0.942888
13.600000 0.358232
13.650000 0.141554
13.700000 1.158432
13.750000 -2.112661
13.800000 1.189150
13.850000 0.141474
13.900000 -0.703672
13.950000 0.159521
14.000000 -0.532509
14.050000 0.116570
14.100000 -1.339257
14.150000 0.359397
14.200000 0.440044
14.250000 -0.276756
14.300000 -1.137744
14.350000 1.073751
14.400000 1.301181
14.450000 -0.848936
14.500000 -0.053127
14.550000 -1.506984
14.600000 1.027963
14.650000 0.294008
14.700000 -0.108155
14.750000 2.477441
14.800000 -1.763106
14.850000 -3.431762
14.900000 -1.682589
14.950000 -2.049752
15.000000 -1.381462
15.050000 0.070036
15.100000 -0.576684
15.150000 -0.513422
15.200000 -0.231941
15.250000 -1.275516
15.300000 -1.430523
15.350000 -0.894619
15.400000 0.341780
15.450000 1.803413
15.500000 -0.498551
15.550000 0.772261
15.600000 -1.681748
15.650000 -0.597591
15.700000 0.608119
15.750000 -2.532981
15.800000 -0.815636
15.850000 1.159758
15.900000 -0.862835
15.950000 0.055539
16.000000 -0.348939
16.050000 -0.365023
16.100000 -0.073194
16.150000 1.035039
16.200000 0.541247
16.250000 -0.212306
16.300000 0.290637
16.350000 0.553644
16.400000 0.504012
16.450000 1.206359
16.500000 0.864215
16.550000 -0.136317
16.600000 1.428390
16.650000 1.139583
16.700000 -0.109295
16.750000 -1.238207
16.800000 1.660670
16.850000 0.515570
16.900000 -0.344504
16.950000 -0.196371
17.000000 -0.196689
17.050000 -0.734992
17.100000 -1.077496
17.150000 -0.173782
17.200000 2.162310
17.250000 0.464247
17.300000 0.274065
17.350000 0.835078
17.400000 -0.761113
17.450000 -0.311866
17.500000 -1.270731
17.550000 -0.891763
17.600000 -1.068155
17.650000 0.358271
17.700000 3.812253
17.750000 1.030030
17.800000 1.265111
17.850000 -0.038246
17.900000 1.243232
17.950000 0.102767
18.000000 3.190449
18.050000 -0.383829
18.100000 -0.166058
18.150000 -2.324470
18.200000 0.573088
18.250000 -1.426734
18.300000 0.960821
18.350000 1.984750
18.400000 2.039451
18.450000 0.999028
18.500000 -3.662795
18.550000 0.380034
18.600000 1.196089
18.650000 -0.877588
18.700000 1.681750
18.750000 -0.121327
18.800000 1.073279
18.850000 -0.062863
18.900000 -0.780371
18.950000 -0.091897
19.000000 1.123860
19.050000 1.075487
19.100000 1.132401
19.150000 2.850317
19.200000 3.212535
19.250000 -0.029814
19.300000 1.711367
19.350000 -2.186007
19.400000 0.480203
19.450000 -0.068765
19.500000 -0.548224
19.550000 3.388819
19.600000 0.398348
19.650000 1.072312
19.700000 2.485434
19.750000 0.085169
19.799999 -0.109066
19.849999 0.788826
19.899999 -0.240342
19.949999 0.681354
