0.000000 0.000569
0.050000 0.114642
0.100000 0.066802
0.150000 0.204975
0.200000 -0.003123
0.250000 0.146136
0.300000 -0.030075
0.350000 -0.045346
0.400000 -0.154013
0.450000 0.061939
0.500000 0.075183
0.550000 -0.024965
0.600000 -0.034285
0.650000 -0.016856
0.700000 0.104171
0.750000 -0.035923
0.800000 0.188265
0.850000 -0.016084
0.900000 -0.045927
0.950000 -0.106382
1.000000 -0.134271
1.050000 0.066448
1.100000 -0.137121
1.150000 0.199247
1.200000 -0.100241
1.250000 0.057808
1.300000 -0.012267
1.350000 0.069014
1.400000 -0.051995
1.450000 0.034881
1.500000 -0.011714
1.550000 -0.019358
1.600000 -0.114743
1.650000 -0.000006
1.700000 -0.202210
1.750000 0.273042
1.800000 0.075761
1.850000 -0.100177
1.900000 0.097953
1.950000 -0.155355
2.000000 0.048044
2.050000 0.052375
2.100000 -0.183015
2.150000 0.156283
2.200000 0.174771
2.250000 0.012487
2.300000 -0.055803
2.350000 -0.064850
2.400000 -0.131164
2.450000 0.138518
2.500000 -0.027704
2.550000 0.005607
2.600000 -0.154600
2.650000 0.141535
2.700000 0.118281
2.750000 -0.107767
2.800000 -0.217900
2.850000 -0.164208
2.900000 0.106998
2.950000 -0.008595
3.000000 -0.086704
3.050000 0.250278
3.100000 0.007210
3.150000 0.094499
3.200000 0.034353
3.250000 -0.074277
3.300000 0.083504
3.350000 0.057412
3.400000 -0.068655
3.450000 0.335440
3.500000 0.096336
3.550000 0.165491
3.600000 0.000430
3.650000 0.084049
3.700000 0.211184
3.750000 0.069613
3.800000 0.087553
3.850000 -0.030005
3.900000 0.270239
3.950000 0.084323
4.000000 0.163130
4.050000 0.134146
4.100000 0.190462
4.150000 0.118557
4.200000 0.198907
4.250000 0.202613
4.300000 0.104474
4.350000 0.018717
4.400000 0.096301
4.450000 0.092617
4.500000 -0.042287
4.550000 0.161778
4.600000 0.042079
4.650000 -0.100525
4.700000 0.002123
4.750000 0.064714
4.800000 -0.128905
4.850000 -0.156589
4.900000 -0.195169
4.950000 -0.342340
5.000000 -0.388583
5.050000 -0.401375
5.100000 -0.489439
5.150000 -0.458635
5.200000 -0.392808
5.250000 -0.416066
5.300000 -0.377044
5.350000 -0.346574
5.400000 -0.391227
5.450000 -0.615465
5.500000 -0.243340
5.550000 -0.300947
5.600000 -0.313288
5.650000 -0.434880
5.700000 -0.089205
5.750000 -0.125035
5.800000 0.027411
5.850000 0.197795
5.900000 0.107986
5.950000 0.031267
6.000000 0.106397
6.050000 0.172407
6.100000 0.056750
6.150000 0.069938
6.200000 0.255262
6.250000 0.138036
6.300000 0.237900
6.350000 0.298309
6.400000 0.244478
6.450000 0.195189
6.500000 0.290453
6.550000 0.387947
6.600000 0.551289
6.650000 0.308549
6.700000 0.516770
6.750000 0.260921
6.800000 0.323163
6.850000 0.433724
6.900000 0.359252
6.950000 0.234382
7.000000 0.244009
7.050000 0.264059
7.100000 0.298134
7.150000 0.187196
7.200000 0.248076
7.250000 0.218060
7.300000 0.307635
7.350000 0.151233
7.400000 0.178582
7.450000 0.186455
7.500000 0.181983
7.550000 0.125461
7.600000 0.057982
7.650000 0.177620
7.700000 0.263606
7.750000 -0.037697
7.800000 0.184795
7.850000 -0.056430
7.900000 -0.079075
7.950000 -0.127319
7.999999 0.194683
8.049999 0.110220
8.100000 -0.019677
8.150000 0.185360
8.200000 -0.004485
8.250000 0.103349
8.300000 0.051893
8.350000 -0.160230
8.400000 0.057377
8.450000 -0.094708
8.500000 -0.035225
8.549999 -0.095598
8.599999 -0.008456
8.650000 -0.182072
8.700000 -0.091026
8.750000 -0.237378
8.800000 -0.021612
8.850000 -0.005808
8.900000 -0.198661
8.950000 -0.129170
9.000000 -0.169246
9.050000 -0.044556
9.099999 -0.103060
9.149999 -0.031365
9.200000 -0.163405
9.250000 -0.182051
9.300000 -0.080519
9.350000 -0.257590
9.400000 -0.099953
9.450000 0.007662
9.500000 -0.084060
9.550000 0.058204
9.600000 -0.175899
9.649999 -0.113639
9.699999 0.030547
9.750000 -0.107600
9.800000 -0.084381
9.850000 0.071885
9.900000 -0.057013
9.950000 0.038960
10.000000 -0.143258
10.050000 0.090662
10.100000 -0.068666
10.150000 -0.056111
10.199999 0.115777
10.249999 -0.106114
10.300000 0.069886
10.350000 0.007156
10.400000 0.060481
10.450000 0.048257
10.500000 0.218982
10.550000 0.147790
10.600000 -0.046675
10.650000 -0.056455
10.700000 0.049890
10.749999 0.011296
10.799999 0.096691
10.849999 0.069082
10.900000 0.077695
10.950000 0.032208
11.000000 0.060721
11.050000 0.045761
11.100000 0.012452
11.150000 -0.180352
11.200000 0.095749
11.250000 0.131950
11.299999 -0.017318
11.349999 0.013224
11.399999 -0.036655
11.450000 0.135651
11.500000 -0.030017
11.550000 -0.110300
11.600000 -0.080581
11.650000 0.018499
11.700000 0.088035
11.750000 -0.006966
11.800000 -0.026065
11.849999 0.047650
11.899999 0.016265
11.949999 -0.127515
12.000000 0.093291
12.050000 -0.059858
12.100000 -0.039831
12.150000 -0.093667
12.200000 0.150068
12.250000 -0.085366
12.300000 -0.000570
12.350000 0.095033
12.399999 0.092687
12.449999 0.001749
12.499999 -0.001237
12.550000 0.013271
12.600000 -0.054097
12.650000 -0.003599
12.700000 -0.012051
12.750000 0.018353
12.800000 0.065632
12.850000 0.098930
12.900000 -0.058253
12.949999 0.162237
12.999999 0.168166
13.049999 0.004754
13.100000 0.207821
13.150000 0.057456
13.200000 -0.059199
13.250000 0.005027
13.300000 -0.015234
13.350000 0.166708
13.400000 -0.097781
13.450000 0.080002
13.499999 0.046849
13.549999 0.196170
13.599999 0.052786
13.650000 -0.127636
13.700000 0.060387
13.750000 0.153547
13.800000 -0.042179
13.850000 0.250695
13.900000 -0.013307
13.950000 0.123921
14.000000 0.082600
14.049999 -0.098126
14.099999 0.028113
14.149999 0.025023
14.200000 0.050013
14.250000 0.073742
14.300000 -0.109271
14.350000 0.197712
14.400000 -0.116947
14.450000 0.077485
14.500000 0.036788
14.549999 0.054867
14.599999 0.110787
14.649999 -0.048619
14.699999 0.010416
14.750000 0.174827
14.800000 0.020715
14.850000 -0.092628
14.900000 0.054851
14.950000 -0.084095
15.000000 0.090567
15.050000 -0.088209
15.099999 -0.062106
15.149999 -0.028240
15.199999 0.000640
15.249999 0.028249
15.299999 0.062529
15.350000 0.186167
15.400000 -0.070224
15.450000 -0.078436
15.500000 -0.116686
15.550000 0.017448
15.600000 0.225751
15.650000 -0.084383
15.699999 -0.027775
15.750000 0.180759
15.799999 -0.076641
15.850000 -0.079888
15.899999 0.189573
15.950000 -0.076018
15.999999 0.072603
16.050000 0.120123
16.099999 0.060292
16.150000 -0.109889
16.200000 -0.015773
16.249999 0.052828
16.300000 -0.120918
16.349999 -0.065059
16.400000 0.150162
16.449999 -0.252820
16.500000 0.043870
16.549999 0.038749
16.600000 -0.003147
16.649999 0.134238
16.700000 0.131968
16.750000 0.133312
16.799999 0.067080
16.850000 0.149251
16.899999 -0.111121
16.950000 -0.129322
16.999999 0.144148
17.050000 -0.058717
17.099999 0.159410
17.150000 0.062284
17.199999 0.126211
17.250000 -0.055221
17.300000 -0.001579
17.349999 0.110794
17.400000 -0.044468
17.449999 -0.029963
17.500000 0.018272
17.549999 -0.146694
17.600000 -0.037600
17.649999 -0.037769
17.700000 0.051580
17.749999 -0.010751
17.800000 0.132656
17.850000 -0.021685
17.899999 -0.055683
17.950000 -0.071054
17.999999 -0.074306
18.050000 -0.112898
18.099999 -0.100194
18.150000 -0.170696
18.199999 0.044650
18.250000 -0.162260
18.299999 0.039065
18.350000 -0.054524
18.400000 -0.082594
18.449999 0.162883
18.500000 -0.097840
18.549999 -0.120410
18.600000 -0.041797
18.649999 0.033708
18.700000 -0.047148
18.749999 -0.059609
18.800000 -0.162280
18.849999 0.004794
18.900000 -0.232920
18.950000 0.063343
18.999999 0.083830
19.050000 -0.039263
19.099999 0.005857
19.150000 -0.036862
19.199999 -0.007977
19.250000 -0.041935
19.299999 0.116192
19.350000 0.140577
19.399999 0.006455
19.450000 0.101176
19.500000 0.016318
19.549999 0.142884
19.600000 -0.152517
19.649999 0.096876
19.700000 -0.003115
19.749999 -0.001601
19.800000 0.097398
19.849999 -0.210361
19.900000 0.068196
19.949999 0.011863
