0.000000 -0.039392
0.050000 0.171415
0.100000 0.224317
0.150000 0.323286
0.200000 -0.537576
0.250000 -0.326958
0.300000 -0.290050
0.350000 0.022513
0.400000 0.005969
0.450000 -0.620825
0.500000 -0.107948
0.550000 -0.179803
0.600000 -0.038169
0.650000 -0.041064
0.700000 0.262005
0.750000 0.243111
0.800000 -0.063663
0.850000 -0.396007
0.900000 -0.200845
0.950000 -0.149212
1.000000 0.162145
1.050000 -0.214332
1.100000 0.292971
1.150000 0.334141
1.200000 0.166504
1.250000 -0.454714
1.300000 -0.100303
1.350000 -0.041845
1.400000 -0.042883
1.450000 0.222174
1.500000 -0.060140
1.550000 -0.071730
1.600000 -0.007168
1.650000 -0.116952
1.700000 0.319311
1.750000 0.442868
1.800000 -0.120998
1.850000 0.252765
1.900000 -0.249699
1.950000 0.194826
2.000000 -0.030886
2.050000 -0.498792
2.100000 0.167833
2.150000 -0.672121
2.200000 -0.731965
2.250000 -0.943341
2.300000 -0.351632
2.350000 0.856846
2.400000 1.386042
2.450000 1.220020
2.500000 0.744901
2.550000 -0.968004
2.600000 -2.160295
2.650000 -2.060861
2.700000 -1.114354
2.750000 0.445811
2.800000 1.641569
2.850000 2.015390
2.900000 1.458608
2.950000 -0.491859
3.000000 -1.508701
3.050000 -2.146028
3.100000 -0.958598
3.150000 0.560355
3.200000 2.296094
3.250000 2.136337
3.300000 0.620613
3.350000 -0.809827
3.400000 -1.870658
3.450000 -1.844789
3.500000 -1.662509
3.550000 0.805872
3.600000 1.602768
3.650000 2.054641
3.700000 0.867687
3.750000 -0.623174
3.800000 -1.303551
3.850000 -1.674064
3.900000 -1.031795
3.950000 0.084137
4.000000 1.201346
4.050000 0.887418
4.100000 0.801604
4.150000 0.017074
4.200000 -0.754830
4.250000 -1.442622
4.300000 -0.393990
4.350000 0.436418
4.400000 0.787287
4.450000 0.812570
4.500000 0.306766
4.550000 -0.418844
4.600000 -0.899925
4.650000 -0.710631
4.700000 -0.186675
4.750000 -0.099355
4.800000 0.249942
4.850000 0.707116
4.900000 0.129226
4.950000 -0.439611
5.000000 -0.130044
5.050000 -0.340694
5.100000 -0.260745
5.150000 0.227327
5.200000 -0.110521
5.250000 0.225373
5.300000 -0.551016
5.350000 -0.507589
5.400000 -0.350172
5.450000 -0.267937
5.500000 -0.139913
5.550000 0.251192
5.600000 0.050645
5.650000 0.086023
5.700000 -0.310416
5.750000 0.163131
5.800000 0.171874
5.850000 0.145828
5.900000 -0.309099
5.950000 -0.477583
6.000000 0.261585
6.050000 -0.398118
6.100000 -0.443499
6.150000 -0.456137
6.200000 -0.822640
6.250000 0.033763
6.300000 -0.173802
6.350000 0.406069
6.400000 0.458778
6.450000 0.170356
6.500000 -0.238685
6.550000 -0.013367
6.600000 0.265898
6.650000 -0.253626
6.700000 0.158230
6.750000 0.203085
6.800000 0.360061
6.850000 0.417827
6.900000 -0.258943
6.950000 -0.130586
7.000000 0.157186
7.050000 -0.550094
7.100000 -0.279011
7.150000 -0.670723
7.200000 0.197920
7.250000 -0.178565
7.300000 0.124035
7.350000 0.001192
7.400000 0.150394
7.450000 -0.171491
7.500000 -0.054422
7.550000 -0.352174
7.600000 -0.209758
7.650000 0.209549
7.700000 -0.062172
7.750000 0.383834
7.800000 -0.280124
7.850000 -0.184139
7.900000 0.029219
7.950000 -0.046058
8.000000 -0.317653
8.050000 -0.206613
8.100000 0.327634
8.150000 -0.124050
8.200000 0.061964
8.250000 0.409202
8.300000 -0.314072
8.350000 -0.012770
8.400000 -0.027000
8.450000 0.253102
8.500000 0.364398
8.550000 -0.306401
8.600000 0.055868
8.650000 0.345887
8.700000 -0.476062
8.750000 0.199798
8.800000 0.577871
8.850000 0.009142
8.900000 0.082317
8.950000 0.186026
9.000000 -0.032613
9.050000 -0.009687
9.100000 0.487121
9.150000 0.041156
9.200000 -0.226235
9.250000 0.435443
9.300000 0.091627
9.350000 -0.051673
9.400000 -0.248108
9.450000 0.027017
9.500000 0.628417
9.550000 -0.422357
9.600000 0.243856
9.650000 -0.161147
9.700000 0.244614
9.750000 0.123895
9.800000 0.206846
9.850000 -0.014895
9.900000 -0.221459
9.950000 0.265606
10.000000 0.197752
10.050000 0.404784
10.100000 0.118978
10.150000 -0.142866
10.200000 0.020247
10.250000 -0.149591
10.300000 -0.135998
10.350000 0.567024
10.400000 0.108879
10.450000 0.209468
10.500000 0.231581
10.550000 -0.107853
10.600000 -0.535100
10.650000 -0.313990
10.700000 0.196340
10.750000 0.157714
10.800000 0.232438
10.850000 0.164228
10.900000 0.229304
10.950000 -0.032592
11.000000 0.286939
11.050000 0.123302
11.100000 0.237681
11.150000 -0.025224
11.200000 0.061329
11.250000 -0.256854
11.300000 0.050796
11.350000 0.019790
11.400000 -0.452230
11.450000 0.481230
11.500000 0.116277
11.550000 -0.546787
11.600000 -0.086138
11.650000 0.018220
11.700000 0.305064
11.750000 0.291112
11.800000 0.000117
11.850000 -0.541502
11.900000 0.106931
11.950000 -0.474073
12.000000 0.263442
12.050000 0.109955
12.100000 -0.013648
12.150000 -0.116524
12.200000 0.150820
12.250000 -0.028091
12.300000 -0.648498
12.350000 -0.153699
12.400000 -0.038707
12.450000 -0.235076
12.500000 0.162385
12.550000 0.392570
12.600000 0.218226
12.650000 0.303969
12.700000 -0.161367
12.750000 -0.058161
12.800000 -0.075980
12.850000 0.331089
12.900000 -0.113189
12.950000 0.787132
13.000000 -0.219699
13.050000 0.115868
13.100000 0.127963
13.150000 -0.121483
13.200000 0.048692
13.250000 -0.703007
13.300000 -0.034309
13.350000 0.010755
13.400000 0.011877
13.450000 -0.079008
13.500000 -0.289007
13.550000 0.101795
13.600000 -0.188901
13.650000 -0.133851
13.700000 -0.013433
13.750000 0.255441
13.800000 0.444205
13.850000 -0.372978
13.900000 -0.028108
13.950000 0.190893
14.000000 -0.082849
14.050000 -0.034926
14.100000 0.152651
14.150000 -0.030144
14.200000 -0.414021
14.250000 0.272265
14.300000 0.016405
14.350000 0.240987
14.400000 -0.018581
14.450000 0.191747
14.500000 -0.182741
14.550000 -0.166093
14.600000 0.013592
14.650000 0.391692
14.700000 0.017974
14.750000 -0.089967
14.800000 -0.021516
14.850000 0.019502
14.900000 -0.055202
14.950000 -0.048865
15.000000 -0.524117
15.050000 0.488269
15.100000 -0.144240
15.150000 0.669629
15.200000 -0.571781
15.250000 -0.015108
15.300000 -0.279194
15.350000 0.627328
15.400000 0.068297
15.450000 -0.489931
15.500000 -0.132012
15.550000 0.203985
15.600000 -0.168106
15.650000 -0.035030
15.700000 0.206007
15.750000 -0.121663
15.800000 -0.381635
15.850000 0.350286
15.900000 0.164551
15.950000 -0.421136
16.000000 0.162740
16.050000 -0.079339
16.100000 0.612574
16.150000 -0.008566
16.200000 0.214757
16.250000 -0.271631
16.300000 0.160680
16.350000 0.254105
16.400000 0.297580
16.450000 -0.267997
16.500000 -0.056582
16.550000 -0.271151
16.600000 -0.187263
16.650000 0.885247
16.700000 0.542857
16.750000 0.486096
16.800000 -0.152390
16.850000 -0.036518
16.900000 0.255396
16.950000 0.015053
17.000000 0.002937
17.050000 0.020503
17.100000 -0.201971
17.150000 0.055849
17.200000 -0.073633
17.250000 -0.150854
17.300000 -0.288690
17.350000 -0.587027
17.400000 -0.223196
17.450000 0.773502
17.500000 0.152390
17.550000 -0.074456
17.600000 -0.134947
17.650000 -0.150438
17.700000 0.065719
17.750000 -0.025146
17.800000 0.544587
17.850000 -0.218368
17.900000 0.137456
17.950000 0.163620
18.000000 0.061650
18.050000 0.037609
18.100000 -0.256504
18.150000 0.096294
18.200000 0.367418
18.250000 0.148176
18.300000 0.155777
18.350000 -0.248517
18.400000 0.417627
18.450000 0.029112
18.500000 0.321835
18.550000 -0.427503
18.600000 0.059368
18.650000 -0.138341
18.700000 0.305328
18.750000 0.623226
18.800000 0.228877
18.850000 -0.013535
18.900000 0.236431
18.950000 0.094496
19.000000 0.247141
19.050000 -0.068109
19.100000 0.092259
19.150000 0.095499
19.200000 0.635242
19.250000 0.311078
19.300000 0.311019
19.350000 -0.157382
19.400000 -0.377969
19.450000 -0.605559
19.500000 0.491142
19.550000 0.311765
19.600000 -0.469686
19.650000 -0.011175
19.700000 -0.159846
19.750000 0.029590
19.799999 -0.329964
19.849999 0.103111
19.899999 0.143674
19.949999 -0.180240
