0.000000 -5.670954
0.050000 -2.849129
0.100000 -3.077504
0.150000 2.180232
0.200000 -2.529260
0.250000 -0.462663
0.300000 4.021831
0.350000 1.640245
0.400000 -3.377014
0.450000 3.587107
0.500000 1.162985
0.550000 0.319638
0.600000 -5.466225
0.650000 -3.943328
0.700000 -8.846262
0.750000 -1.177277
0.800000 0.878824
0.850000 -0.317090
0.900000 1.948347
0.950000 2.180968
1.000000 0.091298
1.050000 10.286379
1.100000 0.459427
1.150000 1.330582
1.200000 3.235190
1.250000 -0.500467
1.300000 -1.312023
1.350000 -3.827155
1.400000 -4.026129
1.450000 2.316332
1.500000 2.126133
1.550000 -2.250283
1.600000 -0.001156
1.650000 2.432579
1.700000 -3.066981
1.750000 -0.299655
1.800000 -4.080887
1.850000 -0.908004
1.900000 10.232925
1.950000 -0.989914
2.000000 -0.805346
2.050000 2.473264
2.100000 1.088470
2.150000 3.617842
2.200000 -0.735733
2.250000 -1.242307
2.300000 4.079694
2.350000 2.650193
2.400000 0.243686
2.450000 -0.440340
2.500000 0.566702
2.550000 1.384156
2.600000 0.255809
2.650000 -0.072087
2.700000 -4.792247
2.750000 -1.828415
2.800000 0.093354
2.850000 -0.533253
2.900000 -4.583705
2.950000 -2.626015
3.000000 0.171610
3.050000 -13.012252
3.100000 -5.340703
3.150000 2.949588
3.200000 1.082650
3.250000 9.664121
3.300000 7.169356
3.350000 21.452646
3.400000 21.213493
3.450000 19.234818
3.500000 29.685061
3.550000 13.925145
3.600000 5.680199
3.650000 -7.308476
3.700000 -23.224783
3.750000 -31.650530
3.800000 -39.163689
3.850000 -44.312298
3.900000 -36.872681
3.950000 -16.833834
4.000000 -15.630696
4.050000 7.201449
4.100000 21.784000
4.150000 33.967648
4.200000 44.604198
4.250000 33.770939
4.300000 39.990395
4.350000 27.188326
4.400000 14.151825
4.450000 -2.978945
4.500000 -12.423289
4.550000 -27.421293
4.600000 -30.855587
4.650000 -27.819601
4.700000 -29.097349
4.750000 -23.188345
4.800000 -8.927320
4.850000 0.460311
4.900000 8.388109
4.950000 21.919518
5.000000 28.836264
5.050000 23.080702
5.100000 23.368307
5.150000 18.135027
5.200000 6.961626
5.250000 4.584901
5.300000 -6.601915
5.350000 -17.247149
5.400000 -23.480391
5.450000 -16.552742
5.500000 -14.578792
5.550000 -12.610857
5.600000 -7.306837
5.650000 3.990641
5.700000 17.040956
5.750000 18.065304
5.800000 14.384698
5.850000 16.140530
5.900000 17.025019
5.950000 9.342509
6.000000 0.640959
6.050000 1.083376
6.100000 -8.102525
6.150000 -7.540310
6.200000 3.049596
6.250000 -7.957047
6.300000 -11.056611
6.350000 -4.469874
6.400000 4.792072
6.450000 4.810927
6.500000 4.199167
6.550000 2.902003
6.600000 11.849846
6.650000 7.537678
6.700000 0.375200
6.750000 3.211731
6.800000 -0.058959
6.850000 -7.428518
6.900000 4.205242
6.950000 3.115593
7.000000 4.115843
7.050000 3.213446
7.100000 2.964927
7.150000 -2.458358
7.200000 2.431457
7.250000 2.357343
7.300000 -3.246416
7.350000 0.860925
7.400000 3.709008
7.450000 4.209044
7.500000 -2.307727
7.550000 -1.583173
7.600000 -2.982811
7.650000 5.954649
7.700000 6.255352
7.750000 6.277516
7.800000 11.017448
7.850000 -0.344882
7.900000 5.502161
7.950000 -0.539303
8.000000 3.811145
8.050000 6.136648
8.100000 -0.793224
8.150000 -2.863057
8.200000 2.226329
8.250000 0.547539
8.300000 -0.647647
8.350000 -4.398710
8.400000 5.187873
8.450000 -1.759299
8.500000 7.600347
8.550000 4.527650
8.600000 0.703640
8.650000 1.182694
8.700000 -8.359655
8.750000 -2.116096
8.800000 2.516459
8.850000 -2.220056
8.900000 -2.987452
8.950000 -5.440592
9.000000 -1.455901
9.050000 -2.268467
9.100000 3.988848
9.150000 9.186084
9.200000 1.332216
9.250000 0.142690
9.300000 8.101632
9.350000 3.649971
9.400000 -2.445676
9.450000 4.431450
9.500000 4.486448
9.550000 1.760670
9.600000 -2.857631
9.650000 -3.871043
9.700000 0.184498
9.750000 -1.214378
9.800000 -3.929403
9.850000 7.118915
9.900000 -3.906184
9.950000 3.209039
10.000000 0.721062
10.050000 1.424132
10.100000 4.841334
10.150000 8.631043
10.200000 2.589359
10.250000 -2.089954
10.300000 0.311501
10.350000 -2.446536
10.400000 -6.944949
10.450000 -5.585961
10.500000 -6.614305
10.550000 -1.865847
10.600000 1.497280
10.650000 1.999470
10.700000 3.326411
10.750000 -7.258956
10.800000 5.666002
10.850000 4.966771
10.900000 0.604762
10.950000 -1.891327
11.000000 -0.631795
11.050000 -4.607803
11.100000 2.438857
11.150000 -3.510247
11.200000 0.166381
11.250000 -2.663090
11.300000 -2.638433
11.350000 -2.182892
11.400000 0.891854
11.450000 1.718369
11.500000 1.594507
11.550000 3.198263
11.600000 3.213025
11.650000 -0.111828
11.700000 3.716722
11.750000 -3.220674
11.800000 -0.070956
11.850000 -6.624448
11.900000 -4.592325
11.950000 3.916681
12.000000 -0.638256
12.050000 -2.304630
12.100000 -1.104429
12.150000 -4.090879
12.200000 -3.417135
12.250000 0.260635
12.300000 4.579450
12.350000 4.266147
12.400000 -1.231219
12.450000 7.483278
12.500000 2.417523
12.550000 6.792776
12.600000 -4.217368
12.650000 -2.509161
12.700000 1.567260
12.750000 -5.105922
12.800000 -1.883458
12.850000 -1.812913
12.900000 -3.609543
12.950000 0.512081
13.000000 6.635499
13.050000 10.864616
13.100000 0.019050
13.150000 -2.378238
13.200000 3.998536
13.250000 -1.535441
13.300000 3.488594
13.350000 2.194088
13.400000 1.963618
13.450000 2.749482
13.500000 -1.872607
13.550000 -0.919226
13.600000 2.580377
13.650000 -0.072264
13.700000 -2.342681
13.750000 -7.682323
13.800000 -8.214339
13.850000 5.353750
13.900000 -2.750731
13.950000 -1.403622
14.000000 6.009386
14.050000 -7.253014
14.100000 0.989395
14.150000 -2.660716
14.200000 2.489135
14.250000 -0.277073
14.300000 2.246814
14.350000 -0.817042
14.400000 -1.147401
14.450000 3.190115
14.500000 -1.656662
14.550000 -1.020187
14.600000 0.985547
14.650000 -5.408587
14.700000 -3.595539
14.750000 -2.391416
14.800000 6.210275
14.850000 -3.042174
14.900000 -3.532794
14.950000 -7.757195
15.000000 1.491412
15.050000 4.298394
15.100000 -0.625945
15.150000 1.917229
15.200000 -2.389637
15.250000 -0.061863
15.300000 -4.318752
15.350000 -6.591915
15.400000 -5.236389
15.450000 -1.407028
15.500000 1.971599
15.550000 -0.383982
15.600000 2.987637
15.650000 2.893162
15.700000 4.198157
15.750000 1.742906
15.800000 2.475375
15.850000 1.302440
15.900000 2.819674
15.950000 -1.280214
16.000000 6.246696
16.050000 2.358671
16.100000 -0.324667
16.150000 0.745892
16.200000 -4.280981
16.250000 2.898399
16.300000 8.672900
16.350000 5.481670
16.400000 0.845263
16.450000 -3.552186
16.500000 2.372586
16.550000 1.499213
16.600000 -5.610921
16.650000 0.144362
16.700000 -5.581892
16.750000 2.739758
16.800000 -1.526668
16.850000 4.451688
16.900000 -5.413532
16.950000 -1.772311
17.000000 -3.341517
17.050000 0.372127
17.100000 2.565752
17.150000 -4.469366
17.200000 6.543650
17.250000 2.578576
17.300000 -0.500896
17.350000 3.845213
17.400000 -0.586368
17.450000 -2.856805
17.500000 -1.620398
17.550000 9.334634
17.600000 -1.590362
17.650000 2.400510
17.700000 3.323259
17.750000 -3.937712
17.800000 -0.747584
17.850000 -0.644754
17.900000 -3.248589
17.950000 -5.638561
18.000000 0.460783
18.050000 -1.031212
18.100000 -3.338496
18.150000 -0.326153
18.200000 3.280784
18.250000 0.029206
18.300000 8.394316
18.350000 5.289331
18.400000 4.984615
18.450000 5.403293
18.500000 3.794050
18.550000 2.217120
18.600000 -6.544409
18.650000 -3.872858
18.700000 -2.403296
18.750000 -2.444460
18.800000 3.117450
18.850000 3.879282
18.900000 1.149276
18.950000 -5.594902
19.000000 -1.458296
19.050000 -5.463148
19.100000 1.835429
19.150000 -0.341442
19.200000 3.342774
19.250000 5.442016
19.300000 4.821225
19.350000 4.920658
19.400000 8.010755
19.450000 7.164526
19.500000 0.508213
19.550000 3.427251
19.600000 -2.320595
19.650000 -4.205037
19.700000 -0.288163
19.750000 -2.559999
19.799999 -6.778349
19.849999 -5.752642
19.899999 -8.687731
19.949999 -0.860208
