0.000000 -1.097597
0.050000 -2.918487
0.100000 1.535789
0.150000 3.191504
0.200000 0.790219
0.250000 0.541934
0.300000 -0.181522
0.350000 -0.467897
0.400000 1.160675
0.450000 -0.354964
0.500000 0.686950
0.550000 0.293025
0.600000 2.382079
0.650000 0.065981
0.700000 -0.406695
0.750000 1.977323
0.800000 -0.825013
0.850000 -1.051805
0.900000 0.864764
0.950000 -0.838159
1.000000 -0.417069
1.050000 1.860992
1.100000 1.504652
1.150000 0.044092
1.200000 2.076599
1.250000 -1.243880
1.300000 -1.203457
1.350000 -1.293121
1.400000 0.470248
1.450000 0.387295
1.500000 0.658915
1.550000 -0.962756
1.600000 0.047026
1.650000 1.106384
1.700000 -0.159219
1.750000 1.054021
1.800000 1.800530
1.850000 1.041266
1.900000 -0.557917
1.950000 -5.854747
2.000000 -8.335101
2.050000 -7.063553
2.100000 -2.059019
2.150000 5.181295
2.200000 12.561933
2.250000 15.518572
2.300000 10.170420
2.350000 -3.772360
2.400000 -13.554950
2.450000 -17.055038
2.500000 -10.812083
2.550000 1.918103
2.600000 9.502503
2.650000 11.017923
2.700000 6.195271
2.750000 -5.500302
2.800000 -9.872277
2.850000 -6.564584
2.900000 -2.964818
2.950000 5.362139
3.000000 8.226751
3.050000 3.795741
3.100000 1.884694
3.150000 -5.241707
3.200000 -8.584435
3.250000 -6.166156
3.300000 2.373394
3.350000 5.709288
3.400000 7.942641
3.450000 7.184804
3.500000 -0.641657
3.550000 -5.977840
3.600000 -5.348578
3.650000 -4.310281
3.700000 1.104429
3.750000 2.685270
3.800000 4.383268
3.850000 1.555865
3.900000 0.553358
3.950000 -2.203922
4.000000 -0.620733
4.050000 -1.132836
4.100000 1.087576
4.150000 1.642871
4.200000 2.014141
4.250000 2.223426
4.300000 0.070247
4.350000 -2.053502
4.400000 -1.792794
4.450000 -0.570366
4.500000 -1.414951
4.550000 0.654643
4.600000 1.114796
4.650000 -0.377520
4.700000 -0.586254
4.750000 -1.802991
4.800000 -0.624366
4.850000 0.118649
4.900000 -0.114171
4.950000 -0.006086
5.000000 -2.099059
5.050000 -1.026835
5.100000 -0.042920
5.150000 0.188273
5.200000 0.975107
5.250000 1.731539
5.300000 0.055477
5.350000 -0.622754
5.400000 2.322126
5.450000 -0.736524
5.500000 -0.589261
5.550000 -1.275014
5.600000 0.223201
5.650000 -0.986960
5.700000 -1.061267
5.750000 1.001649
5.800000 -1.172602
5.850000 0.375169
5.900000 -0.339943
5.950000 -0.477634
6.000000 0.360376
6.050000 0.283076
6.100000 0.413237
6.150000 1.448128
6.200000 -0.490692
6.250000 0.224713
6.300000 0.684038
6.350000 0.701341
6.400000 0.700894
6.450000 1.620431
6.500000 -1.585814
6.550000 0.993769
6.600000 -0.289937
6.650000 0.607381
6.700000 1.444460
6.750000 0.970888
6.800000 0.157350
6.850000 -0.684891
6.900000 0.340030
6.950000 1.298713
7.000000 -0.748030
7.050000 0.915463
7.100000 0.480759
7.150000 0.928875
7.200000 1.033776
7.250000 -1.236447
7.300000 -1.610209
7.350000 -1.697503
7.400000 -0.526791
7.450000 2.464931
7.500000 -1.352135
7.550000 -0.641549
7.600000 1.805276
7.650000 0.449620
7.700000 0.622193
7.750000 -1.568055
7.800000 -1.871678
7.850000 0.817396
7.900000 0.731080
7.950000 -1.752675
7.999999 0.973047
8.049999 -2.814088
8.100000 0.970986
8.150000 -0.761468
8.200000 -0.018330
8.250000 2.026960
8.300000 0.440929
8.350000 1.168695
8.400000 0.138623
8.450000 -0.457996
8.500000 -0.586623
8.549999 0.647452
8.599999 0.724939
8.650000 2.386453
8.700000 1.289861
8.750000 1.137011
8.800000 -3.356426
8.850000 0.848859
8.900000 2.564829
8.950000 0.413708
9.000000 -1.322028
9.050000 0.031319
9.099999 0.097678
9.149999 -0.310583
9.200000 1.735400
9.250000 1.605989
9.300000 -0.426918
9.350000 0.782243
9.400000 -0.039257
9.450000 -1.245877
9.500000 0.978177
9.550000 1.864279
9.600000 0.824378
9.649999 0.733730
9.699999 -0.346779
9.750000 -1.065552
9.800000 0.269689
9.850000 -1.940713
9.900000 -0.421570
9.950000 2.336295
10.000000 -0.205343
10.050000 0.373929
10.100000 0.317715
10.150000 -0.697509
10.199999 -0.433950
10.249999 0.519572
10.300000 -1.582711
10.350000 1.210391
10.400000 -0.397366
10.450000 0.209179
10.500000 0.264918
10.550000 1.119791
10.600000 -1.211814
10.650000 -0.219479
10.700000 1.066875
10.749999 2.114438
10.799999 0.183306
10.849999 -0.549899
10.900000 1.786032
10.950000 1.671348
11.000000 -2.540295
11.050000 -1.532278
11.100000 -1.039791
11.150000 -0.028468
11.200000 -0.258994
11.250000 -0.647587
11.299999 0.424016
11.349999 0.818600
11.399999 1.235368
11.450000 0.250500
11.500000 0.801514
11.550000 1.517061
11.600000 1.025522
11.650000 -0.103244
11.700000 0.344403
11.750000 1.810294
11.800000 -0.150853
11.849999 -0.956350
11.899999 1.026041
11.949999 1.848096
12.000000 2.094202
12.050000 -0.368135
12.100000 -2.255141
12.150000 -0.375858
12.200000 -1.698307
12.250000 -1.131509
12.300000 0.300489
12.350000 0.907668
12.399999 -1.021102
12.449999 0.517207
12.499999 -1.466577
12.550000 -1.444927
12.600000 -0.854775
12.650000 -0.102344
12.700000 -0.095777
12.750000 -1.647153
12.800000 1.009055
12.850000 -0.437418
12.900000 2.143968
12.949999 -0.582653
12.999999 -0.858684
13.049999 0.613047
13.100000 0.834779
13.150000 0.721721
13.200000 2.659926
13.250000 1.572087
13.300000 0.740714
13.350000 -0.476008
13.400000 -1.129528
13.450000 1.557267
13.499999 0.586417
13.549999 -0.545031
13.599999 -0.259970
13.650000 0.672768
13.700000 -1.315875
13.750000 0.977585
13.800000 1.638729
13.850000 0.745009
13.900000 0.017527
13.950000 -4.227505
14.000000 0.840527
14.049999 1.960855
14.099999 0.110015
14.149999 1.186149
14.200000 0.602089
14.250000 -1.558298
14.300000 0.214653
14.350000 1.148374
14.400000 -1.346378
14.450000 -0.680762
14.500000 -0.161574
14.549999 1.927501
14.599999 -0.977754
14.649999 -0.428435
14.699999 0.216478
14.750000 -1.810116
14.800000 2.447695
14.850000 -0.337049
14.900000 -0.612234
14.950000 0.174700
15.000000 2.337721
15.050000 -0.660425
15.099999 0.061800
15.149999 0.438782
15.199999 1.775025
15.249999 0.961560
15.299999 1.396903
15.350000 2.280357
15.400000 -1.365752
15.450000 -0.762256
15.500000 0.801359
15.550000 0.464921
15.600000 0.552948
15.650000 0.069742
15.699999 1.585066
15.750000 0.712147
15.799999 3.301033
15.850000 1.143515
15.899999 0.686115
15.950000 0.108332
15.999999 0.242551
16.050000 -0.450995
16.099999 0.792941
16.150000 0.617205
16.200000 1.986589
16.249999 -0.885534
16.300000 2.087916
16.349999 -0.425581
16.400000 1.813068
16.449999 0.178218
16.500000 -1.597312
16.549999 0.853590
16.600000 -1.121221
16.649999 0.370984
16.700000 -0.931624
16.750000 0.301406
16.799999 0.247111
16.850000 0.857055
16.899999 1.485139
16.950000 -2.221525
16.999999 1.162649
17.050000 1.329441
17.099999 0.816394
17.150000 -0.321562
17.199999 -0.330033
17.250000 -1.641666
17.300000 0.419921
17.349999 0.570852
17.400000 1.624253
17.449999 -1.010575
17.500000 -0.773188
17.549999 3.127628
17.600000 0.178353
17.649999 1.178604
17.700000 1.698189
17.749999 -0.629841
17.800000 0.054507
17.850000 -1.209874
17.899999 0.641032
17.950000 0.471361
17.999999 -0.202311
18.050000 2.135468
18.099999 1.580779
18.150000 2.492077
18.199999 4.423565
18.250000 0.662818
18.299999 2.857009
18.350000 -0.642769
18.400000 -0.136067
18.449999 0.145332
18.500000 1.163967
18.549999 -1.114716
18.600000 0.452581
18.649999 0.169857
18.700000 1.170536
18.749999 -1.806592
18.800000 0.603981
18.849999 -1.724728
18.900000 0.546297
18.950000 1.012169
18.999999 0.107708
19.050000 0.023005
19.099999 0.681095
19.150000 -2.012057
19.199999 1.972094
19.250000 1.689870
19.299999 -1.258640
19.350000 0.716046
19.399999 0.351133
19.450000 -0.061224
19.500000 0.243956
19.549999 1.358880
19.600000 -1.472340
19.649999 -0.574565
19.700000 -1.644771
19.749999 -0.919594
19.800000 1.478166
19.849999 -0.876141
19.900000 -2.479218
19.949999 0.894659
