0.000000 -0.794076
0.050000 -6.138334
0.100000 4.778737
0.150000 6.119380
0.200000 5.276543
0.250000 5.480712
0.300000 5.634903
0.350000 5.183384
0.400000 6.117977
0.450000 6.046561
0.500000 9.155468
0.550000 9.270947
0.600000 16.269056
0.650000 7.274526
0.700000 3.274848
0.750000 10.642293
0.800000 5.930612
0.850000 2.693806
0.900000 0.730606
0.950000 2.499438
1.000000 -7.240888
1.050000 -3.310257
1.100000 -7.786022
1.150000 -2.085021
1.200000 -8.079136
1.250000 6.720955
1.300000 3.325938
1.350000 0.949147
1.400000 -1.948990
1.450000 -3.234434
1.500000 -2.101899
1.550000 -11.297681
1.600000 -2.922451
1.650000 1.285970
1.700000 9.976825
1.750000 6.234910
1.800000 -5.468414
1.850000 9.114724
1.900000 15.443865
1.950000 3.838221
2.000000 9.387638
2.050000 -4.019576
2.100000 -3.701779
2.150000 -4.524756
2.200000 -12.414777
2.250000 5.264004
2.300000 -8.591673
2.350000 -6.443199
2.400000 -3.448542
2.450000 -2.344079
2.500000 3.755191
2.550000 -4.585918
2.600000 -13.852509
2.650000 -3.797546
2.700000 -5.326863
2.750000 -0.709889
2.800000 3.626476
2.850000 -9.875484
2.900000 5.678302
2.950000 4.543504
3.000000 3.183165
3.050000 10.959887
3.100000 -2.637485
3.150000 13.689884
3.200000 4.956937
3.250000 5.828572
3.300000 -10.257857
3.350000 -14.252272
3.400000 -13.782605
3.450000 -19.498775
3.500000 -31.033173
3.550000 -22.415331
3.600000 -21.525196
3.650000 -27.726990
3.700000 -8.946778
3.750000 -4.770805
3.800000 15.042163
3.850000 33.469181
3.900000 42.036037
3.950000 42.537426
4.000000 46.930874
4.050000 42.828739
4.100000 52.544407
4.150000 41.230408
4.200000 30.622763
4.250000 24.174858
4.300000 11.361485
4.350000 9.546975
4.400000 -15.788246
4.450000 -24.219290
4.500000 -32.066219
4.550000 -49.644772
4.600000 -53.950542
4.650000 -61.257168
4.700000 -73.688095
4.750000 -64.682312
4.800000 -66.139542
4.850000 -58.473251
4.900000 -37.090160
4.950000 -25.187187
5.000000 -6.553570
5.050000 6.502584
5.100000 26.596615
5.150000 43.156605
5.200000 55.349339
5.250000 63.200340
5.300000 62.481281
5.350000 70.484077
5.400000 59.784325
5.450000 55.846676
5.500000 38.336411
5.550000 29.337156
5.600000 11.275352
5.650000 21.148844
5.700000 2.885687
5.750000 -9.693302
5.800000 -13.095302
5.850000 -33.975502
5.900000 -32.875797
5.950000 -37.537945
6.000000 -51.865959
6.050000 -44.579609
6.100000 -41.797737
6.150000 -35.571869
6.200000 -23.577860
6.250000 -8.346914
6.300000 -7.891860
6.350000 8.710785
6.400000 21.643364
6.450000 16.106647
6.500000 29.410604
6.550000 28.928703
6.600000 31.100121
6.650000 27.954578
6.700000 22.015924
6.750000 17.981136
6.800000 22.696638
6.850000 15.384480
6.900000 2.883229
6.950000 -11.470088
7.000000 -5.472692
7.050000 -3.734026
7.100000 -2.138090
7.150000 -13.149117
7.200000 -15.109882
7.250000 -15.506513
7.300000 -16.145283
7.350000 -9.387436
7.400000 -9.898100
7.450000 -6.139386
7.500000 -12.992949
7.550000 -5.070571
7.600000 2.888737
7.650000 13.654764
7.700000 9.785765
7.750000 13.303189
7.800000 22.035177
7.850000 16.646914
7.900000 16.503296
7.950000 8.311749
8.000000 5.512932
8.050000 -7.907204
8.100000 -2.485374
8.150000 -6.488533
8.200000 -5.221805
8.250000 -0.627595
8.300000 -2.387124
8.350000 -2.425190
8.400000 -5.133463
8.450000 -8.187300
8.500000 -10.813691
8.550000 -11.580035
8.600000 -11.926203
8.650000 5.683307
8.700000 3.857359
8.750000 2.758190
8.800000 1.929455
8.850000 -3.277833
8.900000 8.135351
8.950000 2.425904
9.000000 0.551168
9.050000 7.592291
9.100000 -0.716394
9.150000 12.825640
9.200000 4.156108
9.250000 3.272399
9.300000 1.297773
9.350000 -3.530267
9.400000 -3.276834
9.450000 -10.843967
9.500000 -12.724773
9.550000 8.474108
9.600000 -2.568386
9.650000 -3.363431
9.700000 -4.013873
9.750000 5.593145
9.800000 10.212805
9.850000 -5.850591
9.900000 11.761948
9.950000 3.500542
10.000000 8.637514
10.050000 9.078325
10.100000 7.825087
10.150000 4.365838
10.200000 6.472752
10.250000 9.564528
10.300000 8.679374
10.350000 1.890917
10.400000 11.294364
10.450000 5.910143
10.500000 -2.195370
10.550000 -1.127484
10.600000 -9.087652
10.650000 1.200129
10.700000 -6.994419
10.750000 -9.271317
10.800000 -7.705425
10.850000 -3.108047
10.900000 -6.045102
10.950000 -6.567609
11.000000 -7.191381
11.050000 1.882571
11.100000 -5.713360
11.150000 -11.806988
11.200000 -6.853005
11.250000 -2.210129
11.300000 1.502214
11.350000 3.378749
11.400000 -3.415022
11.450000 16.791010
11.500000 3.471608
11.550000 9.104054
11.600000 2.481702
11.650000 0.406524
11.700000 11.177500
11.750000 2.837919
11.800000 -2.261558
11.850000 6.874413
11.900000 0.414641
11.950000 0.666156
12.000000 -11.264105
12.050000 3.257810
12.100000 1.783742
12.150000 4.416834
12.200000 2.442089
12.250000 3.715643
12.300000 -3.139642
12.350000 -0.075261
12.400000 8.338599
12.450000 -2.799876
12.500000 6.417588
12.550000 2.160737
12.600000 5.800028
12.650000 5.453168
12.700000 0.632090
12.750000 9.675918
12.800000 4.786143
12.850000 -3.665784
12.900000 7.623864
12.950000 12.242896
13.000000 7.805177
13.050000 6.595992
13.100000 -0.033723
13.150000 14.212448
13.200000 6.163412
13.250000 -8.411769
13.300000 -0.547248
13.350000 -5.162587
13.400000 2.468787
13.450000 -5.463905
13.500000 -3.776028
13.550000 -2.659537
13.600000 6.537900
13.650000 -1.463592
13.700000 -2.909496
13.750000 -0.157446
13.800000 2.128352
13.850000 -4.585324
13.900000 -3.951591
13.950000 4.272841
14.000000 7.713641
14.050000 10.402248
14.100000 -2.115877
14.150000 2.240587
14.200000 6.643348
14.250000 1.594663
14.300000 2.794824
14.350000 1.617441
14.400000 8.636333
14.450000 -6.898293
14.500000 -0.225987
14.550000 2.201633
14.600000 -4.910170
14.650000 -10.607738
14.700000 -3.038265
14.750000 -4.101240
14.800000 5.180045
14.850000 -3.665673
14.900000 -6.513346
14.950000 3.353429
15.000000 8.034761
15.050000 2.956573
15.100000 7.038878
15.150000 4.372252
15.200000 -4.948213
15.250000 16.139454
15.300000 13.928360
15.350000 0.155777
15.400000 7.368280
15.450000 19.731239
15.500000 3.302765
15.550000 0.750490
15.600000 7.666753
15.650000 5.909373
15.700000 -15.888431
15.750000 -8.987986
15.800000 -12.685217
15.850000 -11.819574
15.900000 -6.129217
15.950000 -2.779966
16.000000 -5.522240
16.050000 3.361871
16.100000 -4.253296
16.150000 2.871566
16.200000 2.174694
16.250000 -2.399140
16.300000 -6.093894
16.350000 -0.928712
16.400000 -2.734435
16.450000 0.446207
16.500000 10.986403
16.550000 9.673872
16.600000 5.292568
16.650000 4.557709
16.700000 1.099398
16.750000 -10.632277
16.800000 1.769649
16.850000 -3.816863
16.900000 -0.139216
16.950000 -0.535475
17.000000 -0.803147
17.050000 10.571256
17.100000 -9.213625
17.150000 1.815714
17.200000 -11.556036
17.250000 -12.713627
17.300000 -16.273146
17.350000 -2.300063
17.400000 -7.314163
17.450000 -3.556030
17.500000 -0.312904
17.550000 -5.467458
17.600000 -0.924528
17.650000 1.596692
17.700000 -3.046219
17.750000 5.719077
17.800000 4.800457
17.850000 0.280242
17.900000 8.635167
17.950000 15.493004
18.000000 7.138390
18.050000 1.122019
18.100000 9.826027
18.150000 5.370691
18.200000 5.856303
18.250000 9.222103
18.300000 6.960643
18.350000 10.711751
18.400000 -2.564384
18.450000 8.084092
18.500000 -5.293229
18.550000 -9.861480
18.600000 -14.630871
18.650000 -18.060114
18.700000 -1.569215
18.750000 4.458972
18.800000 -2.112196
18.850000 2.019849
18.900000 1.573090
18.950000 8.149356
19.000000 8.498562
19.050000 -7.164927
19.100000 7.017985
19.150000 7.884176
19.200000 3.620593
19.250000 6.595823
19.300000 13.343981
19.350000 4.544844
19.400000 -1.244747
19.450000 0.174002
19.500000 8.341256
19.550000 6.643968
19.600000 -0.079633
19.650000 -2.325554
19.700000 1.982393
19.750000 6.806814
19.799999 -3.503169
19.849999 0.356318
19.899999 3.678446
19.949999 -3.310088
