0.000000 -16.289835
0.050000 2.171540
0.100000 14.704043
0.150000 -5.720883
0.200000 -2.825643
0.250000 -1.888559
0.300000 -5.904881
0.350000 -0.049511
0.400000 -10.036770
0.450000 -11.105268
0.500000 10.354435
0.550000 -16.921743
0.600000 -9.346587
0.650000 0.844793
0.700000 2.289748
0.750000 2.114980
0.800000 1.816285
0.850000 -19.974501
0.900000 -28.988523
0.950000 -0.734803
1.000000 -9.131599
1.050000 -7.175463
1.100000 -16.833422
1.150000 -26.244404
1.200000 -19.101107
1.250000 -3.743442
1.300000 -24.664349
1.350000 1.483008
1.400000 -0.046682
1.450000 7.871189
1.500000 4.223078
1.550000 34.768425
1.600000 19.380798
1.650000 51.889133
1.700000 40.298569
1.750000 -28.663527
1.800000 -47.269390
1.850000 -80.028625
1.900000 -54.987789
1.950000 5.637481
2.000000 80.192513
2.050000 140.358337
2.100000 145.975784
2.150000 5.531858
2.200000 -109.106583
2.250000 -215.962982
2.300000 -182.879547
2.350000 -16.277231
2.400000 89.330956
2.450000 170.773437
2.500000 119.507423
2.550000 4.754642
2.600000 -101.068794
2.650000 -134.373550
2.700000 -89.422920
2.750000 -2.556490
2.800000 86.606712
2.850000 89.338547
2.900000 42.182949
2.950000 -26.934004
3.000000 -75.221588
3.050000 -116.322227
3.100000 -48.445370
3.150000 17.622286
3.200000 64.570549
3.250000 81.234131
3.300000 42.030659
3.350000 -20.616301
3.400000 -37.343060
3.450000 -39.671616
3.500000 -24.791317
3.550000 37.175121
3.600000 48.955471
3.650000 32.420265
3.700000 -5.068811
3.750000 -5.652018
3.800000 -24.281921
3.850000 0.974902
3.900000 1.251351
3.950000 45.469799
4.000000 5.643998
4.050000 -2.554624
4.100000 -13.806233
4.150000 -17.007444
4.200000 -0.413067
4.250000 -21.148195
4.300000 10.532650
4.350000 22.046358
4.400000 -7.222464
4.450000 -17.364822
4.500000 -12.681723
4.550000 -26.484993
4.600000 -20.394680
4.650000 5.783054
4.700000 16.030273
4.750000 11.814213
4.800000 13.156546
4.850000 -23.431828
4.900000 1.394934
4.950000 -14.770848
5.000000 12.560959
5.050000 -0.535655
5.100000 -0.549986
5.150000 -17.404881
5.200000 -10.221990
5.250000 19.751377
5.300000 4.553509
5.350000 -8.139442
5.400000 6.861705
5.450000 13.269148
5.500000 20.164289
5.550000 -6.501051
5.600000 0.329186
5.650000 3.385969
5.700000 -2.985603
5.750000 -3.252034
5.800000 -11.764704
5.850000 9.504397
5.900000 -20.691126
5.950000 3.743789
6.000000 -22.229612
6.050000 8.202426
6.100000 5.652567
6.150000 31.846703
6.200000 12.264692
6.250000 10.001089
6.300000 -16.486118
6.350000 9.226508
6.400000 7.850133
6.450000 8.953853
6.500000 18.916088
6.550000 15.654794
6.600000 11.013912
6.650000 -7.528372
6.700000 10.389080
6.750000 -0.012143
6.800000 -27.391993
6.850000 15.967903
6.900000 -2.836684
6.950000 24.749769
7.000000 18.927460
7.050000 -7.202115
7.100000 -4.811972
7.150000 -20.442301
7.200000 -14.952435
7.250000 -18.276644
7.300000 36.488571
7.350000 -9.686316
7.400000 5.411303
7.450000 6.728732
7.500000 -1.691892
7.550000 -3.436844
7.600000 8.045442
7.650000 -0.198485
7.700000 -1.013624
7.750000 -16.575741
7.800000 5.192323
7.850000 -1.445747
7.900000 -20.498213
7.950000 -11.307964
7.999999 10.764658
8.049999 -20.233959
8.100000 0.982431
8.150000 4.048060
8.200000 -0.546696
8.250000 0.779575
8.300000 -16.841465
8.350000 -9.653973
8.400000 -5.168315
8.450000 1.246101
8.500000 14.807262
8.549999 -4.232126
8.599999 21.535563
8.650000 4.047944
8.700000 0.057243
8.750000 9.366035
8.800000 14.406840
8.850000 1.241894
8.900000 -2.143563
8.950000 -6.445130
9.000000 14.673198
9.050000 7.792316
9.099999 0.262011
9.149999 6.100893
9.200000 -0.026740
9.250000 10.368801
9.300000 -10.003143
9.350000 3.729695
9.400000 16.964697
9.450000 5.566989
9.500000 2.875191
9.550000 8.564862
9.600000 -14.013367
9.649999 9.066192
9.699999 23.435101
9.750000 -7.893653
9.800000 5.859154
9.850000 -20.197815
9.900000 -14.753325
9.950000 -1.838866
10.000000 3.436627
10.050000 -4.608587
10.100000 18.965630
10.150000 4.160986
10.199999 16.667553
10.249999 8.696123
10.300000 -5.605239
10.350000 9.452514
10.400000 15.462137
10.450000 -9.184772
10.500000 -0.931256
10.550000 2.989738
10.600000 19.470499
10.650000 10.800258
10.700000 16.912663
10.749999 -1.528626
10.799999 -9.339779
10.849999 -14.749437
10.900000 -7.610842
10.950000 21.068413
11.000000 -17.543331
11.050000 9.305627
11.100000 -1.195876
11.150000 14.495383
11.200000 -9.530045
11.250000 18.998985
11.299999 2.287145
11.349999 13.561608
11.399999 9.957569
11.450000 3.959636
11.500000 9.990856
11.550000 -8.970486
11.600000 24.473820
11.650000 13.898524
11.700000 14.941166
11.750000 -7.139264
11.800000 -18.313570
11.849999 23.273891
11.899999 -8.593536
11.949999 -24.848377
12.000000 -36.565277
12.050000 -13.906971
12.100000 26.366608
12.150000 -16.041773
12.200000 3.604199
12.250000 -3.539622
12.300000 -18.620708
12.350000 -15.472326
12.399999 4.351759
12.449999 4.979905
12.499999 -11.406981
12.550000 31.901407
12.600000 -18.552530
12.650000 27.968285
12.700000 2.664482
12.750000 -7.713989
12.800000 -11.266293
12.850000 -3.891698
12.900000 -8.307556
12.949999 -1.467193
12.999999 -0.444374
13.049999 -14.115775
13.100000 3.544994
13.150000 -0.341550
13.200000 0.161489
13.250000 8.905453
13.300000 -10.850590
13.350000 0.422311
13.400000 7.023100
13.450000 -6.756828
13.499999 -24.309275
13.549999 -33.795322
13.599999 -18.892195
13.650000 -11.365273
13.700000 5.609066
13.750000 12.129544
13.800000 -17.499941
13.850000 -2.369673
13.900000 12.266616
13.950000 16.784386
14.000000 -1.581379
14.049999 -10.367965
14.099999 20.336775
14.149999 -5.265319
14.200000 -3.595033
14.250000 -0.836614
14.300000 2.983478
14.350000 -9.062991
14.400000 1.777892
14.450000 14.733811
14.500000 9.710138
14.549999 -6.426218
14.599999 8.219167
14.649999 -16.482527
14.699999 3.402814
14.750000 24.571087
14.800000 -7.942424
14.850000 -8.334746
14.900000 0.911852
14.950000 2.438002
15.000000 20.521269
15.050000 1.535046
15.099999 0.793451
15.149999 8.080762
15.199999 6.707320
15.249999 3.326066
15.299999 5.697030
15.350000 18.547329
15.400000 9.368829
15.450000 27.018511
15.500000 -7.117107
15.550000 13.025144
15.600000 -22.998590
15.650000 8.338587
15.699999 22.272228
15.750000 6.989963
15.799999 2.778601
15.850000 13.965794
15.899999 2.412279
15.950000 4.029319
15.999999 -3.308675
16.050000 -23.244179
16.099999 3.244297
16.150000 11.487204
16.200000 1.984055
16.249999 -9.752505
16.300000 36.438862
16.349999 1.184186
16.400000 1.908504
16.449999 12.807550
16.500000 20.340281
16.549999 16.551846
16.600000 17.220774
16.649999 10.527875
16.700000 18.500109
16.750000 -2.801676
16.799999 -15.934264
16.850000 3.945741
16.899999 20.458199
16.950000 19.868378
16.999999 20.464092
17.050000 -11.473402
17.099999 4.490164
17.150000 2.669462
17.199999 -0.121715
17.250000 -7.290160
17.300000 -7.842156
17.349999 15.000666
17.400000 -11.196262
17.449999 -31.700518
17.500000 15.838717
17.549999 4.740180
17.600000 5.608457
17.649999 9.666963
17.700000 18.688059
17.749999 -0.511490
17.800000 15.253386
17.850000 -32.659302
17.899999 -15.754194
17.950000 5.421269
17.999999 12.337185
18.050000 11.327519
18.099999 4.587472
18.150000 12.655726
18.199999 4.590220
18.250000 4.127153
18.299999 -0.034948
18.350000 -7.593062
18.400000 7.355409
18.449999 36.211090
18.500000 8.809872
18.549999 -1.434555
18.600000 -4.384286
18.649999 2.441787
18.700000 -6.752518
18.749999 14.511477
18.800000 2.059271
18.849999 30.861246
18.900000 6.811366
18.950000 15.035898
18.999999 14.057929
19.050000 -1.846511
19.099999 -10.094912
19.150000 -17.151936
19.199999 3.763019
19.250000 -4.031889
19.299999 5.387368
19.350000 14.466655
19.399999 -7.200165
19.450000 -26.210289
19.500000 -16.415934
19.549999 -16.947922
19.600000 10.663397
19.649999 -6.622929
19.700000 -11.810752
19.749999 -21.984056
19.800000 -9.140248
19.849999 -1.752597
19.900000 -3.564032
19.949999 0.817829
