0.000000 7.625661
0.050000 8.417393
0.100000 8.476336
0.150000 2.306649
0.200000 1.323235
0.250000 -3.512747
0.300000 -1.176370
0.350000 -2.734097
0.400000 -2.588752
0.450000 4.531063
0.500000 2.460336
0.550000 3.172022
0.600000 1.619341
0.650000 -1.413307
0.700000 5.508372
0.750000 0.053632
0.800000 -2.756334
0.850000 -4.498291
0.900000 -1.613469
0.950000 2.268348
1.000000 6.291564
1.050000 0.119108
1.100000 -1.135516
1.150000 2.979284
1.200000 -1.043730
1.250000 0.205806
1.300000 4.174290
1.350000 -3.756818
1.400000 0.834601
1.450000 2.328251
1.500000 -1.654932
1.550000 0.869025
1.600000 2.045041
1.650000 -0.836811
1.700000 -3.687492
1.750000 2.959959
1.800000 5.349264
1.850000 -6.013698
1.900000 2.874743
1.950000 5.255014
2.000000 0.512397
2.050000 4.446190
2.100000 2.333615
2.150000 2.635378
2.200000 1.859651
2.250000 4.235612
2.300000 -0.432124
2.350000 -4.521038
2.400000 -2.091537
2.450000 1.381136
2.500000 8.128192
2.550000 2.922508
2.600000 1.162769
2.650000 -2.905182
2.700000 0.073182
2.750000 -2.046124
2.800000 2.121860
2.850000 5.781101
2.900000 -1.930071
2.950000 -1.837919
3.000000 0.343880
3.050000 5.696379
3.100000 5.843217
3.150000 2.677357
3.200000 4.957560
3.250000 0.262213
3.300000 -6.733482
3.350000 2.869328
3.400000 6.725398
3.450000 0.530387
3.500000 -0.490832
3.550000 -1.108580
3.600000 -4.801827
3.650000 -7.829519
3.700000 -5.070376
3.750000 -10.807983
3.800000 -16.284758
3.850000 -13.473746
3.900000 -18.954924
3.950000 -7.807621
4.000000 -14.716179
4.050000 -10.889709
4.100000 -9.007353
4.150000 -13.799537
4.200000 -9.003373
4.250000 -7.955461
4.300000 -0.764173
4.350000 4.702970
4.400000 1.003990
4.450000 14.599967
4.500000 14.179383
4.550000 25.662102
4.600000 26.403925
4.650000 31.500732
4.700000 28.324047
4.750000 25.905184
4.800000 29.573483
4.850000 28.872164
4.900000 29.640789
4.950000 24.876980
5.000000 27.413013
5.050000 30.827719
5.100000 16.736952
5.150000 9.203015
5.200000 12.868754
5.250000 -2.301552
5.300000 -2.080966
5.350000 -9.171131
5.400000 -15.123606
5.450000 -22.073719
5.500000 -25.664568
5.550000 -32.300632
5.600000 -31.109898
5.650000 -41.310101
5.700000 -35.568626
5.750000 -35.348854
5.800000 -29.837769
5.850000 -38.012810
5.900000 -37.451023
5.950000 -29.487457
6.000000 -22.487612
6.050000 -18.419188
6.100000 -11.815484
6.150000 -4.185177
6.200000 -2.512109
6.250000 2.812229
6.300000 -0.102312
6.350000 15.039157
6.400000 23.270443
6.450000 21.451893
6.500000 27.255899
6.550000 29.607847
6.600000 28.146244
6.650000 25.197762
6.700000 26.418613
6.750000 28.532032
6.800000 23.953999
6.850000 20.393181
6.900000 18.638176
6.950000 26.475357
7.000000 8.899445
7.050000 16.027866
7.100000 6.582179
7.150000 3.528365
7.200000 -3.209602
7.250000 -4.622230
7.300000 -12.072739
7.350000 -13.872762
7.400000 -3.294072
7.450000 -19.306595
7.500000 -16.534029
7.550000 -20.362429
7.600000 -17.450024
7.650000 -12.392873
7.700000 -12.559827
7.750000 -9.319673
7.800000 -10.633490
7.850000 -15.024756
7.900000 -8.442152
7.950000 -4.729054
7.999999 -8.478266
8.049999 -2.047653
8.100000 3.179868
8.150000 1.240870
8.200000 8.610658
8.250000 3.687783
8.300000 2.751613
8.350000 15.058861
8.400000 9.502033
8.450000 9.651386
8.500000 8.457327
8.549999 6.958485
8.599999 4.833303
8.650000 5.288283
8.700000 0.244881
8.750000 0.897104
8.800000 -3.141491
8.850000 -0.916622
8.900000 0.236490
8.950000 -6.065723
9.000000 6.394877
9.050000 -1.467880
9.099999 0.697615
9.149999 -1.075593
9.200000 -9.043377
9.250000 -10.342709
9.300000 -9.541588
9.350000 -4.621618
9.400000 -0.642603
9.450000 -3.825344
9.500000 -1.357712
9.550000 1.893495
9.600000 3.752536
9.649999 -4.121336
9.699999 -1.462550
9.750000 -4.864783
9.800000 4.848439
9.850000 1.940666
9.900000 4.657676
9.950000 5.063274
10.000000 5.800089
10.050000 0.193187
10.100000 1.445546
10.150000 5.734653
10.199999 4.849008
10.249999 5.133674
10.300000 -1.372606
10.350000 -0.263064
10.400000 3.397423
10.450000 -2.403108
10.500000 -2.025114
10.550000 -1.803927
10.600000 3.470996
10.650000 -4.625794
10.700000 -2.706737
10.749999 1.391034
10.799999 -6.342884
10.849999 2.111670
10.900000 1.961762
10.950000 0.317450
11.000000 0.577342
11.050000 -3.071837
11.100000 0.867696
11.150000 -0.901331
11.200000 4.711918
11.250000 -6.961170
11.299999 -0.706809
11.349999 -6.178802
11.399999 -0.423397
11.450000 4.886131
11.500000 -2.724592
11.550000 5.379591
11.600000 7.036566
11.650000 -3.250796
11.700000 3.267904
11.750000 6.022461
11.800000 2.290848
11.849999 4.893928
11.899999 -1.629237
11.949999 0.905379
12.000000 -3.714484
12.050000 3.782151
12.100000 3.092184
12.150000 6.669194
12.200000 -6.477437
12.250000 1.872433
12.300000 -9.875709
12.350000 -3.921653
12.399999 -2.928779
12.449999 -0.826217
12.499999 5.958545
12.550000 5.393367
12.600000 6.332879
12.650000 -0.219748
12.700000 2.311095
12.750000 -4.593579
12.800000 -3.432608
12.850000 0.342183
12.900000 1.314892
12.949999 3.834629
12.999999 -2.073994
13.049999 1.129993
13.100000 0.274593
13.150000 -0.962277
13.200000 -0.077454
13.250000 -4.584484
13.300000 -0.008594
13.350000 0.934929
13.400000 3.070649
13.450000 6.748179
13.499999 -1.157979
13.549999 0.962048
13.599999 -1.670552
13.650000 1.744308
13.700000 -4.469944
13.750000 3.643120
13.800000 7.390083
13.850000 4.115588
13.900000 -0.384061
13.950000 3.591548
14.000000 0.586300
14.049999 0.645383
14.099999 -1.195051
14.149999 -4.949328
14.200000 5.272324
14.250000 1.401304
14.300000 4.170581
14.350000 1.346730
14.400000 5.678509
14.450000 0.585174
14.500000 5.160061
14.549999 -6.542096
14.599999 -1.942234
14.649999 2.628432
14.699999 -6.044379
14.750000 0.852605
14.800000 1.876386
14.850000 4.756674
14.900000 -7.968880
14.950000 1.888612
15.000000 -10.586138
15.050000 4.635102
15.099999 -1.701843
15.149999 0.244392
15.199999 -1.353950
15.249999 -1.372455
15.299999 -1.795519
15.350000 4.643013
15.400000 -7.702239
15.450000 -6.325267
15.500000 -5.257151
15.550000 -7.865804
15.600000 -0.162967
15.650000 -1.581596
15.699999 1.382177
15.750000 0.343035
15.799999 3.182148
15.850000 0.396756
15.899999 -3.941926
15.950000 -1.479460
15.999999 0.765213
16.050000 2.426865
16.099999 7.245960
16.150000 -5.683108
16.200000 -2.533951
16.249999 0.063271
16.300000 1.560575
16.349999 6.975781
16.400000 -2.437261
16.449999 1.667593
16.500000 3.465314
16.549999 -3.295756
16.600000 -6.316753
16.649999 -1.556566
16.700000 1.058910
16.750000 -9.309037
16.799999 -1.761706
16.850000 -1.900949
16.899999 -3.660110
16.950000 4.161188
16.999999 -5.168418
17.050000 -0.364439
17.099999 3.514264
17.150000 -0.251738
17.199999 7.369802
17.250000 -4.644482
17.300000 -6.368362
17.349999 -3.907961
17.400000 -1.462053
17.449999 -1.159186
17.500000 0.917748
17.549999 2.106009
17.600000 -0.874809
17.649999 1.800673
17.700000 3.939655
17.749999 -1.065567
17.800000 -0.225735
17.850000 3.486121
17.899999 8.619819
17.950000 -0.273212
17.999999 -2.929052
18.050000 4.599934
18.099999 2.925558
18.150000 -0.160627
18.199999 0.228786
18.250000 -5.452671
18.299999 0.599547
18.350000 1.014441
18.400000 -0.910145
18.449999 -6.514020
18.500000 1.298696
18.549999 -5.137753
18.600000 2.050402
18.649999 2.280033
18.700000 -0.520359
18.749999 -5.129656
18.800000 -3.405119
18.849999 4.969671
18.900000 -3.323463
18.950000 0.509522
18.999999 -1.915500
19.050000 0.789650
19.099999 -4.524800
19.150000 1.641512
19.199999 3.063521
19.250000 -4.545120
19.299999 -0.064882
19.350000 -2.820842
19.399999 -5.836539
19.450000 -4.300072
19.500000 -1.904731
19.549999 3.122232
19.600000 -1.742151
19.649999 1.711253
19.700000 4.775448
19.749999 -1.445487
19.800000 1.097297
19.849999 -6.169631
19.900000 -4.406925
19.949999 -0.801712
