0.000000 1.081553
0.050000 -1.672876
0.100000 20.959797
0.150000 -2.034071
0.200000 17.358423
0.250000 8.949739
0.300000 -7.385705
0.350000 7.871898
0.400000 5.070675
0.450000 18.067280
0.500000 16.234575
0.550000 -4.496166
0.600000 -2.243352
0.650000 -2.587376
0.700000 7.546290
0.750000 -0.952363
0.800000 7.192106
0.850000 6.913944
0.900000 23.289036
0.950000 8.687084
1.000000 -2.017427
1.050000 -3.457603
1.100000 -12.460703
1.150000 -2.625295
1.200000 -12.194659
1.250000 -19.430958
1.300000 -5.006825
1.350000 -11.542820
1.400000 3.204325
1.450000 15.086679
1.500000 28.487745
1.550000 -4.376313
1.600000 -16.012907
1.650000 6.905224
1.700000 16.826900
1.750000 4.098989
1.800000 6.442774
1.850000 -4.066352
1.900000 2.962253
1.950000 0.632377
2.000000 -12.923817
2.050000 2.095403
2.100000 -4.972159
2.150000 23.454433
2.200000 13.092518
2.250000 -0.738352
2.300000 12.290257
2.350000 6.926788
2.400000 3.032512
2.450000 9.640668
2.500000 7.270116
2.550000 19.630800
2.600000 0.974354
2.650000 -8.819715
2.700000 -6.033129
2.750000 -22.587568
2.800000 -46.191471
2.850000 -64.497635
2.900000 -60.949116
2.950000 -38.248459
3.000000 -20.950777
3.050000 2.866857
3.100000 57.261543
3.150000 69.314423
3.200000 90.840218
3.250000 113.977753
3.300000 123.552422
3.350000 72.999847
3.400000 57.334625
3.450000 9.645338
3.500000 -64.746529
3.550000 -118.497780
3.600000 -169.146057
3.650000 -167.601517
3.700000 -153.744568
3.750000 -129.918137
3.800000 -63.720749
3.850000 -17.186417
3.900000 41.159695
3.950000 87.751503
4.000000 106.528389
4.050000 119.943886
4.100000 135.963684
4.150000 124.100235
4.200000 97.873634
4.250000 42.511658
4.300000 34.540920
4.350000 0.490459
4.400000 -45.814884
4.450000 -81.861511
4.500000 -72.476555
4.550000 -69.607903
4.600000 -81.788849
4.650000 -54.638481
4.700000 -23.692274
4.750000 17.196804
4.800000 34.864658
4.850000 37.793278
4.900000 50.161873
4.950000 68.620346
5.000000 60.474846
5.050000 74.181274
5.100000 45.723103
5.150000 25.093803
5.200000 13.616749
5.250000 -8.623362
5.300000 -36.912201
5.350000 -40.789825
5.400000 -22.613609
5.450000 -36.724651
5.500000 -12.218749
5.550000 -19.708838
5.600000 -13.425365
5.650000 7.649522
5.700000 26.275879
5.750000 34.516930
5.800000 29.114437
5.850000 35.292461
5.900000 36.247990
5.950000 14.289800
6.000000 5.051907
6.050000 11.329689
6.100000 10.239235
6.150000 -14.225801
6.200000 -6.388510
6.250000 -20.419523
6.300000 11.745281
6.350000 -15.489964
6.400000 -3.995883
6.450000 8.669810
6.500000 20.043015
6.550000 26.471613
6.600000 -6.115427
6.650000 11.875147
6.700000 1.492371
6.750000 14.625603
6.800000 0.519571
6.850000 -12.376262
6.900000 -17.244432
6.950000 -7.462810
7.000000 -0.946208
7.050000 7.806042
7.100000 -15.410296
7.150000 -10.330499
7.200000 -12.804090
7.250000 1.512863
7.300000 11.647957
7.350000 22.390375
7.400000 1.478876
7.450000 -21.072987
7.500000 6.390423
7.550000 -23.345350
7.600000 -9.524662
7.650000 -28.541552
7.700000 12.600476
7.750000 12.698906
7.800000 9.017456
7.850000 4.002729
7.900000 31.778698
7.950000 33.614918
8.000000 17.142326
8.050000 3.902351
8.100000 2.292538
8.150000 11.298167
8.200000 2.623771
8.250000 3.587804
8.300000 -15.061526
8.350000 -1.560215
8.400000 -15.121538
8.450000 -0.354978
8.500000 -5.127210
8.550000 -27.452700
8.600000 5.636452
8.650000 -13.066275
8.700000 -1.010554
8.750000 1.131477
8.800000 -22.208904
8.850000 -2.064307
8.900000 1.362618
8.950000 20.957773
9.000000 -4.947149
9.050000 15.316351
9.100000 15.235565
9.150000 11.034471
9.200000 4.159597
9.250000 -0.071668
9.300000 -7.950296
9.350000 0.885826
9.400000 1.845849
9.450000 -23.157545
9.500000 -5.326193
9.550000 -7.199304
9.600000 -3.929097
9.650000 -3.663760
9.700000 3.926257
9.750000 13.259304
9.800000 13.584234
9.850000 20.686651
9.900000 4.949079
9.950000 -8.564020
10.000000 14.675116
10.050000 8.812758
10.100000 3.359407
10.150000 5.975721
10.200000 -0.806454
10.250000 -2.355289
10.300000 -22.798882
10.350000 6.036794
10.400000 7.597251
10.450000 -3.712802
10.500000 -22.984777
10.550000 11.146197
10.600000 -4.314211
10.650000 4.697301
10.700000 -9.237781
10.750000 -24.363008
10.800000 -1.263023
10.850000 3.439460
10.900000 -0.747748
10.950000 0.622542
11.000000 9.168763
11.050000 -8.919744
11.100000 -21.328621
11.150000 -7.149924
11.200000 -1.873065
11.250000 -9.427428
11.300000 1.508892
11.350000 -6.639090
11.400000 10.889488
11.450000 11.488674
11.500000 -9.688079
11.550000 2.432781
11.600000 -6.611133
11.650000 -12.116103
11.700000 -15.146164
11.750000 0.192766
11.800000 2.607844
11.850000 14.154870
11.900000 6.737517
11.950000 15.357483
12.000000 0.622287
12.050000 -2.521973
12.100000 -11.644544
12.150000 -14.211609
12.200000 -5.561302
12.250000 -15.282928
12.300000 -3.764312
12.350000 -17.454067
12.400000 -7.260861
12.450000 -17.649096
12.500000 16.620983
12.550000 -0.000480
12.600000 -10.335865
12.650000 -7.850432
12.700000 5.036580
12.750000 -7.210621
12.800000 -1.626652
12.850000 7.905404
12.900000 1.408162
12.950000 -5.225411
13.000000 6.021274
13.050000 -5.873595
13.100000 -4.606819
13.150000 4.824762
13.200000 -8.670065
13.250000 2.143975
13.300000 -5.590759
13.350000 4.665647
13.400000 1.251701
13.450000 1.235899
13.500000 -0.487154
13.550000 -22.889059
13.600000 -0.736842
13.650000 7.476682
13.700000 -5.858230
13.750000 8.032866
13.800000 -19.267794
13.850000 -8.702606
13.900000 8.080873
13.950000 -1.023410
14.000000 -15.568330
14.050000 -2.770185
14.100000 2.895483
14.150000 3.844846
14.200000 11.050329
14.250000 4.933744
14.300000 -17.032997
14.350000 -26.172325
14.400000 -23.375652
14.450000 -9.794506
14.500000 0.229965
14.550000 0.835901
14.600000 -13.194632
14.650000 -3.992757
14.700000 -11.090382
14.750000 -19.179598
14.800000 17.994505
14.850000 -18.591570
14.900000 -0.551406
14.950000 -0.102348
15.000000 8.433268
15.050000 -4.487946
15.100000 6.543554
15.150000 14.951501
15.200000 3.531920
15.250000 16.805229
15.300000 4.917833
15.350000 7.741271
15.400000 16.458385
15.450000 3.787439
15.500000 -1.151271
15.550000 4.489299
15.600000 -4.364689
15.650000 7.101163
15.700000 -3.131142
15.750000 11.682165
15.800000 4.499686
15.850000 23.035967
15.900000 22.868484
15.950000 -17.056749
16.000000 -2.995900
16.050000 1.434334
16.100000 9.967434
16.150000 6.475161
16.200000 14.435818
16.250000 -5.760415
16.300000 -7.240586
16.350000 20.183683
16.400000 -5.450551
16.450000 -6.670061
16.500000 -18.166180
16.550000 14.411478
16.600000 9.379702
16.650000 1.534754
16.700000 -0.587761
16.750000 -0.113521
16.800000 -0.489479
16.850000 -26.131556
16.900000 1.885932
16.950000 4.500534
17.000000 18.147840
17.050000 -1.240845
17.100000 -18.753796
17.150000 -16.142685
17.200000 3.700222
17.250000 -1.374287
17.300000 -0.242716
17.350000 9.243549
17.400000 -1.462620
17.450000 17.421043
17.500000 -1.097277
17.550000 1.431294
17.600000 -7.526409
17.650000 6.611675
17.700000 4.020906
17.750000 -3.488621
17.800000 15.135704
17.850000 -11.741158
17.900000 -19.219679
17.950000 -9.846373
18.000000 1.262516
18.050000 -14.159685
18.100000 15.153788
18.150000 -8.576949
18.200000 1.829400
18.250000 14.143979
18.300000 11.179973
18.350000 22.667023
18.400000 -5.807310
18.450000 16.338537
18.500000 13.643167
18.550000 -6.470921
18.600000 -1.675462
18.650000 -2.886467
18.700000 1.667431
18.750000 -21.335682
18.800000 -12.511300
18.850000 1.137877
18.900000 -14.463605
18.950000 -12.261312
19.000000 -3.883775
19.050000 -18.511433
19.100000 21.012436
19.150000 37.553596
19.200000 16.478067
19.250000 16.417618
19.300000 6.926199
19.350000 -2.034587
19.400000 18.889948
19.450000 1.012522
19.500000 -12.415487
19.550000 -7.778580
19.600000 -26.476639
19.650000 -17.049797
19.700000 -16.947693
19.750000 -13.972821
19.799999 -3.308934
19.849999 -2.269460
19.899999 3.868395
19.949999 14.175267
