0.000000 8.020955
0.050000 2.942529
0.100000 -0.468393
0.150000 -14.189108
0.200000 5.185270
0.250000 -2.902743
0.300000 -3.835350
0.350000 -2.459265
0.400000 -6.662962
0.450000 -0.703944
0.500000 0.136205
0.550000 9.150748
0.600000 -5.158532
0.650000 9.524503
0.700000 7.749181
0.750000 8.057167
0.800000 18.085882
0.850000 10.491489
0.900000 -4.229499
0.950000 21.260767
1.000000 -7.149106
1.050000 7.486923
1.100000 1.505590
1.150000 2.533098
1.200000 6.459746
1.250000 -11.365520
1.300000 5.271112
1.350000 -10.503203
1.400000 -10.922140
1.450000 -11.340439
1.500000 3.390849
1.550000 10.094229
1.600000 2.588737
1.650000 -7.730857
1.700000 12.351694
1.750000 6.746637
1.800000 -0.118350
1.850000 9.037635
1.900000 -17.319689
1.950000 -3.513350
2.000000 -3.650120
2.050000 0.094706
2.100000 6.729226
2.150000 6.383273
2.200000 -4.473173
2.250000 2.783763
2.300000 6.827625
2.350000 -5.444079
2.400000 12.563205
2.450000 -6.489511
2.500000 3.457224
2.550000 -8.065970
2.600000 2.901380
2.650000 -0.686022
2.700000 -8.569236
2.750000 18.034414
2.800000 13.130219
2.850000 23.684986
2.900000 8.343919
2.950000 24.618120
3.000000 24.350811
3.050000 41.181793
3.100000 19.165829
3.150000 7.124000
3.200000 20.054243
3.250000 13.765031
3.300000 -0.532850
3.350000 -0.787897
3.400000 3.694561
3.450000 -19.947712
3.500000 -23.122696
3.550000 -30.419727
3.600000 -43.446918
3.650000 -33.509869
3.700000 -30.752056
3.750000 -46.348442
3.800000 -54.041168
3.850000 -34.027985
3.900000 -3.728486
3.950000 -11.672673
4.000000 11.509741
4.050000 23.589716
4.100000 22.482838
4.150000 35.983871
4.200000 68.207878
4.250000 64.089874
4.300000 89.515121
4.350000 52.779297
4.400000 68.445663
4.450000 65.964760
4.500000 50.796104
4.550000 37.938831
4.600000 18.882603
4.650000 2.201178
4.700000 -14.894815
4.750000 -12.644157
4.800000 -64.985962
4.850000 -40.604008
4.900000 -85.401878
4.950000 -96.411835
5.000000 -88.321350
5.050000 -93.143944
5.100000 -87.272537
5.150000 -85.761963
5.200000 -65.742439
5.250000 -49.608078
5.300000 -36.391327
5.350000 -14.879190
5.400000 14.564907
5.450000 18.322496
5.500000 43.552364
5.550000 49.388081
5.600000 63.988358
5.650000 76.429337
5.700000 81.809502
5.750000 75.712212
5.800000 65.254799
5.850000 63.187275
5.900000 52.546967
5.950000 55.475399
6.000000 45.970806
6.050000 20.206697
6.100000 19.249846
6.150000 -0.575991
6.200000 -5.194795
6.250000 -8.035521
6.300000 -21.417263
6.350000 -42.358391
6.400000 -56.300835
6.450000 -53.556988
6.500000 -44.649826
6.550000 -55.791656
6.600000 -32.430637
6.650000 -19.042435
6.700000 -11.961351
6.750000 -2.844642
6.800000 8.067223
6.850000 17.284073
6.900000 0.273547
6.950000 20.098434
7.000000 22.483419
7.050000 14.105483
7.100000 31.866503
7.150000 40.117119
7.200000 26.820015
7.250000 11.794629
7.300000 25.943624
7.350000 21.647121
7.400000 14.572654
7.450000 12.014060
7.500000 23.168364
7.550000 0.815516
7.600000 -8.977181
7.650000 -16.447264
7.700000 -13.155183
7.750000 -16.870205
7.800000 0.207501
7.850000 -13.563223
7.900000 -13.520662
7.950000 -5.290061
8.000000 0.997981
8.050000 3.755890
8.100000 -4.726140
8.150000 15.659965
8.200000 6.345842
8.250000 6.558788
8.300000 0.212021
8.350000 -11.396291
8.400000 13.783192
8.450000 -13.352385
8.500000 -7.650504
8.550000 -7.915289
8.600000 -14.546464
8.650000 -12.943666
8.700000 -5.058965
8.750000 14.152076
8.800000 8.373873
8.850000 -0.637191
8.900000 16.582224
8.950000 15.003741
9.000000 11.931550
9.050000 4.343571
9.100000 -12.304196
9.150000 12.416042
9.200000 17.639191
9.250000 -0.226462
9.300000 3.652859
9.350000 17.138424
9.400000 -16.711206
9.450000 4.924932
9.500000 3.819041
9.550000 -9.433784
9.600000 1.987622
9.650000 11.095740
9.700000 -1.784083
9.750000 -17.507870
9.800000 -4.419740
9.850000 -18.627104
9.900000 -7.186263
9.950000 -9.303741
10.000000 -5.017128
10.050000 4.003291
10.100000 -6.674040
10.150000 -6.153049
10.200000 4.343619
10.250000 18.156096
10.300000 16.329292
10.350000 -6.331088
10.400000 15.946173
10.450000 -2.241161
10.500000 6.736990
10.550000 14.903831
10.600000 13.888347
10.650000 7.219522
10.700000 6.275537
10.750000 6.392418
10.800000 17.014973
10.850000 10.473851
10.900000 -7.452667
10.950000 9.404836
11.000000 11.478929
11.050000 0.503035
11.100000 -3.122926
11.150000 -1.759439
11.200000 -1.188099
11.250000 -12.759352
11.300000 -8.317348
11.350000 -4.273341
11.400000 -2.277464
11.450000 0.513068
11.500000 -17.423021
11.550000 19.637270
11.600000 -21.636271
11.650000 2.528502
11.700000 -12.699218
11.750000 16.642971
11.800000 2.058516
11.850000 -2.255661
11.900000 11.033363
11.950000 18.848125
12.000000 13.520546
12.050000 5.379807
12.100000 -2.412482
12.150000 19.203758
12.200000 -11.737029
12.250000 10.372755
12.300000 -5.371302
12.350000 -0.819577
12.400000 4.752412
12.450000 -3.094197
12.500000 -10.952404
12.550000 -13.168933
12.600000 -6.366579
12.650000 2.679093
12.700000 -2.981216
12.750000 16.177961
12.800000 -10.306513
12.850000 21.945072
12.900000 21.762337
12.950000 -5.718400
13.000000 3.385553
13.050000 10.282239
13.100000 11.299121
13.150000 0.793170
13.200000 -10.417350
13.250000 16.501680
13.300000 12.226697
13.350000 11.809531
13.400000 3.261605
13.450000 -2.899496
13.500000 5.004707
13.550000 -12.734492
13.600000 -8.724336
13.650000 -5.183566
13.700000 -5.393124
13.750000 0.226806
13.800000 -3.983725
13.850000 3.305341
13.900000 4.525035
13.950000 6.097511
14.000000 -1.241805
14.050000 -6.360747
14.100000 16.922304
14.150000 13.135853
14.200000 -7.380566
14.250000 -5.693165
14.300000 8.250502
14.350000 -2.766361
14.400000 4.615228
14.450000 8.277961
14.500000 -1.624961
14.550000 -2.114107
14.600000 -6.418063
14.650000 -2.731019
14.700000 6.668162
14.750000 20.160810
14.800000 -1.407619
14.850000 -15.394129
14.900000 4.253719
14.950000 -2.613215
15.000000 -12.352818
15.050000 1.578496
15.100000 1.744524
15.150000 -2.877274
15.200000 -8.331739
15.250000 -3.235198
15.300000 -1.018698
15.350000 3.752425
15.400000 24.780495
15.450000 11.337626
15.500000 8.484253
15.550000 8.822430
15.600000 7.965342
15.650000 -6.377401
15.700000 2.296164
15.750000 8.734200
15.800000 2.884399
15.850000 -5.156294
15.900000 1.764367
15.950000 -11.632597
16.000000 -1.587689
16.050000 4.506296
16.100000 -4.554313
16.150000 -21.250237
16.200000 -21.337626
16.250000 -5.692993
16.300000 -14.809086
16.350000 -6.035167
16.400000 -10.176115
16.450000 13.491224
16.500000 -2.558210
16.550000 -2.041453
16.600000 5.874230
16.650000 -3.913229
16.700000 -3.770335
16.750000 -14.890326
16.800000 -4.053381
16.850000 2.354719
16.900000 8.370139
16.950000 17.995193
17.000000 15.018130
17.050000 3.991144
17.100000 -3.378142
17.150000 21.104990
17.200000 -10.532946
17.250000 11.878221
17.300000 8.980057
17.350000 -0.508159
17.400000 -14.440758
17.450000 0.369368
17.500000 6.960687
17.550000 -15.353599
17.600000 -14.588100
17.650000 -23.433699
17.700000 -9.788450
17.750000 -16.448803
17.800000 -3.671458
17.850000 1.895114
17.900000 6.802649
17.950000 -16.539478
18.000000 6.548749
18.050000 -8.454593
18.100000 2.004832
18.150000 -2.055966
18.200000 0.057570
18.250000 10.833691
18.300000 1.825506
18.350000 8.545251
18.400000 -4.519626
18.450000 28.580873
18.500000 8.156614
18.550000 19.105274
18.600000 19.997400
18.650000 5.161231
18.700000 -2.525960
18.750000 5.905567
18.800000 -14.655784
18.850000 1.962693
18.900000 -13.496880
18.950000 -10.449574
19.000000 -11.554415
19.050000 -15.636879
19.100000 -6.962754
19.150000 0.691884
19.200000 -9.826916
19.250000 2.834608
19.300000 9.277206
19.350000 11.889886
19.400000 -5.075535
19.450000 5.318730
19.500000 11.257312
19.550000 3.739044
19.600000 11.246354
19.650000 -3.973492
19.700000 20.200504
19.750000 6.071756
19.799999 12.657009
19.849999 -4.325513
19.899999 23.038357
19.949999 8.261592
