0.000000 -12.390732
0.050000 8.151558
0.100000 21.569111
0.150000 -13.718595
0.200000 -3.165142
0.250000 8.977639
0.300000 -20.876072
0.350000 17.566027
0.400000 -12.487706
0.450000 -11.122278
0.500000 -3.498140
0.550000 -9.987944
0.600000 -29.636801
0.650000 -0.492218
0.700000 -7.732708
0.750000 -11.693339
0.800000 5.601342
0.850000 -10.136756
0.900000 19.456921
0.950000 3.223621
1.000000 -7.934098
1.050000 10.782745
1.100000 16.759712
1.150000 0.848957
1.200000 -4.278121
1.250000 12.096441
1.300000 19.011913
1.350000 20.119427
1.400000 12.106047
1.450000 5.755537
1.500000 4.787915
1.550000 15.597531
1.600000 36.713890
1.650000 13.501248
1.700000 -2.659984
1.750000 -5.836336
1.800000 -4.185115
1.850000 6.874064
1.900000 -14.336084
1.950000 -5.871058
2.000000 -10.596203
2.050000 -7.326780
2.100000 -14.226348
2.150000 6.633172
2.200000 0.351954
2.250000 12.583913
2.300000 -6.326342
2.350000 -11.369625
2.400000 15.917830
2.450000 -5.526772
2.500000 6.329989
2.550000 -21.083334
2.600000 -22.172497
2.650000 -9.738624
2.700000 12.457390
2.750000 -16.567080
2.800000 -9.710116
2.850000 5.550221
2.900000 -18.867331
2.950000 -11.439604
3.000000 6.126434
3.050000 1.721394
3.100000 -5.382202
3.150000 -10.341908
3.200000 16.530882
3.250000 13.758367
3.300000 30.897264
3.350000 26.859737
3.400000 17.195475
3.450000 6.377812
3.500000 29.748793
3.550000 22.754763
3.600000 15.377633
3.650000 40.257675
3.700000 29.683748
3.750000 12.526321
3.800000 35.173264
3.850000 34.413509
3.900000 9.046802
3.950000 29.496885
4.000000 13.511889
4.050000 -10.173188
4.100000 -3.667292
4.150000 -19.123425
4.200000 0.271584
4.250000 -8.727575
4.300000 -18.702751
4.350000 3.587464
4.400000 -18.863359
4.450000 -37.486355
4.500000 -29.384682
4.550000 -34.904121
4.600000 -41.429066
4.650000 -55.797760
4.700000 -76.165359
4.750000 -48.104523
4.800000 -57.910709
4.850000 -66.302315
4.900000 -71.931458
4.950000 -64.297157
5.000000 -81.237877
5.050000 -68.868210
5.100000 -93.387672
5.150000 -75.253197
5.200000 -51.719921
5.250000 -53.352695
5.300000 -46.379009
5.350000 -52.592304
5.400000 -33.992310
5.450000 -44.184685
5.500000 -37.244732
5.550000 -11.728346
5.600000 2.698023
5.650000 7.344650
5.700000 31.720022
5.750000 38.805492
5.800000 60.325073
5.850000 71.983543
5.900000 47.949505
5.950000 74.649071
6.000000 93.859215
6.050000 102.069069
6.100000 117.506523
6.150000 103.298134
6.200000 102.441315
6.250000 123.591164
6.300000 114.492569
6.350000 125.018906
6.400000 129.063217
6.450000 110.643394
6.500000 94.684074
6.550000 106.165390
6.600000 89.779472
6.650000 101.195457
6.700000 65.136879
6.750000 64.201096
6.800000 38.816811
6.850000 31.787582
6.900000 23.658630
6.950000 2.807152
7.000000 -19.905739
7.050000 -16.036448
7.100000 -17.450853
7.150000 -49.669750
7.200000 -42.204578
7.250000 -55.884289
7.300000 -70.750473
7.350000 -79.163292
7.400000 -105.502052
7.450000 -112.569244
7.500000 -119.588509
7.550000 -113.127937
7.600000 -97.983879
7.650000 -137.032669
7.700000 -126.989586
7.750000 -120.803101
7.800000 -124.697266
7.850000 -111.191551
7.900000 -101.951698
7.950000 -89.154137
7.999999 -85.909370
8.049999 -78.917267
8.100000 -69.617104
8.150000 -50.404636
8.200000 -29.736315
8.250000 -27.988060
8.300000 -22.408993
8.350000 -10.004858
8.400000 11.635269
8.450000 25.342670
8.500000 8.532363
8.549999 11.916913
8.599999 43.530430
8.650000 31.061031
8.700000 30.214592
8.750000 47.800613
8.800000 80.575470
8.850000 64.610428
8.900000 75.107353
8.950000 87.072205
9.000000 92.277298
9.050000 108.203087
9.099999 67.594864
9.149999 81.184227
9.200000 75.596024
9.250000 65.776825
9.300000 72.752724
9.350000 68.430489
9.400000 74.643044
9.450000 67.444160
9.500000 64.374580
9.550000 44.782528
9.600000 44.416927
9.649999 47.013924
9.699999 25.705767
9.750000 35.269302
9.800000 31.576473
9.850000 32.480816
9.900000 6.700171
9.950000 7.109464
10.000000 -3.371379
10.050000 -24.638256
10.100000 -34.688751
10.150000 -24.018637
10.199999 -45.930195
10.249999 -21.286354
10.300000 -52.346684
10.350000 -37.740829
10.400000 -19.786402
10.450000 -54.323128
10.500000 -42.623863
10.550000 -41.543465
10.600000 -30.689138
10.650000 -33.541019
10.700000 -10.357906
10.749999 -5.172197
10.799999 -43.046864
10.849999 -16.837431
10.900000 -50.334148
10.950000 -8.539035
11.000000 -14.403147
11.050000 3.874458
11.100000 -29.395411
11.150000 0.597201
11.200000 5.531232
11.250000 -14.783312
11.299999 9.689245
11.349999 -9.307932
11.399999 0.439303
11.450000 -16.804041
11.500000 -2.006074
11.550000 11.341187
11.600000 13.915647
11.650000 3.341090
11.700000 9.503866
11.750000 33.296333
11.800000 13.064468
11.849999 25.959299
11.899999 26.054388
11.949999 19.674450
12.000000 21.305826
12.050000 23.351841
12.100000 19.530962
12.150000 11.851006
12.200000 7.252286
12.250000 17.700140
12.300000 21.335524
12.350000 -4.621017
12.399999 8.426330
12.449999 6.833126
12.499999 2.595704
12.550000 -23.395742
12.600000 -3.551286
12.650000 21.571405
12.700000 17.815002
12.750000 -0.910965
12.800000 19.565889
12.850000 -3.951617
12.900000 0.827184
12.949999 20.124891
12.999999 12.620141
13.049999 10.380480
13.100000 17.880249
13.150000 17.355373
13.200000 -7.216349
13.250000 12.915495
13.300000 28.112411
13.350000 -3.768558
13.400000 3.882858
13.450000 1.805483
13.499999 -17.802219
13.549999 -2.094484
13.599999 4.063491
13.650000 -5.704301
13.700000 19.428864
13.750000 22.164738
13.800000 -8.710757
13.850000 25.536692
13.900000 5.844036
13.950000 -1.698232
14.000000 -17.193697
14.049999 -1.409559
14.099999 -16.656599
14.149999 -9.848195
14.200000 -19.142889
14.250000 3.348588
14.300000 24.296600
14.350000 -5.261120
14.400000 8.284191
14.450000 -31.982620
14.500000 15.808270
14.549999 0.953349
14.599999 -5.105207
14.649999 0.276998
14.699999 -12.336798
14.750000 18.298948
14.800000 -5.706493
14.850000 14.853283
14.900000 -0.547236
14.950000 5.413245
15.000000 11.924788
15.050000 23.304516
15.099999 26.430416
15.149999 7.122563
15.199999 6.290677
15.249999 18.632410
15.299999 -18.046234
15.350000 0.523801
15.400000 24.054707
15.450000 -17.927958
15.500000 20.599943
15.550000 -0.580836
15.600000 3.001668
15.650000 19.501463
15.699999 21.782333
15.750000 5.250614
15.799999 7.680534
15.850000 3.825439
15.899999 16.152964
15.950000 -3.507653
15.999999 -0.846215
16.050000 3.843425
16.099999 -3.808623
16.150000 7.180120
16.200000 -0.210833
16.249999 14.912416
16.300000 1.257235
16.349999 -1.416690
16.400000 8.960434
16.449999 18.339613
16.500000 15.549708
16.549999 -4.926919
16.600000 8.088160
16.649999 -4.817635
16.700000 -12.041074
16.750000 -9.218618
16.799999 2.388202
16.850000 -5.826815
16.899999 -22.725086
16.950000 -20.002048
16.999999 -18.949245
17.050000 -11.960343
17.099999 -15.606972
17.150000 0.064333
17.199999 -10.583642
17.250000 -6.554350
17.300000 -7.413635
17.349999 -8.137335
17.400000 -8.172867
17.449999 -18.603491
17.500000 0.895519
17.549999 -13.254444
17.600000 -7.031023
17.649999 -17.071732
17.700000 -17.427706
17.749999 -10.474195
17.800000 6.048598
17.850000 -20.126808
17.899999 -2.444331
17.950000 -21.223198
17.999999 -0.550267
18.050000 3.484501
18.099999 -21.524330
18.150000 -25.788193
18.199999 15.228553
18.250000 -8.675226
18.299999 5.593172
18.350000 -7.364813
18.400000 19.150974
18.449999 -23.664782
18.500000 4.114783
18.549999 6.652755
18.600000 -2.031798
18.649999 -12.143605
18.700000 -4.859023
18.749999 -24.878244
18.800000 6.716408
18.849999 -5.164966
18.900000 -2.228466
18.950000 -7.746207
18.999999 13.759082
19.050000 -17.627193
19.099999 18.801468
19.150000 2.154620
19.199999 7.719110
19.250000 20.947908
19.299999 -3.675030
19.350000 0.294416
19.399999 2.111150
19.450000 3.166811
19.500000 14.941706
19.549999 12.549496
19.600000 15.159372
19.649999 0.707232
19.700000 -6.429045
19.749999 -0.738308
19.800000 8.731484
19.849999 -30.173399
19.900000 -9.282617
19.949999 -3.416504
