0.000000 -0.332455
0.050000 3.982220
0.100000 -6.707217
0.150000 -4.538917
0.200000 10.029695
0.250000 -12.815957
0.300000 13.849830
0.350000 2.823737
0.400000 13.478945
0.450000 9.975836
0.500000 1.407702
0.550000 6.535147
0.600000 0.224386
0.650000 -12.281803
0.700000 4.003662
0.750000 -1.671237
0.800000 1.189850
0.850000 0.653917
0.900000 15.687094
0.950000 -5.715117
1.000000 15.548499
1.050000 18.562525
1.100000 24.882149
1.150000 20.470146
1.200000 -12.382207
1.250000 -2.801450
1.300000 2.714697
1.350000 -4.190176
1.400000 -2.775329
1.450000 4.716981
1.500000 1.314225
1.550000 -7.591361
1.600000 -6.971843
1.650000 -0.063163
1.700000 3.587704
1.750000 -8.539021
1.800000 -6.039607
1.850000 23.416050
1.900000 19.588379
1.950000 16.359838
2.000000 20.257744
2.050000 23.693340
2.100000 6.616551
2.150000 12.442312
2.200000 -2.952997
2.250000 -17.846169
2.300000 -28.910025
2.350000 -20.876482
2.400000 -14.389235
2.450000 15.679202
2.500000 -10.048307
2.550000 61.110939
2.600000 71.283302
2.650000 58.802113
2.700000 32.907177
2.750000 -19.109444
2.800000 -83.100273
2.850000 -129.681168
2.900000 -112.211250
2.950000 -86.489967
3.000000 0.867416
3.050000 57.049702
3.100000 99.961555
3.150000 106.270638
3.200000 65.569618
3.250000 -13.939062
3.300000 -66.369408
3.350000 -102.966377
3.400000 -101.744568
3.450000 -63.320515
3.500000 18.735552
3.550000 70.057495
3.600000 101.042259
3.650000 95.529129
3.700000 57.895363
3.750000 8.875117
3.800000 -35.883526
3.850000 -70.109673
3.900000 -57.992439
3.950000 -13.548577
4.000000 34.115395
4.050000 61.332966
4.100000 53.913937
4.150000 45.207493
4.200000 17.681087
4.250000 -3.960659
4.300000 -27.886351
4.350000 -36.566891
4.400000 -17.852322
4.450000 10.497296
4.500000 22.492477
4.550000 9.443770
4.600000 34.205647
4.650000 21.886148
4.700000 1.375517
4.750000 -18.384089
4.800000 -5.638923
4.850000 -17.587988
4.900000 10.235804
4.950000 22.041098
5.000000 5.459614
5.050000 7.592180
5.100000 -3.192937
5.150000 13.139531
5.200000 14.741858
5.250000 -4.184988
5.300000 -4.326103
5.350000 -0.053334
5.400000 5.771188
5.450000 3.106416
5.500000 -4.305127
5.550000 -13.140396
5.600000 1.623847
5.650000 2.513560
5.700000 -7.184165
5.750000 -2.689419
5.800000 6.964180
5.850000 3.137240
5.900000 8.659003
5.950000 4.487873
6.000000 -2.416522
6.050000 -18.842098
6.100000 -2.573591
6.150000 -3.471313
6.200000 7.268847
6.250000 14.912756
6.300000 9.122368
6.350000 0.938663
6.400000 -7.796517
6.450000 -4.315991
6.500000 -9.874558
6.550000 -18.996819
6.600000 -2.939993
6.650000 -10.003061
6.700000 13.281578
6.750000 9.819604
6.800000 12.467871
6.850000 -0.955178
6.900000 15.392909
6.950000 2.859961
7.000000 -13.736023
7.050000 -0.092855
7.100000 -14.463412
7.150000 1.186855
7.200000 -13.586447
7.250000 6.955932
7.300000 16.481073
7.350000 3.471685
7.400000 -6.880526
7.450000 17.915466
7.500000 12.512094
7.550000 -6.293261
7.600000 -2.653573
7.650000 1.868284
7.700000 -8.425964
7.750000 -11.066551
7.800000 -11.424820
7.850000 22.077127
7.900000 14.291601
7.950000 -4.447083
8.000000 2.009152
8.050000 -13.915912
8.100000 3.453288
8.150000 -22.992952
8.200000 -9.515786
8.250000 10.162578
8.300000 10.163339
8.350000 -0.345382
8.400000 7.212502
8.450000 2.608867
8.500000 -1.835391
8.550000 8.388392
8.600000 -6.353756
8.650000 -10.464733
8.700000 -5.270246
8.750000 -21.810244
8.800000 9.606486
8.850000 20.954700
8.900000 -6.695817
8.950000 -10.300858
9.000000 -19.355902
9.050000 4.053484
9.100000 18.124393
9.150000 8.860313
9.200000 -2.257353
9.250000 -1.966557
9.300000 9.198681
9.350000 19.425272
9.400000 14.547762
9.450000 -6.064270
9.500000 7.845640
9.550000 6.187864
9.600000 3.968627
9.650000 6.520156
9.700000 7.548626
9.750000 8.113307
9.800000 15.230651
9.850000 14.116098
9.900000 -2.751708
9.950000 5.870229
10.000000 -6.071970
10.050000 -8.133302
10.100000 10.457783
10.150000 3.999383
10.200000 -3.155064
10.250000 2.476458
10.300000 21.308924
10.350000 -13.413137
10.400000 -1.602982
10.450000 11.633450
10.500000 6.568996
10.550000 -9.938325
10.600000 -12.806699
10.650000 4.506899
10.700000 -11.872496
10.750000 -6.086215
10.800000 11.598867
10.850000 0.443265
10.900000 -3.456742
10.950000 -18.607103
11.000000 -12.564301
11.050000 23.297356
11.100000 -6.009591
11.150000 -8.110279
11.200000 7.198634
11.250000 -11.634685
11.300000 10.613991
11.350000 -1.298910
11.400000 4.422143
11.450000 1.311451
11.500000 -16.567858
11.550000 -10.348385
11.600000 -5.813731
11.650000 -25.665377
11.700000 -2.069224
11.750000 -2.262094
11.800000 -17.386593
11.850000 7.763766
11.900000 -7.850975
11.950000 4.013778
12.000000 -16.510145
12.050000 -0.074378
12.100000 2.591989
12.150000 5.226142
12.200000 -0.388040
12.250000 -3.647787
12.300000 12.534124
12.350000 5.086981
12.400000 5.810438
12.450000 5.788495
12.500000 -14.240961
12.550000 -3.789742
12.600000 0.673686
12.650000 4.935853
12.700000 -13.347288
12.750000 3.325865
12.800000 -0.883380
12.850000 10.737414
12.900000 7.560153
12.950000 0.104438
13.000000 12.255477
13.050000 4.740433
13.100000 -2.966519
13.150000 -6.056262
13.200000 11.536054
13.250000 -6.569871
13.300000 8.269856
13.350000 -1.843963
13.400000 9.838112
13.450000 -12.970498
13.500000 7.352346
13.550000 -7.838809
13.600000 -14.361623
13.650000 -3.777622
13.700000 0.937335
13.750000 -1.346041
13.800000 -7.909074
13.850000 9.787627
13.900000 -1.083702
13.950000 9.303176
14.000000 -8.438361
14.050000 -5.189419
14.100000 8.428281
14.150000 0.809625
14.200000 9.172576
14.250000 8.945145
14.300000 0.889320
14.350000 3.005989
14.400000 -6.805103
14.450000 -19.793467
14.500000 1.253779
14.550000 10.791334
14.600000 9.330229
14.650000 12.039445
14.700000 -6.799525
14.750000 -0.863260
14.800000 -11.858147
14.850000 -11.109034
14.900000 1.539468
14.950000 21.294477
15.000000 3.770137
15.050000 -4.955839
15.100000 7.300142
15.150000 24.370909
15.200000 7.321913
15.250000 -5.604216
15.300000 6.047931
15.350000 -7.790384
15.400000 -6.178925
15.450000 5.250155
15.500000 -12.891647
15.550000 -8.747242
15.600000 -0.035475
15.650000 19.900362
15.700000 5.102166
15.750000 2.967522
15.800000 4.780377
15.850000 -3.610888
15.900000 -17.758902
15.950000 -6.112790
16.000000 -14.650762
16.050000 6.842801
16.100000 17.205662
16.150000 3.039986
16.200000 18.067505
16.250000 -6.104922
16.300000 -8.388933
16.350000 12.729143
16.400000 12.031580
16.450000 -0.619674
16.500000 10.386256
16.550000 -2.149527
16.600000 4.209341
16.650000 8.004848
16.700000 -1.855102
16.750000 -6.208006
16.800000 -9.851523
16.850000 12.023247
16.900000 8.747910
16.950000 -8.673592
17.000000 6.910738
17.050000 25.606075
17.100000 -15.247590
17.150000 2.478442
17.200000 14.047056
17.250000 -3.548491
17.300000 -8.517907
17.350000 -13.825779
17.400000 -10.143693
17.450000 17.598154
17.500000 -14.051421
17.550000 -2.061719
17.600000 -1.310997
17.650000 -8.131314
17.700000 -2.291971
17.750000 -2.695368
17.800000 6.011999
17.850000 -0.598553
17.900000 -14.610513
17.950000 -9.634040
18.000000 -8.867872
18.050000 -10.997919
18.100000 -6.664936
18.150000 22.481461
18.200000 1.616071
18.250000 -19.237917
18.300000 1.909279
18.350000 2.560723
18.400000 -14.902865
18.450000 -6.679650
18.500000 2.042246
18.550000 -11.172937
18.600000 -4.674194
18.650000 -5.677039
18.700000 -9.970387
18.750000 16.749054
18.800000 -4.944232
18.850000 -4.676134
18.900000 -12.194507
18.950000 9.019161
19.000000 7.285703
19.050000 9.644114
19.100000 -0.446784
19.150000 4.916413
19.200000 2.247053
19.250000 -15.256297
19.300000 0.774630
19.350000 -8.876589
19.400000 -15.834007
19.450000 3.832322
19.500000 -4.219264
19.550000 11.566462
19.600000 5.266088
19.650000 -5.966942
19.700000 15.489694
19.750000 -18.290596
19.799999 -11.721833
19.849999 15.055301
19.899999 -12.474234
19.949999 -8.485167
