0.000000 -0.869192
0.050000 -0.322960
0.100000 1.608356
0.150000 0.850309
0.200000 4.173319
0.250000 -0.152409
0.300000 -0.603348
0.350000 -1.336951
0.400000 2.627494
0.450000 0.005796
0.500000 2.717918
0.550000 -1.242869
0.600000 1.480053
0.650000 2.992661
0.700000 2.271062
0.750000 3.787339
0.800000 0.153050
0.850000 2.695720
0.900000 0.214661
0.950000 -5.672446
1.000000 1.330914
1.050000 0.128922
1.100000 -3.159270
1.150000 -1.448519
1.200000 0.450444
1.250000 -1.043701
1.300000 -0.172883
1.350000 -2.386191
1.400000 2.240200
1.450000 0.931433
1.500000 -1.955519
1.550000 0.249509
1.600000 -1.056355
1.650000 1.450715
1.700000 1.397219
1.750000 1.700168
1.800000 0.730118
1.850000 3.104392
1.900000 0.373702
1.950000 3.631614
2.000000 2.624083
2.050000 0.665420
2.100000 2.656821
2.150000 0.353274
2.200000 -3.238752
2.250000 -0.223118
2.300000 -0.769604
2.350000 -4.266991
2.400000 -2.654486
2.450000 -1.777252
2.500000 0.730203
2.550000 -0.445963
2.600000 -1.208959
2.650000 -2.258077
2.700000 2.064583
2.750000 -1.815812
2.800000 1.155427
2.850000 0.746106
2.900000 -0.769783
2.950000 2.507710
3.000000 -0.709186
3.050000 3.544114
3.100000 1.220435
3.150000 2.479861
3.200000 1.750693
3.250000 1.847877
3.300000 -1.642222
3.350000 -2.441027
3.400000 -3.688708
3.450000 -3.930691
3.500000 -4.075476
3.550000 -7.662701
3.600000 -7.638315
3.650000 -4.808940
3.700000 -1.788756
3.750000 1.022369
3.800000 5.458980
3.850000 1.938563
3.900000 10.278831
3.950000 10.997648
4.000000 11.093628
4.050000 10.172930
4.100000 12.896811
4.150000 12.703234
4.200000 8.605768
4.250000 10.794296
4.300000 3.810584
4.350000 0.473134
4.400000 0.575644
4.450000 -4.847449
4.500000 -7.464798
4.550000 -10.466989
4.600000 -13.562290
4.650000 -15.624782
4.700000 -17.380234
4.750000 -18.347544
4.800000 -19.686268
4.850000 -16.570669
4.900000 -12.222136
4.950000 -7.892956
5.000000 -3.609188
5.050000 0.006688
5.100000 7.020633
5.150000 12.700224
5.200000 16.544584
5.250000 17.607424
5.300000 17.597651
5.350000 20.422380
5.400000 17.238550
5.450000 16.936024
5.500000 17.316578
5.550000 10.215119
5.600000 8.474809
5.650000 5.168902
5.700000 2.034579
5.750000 -2.320626
5.800000 -5.377173
5.850000 -10.053429
5.900000 -14.827667
5.950000 -13.385551
6.000000 -17.184626
6.050000 -17.740442
6.100000 -16.997751
6.150000 -14.404386
6.200000 -7.436807
6.250000 -6.314865
6.300000 -2.978608
6.350000 3.372585
6.400000 5.532986
6.450000 7.830837
6.500000 11.566347
6.550000 15.880043
6.600000 14.800914
6.650000 13.716718
6.700000 13.003506
6.750000 8.781174
6.800000 9.259676
6.850000 7.978631
6.900000 3.582893
6.950000 -1.175074
7.000000 -0.023186
7.050000 -5.688936
7.100000 -6.080258
7.150000 -5.912894
7.200000 -8.591803
7.250000 -9.929839
7.300000 -9.129504
7.350000 -8.303560
7.400000 -7.080010
7.450000 -8.499746
7.500000 -1.275179
7.550000 -1.014920
7.600000 0.480660
7.650000 3.483649
7.700000 8.075230
7.750000 11.029690
7.800000 11.017121
7.850000 7.650257
7.900000 4.787575
7.950000 6.234647
8.000000 3.923215
8.050000 3.903935
8.100000 0.678182
8.150000 -1.734002
8.200000 -1.309335
8.250000 -2.517965
8.300000 -6.389105
8.350000 -1.507785
8.400000 -2.589164
8.450000 -2.640876
8.500000 -1.444215
8.550000 -3.946064
8.600000 -2.374979
8.650000 -0.463065
8.700000 1.290881
8.750000 -1.665417
8.800000 1.677199
8.850000 1.534238
8.900000 4.766532
8.950000 1.843512
9.000000 5.449882
9.050000 4.140418
9.100000 1.490855
9.150000 3.553000
9.200000 2.618775
9.250000 -0.291196
9.300000 -1.014638
9.350000 -4.343665
9.400000 -1.634682
9.450000 -0.761743
9.500000 -2.916541
9.550000 -3.051991
9.600000 -0.824737
9.650000 -0.131522
9.700000 1.030315
9.750000 -0.033201
9.800000 -4.472388
9.850000 0.498260
9.900000 -0.002518
9.950000 2.164178
10.000000 2.899477
10.050000 0.952752
10.100000 5.798657
10.150000 6.194243
10.200000 3.663232
10.250000 4.390872
10.300000 1.258495
10.350000 1.249164
10.400000 0.557691
10.450000 1.407650
10.500000 1.636615
10.550000 0.648183
10.600000 -1.601096
10.650000 0.283036
10.700000 -1.509482
10.750000 0.040096
10.800000 -5.441213
10.850000 -3.526733
10.900000 -1.134398
10.950000 -2.218371
11.000000 0.663154
11.050000 -0.724604
11.100000 -1.249282
11.150000 -1.540717
11.200000 1.672234
11.250000 1.604214
11.300000 1.236341
11.350000 2.329789
11.400000 1.110775
11.450000 0.003365
11.500000 -0.453425
11.550000 1.406917
11.600000 4.388439
11.650000 0.864098
11.700000 -0.527753
11.750000 1.725957
11.800000 0.789337
11.850000 -1.548344
11.900000 -1.999039
11.950000 -0.668597
12.000000 -3.705172
12.050000 -2.167756
12.100000 -2.441698
12.150000 -3.669110
12.200000 -1.606235
12.250000 2.252530
12.300000 -4.252015
12.350000 1.940261
12.400000 1.379020
12.450000 1.459875
12.500000 4.560718
12.550000 2.692907
12.600000 2.046859
12.650000 1.274416
12.700000 0.987835
12.750000 1.543259
12.800000 -0.305331
12.850000 2.002551
12.900000 2.306178
12.950000 0.785468
13.000000 4.759453
13.050000 2.030796
13.100000 4.157481
13.150000 -0.301666
13.200000 -0.509732
13.250000 -2.091341
13.300000 0.540229
13.350000 -0.810088
13.400000 -0.677494
13.450000 1.567322
13.500000 -1.481729
13.550000 -0.177525
13.600000 -0.602212
13.650000 1.255673
13.700000 -1.809784
13.750000 1.183123
13.800000 -3.035696
13.850000 -0.385928
13.900000 3.525505
13.950000 0.527856
14.000000 2.029633
14.050000 0.245539
14.100000 3.751712
14.150000 3.139870
14.200000 3.118950
14.250000 -0.418056
14.300000 6.608903
14.350000 -0.923648
14.400000 3.203894
14.450000 -3.002775
14.500000 -0.235150
14.550000 -0.741270
14.600000 -1.799481
14.650000 -2.001926
14.700000 1.104444
14.750000 0.217763
14.800000 -1.440928
14.850000 -2.718679
14.900000 0.185465
14.950000 1.100067
15.000000 -0.520576
15.050000 0.207094
15.100000 2.229654
15.150000 -0.387286
15.200000 1.525591
15.250000 1.595455
15.300000 2.215520
15.350000 4.687052
15.400000 0.716607
15.450000 -1.495819
15.500000 2.719137
15.550000 0.882212
15.600000 -0.367880
15.650000 -1.812675
15.700000 -0.872985
15.750000 -0.808663
15.800000 -1.860157
15.850000 -4.935805
15.900000 0.057251
15.950000 -0.045515
16.000000 1.244411
16.050000 1.295951
16.100000 -0.573438
16.150000 1.948728
16.200000 -1.710699
16.250000 2.590615
16.300000 3.793436
16.350000 -2.059575
16.400000 -0.060212
16.450000 -1.330406
16.500000 0.871040
16.550000 4.956276
16.600000 0.331022
16.650000 1.929157
16.700000 1.095116
16.750000 2.926719
16.800000 -0.272968
16.850000 -1.780658
16.900000 2.727955
16.950000 3.196225
17.000000 0.545080
17.050000 -0.211987
17.100000 -1.356847
17.150000 -0.351074
17.200000 -2.594074
17.250000 -1.455700
17.300000 1.257106
17.350000 -4.522352
17.400000 -1.381118
17.450000 1.461972
17.500000 -1.623352
17.550000 -0.523690
17.600000 -2.159678
17.650000 -0.831745
17.700000 0.092297
17.750000 3.707504
17.800000 0.975009
17.850000 0.367810
17.900000 3.229808
17.950000 0.798618
18.000000 1.460710
18.050000 6.251826
18.100000 4.346542
18.150000 5.104814
18.200000 1.036090
18.250000 -0.299541
18.300000 -2.548769
18.350000 3.819584
18.400000 1.628878
18.450000 -1.492576
18.500000 -3.491852
18.550000 -1.667893
18.600000 -5.259755
18.650000 -1.264490
18.700000 -0.419496
18.750000 -0.904028
18.800000 0.634903
18.850000 -0.065447
18.900000 2.352879
18.950000 -0.333161
19.000000 -0.831717
19.050000 -0.187149
19.100000 -1.150437
19.150000 5.571997
19.200000 4.433551
19.250000 2.427317
19.300000 1.098166
19.350000 2.379416
19.400000 3.417410
19.450000 -0.514302
19.500000 0.620460
19.550000 0.898795
19.600000 2.243531
19.650000 3.731074
19.700000 -0.499508
19.750000 -0.655435
19.799999 -0.125409
19.849999 -3.741717
19.899999 -0.203032
19.949999 -2.482851
