0.000000 26.516493
0.050000 8.810284
0.100000 11.214746
0.150000 -16.848278
0.200000 -14.380674
0.250000 2.736887
0.300000 1.229023
0.350000 -8.135953
0.400000 -12.972807
0.450000 15.104534
0.500000 16.160950
0.550000 -7.772852
0.600000 10.343363
0.650000 0.060723
0.700000 -2.118096
0.750000 -3.803338
0.800000 -13.645316
0.850000 -20.175117
0.900000 6.918076
0.950000 15.028783
1.000000 -6.347701
1.050000 18.290096
1.100000 -15.330157
1.150000 5.187601
1.200000 -3.188117
1.250000 9.026087
1.300000 -15.973367
1.350000 6.079170
1.400000 -16.639803
1.450000 -26.657919
1.500000 1.665631
1.550000 1.069628
1.600000 -17.531317
1.650000 -2.157889
1.700000 17.471943
1.750000 -16.535618
1.800000 -3.998960
1.850000 -16.359047
1.900000 -3.524857
1.950000 12.980759
2.000000 -30.169102
2.050000 -6.605474
2.100000 12.645570
2.150000 4.934191
2.200000 18.277054
2.250000 23.944847
2.300000 9.410852
2.350000 11.755958
2.400000 -5.611512
2.450000 -1.068844
2.500000 12.190551
2.550000 -0.554240
2.600000 28.617599
2.650000 -0.666739
2.700000 8.615684
2.750000 -23.141676
2.800000 -34.639828
2.850000 -0.129316
2.900000 -35.816826
2.950000 -21.397650
3.000000 -41.942997
3.050000 -33.014233
3.100000 -29.830864
3.150000 -31.947252
3.200000 -35.937000
3.250000 -7.215810
3.300000 25.152449
3.350000 59.164680
3.400000 98.090530
3.450000 85.229568
3.500000 117.404869
3.550000 144.803162
3.600000 119.157982
3.650000 97.892319
3.700000 77.633621
3.750000 35.208580
3.800000 -11.180909
3.850000 -71.240952
3.900000 -103.600838
3.950000 -136.606827
4.000000 -158.983505
4.050000 -179.932983
4.100000 -164.268600
4.150000 -117.452896
4.200000 -83.469498
4.250000 -51.261478
4.300000 -6.798186
4.350000 22.317053
4.400000 68.300262
4.450000 76.372864
4.500000 112.639191
4.550000 101.806458
4.600000 91.201729
4.650000 72.713852
4.700000 44.527199
4.750000 9.874322
4.800000 22.610445
4.850000 -10.665473
4.900000 -49.595318
4.950000 -52.323563
5.000000 -66.634232
5.050000 -62.625034
5.100000 -49.985619
5.150000 -32.202801
5.200000 -11.271567
5.250000 -12.159895
5.300000 12.102705
5.350000 17.732170
5.400000 8.629557
5.450000 50.471287
5.500000 34.803818
5.550000 29.654680
5.600000 33.064404
5.650000 17.580606
5.700000 -1.547482
5.750000 16.848137
5.800000 2.416338
5.850000 -28.372910
5.900000 -5.022329
5.950000 -3.831980
6.000000 -8.044126
6.050000 -4.738017
6.100000 -3.498264
6.150000 8.792006
6.200000 -18.786396
6.250000 26.668255
6.300000 -7.564539
6.350000 13.278662
6.400000 39.127083
6.450000 32.145287
6.500000 20.791712
6.550000 -8.138332
6.600000 3.544189
6.650000 -10.200305
6.700000 5.692110
6.750000 -13.746422
6.800000 -40.700855
6.850000 -15.070795
6.900000 -8.794537
6.950000 14.814518
7.000000 7.800951
7.050000 20.462053
7.100000 -4.388714
7.150000 30.996166
7.200000 10.899725
7.250000 14.763492
7.300000 -14.940368
7.350000 -0.382484
7.400000 12.722128
7.450000 4.350301
7.500000 -14.868012
7.550000 -9.945217
7.600000 18.514086
7.650000 6.351454
7.700000 17.371523
7.750000 -10.217721
7.800000 -11.401852
7.850000 -31.605654
7.900000 -28.833097
7.950000 8.872505
7.999999 -25.824924
8.049999 2.066710
8.100000 -19.867884
8.150000 -7.927392
8.200000 8.211355
8.250000 -1.745990
8.300000 21.342258
8.350000 36.494179
8.400000 11.735448
8.450000 3.565209
8.500000 1.448974
8.549999 4.286513
8.599999 5.810606
8.650000 -25.070904
8.700000 4.665856
8.750000 -9.226870
8.800000 -6.197879
8.850000 4.249332
8.900000 -17.885080
8.950000 -4.827592
9.000000 -2.581496
9.050000 0.003796
9.099999 2.303107
9.149999 9.882811
9.200000 1.619338
9.250000 -8.947048
9.300000 19.859211
9.350000 38.809792
9.400000 10.358661
9.450000 -5.592268
9.500000 1.129813
9.550000 10.399264
9.600000 21.254963
9.649999 11.071311
9.699999 -29.447754
9.750000 16.844372
9.800000 -26.855234
9.850000 9.302791
9.900000 1.044203
9.950000 -5.322368
10.000000 -2.107878
10.050000 0.572100
10.100000 6.494080
10.150000 4.235171
10.199999 9.827767
10.249999 4.037422
10.300000 -6.216334
10.350000 14.877577
10.400000 2.766046
10.450000 -1.482165
10.500000 18.917799
10.550000 -8.093663
10.600000 12.646470
10.650000 -8.629835
10.700000 2.567128
10.749999 -1.282641
10.799999 -0.390875
10.849999 -18.646654
10.900000 2.645920
10.950000 -4.205489
11.000000 9.167030
11.050000 17.359791
11.100000 6.691590
11.150000 1.360507
11.200000 24.959372
11.250000 -16.019361
11.299999 -6.662498
11.349999 -8.911581
11.399999 12.433425
11.450000 4.907547
11.500000 6.957276
11.550000 4.992984
11.600000 -16.969797
11.650000 9.068055
11.700000 -12.520232
11.750000 18.229355
11.800000 12.117276
11.849999 5.469380
11.899999 18.296822
11.949999 -2.265872
12.000000 -4.818883
12.050000 0.869703
12.100000 -12.662426
12.150000 -12.416692
12.200000 6.183165
12.250000 28.801037
12.300000 -0.436237
12.350000 -6.193493
12.399999 -2.432323
12.449999 10.899764
12.499999 7.952159
12.550000 4.007754
12.600000 3.138884
12.650000 -6.031700
12.700000 -10.467331
12.750000 -17.629061
12.800000 -7.047741
12.850000 -1.660860
12.900000 -5.321161
12.949999 -13.298121
12.999999 -16.751614
13.049999 -14.760360
13.100000 -29.243845
13.150000 -9.934015
13.200000 5.103332
13.250000 12.585410
13.300000 -3.042768
13.350000 3.217972
13.400000 13.086538
13.450000 5.155663
13.499999 8.338319
13.549999 -3.288567
13.599999 23.353661
13.650000 5.980786
13.700000 20.315289
13.750000 6.473567
13.800000 -4.005628
13.850000 -21.269873
13.900000 -17.333435
13.950000 -14.112291
14.000000 -16.577681
14.049999 -22.938980
14.099999 -11.579224
14.149999 -17.477102
14.200000 22.164709
14.250000 -7.324330
14.300000 25.003489
14.350000 6.941020
14.400000 12.776602
14.450000 17.034468
14.500000 26.995491
14.549999 22.457253
14.599999 -18.593969
14.649999 15.769223
14.699999 -3.205423
14.750000 -8.722948
14.800000 -7.300885
14.850000 37.152805
14.900000 -8.732673
14.950000 9.118620
15.000000 -10.353464
15.050000 -10.155877
15.099999 5.852474
15.149999 -13.522207
15.199999 -29.942633
15.249999 14.927541
15.299999 2.348868
15.350000 -17.667057
15.400000 4.002380
15.450000 27.808907
15.500000 3.632910
15.550000 5.056815
15.600000 -7.618956
15.650000 -6.582752
15.699999 -7.187604
15.750000 -0.953519
15.799999 0.577314
15.850000 -4.649413
15.899999 5.586712
15.950000 6.570441
15.999999 18.211111
16.050000 -5.500269
16.099999 -5.843961
16.150000 -5.076165
16.200000 14.371865
16.249999 8.780339
16.300000 -11.349889
16.349999 9.853186
16.400000 9.365071
16.449999 39.130852
16.500000 5.734591
16.549999 17.376484
16.600000 5.220626
16.649999 4.018832
16.700000 -0.985602
16.750000 -16.283707
16.799999 -3.680583
16.850000 19.253096
16.899999 -3.174536
16.950000 -1.478803
16.999999 4.809778
17.050000 -21.141659
17.099999 -33.861355
17.150000 4.132338
17.199999 6.295956
17.250000 8.759149
17.300000 6.443679
17.349999 10.127791
17.400000 3.086881
17.449999 -3.733876
17.500000 -9.201581
17.549999 4.571106
17.600000 -0.453161
17.649999 10.944047
17.700000 6.526695
17.749999 -0.956067
17.800000 2.023312
17.850000 -3.703038
17.899999 -3.468088
17.950000 -3.512258
17.999999 -22.747480
18.050000 -12.537711
18.099999 -3.374499
18.150000 -4.869349
18.199999 -25.582884
18.250000 -7.126599
18.299999 6.153169
18.350000 0.043106
18.400000 -2.992484
18.449999 -8.428442
18.500000 21.884974
18.549999 14.710546
18.600000 26.687626
18.649999 23.667761
18.700000 3.632106
18.749999 15.871418
18.800000 -1.449690
18.849999 -6.069788
18.900000 8.083816
18.950000 5.476233
18.999999 0.712369
19.050000 11.926148
19.099999 20.234375
19.150000 8.226705
19.199999 -18.561043
19.250000 -23.294846
19.299999 -15.171424
19.350000 -1.521502
19.399999 3.471099
19.450000 16.711826
19.500000 16.865168
19.549999 14.292700
19.600000 36.884727
19.649999 15.710428
19.700000 12.361650
19.749999 16.163155
19.800000 -1.412574
19.849999 1.212192
19.900000 -8.208205
19.949999 -16.476068
