0.000000 1.558429
0.050000 0.392431
0.100000 1.244133
0.150000 -0.475005
0.200000 1.155753
0.250000 1.425339
0.300000 0.488502
0.350000 1.749077
0.400000 0.739942
0.450000 0.270538
0.500000 -0.418668
0.550000 -2.015853
0.600000 0.670512
0.650000 1.280630
0.700000 -0.873401
0.750000 0.098566
0.800000 -0.777440
0.850000 0.545953
0.900000 2.791839
0.950000 -2.274045
1.000000 -0.802592
1.050000 1.379208
1.100000 0.398258
1.150000 -0.032757
1.200000 0.134951
1.250000 0.708246
1.300000 0.490971
1.350000 0.459633
1.400000 -1.380050
1.450000 -0.322697
1.500000 -0.048665
1.550000 1.095027
1.600000 0.664441
1.650000 -1.685068
1.700000 -3.359347
1.750000 -2.367835
1.800000 -0.843596
1.850000 2.920404
1.900000 4.947858
1.950000 0.070872
2.000000 -3.487496
2.050000 -6.618894
2.100000 -0.515016
2.150000 3.649423
2.200000 5.229266
2.250000 -2.242490
2.300000 -5.479952
2.350000 -4.097281
2.400000 2.525064
2.450000 4.570655
2.500000 2.891538
2.550000 -0.556930
2.600000 -3.859706
2.650000 -2.217888
2.700000 3.225473
2.750000 5.552685
2.800000 1.744696
2.850000 -3.266298
2.900000 -4.132284
2.950000 0.366347
3.000000 4.576267
3.050000 2.559947
3.100000 0.529650
3.150000 -4.614156
3.200000 -2.713330
3.250000 1.570325
3.300000 4.336232
3.350000 2.722852
3.400000 0.479094
3.450000 -3.710013
3.500000 -0.182937
3.550000 -0.106983
3.600000 1.214092
3.650000 0.570085
3.700000 -1.645114
3.750000 -1.637464
3.800000 -1.224173
3.850000 1.265162
3.900000 0.123651
3.950000 -0.511190
4.000000 -0.343007
4.050000 0.799132
4.100000 -0.786269
4.150000 0.061915
4.200000 -1.172884
4.250000 -1.316153
4.300000 0.610233
4.350000 2.049615
4.400000 0.260285
4.450000 -0.444369
4.500000 0.545661
4.550000 -1.441940
4.600000 -0.323942
4.650000 -0.697139
4.700000 -0.223839
4.750000 0.229258
4.800000 2.190961
4.850000 -0.633665
4.900000 -0.510700
4.950000 -1.462080
5.000000 0.913035
5.050000 0.416069
5.100000 1.243876
5.150000 0.129885
5.200000 -0.058598
5.250000 -0.767399
5.300000 0.576570
5.350000 -0.447543
5.400000 1.679115
5.450000 2.565641
5.500000 -0.514538
5.550000 -0.709808
5.600000 -1.454327
5.650000 -0.518215
5.700000 1.914207
5.750000 2.889893
5.800000 -0.972892
5.850000 -2.329919
5.900000 0.632120
5.950000 -1.714855
6.000000 2.146908
6.050000 1.856199
6.100000 1.589266
6.150000 -1.720711
6.200000 0.774466
6.250000 1.649904
6.300000 1.325290
6.350000 -0.912291
6.400000 0.699160
6.450000 0.905559
6.500000 0.805208
6.550000 -0.486856
6.600000 3.271316
6.650000 -0.407132
6.700000 -1.188714
6.750000 0.143670
6.800000 0.523995
6.850000 1.105708
6.900000 1.148852
6.950000 -0.225753
7.000000 -0.314407
7.050000 0.096488
7.100000 -1.141639
7.150000 -0.525635
7.200000 -0.136653
7.250000 0.036351
7.300000 0.438391
7.350000 1.244981
7.400000 0.166803
7.450000 -0.607692
7.500000 1.317351
7.550000 -0.207343
7.600000 2.724812
7.650000 2.082868
7.700000 1.875293
7.750000 1.204738
7.800000 -0.696987
7.850000 -0.069167
7.900000 -0.218528
7.950000 2.115412
7.999999 -0.698942
8.049999 0.288608
8.100000 -1.760724
8.150000 0.557183
8.200000 0.140785
8.250000 0.957522
8.300000 0.009871
8.350000 -1.436042
8.400000 1.058265
8.450000 0.946387
8.500000 1.447042
8.549999 -0.602400
8.599999 0.012931
8.650000 -1.926044
8.700000 -1.777394
8.750000 0.313941
8.800000 1.465885
8.850000 -0.858584
8.900000 -0.329588
8.950000 -1.787089
9.000000 -0.468734
9.050000 1.188315
9.099999 -1.023633
9.149999 -0.703719
9.200000 0.290453
9.250000 -1.309540
9.300000 0.065044
9.350000 -1.726622
9.400000 -0.909600
9.450000 0.473283
9.500000 0.070400
9.550000 0.078676
9.600000 2.101791
9.649999 0.276313
9.699999 -0.084867
9.750000 -1.300841
9.800000 0.113526
9.850000 -0.721128
9.900000 0.805058
9.950000 0.808438
10.000000 2.314301
10.050000 -0.101020
10.100000 0.030537
10.150000 -0.317168
10.199999 0.575708
10.249999 -0.024545
10.300000 -0.716655
10.350000 0.558074
10.400000 2.694516
10.450000 -0.706895
10.500000 1.496689
10.550000 -1.489728
10.600000 -1.452092
10.650000 2.466361
10.700000 0.214455
10.749999 -1.084379
10.799999 -1.597576
10.849999 -0.573682
10.900000 -0.200402
10.950000 0.366645
11.000000 0.843222
11.050000 1.640521
11.100000 0.053626
11.150000 0.715021
11.200000 -0.438401
11.250000 1.630382
11.299999 1.762420
11.349999 1.248871
11.399999 1.277169
11.450000 -0.138048
11.500000 -0.096649
11.550000 1.496233
11.600000 -1.863298
11.650000 -0.012763
11.700000 -1.734193
11.750000 -0.119931
11.800000 -0.235272
11.849999 2.854273
11.899999 -0.730267
11.949999 1.512425
12.000000 -0.002302
12.050000 -0.403414
12.100000 1.599044
12.150000 0.248742
12.200000 0.901636
12.250000 0.489828
12.300000 -0.098215
12.350000 -0.223246
12.399999 1.119474
12.449999 -0.687068
12.499999 0.004885
12.550000 -0.698501
12.600000 0.048132
12.650000 0.682506
12.700000 1.704132
12.750000 0.430499
12.800000 -0.228426
12.850000 0.318322
12.900000 -0.032528
12.949999 0.297035
12.999999 -1.120539
13.049999 1.089425
13.100000 -1.138828
13.150000 1.194719
13.200000 -1.552119
13.250000 -1.614561
13.300000 0.722086
13.350000 0.006088
13.400000 1.331491
13.450000 -1.339052
13.499999 -0.430116
13.549999 -0.571211
13.599999 0.849047
13.650000 -1.374355
13.700000 1.307999
13.750000 1.202847
13.800000 -1.950469
13.850000 0.194179
13.900000 1.297432
13.950000 1.747439
14.000000 -0.006285
14.049999 1.112724
14.099999 -2.896043
14.149999 -0.924338
14.200000 1.105219
14.250000 0.672655
14.300000 -0.918748
14.350000 -0.167297
14.400000 -1.975664
14.450000 2.343349
14.500000 -0.420942
14.549999 1.660969
14.599999 0.286624
14.649999 0.908484
14.699999 -0.044920
14.750000 0.414673
14.800000 1.098364
14.850000 1.790831
14.900000 -0.170421
14.950000 -0.585548
15.000000 0.648493
15.050000 -0.650491
15.099999 -0.594159
15.149999 1.975613
15.199999 -0.954382
15.249999 1.077203
15.299999 1.288603
15.350000 0.423202
15.400000 -0.370019
15.450000 0.357857
15.500000 0.123403
15.550000 -2.052072
15.600000 -1.978541
15.650000 1.060320
15.699999 -0.951679
15.750000 -1.028618
15.799999 1.612938
15.850000 -0.304320
15.899999 0.546858
15.950000 -0.094839
15.999999 -0.320216
16.050000 -0.257714
16.099999 0.274084
16.150000 -1.719969
16.200000 0.221882
16.249999 -1.217824
16.300000 -0.171233
16.349999 0.259628
16.400000 -2.922250
16.449999 -0.826222
16.500000 0.395321
16.549999 -1.019018
16.600000 -0.687327
16.649999 -0.647053
16.700000 -0.241725
16.750000 1.167720
16.799999 -1.615568
16.850000 0.124864
16.899999 2.000400
16.950000 -1.037825
16.999999 -0.475812
17.050000 -0.214637
17.099999 1.388722
17.150000 0.597656
17.199999 -1.581999
17.250000 0.024821
17.300000 2.068665
17.349999 -2.359348
17.400000 -1.207944
17.449999 -0.147081
17.500000 -0.461009
17.549999 0.521246
17.600000 0.543160
17.649999 -0.104489
17.700000 0.382112
17.749999 -0.925621
17.800000 1.974640
17.850000 1.200291
17.899999 0.242285
17.950000 -0.561087
17.999999 1.022333
18.050000 -1.235703
18.099999 -0.046704
18.150000 -0.503304
18.199999 0.810351
18.250000 -1.920919
18.299999 0.867815
18.350000 1.157481
18.400000 0.577112
18.449999 1.421062
18.500000 0.650264
18.549999 1.013238
18.600000 -0.544695
18.649999 0.430042
18.700000 -0.071985
18.749999 -1.811221
18.800000 -1.713813
18.849999 0.346744
18.900000 1.553872
18.950000 -0.319205
18.999999 0.071557
19.050000 -0.458828
19.099999 -1.256451
19.150000 2.808040
19.199999 2.117892
19.250000 -0.690612
19.299999 2.407524
19.350000 -0.632595
19.399999 1.576542
19.450000 0.524936
19.500000 -1.466330
19.549999 0.687902
19.600000 0.304193
19.649999 0.556967
19.700000 0.774607
19.749999 -0.543508
19.800000 1.031456
19.849999 -1.130698
19.900000 1.732254
19.949999 -0.127412
