0.000000 -2.366189
0.050000 1.666646
0.100000 -1.651693
0.150000 -1.123084
0.200000 0.743818
0.250000 4.004302
0.300000 1.570667
0.350000 1.395764
0.400000 -1.614106
0.450000 1.014781
0.500000 -3.761154
0.550000 -3.993871
0.600000 -3.283587
0.650000 -1.899212
0.700000 4.247136
0.750000 -1.750924
0.800000 3.912937
0.850000 2.058809
0.900000 -6.671540
0.950000 5.823140
1.000000 -2.325685
1.050000 -2.808727
1.100000 4.138283
1.150000 0.841707
1.200000 -3.434387
1.250000 -4.908896
1.300000 -8.696993
1.350000 -2.673305
1.400000 -5.707989
1.450000 2.473671
1.500000 4.392365
1.550000 -1.580398
1.600000 1.733061
1.650000 1.464975
1.700000 7.939461
1.750000 9.649071
1.800000 8.108992
1.850000 0.978832
1.900000 -0.576608
1.950000 -19.379013
2.000000 -32.937073
2.050000 -33.054512
2.100000 -10.162359
2.150000 21.122465
2.200000 46.246159
2.250000 62.861824
2.300000 48.590050
2.350000 9.958154
2.400000 -31.282549
2.450000 -49.808064
2.500000 -47.561054
2.550000 -10.711270
2.600000 24.525707
2.650000 31.938700
2.700000 20.923912
2.750000 -4.033758
2.800000 -23.861244
2.850000 -22.658649
2.900000 -10.790504
2.950000 11.232685
3.000000 14.142268
3.050000 19.428520
3.100000 6.417589
3.150000 -9.071723
3.200000 -17.665949
3.250000 -8.156160
3.300000 2.005531
3.350000 9.522579
3.400000 18.641790
3.450000 13.897723
3.500000 5.469493
3.550000 -7.363138
3.600000 -14.406527
3.650000 -10.327644
3.700000 2.013640
3.750000 2.557464
3.800000 12.358545
3.850000 12.053138
3.900000 -2.422883
3.950000 -1.277080
4.000000 -6.897112
4.050000 -7.107167
4.100000 0.815317
4.150000 1.340765
4.200000 2.147583
4.250000 6.053441
4.300000 -5.413788
4.350000 -1.513437
4.400000 -1.074983
4.450000 1.542807
4.500000 6.691364
4.550000 6.753848
4.600000 -0.073874
4.650000 -0.228159
4.700000 5.463254
4.750000 1.757000
4.800000 0.426275
4.850000 -2.393527
4.900000 -0.578937
4.950000 8.668836
5.000000 1.760989
5.050000 -0.155830
5.100000 -5.353519
5.150000 -5.042742
5.200000 2.955080
5.250000 -3.568004
5.300000 -1.643816
5.350000 2.316750
5.400000 1.952487
5.450000 3.391106
5.500000 0.822792
5.550000 -0.329967
5.600000 0.347241
5.650000 3.603610
5.700000 -6.513410
5.750000 -0.496681
5.800000 1.850300
5.850000 1.411404
5.900000 1.271389
5.950000 -3.555340
6.000000 3.147851
6.050000 1.659485
6.100000 0.156970
6.150000 1.120802
6.200000 7.671461
6.250000 -5.548415
6.300000 -2.164741
6.350000 1.896341
6.400000 -2.961019
6.450000 4.453557
6.500000 2.568202
6.550000 1.718256
6.600000 0.409096
6.650000 -8.688814
6.700000 5.170200
6.750000 3.415308
6.800000 -1.802324
6.850000 -0.165796
6.900000 -3.448675
6.950000 2.845472
7.000000 -0.707123
7.050000 -2.982959
7.100000 -0.372568
7.150000 -1.700960
7.200000 3.320826
7.250000 -2.300901
7.300000 -0.350410
7.350000 0.122194
7.400000 -4.566268
7.450000 3.639095
7.500000 1.871789
7.550000 1.975376
7.600000 -4.024292
7.650000 -2.393698
7.700000 -7.047992
7.750000 -3.737726
7.800000 -6.743105
7.850000 -5.449772
7.900000 -3.517561
7.950000 1.710827
7.999999 -2.822277
8.049999 -1.363976
8.100000 2.541989
8.150000 0.985956
8.200000 -2.576584
8.250000 3.896597
8.300000 6.717321
8.350000 3.781955
8.400000 2.059898
8.450000 2.236990
8.500000 4.871849
8.549999 2.239444
8.599999 0.495489
8.650000 4.562071
8.700000 7.983321
8.750000 -0.799679
8.800000 1.687515
8.850000 2.260398
8.900000 -3.155722
8.950000 -0.282334
9.000000 2.227010
9.050000 5.656920
9.099999 6.466069
9.149999 2.506300
9.200000 -4.900059
9.250000 2.801474
9.300000 3.645828
9.350000 9.454751
9.400000 3.501759
9.450000 0.783849
9.500000 -1.993902
9.550000 -3.826224
9.600000 3.431356
9.649999 -0.446036
9.699999 -3.125566
9.750000 1.077960
9.800000 8.044635
9.850000 3.829989
9.900000 1.713432
9.950000 1.396177
10.000000 0.040821
10.050000 -2.354790
10.100000 -0.793922
10.150000 -4.546944
10.199999 -2.740061
10.249999 -0.672775
10.300000 -2.298125
10.350000 1.305073
10.400000 -0.445457
10.450000 3.059808
10.500000 -1.510607
10.550000 2.347113
10.600000 3.541079
10.650000 -2.403343
10.700000 3.294394
10.749999 2.558977
10.799999 -3.192369
10.849999 -3.922671
10.900000 1.871517
10.950000 -1.131678
11.000000 -2.174018
11.050000 4.621114
11.100000 1.793667
11.150000 3.629288
11.200000 3.919052
11.250000 4.947278
11.299999 1.256639
11.349999 1.659475
11.399999 -3.597861
11.450000 -4.284221
11.500000 4.227688
11.550000 1.120194
11.600000 7.694971
11.650000 -0.367173
11.700000 -7.659747
11.750000 1.155467
11.800000 -0.813718
11.849999 -7.473871
11.899999 2.880399
11.949999 2.430024
12.000000 4.512123
12.050000 -1.497332
12.100000 -2.065072
12.150000 -1.387672
12.200000 -7.010524
12.250000 -3.815088
12.300000 2.434548
12.350000 -0.131700
12.399999 0.505602
12.449999 -0.511174
12.499999 3.663256
12.550000 5.366269
12.600000 -2.398959
12.650000 -4.543945
12.700000 -0.145862
12.750000 5.840345
12.800000 -0.662820
12.850000 1.659571
12.900000 2.291243
12.949999 4.906243
12.999999 -0.367297
13.049999 2.191184
13.100000 5.534874
13.150000 3.589996
13.200000 3.343034
13.250000 -5.289325
13.300000 -2.741372
13.350000 -0.780657
13.400000 -5.308411
13.450000 0.811135
13.499999 3.196091
13.549999 -1.256182
13.599999 5.186483
13.650000 2.389998
13.700000 -6.855661
13.750000 2.554722
13.800000 0.231162
13.850000 -1.499723
13.900000 1.031662
13.950000 -0.097088
14.000000 -0.700217
14.049999 -2.766372
14.099999 2.941709
14.149999 -1.536662
14.200000 3.691348
14.250000 -1.627113
14.300000 -3.708235
14.350000 -6.392827
14.400000 -7.757808
14.450000 0.757024
14.500000 -1.914224
14.549999 -0.332097
14.599999 0.254134
14.649999 -3.146544
14.699999 -0.011682
14.750000 -2.196636
14.800000 2.268650
14.850000 5.457510
14.900000 -5.195969
14.950000 -2.894047
15.000000 3.957303
15.050000 -0.486711
15.099999 7.691781
15.149999 6.597514
15.199999 2.158835
15.249999 1.304207
15.299999 2.349393
15.350000 2.052770
15.400000 3.784984
15.450000 1.379959
15.500000 0.766690
15.550000 0.892906
15.600000 -4.696198
15.650000 2.135195
15.699999 0.614312
15.750000 4.539024
15.799999 0.597251
15.850000 -0.431841
15.899999 -2.835404
15.950000 3.423237
15.999999 3.028086
16.050000 -1.429281
16.099999 -4.776923
16.150000 -1.641169
16.200000 -0.421927
16.249999 2.948551
16.300000 -0.430922
16.349999 -3.509862
16.400000 -2.224399
16.449999 2.121047
16.500000 3.100599
16.549999 -2.066264
16.600000 6.273815
16.649999 -5.230975
16.700000 6.780735
16.750000 -2.657024
16.799999 -3.839723
16.850000 -0.812468
16.899999 1.765884
16.950000 -0.265179
16.999999 -0.467262
17.050000 -2.574948
17.099999 -3.084650
17.150000 -2.501494
17.199999 1.174625
17.250000 1.472174
17.300000 -4.925863
17.349999 2.037744
17.400000 1.013016
17.449999 0.412399
17.500000 -7.305786
17.549999 -5.338077
17.600000 -0.144365
17.649999 -3.041648
17.700000 -2.024769
17.749999 3.740756
17.800000 3.194603
17.850000 -2.426125
17.899999 0.266120
17.950000 -3.946658
17.999999 -1.916421
18.050000 2.759772
18.099999 3.470731
18.150000 -2.123842
18.199999 4.124413
18.250000 4.518210
18.299999 -1.158541
18.350000 0.800472
18.400000 4.226074
18.449999 3.326080
18.500000 -1.497128
18.549999 3.652385
18.600000 7.015718
18.649999 -1.494956
18.700000 0.884526
18.749999 -0.945284
18.800000 1.375334
18.849999 0.909089
18.900000 0.278705
18.950000 7.968771
18.999999 3.544733
19.050000 -0.272029
19.099999 2.841925
19.150000 5.784043
19.199999 -2.502365
19.250000 -3.141723
19.299999 -3.821949
19.350000 0.497565
19.399999 0.274404
19.450000 -2.476194
19.500000 -4.272813
19.549999 -3.550335
19.600000 -3.644423
19.649999 4.083564
19.700000 1.973805
19.749999 3.956345
19.800000 -2.390727
19.849999 -2.517476
19.900000 1.884621
19.949999 -2.634490
