0.000000 0.183380
0.050000 -0.127866
0.100000 -0.110713
0.150000 -0.110289
0.200000 0.041861
0.250000 0.124266
0.300000 -0.013556
0.350000 -0.051401
0.400000 0.124038
0.450000 -0.074337
0.500000 0.120462
0.550000 -0.010640
0.600000 0.004811
0.650000 -0.017612
0.700000 0.042379
0.750000 -0.056406
0.800000 -0.068170
0.850000 -0.066911
0.900000 0.135279
0.950000 0.046523
1.000000 0.033810
1.050000 0.030683
1.100000 0.032338
1.150000 0.019998
1.200000 0.064440
1.250000 0.194141
1.300000 -0.049114
1.350000 0.070221
1.400000 -0.022378
1.450000 0.119579
1.500000 0.041417
1.550000 0.018830
1.600000 -0.129087
1.650000 0.084048
1.700000 0.232623
1.750000 -0.057092
1.800000 -0.088312
1.850000 -0.020295
1.900000 0.108507
1.950000 0.014583
2.000000 0.200108
2.050000 0.100535
2.100000 0.079073
2.150000 0.011188
2.200000 -0.167188
2.250000 -0.079461
2.300000 0.016946
2.350000 -0.074878
2.400000 0.196294
2.450000 -0.026473
2.500000 0.116922
2.550000 0.018778
2.600000 -0.149621
2.650000 -0.036919
2.700000 0.088643
2.750000 -0.078092
2.800000 -0.003960
2.850000 -0.046772
2.900000 -0.031847
2.950000 -0.054192
3.000000 -0.095357
3.050000 -0.063967
3.100000 -0.167229
3.150000 -0.110709
3.200000 -0.018298
3.250000 0.041597
3.300000 0.133227
3.350000 0.147575
3.400000 0.492622
3.450000 0.407952
3.500000 0.653180
3.550000 0.245034
3.600000 0.348138
3.650000 0.093231
3.700000 0.046226
3.750000 -0.263008
3.800000 -0.581461
3.850000 -0.629968
3.900000 -0.770072
3.950000 -0.968314
4.000000 -0.771353
4.050000 -0.249212
4.100000 0.169032
4.150000 0.376289
4.200000 0.591196
4.250000 0.840487
4.300000 1.099194
4.350000 0.972245
4.400000 0.765280
4.450000 0.417229
4.500000 0.237716
4.550000 0.144301
4.600000 -0.441470
4.650000 -0.584876
4.700000 -0.829484
4.750000 -0.956588
4.800000 -0.907990
4.850000 -0.745474
4.900000 -0.391343
4.950000 -0.227277
5.000000 0.078426
5.050000 0.240140
5.100000 0.572627
5.150000 0.573602
5.200000 0.696086
5.250000 0.598594
5.300000 0.700466
5.350000 0.471305
5.400000 0.238667
5.450000 -0.008692
5.500000 -0.436457
5.550000 -0.619442
5.600000 -0.512384
5.650000 -0.760509
5.700000 -0.337514
5.750000 -0.330176
5.800000 -0.259638
5.850000 0.014415
5.900000 0.336047
5.950000 0.397042
6.000000 0.667494
6.050000 0.850562
6.100000 0.668993
6.150000 0.496146
6.200000 0.183607
6.250000 0.026255
6.300000 -0.297233
6.350000 -0.418329
6.400000 -0.445424
6.450000 -0.568883
6.500000 -0.420427
6.550000 -0.116251
6.600000 -0.026527
6.650000 0.201560
6.700000 0.331136
6.750000 0.429408
6.800000 0.445381
6.850000 0.478298
6.900000 0.390516
6.950000 0.409508
7.000000 0.062176
7.050000 -0.134387
7.100000 -0.235485
7.150000 -0.311840
7.200000 -0.162454
7.250000 -0.231143
7.300000 -0.324884
7.350000 0.009249
7.400000 0.247146
7.450000 -0.077908
7.500000 -0.018931
7.550000 0.158366
7.600000 0.180460
7.650000 -0.092518
7.700000 0.051422
7.750000 -0.085899
7.800000 -0.003660
7.850000 -0.211310
7.900000 -0.202952
7.950000 -0.090534
8.000000 0.024935
8.050000 0.014177
8.100000 0.171612
8.150000 0.140028
8.200000 0.168840
8.250000 -0.089490
8.300000 0.010991
8.350000 -0.102872
8.400000 0.136135
8.450000 0.121700
8.500000 -0.205942
8.550000 -0.051608
8.600000 -0.136637
8.650000 0.028231
8.700000 -0.174951
8.750000 0.089526
8.800000 0.110239
8.850000 -0.095039
8.900000 0.057329
8.950000 0.205912
9.000000 -0.029451
9.050000 -0.088761
9.100000 0.068513
9.150000 -0.007366
9.200000 -0.015989
9.250000 0.053913
9.300000 0.066355
9.350000 -0.218806
9.400000 -0.342132
9.450000 -0.158726
9.500000 0.015549
9.550000 -0.184494
9.600000 0.052442
9.650000 -0.070293
9.700000 -0.024928
9.750000 -0.018158
9.800000 0.144687
9.850000 0.074576
9.900000 0.090915
9.950000 -0.141658
10.000000 0.154909
10.050000 -0.005565
10.100000 -0.013997
10.150000 -0.002604
10.200000 -0.101975
10.250000 -0.026852
10.300000 -0.046810
10.350000 -0.095523
10.400000 -0.018732
10.450000 0.050385
10.500000 0.214578
10.550000 0.118049
10.600000 0.043446
10.650000 0.159713
10.700000 0.075676
10.750000 0.115215
10.800000 0.065868
10.850000 -0.058791
10.900000 0.046766
10.950000 0.133771
11.000000 0.017354
11.050000 0.048862
11.100000 -0.126494
11.150000 0.056569
11.200000 -0.124144
11.250000 0.081822
11.300000 -0.006592
11.350000 0.014553
11.400000 0.099957
11.450000 -0.035204
11.500000 0.009498
11.550000 -0.051905
11.600000 0.072169
11.650000 0.037264
11.700000 0.012443
11.750000 0.074986
11.800000 -0.000165
11.850000 -0.027850
11.900000 -0.096132
11.950000 0.060515
12.000000 0.022110
12.050000 0.025392
12.100000 0.039838
12.150000 -0.071522
12.200000 -0.212914
12.250000 0.024320
12.300000 -0.114675
12.350000 -0.046227
12.400000 0.008627
12.450000 0.030387
12.500000 -0.074004
12.550000 -0.161865
12.600000 0.014862
12.650000 0.051443
12.700000 0.084990
12.750000 -0.062182
12.800000 -0.024061
12.850000 -0.175542
12.900000 -0.131837
12.950000 0.047119
13.000000 0.020280
13.050000 -0.079913
13.100000 -0.105248
13.150000 -0.001015
13.200000 -0.056444
13.250000 -0.023508
13.300000 -0.052539
13.350000 0.053734
13.400000 -0.051484
13.450000 0.111520
13.500000 -0.067593
13.550000 0.012185
13.600000 -0.073778
13.650000 -0.071710
13.700000 -0.060954
13.750000 -0.082495
13.800000 -0.000772
13.850000 -0.157940
13.900000 0.074151
13.950000 0.031543
14.000000 -0.033105
14.050000 -0.045890
14.100000 0.103226
14.150000 -0.019502
14.200000 -0.058803
14.250000 -0.277643
14.300000 -0.120194
14.350000 0.122584
14.400000 0.073817
14.450000 0.112589
14.500000 -0.085118
14.550000 0.014514
14.600000 -0.103024
14.650000 -0.132688
14.700000 -0.107659
14.750000 -0.176027
14.800000 0.098074
14.850000 -0.100764
14.900000 -0.245285
14.950000 -0.082498
15.000000 -0.085746
15.050000 0.254195
15.100000 -0.075897
15.150000 -0.115391
15.200000 -0.007875
15.250000 0.005571
15.300000 0.069428
15.350000 0.041108
15.400000 -0.104917
15.450000 -0.018132
15.500000 0.126252
15.550000 -0.093674
15.600000 -0.094403
15.650000 -0.148596
15.700000 0.091504
15.750000 0.118956
15.800000 -0.050229
15.850000 -0.016188
15.900000 -0.034123
15.950000 0.015377
16.000000 0.002452
16.050000 -0.065408
16.100000 0.093529
16.150000 -0.060721
16.200000 -0.149219
16.250000 -0.003332
16.300000 0.146149
16.350000 0.036476
16.400000 0.112144
16.450000 0.108753
16.500000 0.033738
16.550000 -0.055313
16.600000 0.124254
16.650000 0.104191
16.700000 0.141975
16.750000 0.158261
16.800000 0.150237
16.850000 -0.108546
16.900000 -0.056287
16.950000 0.088557
17.000000 -0.043246
17.050000 0.002926
17.100000 0.035551
17.150000 0.080232
17.200000 0.183522
17.250000 -0.139324
17.300000 -0.190812
17.350000 0.104893
17.400000 0.069463
17.450000 0.002947
17.500000 0.050811
17.550000 0.093862
17.600000 0.100872
17.650000 0.046709
17.700000 -0.015616
17.750000 -0.192332
17.800000 -0.161313
17.850000 -0.085841
17.900000 0.099894
17.950000 -0.115911
18.000000 0.117924
18.050000 0.079722
18.100000 -0.003298
18.150000 -0.090174
18.200000 -0.037157
18.250000 -0.047182
18.300000 -0.059765
18.350000 0.200378
18.400000 0.054918
18.450000 -0.003800
18.500000 -0.030563
18.550000 -0.053834
18.600000 0.194587
18.650000 0.103030
18.700000 0.049917
18.750000 -0.081397
18.800000 0.026186
18.850000 -0.078362
18.900000 -0.048294
18.950000 0.022938
19.000000 -0.310405
19.050000 -0.028595
19.100000 -0.034701
19.150000 -0.283042
19.200000 -0.018363
19.250000 0.158611
19.300000 0.027279
19.350000 0.054730
19.400000 0.083678
19.450000 0.102636
19.500000 0.059617
19.550000 -0.046824
19.600000 0.005464
19.650000 0.081312
19.700000 0.126447
19.750000 -0.140430
19.799999 -0.051338
19.849999 0.096510
19.899999 -0.271360
19.949999 -0.042733
