0.000000 -0.078699
0.050000 0.023858
0.100000 0.043969
0.150000 -0.003311
0.200000 0.048589
0.250000 -0.003302
0.300000 -0.005985
0.350000 0.033414
0.400000 0.005914
0.450000 -0.109095
0.500000 0.027657
0.550000 0.028288
0.600000 -0.013717
0.650000 0.032796
0.700000 -0.048567
0.750000 -0.017432
0.800000 0.032917
0.850000 -0.021032
0.900000 -0.075460
0.950000 -0.031642
1.000000 0.011093
1.050000 0.038206
1.100000 -0.004340
1.150000 -0.041595
1.200000 -0.006105
1.250000 -0.008065
1.300000 0.002896
1.350000 -0.039492
1.400000 -0.076951
1.450000 -0.020032
1.500000 0.045977
1.550000 -0.045626
1.600000 0.028322
1.650000 0.071109
1.700000 0.039687
1.750000 0.046962
1.800000 0.008839
1.850000 -0.032950
1.900000 0.007602
1.950000 0.012359
2.000000 0.020525
2.050000 0.083167
2.100000 -0.019661
2.150000 -0.126270
2.200000 -0.013811
2.250000 0.019485
2.300000 0.112209
2.350000 0.038803
2.400000 -0.035834
2.450000 -0.164927
2.500000 -0.025185
2.550000 0.002043
2.600000 0.131279
2.650000 0.020611
2.700000 -0.069915
2.750000 -0.098073
2.800000 -0.017858
2.850000 0.079318
2.900000 0.120961
2.950000 -0.013366
3.000000 -0.062077
3.050000 -0.086693
3.100000 0.009550
3.150000 0.083312
3.200000 0.107039
3.250000 0.043726
3.300000 -0.089175
3.350000 -0.035422
3.400000 -0.003943
3.450000 0.059960
3.500000 0.075654
3.550000 -0.001100
3.600000 -0.057931
3.650000 -0.078449
3.700000 -0.002611
3.750000 0.035442
3.800000 0.052877
3.850000 0.046483
3.900000 -0.025620
3.950000 0.002061
4.000000 0.036394
4.050000 0.021794
4.100000 -0.076925
4.150000 -0.044787
4.200000 0.002846
4.250000 -0.025474
4.300000 -0.003878
4.350000 -0.026461
4.400000 -0.038522
4.450000 -0.004348
4.500000 -0.053456
4.550000 0.040222
4.600000 0.052468
4.650000 0.067600
4.700000 0.022133
4.750000 0.002725
4.800000 0.002842
4.850000 0.029076
4.900000 -0.005430
4.950000 0.021663
5.000000 -0.008898
5.050000 -0.079271
5.100000 -0.014225
5.150000 0.018881
5.200000 0.045805
5.250000 0.024738
5.300000 -0.003373
5.350000 -0.035683
5.400000 0.038636
5.450000 0.089688
5.500000 0.073798
5.550000 0.024958
5.600000 0.020984
5.650000 -0.007244
5.700000 -0.011543
5.750000 -0.027163
5.800000 0.033757
5.850000 0.037194
5.900000 0.036665
5.950000 0.039592
6.000000 -0.037494
6.050000 -0.010620
6.100000 0.026536
6.150000 0.069381
6.200000 0.014192
6.250000 0.011130
6.300000 -0.012020
6.350000 -0.003128
6.400000 0.014074
6.450000 0.016383
6.500000 -0.016189
6.550000 -0.001694
6.600000 -0.032155
6.650000 -0.009070
6.700000 0.015115
6.750000 -0.046802
6.800000 -0.052098
6.850000 -0.021330
6.900000 0.009193
6.950000 0.009024
7.000000 0.021371
7.050000 0.004803
7.100000 -0.015240
7.150000 0.017718
7.200000 0.009014
7.250000 0.023380
7.300000 0.041041
7.350000 -0.036047
7.400000 0.041051
7.450000 -0.013305
7.500000 0.046523
7.550000 0.067258
7.600000 0.003030
7.650000 -0.046336
7.700000 -0.025964
7.750000 -0.016595
7.800000 0.057089
7.850000 0.041824
7.900000 0.022057
7.950000 0.012145
7.999999 -0.047600
8.049999 -0.037114
8.100000 0.044319
8.150000 0.029970
8.200000 0.055884
8.250000 -0.019376
8.300000 0.096573
8.350000 0.045787
8.400000 0.058437
8.450000 0.055973
8.500000 -0.009811
8.549999 0.032424
8.599999 0.036679
8.650000 0.012303
8.700000 -0.064751
8.750000 0.022899
8.800000 -0.004942
8.850000 0.013856
8.900000 0.002869
8.950000 0.076643
9.000000 -0.019726
9.050000 -0.025370
9.099999 0.019791
9.149999 0.020520
9.200000 -0.092008
9.250000 -0.026221
9.300000 0.025375
9.350000 0.030613
9.400000 -0.009908
9.450000 -0.020764
9.500000 0.066070
9.550000 0.068131
9.600000 0.016854
9.649999 -0.014160
9.699999 -0.017801
9.750000 0.010872
9.800000 0.042608
9.850000 0.033961
9.900000 0.027905
9.950000 -0.007568
10.000000 0.004469
10.050000 -0.011980
10.100000 0.058092
10.150000 -0.030144
10.199999 0.060204
10.249999 0.015948
10.300000 -0.074986
10.350000 0.019623
10.400000 -0.013381
10.450000 0.039539
10.500000 -0.006071
10.550000 -0.016981
10.600000 0.010262
10.650000 0.010508
10.700000 0.014612
10.749999 0.002144
10.799999 -0.013578
10.849999 0.039599
10.900000 0.032404
10.950000 0.036920
11.000000 0.043343
11.050000 0.006358
11.100000 0.038011
11.150000 0.008257
11.200000 -0.024955
11.250000 0.008676
11.299999 0.053430
11.349999 0.025422
11.399999 0.053230
11.450000 0.004788
11.500000 0.011737
11.550000 0.028209
11.600000 0.045555
11.650000 0.026180
11.700000 0.059003
11.750000 0.011896
11.800000 0.040026
11.849999 0.029927
11.899999 0.009766
11.949999 -0.006211
12.000000 -0.070547
12.050000 0.032018
12.100000 0.017725
12.150000 -0.020785
12.200000 -0.004960
12.250000 0.009588
12.300000 0.083285
12.350000 0.071206
12.399999 0.010882
12.449999 0.034417
12.499999 0.049039
12.550000 0.029616
12.600000 -0.074476
12.650000 -0.002132
12.700000 0.043359
12.750000 -0.030456
12.800000 0.033412
12.850000 -0.022643
12.900000 0.058703
12.949999 -0.007152
12.999999 -0.012251
13.049999 -0.028003
13.100000 0.014403
13.150000 -0.025560
13.200000 0.049856
13.250000 -0.030207
13.300000 0.071773
13.350000 -0.041737
13.400000 0.004082
13.450000 -0.017779
13.499999 0.020474
13.549999 -0.005678
13.599999 0.027529
13.650000 0.055081
13.700000 0.020808
13.750000 0.013551
13.800000 0.021457
13.850000 0.027721
13.900000 0.036426
13.950000 0.032789
14.000000 0.005671
14.049999 -0.023395
14.099999 0.011152
14.149999 0.058346
14.200000 0.016224
14.250000 0.013782
14.300000 -0.004286
14.350000 -0.009471
14.400000 -0.042072
14.450000 0.017431
14.500000 0.018529
14.549999 0.032535
14.599999 0.012502
14.649999 0.010404
14.699999 0.052266
14.750000 0.055386
14.800000 0.019027
14.850000 0.023247
14.900000 0.060651
14.950000 0.032567
15.000000 -0.009904
15.050000 -0.079530
15.099999 -0.032633
15.149999 -0.014463
15.199999 -0.043485
15.249999 0.017287
15.299999 0.015920
15.350000 0.021868
15.400000 0.003260
15.450000 0.016732
15.500000 -0.002219
15.550000 0.025670
15.600000 -0.012059
15.650000 0.009369
15.699999 0.026328
15.750000 0.000109
15.799999 -0.035893
15.850000 -0.017104
15.899999 -0.024414
15.950000 0.024879
15.999999 0.055658
16.050000 -0.035830
16.099999 -0.005677
16.150000 0.014568
16.200000 0.013621
16.249999 -0.008972
16.300000 0.016814
16.349999 0.014783
16.400000 -0.011389
16.449999 -0.009424
16.500000 0.070430
16.549999 -0.053408
16.600000 0.027333
16.649999 0.027354
16.700000 0.050399
16.750000 -0.040745
16.799999 0.003533
16.850000 -0.056282
16.899999 0.010752
16.950000 -0.013455
16.999999 0.041798
17.050000 -0.003266
17.099999 0.077158
17.150000 -0.081878
17.199999 0.030381
17.250000 0.055390
17.300000 0.038541
17.349999 0.016187
17.400000 -0.017820
17.449999 -0.050849
17.500000 -0.030132
17.549999 0.002291
17.600000 0.018071
17.649999 -0.003264
17.700000 -0.034067
17.749999 -0.038390
17.800000 0.000405
17.850000 0.000399
17.899999 0.005969
17.950000 -0.005335
17.999999 0.018061
18.050000 -0.013879
18.099999 -0.017144
18.150000 0.047113
18.199999 0.021626
18.250000 0.001025
18.299999 -0.009584
18.350000 0.057009
18.400000 -0.021634
18.449999 -0.026686
18.500000 0.031500
18.549999 -0.026187
18.600000 0.008719
18.649999 0.046123
18.700000 0.026680
18.749999 0.052908
18.800000 -0.046455
18.849999 0.019939
18.900000 -0.006494
18.950000 0.060456
18.999999 0.016133
19.050000 -0.017721
19.099999 0.009777
19.150000 0.018310
19.199999 0.005794
19.250000 0.007093
19.299999 -0.003797
19.350000 0.039577
19.399999 0.000999
19.450000 -0.030204
19.500000 0.008115
19.549999 0.019051
19.600000 0.011498
19.649999 0.031778
19.700000 -0.012980
19.749999 0.055552
19.800000 0.044157
19.849999 -0.058040
19.900000 0.047485
19.949999 -0.012068
