0.000000 1.504812
0.050000 2.049794
0.100000 -0.600302
0.150000 0.693582
0.200000 0.249848
0.250000 1.861501
0.300000 2.917660
0.350000 3.561795
0.400000 0.511559
0.450000 0.914678
0.500000 2.035336
0.550000 3.068961
0.600000 2.172751
0.650000 1.789133
0.700000 1.843056
0.750000 0.944917
0.800000 -0.054930
0.850000 -0.403692
0.900000 -0.563926
0.950000 -2.658030
1.000000 0.563000
1.050000 -1.043641
1.100000 0.313951
1.150000 0.283449
1.200000 -0.545480
1.250000 -0.584857
1.300000 -0.076135
1.350000 -0.024633
1.400000 -0.794138
1.450000 1.356320
1.500000 -1.865459
1.550000 -0.236299
1.600000 -0.876595
1.650000 -0.459820
1.700000 0.096276
1.750000 3.344283
1.800000 2.242891
1.850000 -0.347601
1.900000 0.744180
1.950000 -0.882676
2.000000 -1.746622
2.050000 0.389694
2.100000 -2.083996
2.150000 -1.497391
2.200000 -0.583364
2.250000 -0.728674
2.300000 -2.026525
2.350000 -1.106860
2.400000 -1.501862
2.450000 -0.917295
2.500000 1.468563
2.550000 3.674160
2.600000 1.516263
2.650000 1.677001
2.700000 1.529468
2.750000 1.205275
2.800000 2.544055
2.850000 0.753609
2.900000 -0.565983
2.950000 2.804598
3.000000 0.716511
3.050000 1.383015
3.100000 -1.009232
3.150000 -0.487512
3.200000 -2.639306
3.250000 -4.788165
3.300000 -2.560069
3.350000 -4.883267
3.400000 -3.398267
3.450000 -6.533428
3.500000 -7.937075
3.550000 -3.810589
3.600000 2.158277
3.650000 2.575497
3.700000 6.233702
3.750000 6.122153
3.800000 7.949898
3.850000 10.052621
3.900000 11.202201
3.950000 13.089113
4.000000 11.228037
4.050000 8.254567
4.100000 7.125246
4.150000 4.445542
4.200000 2.848366
4.250000 0.552632
4.300000 -3.911886
4.350000 -7.174496
4.400000 -7.386127
4.450000 -13.354523
4.500000 -13.610340
4.550000 -13.954231
4.600000 -14.267437
4.650000 -11.809753
4.700000 -11.080527
4.750000 -10.183293
4.800000 -6.463369
4.850000 -0.939936
4.900000 -0.663062
4.950000 5.474901
5.000000 7.374368
5.050000 10.425144
5.100000 11.510255
5.150000 13.643045
5.200000 12.624406
5.250000 13.877445
5.300000 11.840161
5.350000 11.275979
5.400000 10.589422
5.450000 6.566361
5.500000 6.049906
5.550000 2.349999
5.600000 1.613094
5.650000 -1.547027
5.700000 -5.688385
5.750000 -6.769568
5.800000 -8.934964
5.850000 -11.453017
5.900000 -11.606341
5.950000 -12.259026
6.000000 -11.497941
6.050000 -7.557601
6.100000 -4.661541
6.150000 -4.601359
6.200000 -2.218352
6.250000 1.700641
6.300000 5.495650
6.350000 6.539133
6.400000 7.213309
6.450000 8.541284
6.500000 9.424361
6.550000 7.252655
6.600000 8.759894
6.650000 6.267449
6.700000 4.238625
6.750000 3.794518
6.800000 3.270168
6.850000 0.341096
6.900000 -0.232647
6.950000 -1.839800
7.000000 -4.098414
7.050000 -4.870197
7.100000 -7.300714
7.150000 -6.541901
7.200000 -7.069955
7.250000 -4.863671
7.300000 -5.675608
7.350000 -4.727658
7.400000 -2.156269
7.450000 0.351156
7.500000 4.172726
7.550000 5.194176
7.600000 5.355692
7.650000 5.430734
7.700000 3.581848
7.750000 6.888424
7.800000 4.642909
7.850000 6.508138
7.900000 2.191809
7.950000 3.786348
7.999999 0.664730
8.049999 0.242942
8.100000 -1.667201
8.150000 -0.949755
8.200000 -0.811858
8.250000 -1.545155
8.300000 -4.506873
8.350000 -3.739613
8.400000 -2.944044
8.450000 -3.547348
8.500000 -4.044007
8.549999 -1.615291
8.599999 0.401343
8.650000 0.503524
8.700000 3.211819
8.750000 0.788870
8.800000 2.607013
8.850000 4.635365
8.900000 3.932725
8.950000 3.624378
9.000000 2.463289
9.050000 0.377333
9.099999 -0.258734
9.149999 2.633785
9.200000 2.532984
9.250000 0.832908
9.300000 -2.421540
9.350000 -3.151330
9.400000 0.123328
9.450000 -2.726281
9.500000 -3.703615
9.550000 -3.054750
9.600000 -2.160912
9.649999 1.118528
9.699999 0.428898
9.750000 1.918846
9.800000 0.860781
9.850000 -0.932332
9.900000 0.569412
9.950000 3.494862
10.000000 2.619632
10.050000 3.954310
10.100000 2.830249
10.150000 3.143962
10.199999 1.851520
10.249999 1.409858
10.300000 2.560340
10.350000 -0.109350
10.400000 -0.828864
10.450000 -1.508440
10.500000 0.329535
10.550000 0.231571
10.600000 -2.254530
10.650000 -1.523451
10.700000 0.926594
10.749999 0.600032
10.799999 -2.036317
10.849999 0.331587
10.900000 -1.196077
10.950000 1.555860
11.000000 -0.710413
11.050000 -0.342041
11.100000 2.710808
11.150000 1.164697
11.200000 3.144833
11.250000 0.140790
11.299999 2.735923
11.349999 0.436182
11.399999 1.332113
11.450000 -0.792332
11.500000 1.680698
11.550000 3.834645
11.600000 -1.487630
11.650000 1.192796
11.700000 -0.107168
11.750000 0.631008
11.800000 -2.456517
11.849999 0.956241
11.899999 -1.019128
11.949999 -1.035689
12.000000 -0.311804
12.050000 -1.434507
12.100000 -0.247930
12.150000 -1.708907
12.200000 -0.984540
12.250000 1.153572
12.300000 0.723713
12.350000 3.341037
12.399999 3.143188
12.449999 1.899304
12.499999 0.389596
12.550000 -0.069199
12.600000 0.668962
12.650000 0.595069
12.700000 0.216407
12.750000 0.823860
12.800000 0.077259
12.850000 4.345535
12.900000 2.227547
12.949999 1.311711
12.999999 1.056410
13.049999 1.051114
13.100000 0.382211
13.150000 -0.793344
13.200000 0.559413
13.250000 -1.235693
13.300000 1.630361
13.350000 -0.335570
13.400000 -0.771330
13.450000 -1.267893
13.499999 -1.115908
13.549999 -0.113362
13.599999 1.210588
13.650000 0.899881
13.700000 1.832600
13.750000 1.425542
13.800000 -0.053509
13.850000 -0.295874
13.900000 -0.509706
13.950000 1.734709
14.000000 0.224916
14.049999 0.316118
14.099999 1.242343
14.149999 1.944154
14.200000 1.487806
14.250000 -1.871020
14.300000 -0.801910
14.350000 -1.298444
14.400000 -2.594115
14.450000 -1.215633
14.500000 0.517732
14.549999 -2.750756
14.599999 -0.233721
14.649999 -1.186160
14.699999 0.561588
14.750000 1.508197
14.800000 -0.606286
14.850000 1.552359
14.900000 0.196743
14.950000 1.160099
15.000000 2.329089
15.050000 1.264816
15.099999 0.105383
15.149999 -0.357628
15.199999 1.844243
15.249999 -1.408525
15.299999 -0.066765
15.350000 0.227066
15.400000 1.286745
15.450000 1.253351
15.500000 -2.035562
15.550000 -1.057258
15.600000 -1.152412
15.650000 -1.369476
15.699999 -1.855281
15.750000 1.158582
15.799999 0.891469
15.850000 -0.729669
15.899999 -0.590666
15.950000 1.290987
15.999999 -1.023030
16.050000 1.037908
16.099999 -0.716438
16.150000 1.171347
16.200000 1.606169
16.249999 0.480432
16.300000 0.504576
16.349999 -0.645061
16.400000 2.766279
16.449999 2.193201
16.500000 0.312886
16.549999 3.354522
16.600000 2.938346
16.649999 2.368798
16.700000 0.897615
16.750000 0.748760
16.799999 -0.652146
16.850000 -1.348555
16.899999 -0.813692
16.950000 -1.845695
16.999999 -1.592129
17.050000 -2.698186
17.099999 -1.780484
17.150000 -2.180156
17.199999 1.520941
17.250000 -2.809495
17.300000 -0.008275
17.349999 0.837504
17.400000 2.568802
17.449999 -0.297015
17.500000 -0.399997
17.549999 -1.078717
17.600000 0.495188
17.649999 0.798429
17.700000 2.527027
17.749999 1.092359
17.800000 1.713300
17.850000 3.066540
17.899999 0.999864
17.950000 1.183410
17.999999 -0.085978
18.050000 0.300746
18.099999 1.501777
18.150000 -0.185908
18.199999 0.224094
18.250000 -1.260361
18.299999 -0.067494
18.350000 1.885853
18.400000 -0.724645
18.449999 -2.924885
18.500000 -3.859395
18.549999 -0.773963
18.600000 -0.616444
18.649999 0.070561
18.700000 -0.787102
18.749999 0.364544
18.800000 0.525087
18.849999 3.143430
18.900000 1.201182
18.950000 4.042615
18.999999 -0.183128
19.050000 1.400884
19.099999 -0.100013
19.150000 0.580911
19.199999 0.614484
19.250000 3.519033
19.299999 1.217963
19.350000 1.867713
19.399999 -0.105251
19.450000 1.080294
19.500000 -2.637652
19.549999 -1.050503
19.600000 -1.040932
19.649999 -1.141006
19.700000 0.032295
19.749999 -1.571838
19.800000 0.116646
19.849999 -0.467847
19.900000 0.024124
19.949999 1.136748
