0.000000 2.242600
0.050000 1.710424
0.100000 7.476815
0.150000 3.488928
0.200000 6.255586
0.250000 6.788865
0.300000 -2.561873
0.350000 1.530016
0.400000 5.012448
0.450000 -3.091605
0.500000 2.404088
0.550000 -1.659106
0.600000 -4.443524
0.650000 3.075460
0.700000 -5.982391
0.750000 0.231756
0.800000 5.184524
0.850000 5.332196
0.900000 0.028816
0.950000 3.363879
1.000000 1.093924
1.050000 4.612984
1.100000 0.701762
1.150000 -0.137044
1.200000 1.211361
1.250000 -5.317262
1.300000 2.939481
1.350000 -6.007858
1.400000 0.767089
1.450000 -0.044792
1.500000 2.434443
1.550000 2.786803
1.600000 -2.144854
1.650000 0.747936
1.700000 0.219685
1.750000 8.071990
1.800000 0.256956
1.850000 5.905128
1.900000 1.422384
1.950000 -2.122602
2.000000 2.189344
2.050000 -4.298081
2.100000 -5.290928
2.150000 -2.484923
2.200000 5.616309
2.250000 -0.554007
2.300000 -0.503813
2.350000 2.650085
2.400000 3.711684
2.450000 -4.916115
2.500000 -0.823951
2.550000 -0.885848
2.600000 -1.237149
2.650000 -2.789772
2.700000 0.438408
2.750000 -5.868498
2.800000 -1.939228
2.850000 -4.838356
2.900000 -18.883949
2.950000 -20.791855
3.000000 -14.627293
3.050000 0.739004
3.100000 12.012240
3.150000 11.579253
3.200000 17.343884
3.250000 29.015591
3.300000 31.126753
3.350000 37.720230
3.400000 30.825705
3.450000 20.202360
3.500000 9.379081
3.550000 -10.808011
3.600000 -21.420494
3.650000 -39.220871
3.700000 -45.582283
3.750000 -47.921558
3.800000 -41.714127
3.850000 -33.683773
3.900000 -13.773355
3.950000 -1.461921
4.000000 14.567771
4.050000 29.173849
4.100000 36.403965
4.150000 39.442757
4.200000 39.374050
4.250000 31.958067
4.300000 24.192524
4.350000 12.087306
4.400000 0.804247
4.450000 -12.366531
4.500000 -21.856329
4.550000 -22.295591
4.600000 -22.782419
4.650000 -24.431080
4.700000 -26.558126
4.750000 -25.526428
4.800000 -6.538444
4.850000 2.285822
4.900000 6.804407
4.950000 8.203506
5.000000 14.937449
5.050000 20.037722
5.100000 24.589651
5.150000 20.883978
5.200000 17.107756
5.250000 11.362927
5.300000 6.165168
5.350000 0.644739
5.400000 -10.575370
5.450000 -16.194771
5.500000 -8.136566
5.550000 -10.699774
5.600000 -7.093389
5.650000 -4.399378
5.700000 1.405852
5.750000 4.983233
5.800000 6.766212
5.850000 11.870817
5.900000 9.198441
5.950000 11.556022
6.000000 6.827371
6.050000 7.045839
6.100000 5.310153
6.150000 4.517581
6.200000 -3.407388
6.250000 -3.052277
6.300000 -2.139532
6.350000 -2.241367
6.400000 -5.972791
6.450000 -6.250618
6.500000 -3.417552
6.550000 -2.275955
6.600000 6.048655
6.650000 2.155857
6.700000 -0.625588
6.750000 2.521749
6.800000 4.074660
6.850000 5.693539
6.900000 4.156878
6.950000 -1.611497
7.000000 -2.964096
7.050000 2.764359
7.100000 -2.875378
7.150000 3.063491
7.200000 -3.254770
7.250000 -0.418262
7.300000 -3.784548
7.350000 2.749799
7.400000 -0.460463
7.450000 -0.129000
7.500000 -2.205245
7.550000 -2.653011
7.600000 -4.603212
7.650000 3.443876
7.700000 -5.372085
7.750000 0.756149
7.800000 3.132675
7.850000 2.360127
7.900000 1.336486
7.950000 5.505512
8.000000 3.666319
8.050000 4.425785
8.100000 2.954008
8.150000 0.161662
8.200000 -1.091031
8.250000 3.921796
8.300000 5.832373
8.350000 3.220580
8.400000 -2.919262
8.450000 2.020121
8.500000 -2.662078
8.550000 -1.184909
8.600000 1.884752
8.650000 -1.880074
8.700000 -2.802035
8.750000 -5.225867
8.800000 5.050996
8.850000 3.674925
8.900000 0.145674
8.950000 2.783921
9.000000 -0.178982
9.050000 -0.567811
9.100000 3.960235
9.150000 0.434920
9.200000 0.113896
9.250000 -5.309998
9.300000 -2.677960
9.350000 0.116588
9.400000 -4.089352
9.450000 -2.159704
9.500000 0.186134
9.550000 -13.102676
9.600000 -1.484116
9.650000 -6.548631
9.700000 -6.038789
9.750000 -3.388875
9.800000 5.137224
9.850000 5.210833
9.900000 6.411580
9.950000 1.390490
10.000000 -3.188778
10.050000 2.753367
10.100000 2.944733
10.150000 3.471560
10.200000 1.049840
10.250000 -2.225943
10.300000 -2.215544
10.350000 -1.455660
10.400000 -2.185915
10.450000 -3.992393
10.500000 8.349360
10.550000 1.348772
10.600000 5.683405
10.650000 -4.137706
10.700000 -1.743167
10.750000 0.822123
10.800000 4.022724
10.850000 -1.789187
10.900000 -1.300782
10.950000 1.677539
11.000000 5.056077
11.050000 -2.956003
11.100000 1.573938
11.150000 1.447825
11.200000 1.597020
11.250000 -6.076166
11.300000 0.404517
11.350000 -1.239298
11.400000 -0.612545
11.450000 -3.962144
11.500000 -4.823465
11.550000 -1.283936
11.600000 -4.103260
11.650000 -1.790540
11.700000 1.640315
11.750000 -2.828949
11.800000 -2.254915
11.850000 -2.641614
11.900000 2.623104
11.950000 0.625725
12.000000 -0.349463
12.050000 -0.211419
12.100000 -2.796885
12.150000 -5.099825
12.200000 -2.753724
12.250000 -6.318115
12.300000 -4.952399
12.350000 -2.176454
12.400000 1.524777
12.450000 -2.829383
12.500000 -4.429156
12.550000 -2.235191
12.600000 -1.922264
12.650000 0.471636
12.700000 -4.548901
12.750000 -4.720176
12.800000 -3.849688
12.850000 3.750933
12.900000 -1.520215
12.950000 -1.776208
13.000000 -1.806478
13.050000 0.438551
13.100000 3.700392
13.150000 -3.577592
13.200000 0.005970
13.250000 -1.510904
13.300000 1.016792
13.350000 5.542992
13.400000 0.002034
13.450000 6.094584
13.500000 0.387961
13.550000 -4.700939
13.600000 -2.842170
13.650000 0.593148
13.700000 -3.520173
13.750000 -0.866478
13.800000 -0.452342
13.850000 -5.449325
13.900000 2.732767
13.950000 1.743374
14.000000 5.094512
14.050000 2.795365
14.100000 -2.519741
14.150000 2.528147
14.200000 0.972358
14.250000 11.322104
14.300000 -3.313737
14.350000 2.939879
14.400000 -0.350341
14.450000 -4.754045
14.500000 -3.900792
14.550000 2.486089
14.600000 -4.484269
14.650000 -3.787425
14.700000 2.026507
14.750000 -8.227532
14.800000 -3.767524
14.850000 -2.361140
14.900000 -0.914798
14.950000 -1.389365
15.000000 -1.466808
15.050000 -1.137352
15.100000 -2.094840
15.150000 -3.618937
15.200000 -1.875029
15.250000 3.246711
15.300000 -3.868513
15.350000 1.216154
15.400000 8.148785
15.450000 4.272652
15.500000 -0.133449
15.550000 0.883103
15.600000 -1.280077
15.650000 2.804526
15.700000 -0.605379
15.750000 3.612792
15.800000 -0.181678
15.850000 0.920611
15.900000 4.802437
15.950000 3.603109
16.000000 -0.618144
16.050000 -1.350932
16.100000 0.774241
16.150000 -4.531395
16.200000 -1.001863
16.250000 2.110574
16.300000 -1.369876
16.350000 2.219755
16.400000 0.654736
16.450000 -1.087504
16.500000 -0.906499
16.550000 -3.692935
16.600000 4.498593
16.650000 0.826625
16.700000 2.786034
16.750000 0.529951
16.800000 -1.566119
16.850000 0.386364
16.900000 1.339462
16.950000 0.239147
17.000000 1.349689
17.050000 0.737785
17.100000 4.173782
17.150000 -1.199871
17.200000 5.123030
17.250000 -5.788204
17.300000 3.851180
17.350000 -3.335459
17.400000 -2.473325
17.450000 -3.793398
17.500000 -2.716729
17.550000 3.389571
17.600000 -1.391451
17.650000 -1.181142
17.700000 1.797018
17.750000 0.587166
17.800000 3.716901
17.850000 -4.055775
17.900000 -2.236278
17.950000 -6.087490
18.000000 1.714322
18.050000 1.016692
18.100000 -0.839318
18.150000 -6.446848
18.200000 -1.013611
18.250000 0.681273
18.300000 3.603577
18.350000 -2.759531
18.400000 4.618913
18.450000 1.992694
18.500000 -1.323830
18.550000 3.205879
18.600000 -1.059079
18.650000 1.212704
18.700000 1.478528
18.750000 -3.527802
18.800000 -2.445021
18.850000 -7.076494
18.900000 -4.475484
18.950000 -2.893279
19.000000 -0.309837
19.050000 -10.590770
19.100000 -0.432979
19.150000 7.327401
19.200000 9.546964
19.250000 8.719732
19.300000 4.208022
19.350000 0.932753
19.400000 2.415999
19.450000 -0.054759
19.500000 0.634837
19.550000 -0.589535
19.600000 -5.321283
19.650000 -5.088968
19.700000 -1.736835
19.750000 -2.396400
19.799999 -3.005959
19.849999 -2.988409
19.899999 -1.706025
19.949999 -7.352920
