0.000000 -0.233550
0.050000 2.242198
0.100000 0.922269
0.150000 1.584117
0.200000 1.394864
0.250000 -1.412809
0.300000 -0.003782
0.350000 0.172284
0.400000 -0.454619
0.450000 1.464094
0.500000 1.578897
0.550000 1.408085
0.600000 -0.022731
0.650000 0.884783
0.700000 -0.624192
0.750000 -0.216006
0.800000 -1.585335
0.850000 0.587272
0.900000 1.035398
0.950000 1.146934
1.000000 -0.421127
1.050000 0.278979
1.100000 -0.013351
1.150000 -0.078254
1.200000 -0.503032
1.250000 0.073867
1.300000 1.235741
1.350000 0.678078
1.400000 -0.960466
1.450000 0.617146
1.500000 -0.334537
1.550000 -0.087200
1.600000 0.776006
1.650000 -0.025428
1.700000 -2.096092
1.750000 -4.248265
1.800000 -5.106870
1.850000 -3.034136
1.900000 -0.123958
1.950000 5.207433
2.000000 8.320208
2.050000 5.782090
2.100000 -3.471364
2.150000 -8.820015
2.200000 -11.292720
2.250000 -9.022167
2.300000 1.568796
2.350000 9.158294
2.400000 12.256290
2.450000 7.204087
2.500000 -2.933896
2.550000 -12.444128
2.600000 -12.299749
2.650000 -4.810010
2.700000 7.747081
2.750000 11.894282
2.800000 11.317162
2.850000 3.238378
2.900000 -7.055243
2.950000 -12.966383
3.000000 -10.560220
3.050000 -1.896234
3.100000 7.855864
3.150000 11.261413
3.200000 7.069510
3.250000 -0.138097
3.300000 -6.498477
3.350000 -9.931436
3.400000 -3.492765
3.450000 0.219769
3.500000 3.247184
3.550000 9.057611
3.600000 5.170739
3.650000 -1.628200
3.700000 -5.005983
3.750000 -6.494316
3.800000 -3.593492
3.850000 1.215066
3.900000 5.185007
3.950000 5.880294
4.000000 1.167856
4.050000 1.201869
4.100000 -6.270295
4.150000 -3.921586
4.200000 -0.976682
4.250000 1.848255
4.300000 3.546478
4.350000 5.392300
4.400000 1.834922
4.450000 1.076299
4.500000 -3.805211
4.550000 -2.833067
4.600000 -0.541668
4.650000 2.271251
4.700000 0.743629
4.750000 4.726123
4.800000 -0.123580
4.850000 -2.148970
4.900000 -1.613869
4.950000 -1.790686
5.000000 0.257643
5.050000 0.646016
5.100000 0.177108
5.150000 0.844182
5.200000 3.186357
5.250000 2.050109
5.300000 -3.133360
5.350000 -3.219663
5.400000 -1.044435
5.450000 -0.388176
5.500000 -3.873083
5.550000 1.189576
5.600000 1.265230
5.650000 -0.318343
5.700000 -0.918638
5.750000 0.267261
5.800000 -0.129284
5.850000 1.504751
5.900000 0.211064
5.950000 0.652604
6.000000 -0.385675
6.050000 -1.127527
6.100000 -0.747104
6.150000 -1.263032
6.200000 -0.956494
6.250000 2.781013
6.300000 2.098874
6.350000 2.856392
6.400000 -2.260482
6.450000 -3.478313
6.500000 0.219786
6.550000 2.754416
6.600000 0.387794
6.650000 1.077788
6.700000 2.578271
6.750000 1.609604
6.800000 0.062181
6.850000 -0.294651
6.900000 0.573241
6.950000 1.945589
7.000000 -0.481003
7.050000 -0.733400
7.100000 -0.471223
7.150000 -0.100713
7.200000 -0.606791
7.250000 -0.248635
7.300000 -0.193962
7.350000 0.573681
7.400000 0.230697
7.450000 -0.519315
7.500000 0.390182
7.550000 -2.571498
7.600000 -0.466989
7.650000 0.749091
7.700000 -0.937511
7.750000 -1.691511
7.800000 -1.835866
7.850000 -1.536503
7.900000 -0.387686
7.950000 -2.269054
7.999999 0.496024
8.049999 -0.978544
8.100000 -0.006205
8.150000 0.104068
8.200000 -0.148607
8.250000 -0.882632
8.300000 -3.235123
8.350000 1.940920
8.400000 1.490254
8.450000 1.837123
8.500000 -1.034787
8.549999 -0.042566
8.599999 0.428864
8.650000 -1.064879
8.700000 0.903125
8.750000 -0.680320
8.800000 0.322718
8.850000 2.199708
8.900000 -0.494578
8.950000 -0.938269
9.000000 0.808257
9.050000 -0.829175
9.099999 2.257816
9.149999 -0.690516
9.200000 1.477998
9.250000 -1.233203
9.300000 0.422642
9.350000 1.118174
9.400000 2.258920
9.450000 -0.044156
9.500000 0.484575
9.550000 0.684375
9.600000 1.791579
9.649999 0.061105
9.699999 -0.524300
9.750000 1.038987
9.800000 0.789889
9.850000 0.859356
9.900000 -0.730830
9.950000 -0.454540
10.000000 -0.837595
10.050000 0.732501
10.100000 0.965559
10.150000 -1.417026
10.199999 -1.415433
10.249999 -0.862524
10.300000 0.418669
10.350000 -0.577418
10.400000 -2.665400
10.450000 1.015870
10.500000 1.175763
10.550000 1.355403
10.600000 0.470652
10.650000 1.106317
10.700000 0.384491
10.749999 0.043257
10.799999 0.337994
10.849999 0.878252
10.900000 0.380167
10.950000 0.793666
11.000000 0.918585
11.050000 1.434423
11.100000 1.538237
11.150000 -2.510145
11.200000 -1.880537
11.250000 -0.195140
11.299999 2.119272
11.349999 0.069192
11.399999 -0.403410
11.450000 -0.171901
11.500000 -0.662397
11.550000 -1.151767
11.600000 -2.351546
11.650000 1.794182
11.700000 0.192095
11.750000 0.711049
11.800000 -1.068960
11.849999 -0.871201
11.899999 -0.985823
11.949999 1.568908
12.000000 -1.619388
12.050000 -0.614998
12.100000 -1.192969
12.150000 -0.182155
12.200000 0.163241
12.250000 0.195445
12.300000 -3.222016
12.350000 1.167942
12.399999 -1.443004
12.449999 -0.974378
12.499999 -2.283692
12.550000 -1.277883
12.600000 -0.917031
12.650000 -0.205528
12.700000 1.645470
12.750000 -1.255790
12.800000 -0.488811
12.850000 -1.979669
12.900000 0.546892
12.949999 1.546495
12.999999 -0.868544
13.049999 -2.423771
13.100000 -0.333037
13.150000 -1.050069
13.200000 -1.153436
13.250000 1.580032
13.300000 0.370794
13.350000 1.100745
13.400000 -1.054211
13.450000 -0.688219
13.499999 0.422741
13.549999 -0.964722
13.599999 -1.453109
13.650000 1.859787
13.700000 -1.752901
13.750000 -1.469302
13.800000 1.684203
13.850000 -0.750390
13.900000 1.473179
13.950000 -0.775085
14.000000 2.372499
14.049999 0.427883
14.099999 -1.219273
14.149999 -0.348907
14.200000 -0.348681
14.250000 -0.958108
14.300000 -0.890874
14.350000 0.746730
14.400000 -1.769198
14.450000 0.396217
14.500000 1.399421
14.549999 2.343845
14.599999 0.202497
14.649999 0.281140
14.699999 -1.086100
14.750000 0.354236
14.800000 1.155621
14.850000 -0.583834
14.900000 0.528368
14.950000 0.639929
15.000000 -0.223703
15.050000 0.352677
15.099999 0.642001
15.149999 1.124622
15.199999 1.550701
15.249999 -1.120569
15.299999 2.187953
15.350000 -0.225001
15.400000 0.289092
15.450000 0.907146
15.500000 0.658485
15.550000 1.145809
15.600000 1.754420
15.650000 0.595802
15.699999 1.182793
15.750000 2.763752
15.799999 1.191660
15.850000 1.104063
15.899999 2.178707
15.950000 1.716049
15.999999 -1.387848
16.050000 -0.346744
16.099999 2.411140
16.150000 -1.293423
16.200000 0.579443
16.249999 1.299124
16.300000 0.682605
16.349999 0.548191
16.400000 -0.591577
16.449999 0.135104
16.500000 0.147062
16.549999 0.063055
16.600000 2.349539
16.649999 -0.737118
16.700000 0.403575
16.750000 0.955145
16.799999 0.826022
16.850000 0.976927
16.899999 1.983949
16.950000 -0.007520
16.999999 1.807050
17.050000 1.078205
17.099999 -1.095838
17.150000 2.462368
17.199999 -0.578144
17.250000 -0.026962
17.300000 0.751775
17.349999 3.297801
17.400000 1.761509
17.449999 -0.014137
17.500000 -0.177428
17.549999 -0.701414
17.600000 -1.932427
17.649999 0.501495
17.700000 1.084711
17.749999 0.034000
17.800000 0.097799
17.850000 -0.959764
17.899999 0.765005
17.950000 0.430179
17.999999 -1.480316
18.050000 -0.188262
18.099999 -0.808204
18.150000 -0.322351
18.199999 -2.129593
18.250000 -0.419933
18.299999 2.010699
18.350000 2.948975
18.400000 0.326116
18.449999 1.125350
18.500000 -0.050935
18.549999 1.305482
18.600000 1.007122
18.649999 -0.434545
18.700000 -0.507952
18.749999 -0.010987
18.800000 0.957392
18.849999 0.379382
18.900000 0.096067
18.950000 0.231177
18.999999 0.186155
19.050000 -1.530900
19.099999 -4.127044
19.150000 -0.375880
19.199999 0.625577
19.250000 1.096159
19.299999 2.129577
19.350000 0.238398
19.399999 -1.816888
19.450000 -0.073128
19.500000 0.281725
19.549999 1.247702
19.600000 1.460219
19.649999 0.324248
19.700000 1.882401
19.749999 0.780544
19.800000 1.091136
19.849999 -1.784558
19.900000 0.166935
19.949999 -0.931076
