0.000000 0.316142
0.050000 0.304454
0.100000 -1.271662
0.150000 0.656728
0.200000 0.627198
0.250000 -0.342403
0.300000 1.404878
0.350000 0.810934
0.400000 -0.356642
0.450000 0.482284
0.500000 1.225626
0.550000 -0.009433
0.600000 -0.434551
0.650000 0.799361
0.700000 -0.265419
0.750000 0.044996
0.800000 1.156623
0.850000 1.124090
0.900000 -0.295920
0.950000 0.961179
1.000000 0.741670
1.050000 0.802174
1.100000 -0.374384
1.150000 0.275124
1.200000 0.081346
1.250000 0.479760
1.300000 -0.212799
1.350000 0.024787
1.400000 0.381686
1.450000 1.321491
1.500000 -0.193925
1.550000 1.216380
1.600000 1.207747
1.650000 0.824454
1.700000 0.963097
1.750000 -0.641980
1.800000 -0.698930
1.850000 -0.876842
1.900000 -0.209370
1.950000 -0.160544
2.000000 -0.266971
2.050000 -0.250039
2.100000 0.421487
2.150000 0.393322
2.200000 0.343412
2.250000 0.497565
2.300000 0.597947
2.350000 0.791550
2.400000 0.753055
2.450000 0.369954
2.500000 -1.470478
2.550000 -1.346163
2.600000 -0.673982
2.650000 -1.222419
2.700000 -1.063202
2.750000 -0.962625
2.800000 1.518757
2.850000 1.827396
2.900000 2.143368
2.950000 3.199698
3.000000 -0.416492
3.050000 0.087164
3.100000 -1.086682
3.150000 -3.620222
3.200000 -2.558701
3.250000 -2.970069
3.300000 -1.935880
3.350000 -0.406929
3.400000 0.279238
3.450000 3.068118
3.500000 4.590571
3.550000 3.140514
3.600000 1.086045
3.650000 1.197895
3.700000 -1.537734
3.750000 -3.390527
3.800000 -3.578259
3.850000 -3.604497
3.900000 -2.312509
3.950000 -0.953146
4.000000 1.348987
4.050000 3.389919
4.100000 3.339987
4.150000 3.508740
4.200000 1.444827
4.250000 -0.136555
4.300000 -0.762450
4.350000 -2.713603
4.400000 -3.517276
4.450000 -2.604949
4.500000 -1.940041
4.550000 0.019467
4.600000 1.536802
4.650000 1.290878
4.700000 2.336289
4.750000 2.734174
4.800000 1.439252
4.850000 0.176204
4.900000 -1.990220
4.950000 -0.873402
5.000000 -2.363952
5.050000 -2.437983
5.100000 -0.734025
5.150000 -0.027142
5.200000 0.711042
5.250000 1.930243
5.300000 1.302337
5.350000 0.992255
5.400000 1.090567
5.450000 0.941955
5.500000 -0.399919
5.550000 -0.986144
5.600000 -1.543136
5.650000 -0.157370
5.700000 -0.406861
5.750000 0.978356
5.800000 -0.377037
5.850000 1.057659
5.900000 1.592799
5.950000 0.295625
6.000000 0.060556
6.050000 -0.044609
6.100000 0.516290
6.150000 0.321304
6.200000 -0.944064
6.250000 -0.468677
6.300000 -1.464705
6.350000 0.972484
6.400000 0.041859
6.450000 -0.612501
6.500000 1.295118
6.550000 0.649847
6.600000 1.214415
6.650000 -0.501082
6.700000 1.279061
6.750000 0.073210
6.800000 -0.329915
6.850000 -0.715972
6.900000 -0.256912
6.950000 0.095234
7.000000 0.360958
7.050000 -1.002044
7.100000 -0.546250
7.150000 -1.063427
7.200000 -0.537708
7.250000 0.146879
7.300000 -0.328575
7.350000 -0.111945
7.400000 -0.423078
7.450000 0.991674
7.500000 0.279033
7.550000 0.062717
7.600000 1.249387
7.650000 0.049091
7.700000 -0.165503
7.750000 -0.725892
7.800000 0.650875
7.850000 0.165457
7.900000 0.660270
7.950000 0.300287
7.999999 0.117244
8.049999 0.288722
8.100000 0.729701
8.150000 0.172908
8.200000 -0.791133
8.250000 0.576719
8.300000 -0.303575
8.350000 0.243690
8.400000 -0.458572
8.450000 -0.082858
8.500000 0.231862
8.549999 0.512618
8.599999 -0.065819
8.650000 -0.498122
8.700000 0.452102
8.750000 -0.265305
8.800000 -0.530617
8.850000 0.218854
8.900000 0.928340
8.950000 0.360140
9.000000 -0.123325
9.050000 0.820005
9.099999 -0.643789
9.149999 0.788003
9.200000 0.877786
9.250000 0.018142
9.300000 -0.008485
9.350000 -0.175328
9.400000 -0.247482
9.450000 -0.448315
9.500000 0.448141
9.550000 -0.697336
9.600000 0.005571
9.649999 -0.014346
9.699999 -0.106232
9.750000 0.129647
9.800000 -0.287415
9.850000 -0.436665
9.900000 0.629843
9.950000 0.658886
10.000000 0.163195
10.050000 -0.204810
10.100000 0.241292
10.150000 -0.789460
10.199999 -0.003064
10.249999 -0.695206
10.300000 -0.062303
10.350000 -0.843933
10.400000 0.610711
10.450000 -0.458298
10.500000 0.285876
10.550000 -0.001324
10.600000 -0.241082
10.650000 0.397363
10.700000 0.814627
10.749999 0.649201
10.799999 -0.134190
10.849999 0.544895
10.900000 -0.053801
10.950000 -0.176728
11.000000 -0.076755
11.050000 -0.912775
11.100000 0.460836
11.150000 1.057880
11.200000 1.262865
11.250000 0.412137
11.299999 -0.460680
11.349999 -0.093727
11.399999 0.392932
11.450000 0.010313
11.500000 0.346910
11.550000 -0.901848
11.600000 0.214906
11.650000 1.115957
11.700000 -0.587902
11.750000 0.152431
11.800000 0.178804
11.849999 -0.042688
11.899999 1.086888
11.949999 -0.465963
12.000000 -0.424454
12.050000 0.809901
12.100000 0.462295
12.150000 -1.026679
12.200000 -0.211476
12.250000 -0.201185
12.300000 0.593427
12.350000 0.182045
12.399999 0.464148
12.449999 -0.002843
12.499999 -0.161187
12.550000 0.701113
12.600000 0.200743
12.650000 0.497115
12.700000 0.121988
12.750000 0.158431
12.800000 0.281565
12.850000 0.171194
12.900000 0.403131
12.949999 0.350645
12.999999 0.435833
13.049999 0.403332
13.100000 -1.117413
13.150000 0.601975
13.200000 -0.970802
13.250000 0.293456
13.300000 0.699609
13.350000 -0.058442
13.400000 -0.149433
13.450000 0.274314
13.499999 -0.129832
13.549999 0.649329
13.599999 0.519190
13.650000 0.916044
13.700000 -0.108453
13.750000 -0.533252
13.800000 0.711494
13.850000 1.212656
13.900000 -0.096153
13.950000 -0.542377
14.000000 0.074919
14.049999 -0.293237
14.099999 0.970124
14.149999 0.218595
14.200000 0.482376
14.250000 0.343284
14.300000 0.228365
14.350000 -0.488587
14.400000 0.119497
14.450000 0.077980
14.500000 0.612905
14.549999 -1.099858
14.599999 -1.214792
14.649999 0.050753
14.699999 -0.061138
14.750000 0.305242
14.800000 0.524172
14.850000 0.801197
14.900000 -0.446894
14.950000 0.328650
15.000000 0.125083
15.050000 -0.086195
15.099999 0.477490
15.149999 0.267891
15.199999 -0.639032
15.249999 -0.244421
15.299999 0.428129
15.350000 0.164922
15.400000 0.350301
15.450000 0.780296
15.500000 -0.022629
15.550000 0.646033
15.600000 0.226269
15.650000 -0.136648
15.699999 0.293235
15.750000 -0.191854
15.799999 -1.068649
15.850000 0.663983
15.899999 -0.284953
15.950000 0.367523
15.999999 0.674430
16.050000 1.041999
16.099999 -0.297138
16.150000 1.060860
16.200000 0.235235
16.249999 0.888361
16.300000 -0.269612
16.349999 0.132569
16.400000 -0.478382
16.449999 0.092746
16.500000 1.211316
16.549999 0.218502
16.600000 -0.631498
16.649999 -0.367179
16.700000 0.442627
16.750000 0.916480
16.799999 0.940776
16.850000 -0.254517
16.899999 0.246454
16.950000 -1.011623
16.999999 0.062297
17.050000 -0.296067
17.099999 0.970408
17.150000 0.185344
17.199999 1.236083
17.250000 -0.026302
17.300000 0.677360
17.349999 0.465496
17.400000 -0.431339
17.449999 0.337195
17.500000 -0.582054
17.549999 0.201389
17.600000 -0.160046
17.649999 0.438845
17.700000 -0.525496
17.749999 0.244236
17.800000 -0.274659
17.850000 1.102955
17.899999 0.834052
17.950000 0.676691
17.999999 1.031740
18.050000 0.454997
18.099999 -0.417283
18.150000 -0.368232
18.199999 0.281653
18.250000 0.041758
18.299999 -0.095242
18.350000 0.087581
18.400000 -0.703001
18.449999 0.593424
18.500000 0.688671
18.549999 -0.104200
18.600000 0.316751
18.649999 -0.250476
18.700000 0.425829
18.749999 -0.419105
18.800000 -0.147521
18.849999 0.180829
18.900000 0.306208
18.950000 0.340716
18.999999 0.986550
19.050000 0.649956
19.099999 0.034418
19.150000 -0.087987
19.199999 0.191433
19.250000 -0.446059
19.299999 0.319542
19.350000 0.296588
19.399999 0.529146
19.450000 0.423672
19.500000 -0.307071
19.549999 0.756746
19.600000 -0.944391
19.649999 -0.055045
19.700000 0.719485
19.749999 -0.828610
19.800000 0.296489
19.849999 -0.499101
19.900000 0.674113
19.949999 -0.312737
