0.000000 -0.172269
0.050000 -0.085457
0.100000 -0.154669
0.150000 -0.057071
0.200000 0.087369
0.250000 0.155765
0.300000 0.183443
0.350000 -0.136075
0.400000 0.158289
0.450000 -0.139763
0.500000 0.251072
0.550000 0.106871
0.600000 0.082349
0.650000 0.016594
0.700000 0.141373
0.750000 0.267163
0.800000 0.084077
0.850000 0.112312
0.900000 0.021737
0.950000 0.021767
1.000000 -0.105827
1.050000 -0.162920
1.100000 -0.001912
1.150000 -0.016211
1.200000 0.004810
1.250000 0.047555
1.300000 -0.016113
1.350000 0.075127
1.400000 -0.062925
1.450000 -0.108388
1.500000 -0.056874
1.550000 0.094955
1.600000 -0.070799
1.650000 -0.148691
1.700000 0.090489
1.750000 -0.032959
1.800000 0.062285
1.850000 -0.065510
1.900000 -0.068295
1.950000 0.165854
2.000000 0.042214
2.050000 0.045765
2.100000 0.106093
2.150000 -0.091039
2.200000 0.036359
2.250000 -0.183891
2.300000 -0.174829
2.350000 0.013581
2.400000 -0.101449
2.450000 0.003600
2.500000 -0.073381
2.550000 0.028277
2.600000 -0.037471
2.650000 0.044505
2.700000 -0.067088
2.750000 0.089450
2.800000 -0.139698
2.850000 -0.006220
2.900000 0.068109
2.950000 0.185720
3.000000 -0.158151
3.050000 -0.093480
3.100000 0.071821
3.150000 0.014859
3.200000 0.217206
3.250000 0.042684
3.300000 0.034933
3.350000 0.087381
3.400000 -0.001007
3.450000 -0.236751
3.500000 -0.151610
3.550000 -0.037576
3.600000 -0.246011
3.650000 0.045032
3.700000 -0.047324
3.750000 -0.020378
3.800000 0.096733
3.850000 0.167130
3.900000 0.168943
3.950000 0.204703
4.000000 0.358802
4.050000 0.222455
4.100000 0.286017
4.150000 0.184446
4.200000 0.082670
4.250000 0.195684
4.300000 0.210311
4.350000 0.067708
4.400000 -0.052464
4.450000 -0.046764
4.500000 -0.169136
4.550000 -0.167792
4.600000 -0.323261
4.650000 -0.223322
4.700000 -0.336492
4.750000 -0.514141
4.800000 -0.334454
4.850000 -0.358880
4.900000 -0.352582
4.950000 -0.113323
5.000000 -0.029189
5.050000 0.086610
5.100000 0.134917
5.150000 0.193429
5.200000 0.330718
5.250000 0.559130
5.300000 0.591972
5.350000 0.514682
5.400000 0.393791
5.450000 0.507309
5.500000 0.213505
5.550000 0.253298
5.600000 0.287387
5.650000 0.061649
5.700000 0.117426
5.750000 -0.059755
5.800000 -0.196604
5.850000 -0.233116
5.900000 -0.267109
5.950000 -0.476276
6.000000 -0.450797
6.050000 -0.533046
6.100000 -0.595479
6.150000 -0.540080
6.200000 -0.355948
6.250000 -0.132024
6.300000 0.011569
6.350000 -0.094391
6.400000 0.133964
6.450000 0.215415
6.500000 0.338903
6.550000 0.410298
6.600000 0.468263
6.650000 0.526616
6.700000 0.325271
6.750000 0.378744
6.800000 0.435478
6.850000 0.375175
6.900000 -0.023628
6.950000 0.158449
7.000000 -0.050083
7.050000 -0.164859
7.100000 -0.002636
7.150000 -0.238654
7.200000 -0.324749
7.250000 -0.476795
7.300000 -0.416332
7.350000 -0.494154
7.400000 -0.407673
7.450000 -0.414720
7.500000 -0.272265
7.550000 -0.025701
7.600000 0.017400
7.650000 0.211199
7.700000 0.413898
7.750000 0.451771
7.800000 0.219521
7.850000 0.382871
7.900000 0.465904
7.950000 0.343966
8.000000 0.252932
8.050000 0.094809
8.100000 0.098562
8.150000 0.051848
8.200000 0.033717
8.250000 0.071063
8.300000 -0.165709
8.350000 -0.179496
8.400000 -0.207212
8.450000 -0.243235
8.500000 -0.299679
8.550000 -0.207787
8.600000 -0.149402
8.650000 -0.211365
8.700000 -0.015032
8.750000 -0.111845
8.800000 0.181844
8.850000 0.055372
8.900000 0.239811
8.950000 0.237177
9.000000 0.216801
9.050000 0.152891
9.100000 0.340602
9.150000 0.312743
9.200000 0.099959
9.250000 -0.023898
9.300000 0.089640
9.350000 0.014126
9.400000 -0.033708
9.450000 -0.198407
9.500000 -0.110378
9.550000 -0.162726
9.600000 -0.021336
9.650000 -0.250015
9.700000 -0.192022
9.750000 -0.116885
9.800000 -0.093096
9.850000 0.105124
9.900000 0.107726
9.950000 0.046561
10.000000 0.020932
10.050000 0.179229
10.100000 0.148801
10.150000 0.206612
10.200000 0.244087
10.250000 0.078508
10.300000 0.112852
10.350000 0.147562
10.400000 0.057799
10.450000 0.091779
10.500000 0.038688
10.550000 0.080787
10.600000 -0.016228
10.650000 -0.054059
10.700000 -0.157491
10.750000 -0.051990
10.800000 -0.185380
10.850000 -0.028813
10.900000 -0.060141
10.950000 -0.118315
11.000000 -0.141390
11.050000 -0.020100
11.100000 -0.145449
11.150000 0.041288
11.200000 0.104263
11.250000 0.224088
11.300000 -0.040981
11.350000 -0.034875
11.400000 0.079530
11.450000 0.153969
11.500000 0.002441
11.550000 0.031602
11.600000 -0.079706
11.650000 0.160418
11.700000 -0.021716
11.750000 0.083136
11.800000 0.095910
11.850000 -0.018943
11.900000 0.019031
11.950000 0.070382
12.000000 0.052613
12.050000 0.003249
12.100000 -0.125055
12.150000 -0.012751
12.200000 0.064726
12.250000 -0.071091
12.300000 -0.052785
12.350000 -0.025688
12.400000 -0.150403
12.450000 0.083848
12.500000 0.161447
12.550000 0.066835
12.600000 0.041301
12.650000 0.050132
12.700000 -0.160542
12.750000 0.132791
12.800000 -0.013734
12.850000 0.069172
12.900000 0.279988
12.950000 -0.124153
13.000000 0.065971
13.050000 -0.052264
13.100000 0.057703
13.150000 -0.020763
13.200000 0.127632
13.250000 -0.105125
13.300000 -0.243946
13.350000 0.042324
13.400000 -0.018876
13.450000 -0.091047
13.500000 -0.171139
13.550000 -0.052125
13.600000 0.004252
13.650000 0.006469
13.700000 0.194291
13.750000 0.151138
13.800000 0.017292
13.850000 0.174279
13.900000 0.237530
13.950000 0.028049
14.000000 0.092562
14.050000 0.003554
14.100000 0.189423
14.150000 0.025270
14.200000 -0.027490
14.250000 0.083496
14.300000 0.071784
14.350000 0.214806
14.400000 0.018042
14.450000 0.011916
14.500000 0.009138
14.550000 -0.129564
14.600000 -0.270926
14.650000 0.090396
14.700000 0.006786
14.750000 -0.103774
14.800000 -0.044772
14.850000 -0.022578
14.900000 0.122826
14.950000 0.136980
15.000000 0.030661
15.050000 -0.056951
15.100000 -0.032005
15.150000 0.033255
15.200000 0.013191
15.250000 0.103954
15.300000 0.024230
15.350000 0.100060
15.400000 0.069903
15.450000 0.056501
15.500000 0.075160
15.550000 0.002026
15.600000 0.103941
15.650000 -0.068545
15.700000 -0.004464
15.750000 0.090013
15.800000 -0.067191
15.850000 -0.063450
15.900000 0.043596
15.950000 0.027288
16.000000 0.018636
16.050000 0.099973
16.100000 -0.012491
16.150000 -0.183176
16.200000 0.068114
16.250000 -0.116395
16.300000 -0.104779
16.350000 -0.124513
16.400000 0.099986
16.450000 0.086466
16.500000 0.103600
16.550000 0.129254
16.600000 0.149617
16.650000 0.015486
16.700000 -0.169845
16.750000 -0.040679
16.800000 0.088251
16.850000 0.046304
16.900000 -0.024676
16.950000 0.089435
17.000000 -0.092982
17.050000 -0.049813
17.100000 -0.013633
17.150000 0.009028
17.200000 -0.034756
17.250000 -0.012818
17.300000 -0.105086
17.350000 -0.010386
17.400000 0.025190
17.450000 -0.107254
17.500000 -0.038467
17.550000 0.022003
17.600000 0.102104
17.650000 0.037756
17.700000 0.063438
17.750000 0.135710
17.800000 -0.014052
17.850000 0.025233
17.900000 0.141751
17.950000 0.147047
18.000000 0.120885
18.050000 -0.076376
18.100000 0.074150
18.150000 0.000896
18.200000 0.044354
18.250000 0.072206
18.300000 -0.048780
18.350000 -0.082552
18.400000 0.062031
18.450000 -0.012193
18.500000 0.080203
18.550000 -0.126329
18.600000 0.062360
18.650000 0.123682
18.700000 -0.133244
18.750000 -0.103831
18.800000 -0.034516
18.850000 0.105097
18.900000 0.000178
18.950000 -0.068716
19.000000 -0.072714
19.050000 0.142585
19.100000 0.039828
19.150000 0.056625
19.200000 0.118352
19.250000 0.045486
19.300000 0.035978
19.350000 -0.013652
19.400000 0.114542
19.450000 0.221836
19.500000 0.009195
19.550000 0.049079
19.600000 0.150886
19.650000 0.042659
19.700000 0.017001
19.750000 -0.018019
19.799999 0.007531
19.849999 -0.060264
19.899999 -0.077211
19.949999 -0.047597
