0.000000 -5.102201
0.050000 -1.494458
0.100000 -9.909242
0.150000 -11.592726
0.200000 -16.429115
0.250000 7.631792
0.300000 -7.090549
0.350000 18.007456
0.400000 13.322401
0.450000 -15.819633
0.500000 -0.471265
0.550000 4.790829
0.600000 20.220119
0.650000 -12.467462
0.700000 0.867090
0.750000 -8.917780
0.800000 -16.836557
0.850000 -8.701480
0.900000 1.334419
0.950000 8.340954
1.000000 -10.747025
1.050000 -37.031887
1.100000 4.589716
1.150000 -11.445169
1.200000 17.908140
1.250000 -7.770213
1.300000 4.678158
1.350000 16.750114
1.400000 11.965907
1.450000 19.213741
1.500000 6.294608
1.550000 49.955479
1.600000 64.131203
1.650000 10.330883
1.700000 -26.447124
1.750000 -57.472977
1.800000 -54.102886
1.850000 -56.162827
1.900000 -10.628866
1.950000 77.483299
2.000000 123.432205
2.050000 158.303864
2.100000 23.340633
2.150000 -110.944778
2.200000 -190.104584
2.250000 -149.868149
2.300000 -42.248894
2.350000 99.538330
2.400000 147.395508
2.450000 116.328888
2.500000 6.501948
2.550000 -113.258904
2.600000 -145.308624
2.650000 -83.729607
2.700000 32.755516
2.750000 97.031776
2.800000 100.164810
2.850000 63.830238
2.900000 -6.942993
2.950000 -76.976303
3.000000 -77.320808
3.050000 -50.561390
3.100000 3.825124
3.150000 57.441654
3.200000 64.922256
3.250000 23.753542
3.300000 0.017295
3.350000 -27.370640
3.400000 -22.638641
3.450000 -18.952032
3.500000 -11.925650
3.550000 35.368042
3.600000 34.781578
3.650000 1.784265
3.700000 -19.208960
3.750000 -9.086821
3.800000 -27.039413
3.850000 -0.971713
3.900000 13.794593
3.950000 17.250822
4.000000 7.487794
4.050000 -1.832158
4.100000 -13.369295
4.150000 -16.248384
4.200000 -10.384117
4.250000 9.847288
4.300000 -21.790325
4.350000 14.234512
4.400000 8.788920
4.450000 -20.792194
4.500000 -11.430314
4.550000 -36.202724
4.600000 -11.206320
4.650000 15.352953
4.700000 -6.565012
4.750000 -10.828266
4.800000 -12.838409
4.850000 -21.437065
4.900000 -24.465450
4.950000 19.196728
5.000000 15.521667
5.050000 3.406047
5.100000 0.162894
5.150000 12.491443
5.200000 15.823564
5.250000 16.814903
5.300000 6.707667
5.350000 4.975101
5.400000 -8.080865
5.450000 19.440977
5.500000 -15.981065
5.550000 -9.773617
5.600000 -1.397869
5.650000 -4.184464
5.700000 -1.038273
5.750000 -15.796924
5.800000 -11.534065
5.850000 -14.093028
5.900000 -8.859867
5.950000 31.045296
6.000000 -7.122319
6.050000 -11.922051
6.100000 -17.208839
6.150000 -17.298800
6.200000 -17.839544
6.250000 6.161605
6.300000 -2.726741
6.350000 4.881989
6.400000 20.384182
6.450000 -5.300341
6.500000 11.884492
6.550000 7.713951
6.600000 14.526357
6.650000 3.902747
6.700000 0.644228
6.750000 -19.894390
6.800000 15.252714
6.850000 -11.224417
6.900000 22.083076
6.950000 14.282407
7.000000 12.054135
7.050000 -16.003569
7.100000 -8.013896
7.150000 -10.151922
7.200000 13.623514
7.250000 26.167036
7.300000 0.129353
7.350000 30.766605
7.400000 -7.624447
7.450000 -8.707100
7.500000 -20.238007
7.550000 -7.314058
7.600000 8.064158
7.650000 11.469805
7.700000 31.285070
7.750000 9.985400
7.800000 1.229340
7.850000 -0.585463
7.900000 5.164593
7.950000 14.176681
7.999999 11.062061
8.049999 16.393723
8.100000 18.496143
8.150000 0.286571
8.200000 -19.524311
8.250000 -7.132027
8.300000 -9.200416
8.350000 -13.825099
8.400000 -11.369412
8.450000 1.308806
8.500000 -0.611066
8.549999 -7.106866
8.599999 0.102900
8.650000 -2.973170
8.700000 19.704960
8.750000 6.711162
8.800000 0.008318
8.850000 -0.983936
8.900000 -3.072183
8.950000 -13.604062
9.000000 -2.588020
9.050000 26.465487
9.099999 -4.011200
9.149999 13.117743
9.200000 -20.200989
9.250000 3.966285
9.300000 -3.726289
9.350000 -17.407814
9.400000 7.463573
9.450000 -5.518050
9.500000 7.050735
9.550000 3.503269
9.600000 -16.353638
9.649999 -5.292987
9.699999 -17.481394
9.750000 17.120895
9.800000 5.358924
9.850000 -8.907651
9.900000 -12.117078
9.950000 9.310282
10.000000 -22.063074
10.050000 -13.718702
10.100000 13.103509
10.150000 8.467376
10.199999 8.925970
10.249999 10.586950
10.300000 11.583606
10.350000 5.419256
10.400000 -4.145599
10.450000 -8.976362
10.500000 -13.307001
10.550000 3.333345
10.600000 15.825809
10.650000 20.097103
10.700000 20.155252
10.749999 10.213078
10.799999 -12.387011
10.849999 3.879892
10.900000 7.417151
10.950000 -18.848507
11.000000 19.430998
11.050000 7.270296
11.100000 -6.252917
11.150000 16.968248
11.200000 -2.766624
11.250000 -16.714542
11.299999 8.284600
11.349999 12.059735
11.399999 5.780178
11.450000 -9.900177
11.500000 10.710234
11.550000 3.311733
11.600000 5.165806
11.650000 -2.869989
11.700000 7.481053
11.750000 11.424602
11.800000 -1.138170
11.849999 -2.919846
11.899999 -7.390128
11.949999 -8.271880
12.000000 -16.795874
12.050000 -12.999834
12.100000 24.467802
12.150000 -9.700884
12.200000 -13.176101
12.250000 -9.459080
12.300000 -11.888436
12.350000 -18.170704
12.399999 -11.264005
12.449999 -12.783887
12.499999 -0.424433
12.550000 4.149699
12.600000 -4.212589
12.650000 4.981978
12.700000 2.277745
12.750000 -0.016483
12.800000 -21.233088
12.850000 -15.291333
12.900000 11.483515
12.949999 0.258417
12.999999 12.283075
13.049999 -13.565462
13.100000 -8.524955
13.150000 6.703621
13.200000 7.687518
13.250000 20.809383
13.300000 18.520140
13.350000 3.455626
13.400000 4.016159
13.450000 -0.278308
13.499999 12.642875
13.549999 -32.195202
13.599999 8.096926
13.650000 7.914986
13.700000 -7.770976
13.750000 6.947575
13.800000 0.705798
13.850000 5.470815
13.900000 6.055785
13.950000 0.947132
14.000000 21.100000
14.049999 2.948868
14.099999 -12.334944
14.149999 -17.586962
14.200000 8.754793
14.250000 11.619037
14.300000 7.900099
14.350000 9.535721
14.400000 6.753420
14.450000 -11.426631
14.500000 3.162647
14.549999 4.052346
14.599999 8.837994
14.649999 16.961887
14.699999 -4.935771
14.750000 11.624600
14.800000 -5.274505
14.850000 4.441585
14.900000 10.795624
14.950000 0.053469
15.000000 -22.943523
15.050000 -9.046157
15.099999 -6.444132
15.149999 8.911527
15.199999 -5.541642
15.249999 14.050563
15.299999 8.743010
15.350000 7.408505
15.400000 7.104581
15.450000 17.513563
15.500000 0.715560
15.550000 21.052559
15.600000 17.282461
15.650000 -4.060483
15.699999 12.365075
15.750000 17.014225
15.799999 -7.190772
15.850000 1.517551
15.899999 1.774949
15.950000 9.968319
15.999999 11.763194
16.050000 -16.460320
16.099999 1.756418
16.150000 -3.883131
16.200000 -7.139473
16.249999 14.157914
16.300000 -12.769706
16.349999 -3.387653
16.400000 6.512874
16.449999 17.722355
16.500000 23.878548
16.549999 24.347235
16.600000 21.208677
16.649999 -15.936667
16.700000 16.735256
16.750000 -2.428804
16.799999 2.363726
16.850000 -4.600912
16.899999 19.553776
16.950000 18.657433
16.999999 4.198589
17.050000 15.504937
17.099999 3.969260
17.150000 4.319006
17.199999 -0.534030
17.250000 -8.625262
17.300000 -10.610310
17.349999 -10.103554
17.400000 -11.422051
17.449999 -0.925812
17.500000 -24.841324
17.549999 3.569310
17.600000 6.140500
17.649999 13.792145
17.700000 -13.659269
17.749999 -4.109087
17.800000 2.215846
17.850000 5.246963
17.899999 8.294649
17.950000 2.190438
17.999999 -2.626558
18.050000 -4.184040
18.099999 -10.415887
18.150000 13.589373
18.199999 -8.133779
18.250000 -13.980999
18.299999 3.661457
18.350000 18.977160
18.400000 13.602414
18.449999 1.123240
18.500000 14.722382
18.549999 -12.813107
18.600000 -15.592307
18.649999 -13.869844
18.700000 -18.232359
18.749999 1.820173
18.800000 11.260159
18.849999 -1.523830
18.900000 15.866381
18.950000 11.374545
18.999999 -21.609640
19.050000 0.566454
19.099999 2.333050
19.150000 6.814450
19.199999 -0.818038
19.250000 19.644258
19.299999 8.612511
19.350000 4.843000
19.399999 -0.146643
19.450000 -13.685756
19.500000 -0.261373
19.549999 -17.366621
19.600000 -23.488274
19.649999 2.026142
19.700000 -3.521883
19.749999 28.079224
19.800000 1.416672
19.849999 10.665267
19.900000 0.868592
19.949999 -13.112334
