0.000000 -13.807368
0.050000 2.450521
0.100000 -13.056846
0.150000 -3.506329
0.200000 20.095394
0.250000 -6.248570
0.300000 -8.395720
0.350000 -13.667824
0.400000 2.942404
0.450000 -0.640917
0.500000 6.407910
0.550000 13.674680
0.600000 11.615291
0.650000 -10.668261
0.700000 17.817919
0.750000 10.406016
0.800000 -6.075952
0.850000 -7.434368
0.900000 -5.377109
0.950000 -17.972691
1.000000 -1.563587
1.050000 9.530761
1.100000 0.622008
1.150000 19.884270
1.200000 26.332396
1.250000 11.403245
1.300000 4.442204
1.350000 -2.894786
1.400000 -4.455717
1.450000 -5.008104
1.500000 -17.356987
1.550000 -20.802883
1.600000 -7.729134
1.650000 -1.443866
1.700000 22.817539
1.750000 18.035275
1.800000 12.937160
1.850000 -6.065165
1.900000 -2.830621
1.950000 7.921839
2.000000 -11.797646
2.050000 -9.544811
2.100000 11.027053
2.150000 12.014057
2.200000 -1.675035
2.250000 -2.909949
2.300000 36.081264
2.350000 -5.688133
2.400000 27.717524
2.450000 1.960379
2.500000 25.498531
2.550000 3.843477
2.600000 9.477383
2.650000 1.347101
2.700000 -11.621865
2.750000 30.551491
2.800000 1.911055
2.850000 16.060396
2.900000 1.165072
2.950000 27.354259
3.000000 10.018979
3.050000 29.011120
3.100000 32.221695
3.150000 17.760874
3.200000 40.299744
3.250000 8.592974
3.300000 -13.817086
3.350000 -2.026791
3.400000 -10.291406
3.450000 -20.495691
3.500000 -28.072706
3.550000 -43.290340
3.600000 -24.688793
3.650000 -43.343182
3.700000 -30.435476
3.750000 -42.956017
3.800000 -23.144373
3.850000 -33.951744
3.900000 -9.953259
3.950000 -15.430796
4.000000 -3.798184
4.050000 5.752610
4.100000 41.441345
4.150000 29.897440
4.200000 45.222485
4.250000 81.317055
4.300000 83.684456
4.350000 95.588692
4.400000 116.768433
4.450000 114.840004
4.500000 114.728256
4.550000 88.640587
4.600000 65.087616
4.650000 68.412544
4.700000 55.004738
4.750000 18.474405
4.800000 -14.107259
4.850000 -29.884764
4.900000 -73.375488
4.950000 -70.959122
5.000000 -110.406891
5.050000 -110.913483
5.100000 -133.135910
5.150000 -111.495750
5.200000 -135.461639
5.250000 -135.546371
5.300000 -135.498856
5.350000 -111.286858
5.400000 -96.487076
5.450000 -55.607452
5.500000 -38.902081
5.550000 2.953874
5.600000 -0.409412
5.650000 54.097263
5.700000 56.829590
5.750000 81.284126
5.800000 106.268982
5.850000 88.061241
5.900000 115.989838
5.950000 98.450684
6.000000 100.701073
6.050000 104.472885
6.100000 85.115013
6.150000 78.342590
6.200000 62.973652
6.250000 42.443115
6.300000 32.591587
6.350000 4.571366
6.400000 -18.119198
6.450000 9.901905
6.500000 -57.375828
6.550000 -64.966705
6.600000 -74.777596
6.650000 -71.114372
6.700000 -65.595047
6.750000 -53.761810
6.800000 -60.656216
6.850000 -34.804516
6.900000 -45.477379
6.950000 -43.898903
7.000000 -19.057814
7.050000 -12.897672
7.100000 -23.422432
7.150000 3.071434
7.200000 25.517487
7.250000 33.157452
7.300000 42.919899
7.350000 30.474344
7.400000 33.916058
7.450000 21.536993
7.500000 42.156796
7.550000 46.513775
7.600000 40.122520
7.650000 41.713642
7.700000 27.809055
7.750000 4.799996
7.800000 9.291075
7.850000 -1.373855
7.900000 -3.338792
7.950000 -14.717534
8.000000 -4.915419
8.050000 -36.076611
8.100000 -19.895994
8.150000 -16.134190
8.200000 -5.280375
8.250000 -6.517723
8.300000 2.881794
8.350000 -7.276471
8.400000 -0.330271
8.450000 -23.108728
8.500000 -21.523188
8.550000 -11.021921
8.600000 4.651491
8.650000 2.077697
8.700000 10.796804
8.750000 14.817263
8.800000 -22.988998
8.850000 3.677619
8.900000 -6.999783
8.950000 12.013888
9.000000 12.222134
9.050000 3.070722
9.100000 13.988397
9.150000 4.102695
9.200000 12.586495
9.250000 3.107615
9.300000 -0.823006
9.350000 25.020256
9.400000 -0.676747
9.450000 7.207124
9.500000 -4.955794
9.550000 23.170622
9.600000 -3.287602
9.650000 -20.580870
9.700000 18.369827
9.750000 -5.347116
9.800000 6.593794
9.850000 -14.454493
9.900000 -16.213991
9.950000 -11.911423
10.000000 -9.410175
10.050000 -20.412029
10.100000 -8.926356
10.150000 -0.473882
10.200000 -17.920155
10.250000 -10.864445
10.300000 -4.192737
10.350000 -1.237646
10.400000 -0.503656
10.450000 30.442007
10.500000 10.413145
10.550000 -7.848037
10.600000 -1.097971
10.650000 14.161076
10.700000 22.275543
10.750000 6.423743
10.800000 0.847700
10.850000 18.097197
10.900000 -2.212542
10.950000 2.005975
11.000000 -18.365747
11.050000 11.285896
11.100000 21.456718
11.150000 -10.318847
11.200000 -1.509940
11.250000 -7.545232
11.300000 -7.827002
11.350000 -0.575069
11.400000 2.286758
11.450000 -12.414695
11.500000 10.927275
11.550000 -18.382336
11.600000 0.348574
11.650000 11.842704
11.700000 -23.263384
11.750000 -8.749460
11.800000 19.587847
11.850000 13.515486
11.900000 7.067819
11.950000 9.040023
12.000000 9.958978
12.050000 -10.351239
12.100000 23.937592
12.150000 0.923562
12.200000 9.831743
12.250000 -9.243322
12.300000 7.835051
12.350000 10.687668
12.400000 -16.363287
12.450000 -6.739980
12.500000 -0.806690
12.550000 11.848582
12.600000 -21.274254
12.650000 -7.188863
12.700000 -7.581599
12.750000 -0.946889
12.800000 -10.023327
12.850000 5.051723
12.900000 -12.946900
12.950000 -10.110391
13.000000 10.229615
13.050000 -17.819221
13.100000 6.543795
13.150000 2.671975
13.200000 28.958355
13.250000 -12.372026
13.300000 0.630001
13.350000 -10.428509
13.400000 5.992850
13.450000 -1.149920
13.500000 -5.843553
13.550000 5.376623
13.600000 -2.972490
13.650000 6.038205
13.700000 -15.705329
13.750000 -10.800264
13.800000 -3.374394
13.850000 -9.297883
13.900000 16.688433
13.950000 10.008619
14.000000 8.097248
14.050000 -7.294042
14.100000 0.936911
14.150000 -9.390462
14.200000 -6.811779
14.250000 5.315378
14.300000 9.148453
14.350000 -4.568496
14.400000 23.196941
14.450000 13.453457
14.500000 12.100319
14.550000 -11.482393
14.600000 -3.989812
14.650000 7.738736
14.700000 17.379354
14.750000 4.580465
14.800000 17.346493
14.850000 9.536337
14.900000 9.323665
14.950000 7.598959
15.000000 1.962079
15.050000 0.970165
15.100000 -15.916956
15.150000 5.247841
15.200000 -2.572064
15.250000 4.298556
15.300000 1.135159
15.350000 0.208589
15.400000 3.935624
15.450000 11.048877
15.500000 12.420316
15.550000 3.817028
15.600000 11.356072
15.650000 6.179338
15.700000 1.232740
15.750000 -1.787201
15.800000 -5.629662
15.850000 11.569221
15.900000 8.962627
15.950000 -7.366189
16.000000 6.721009
16.050000 3.964517
16.100000 -0.867473
16.150000 -17.753939
16.200000 -7.217400
16.250000 -39.502968
16.300000 -6.804064
16.350000 -10.446693
16.400000 -7.975850
16.450000 -4.230845
16.500000 -7.642008
16.550000 12.553621
16.600000 4.629682
16.650000 4.036133
16.700000 -0.326916
16.750000 8.268028
16.800000 -7.476684
16.850000 8.777734
16.900000 12.482398
16.950000 -3.450630
17.000000 6.605662
17.050000 4.936880
17.100000 16.634020
17.150000 14.589581
17.200000 22.745815
17.250000 7.405152
17.300000 4.537210
17.350000 15.449955
17.400000 17.700766
17.450000 23.338985
17.500000 -5.388540
17.550000 7.633715
17.600000 -3.585931
17.650000 0.873110
17.700000 -31.119204
17.750000 -33.738495
17.800000 -24.012514
17.850000 -27.074759
17.900000 -41.533661
17.950000 -1.762802
18.000000 -10.718891
18.050000 2.486171
18.100000 19.956245
18.150000 12.628850
18.200000 3.622820
18.250000 7.568704
18.300000 -25.727636
18.350000 12.400996
18.400000 -9.835943
18.450000 40.785847
18.500000 24.582525
18.550000 21.309464
18.600000 3.897586
18.650000 8.698551
18.700000 -2.074629
18.750000 2.538706
18.800000 6.646399
18.850000 -6.343925
18.900000 -11.175197
18.950000 -11.571283
19.000000 -22.128376
19.050000 -12.902518
19.100000 -33.263710
19.150000 9.090644
19.200000 4.343407
19.250000 -16.842611
19.300000 -5.972224
19.350000 -10.706025
19.400000 -5.480791
19.450000 -4.723911
19.500000 17.829054
19.550000 4.174598
19.600000 -1.624283
19.650000 -2.140514
19.700000 43.197598
19.750000 -17.156382
19.799999 7.591986
19.849999 5.253577
19.899999 13.289148
19.949999 7.146126
