0.000000 -0.318645
0.050000 -6.256417
0.100000 3.100616
0.150000 -1.243162
0.200000 -1.095818
0.250000 0.667978
0.300000 6.765779
0.350000 4.511313
0.400000 0.655740
0.450000 -2.163655
0.500000 -9.357693
0.550000 -0.540561
0.600000 -11.484054
0.650000 -1.839954
0.700000 2.760782
0.750000 0.372633
0.800000 -0.467539
0.850000 -2.101147
0.900000 3.886960
0.950000 2.411794
1.000000 2.731917
1.050000 6.094402
1.100000 4.025192
1.150000 4.439706
1.200000 -1.499387
1.250000 -5.014059
1.300000 -2.238467
1.350000 2.920758
1.400000 2.234715
1.450000 1.901406
1.500000 4.241945
1.550000 2.188685
1.600000 5.803643
1.650000 4.893430
1.700000 5.707693
1.750000 -1.004674
1.800000 -0.565693
1.850000 2.351483
1.900000 -6.821187
1.950000 -4.653711
2.000000 -6.453290
2.050000 1.462129
2.100000 -0.102905
2.150000 3.079944
2.200000 3.420098
2.250000 1.519358
2.300000 0.204992
2.350000 -10.876056
2.400000 -8.227766
2.450000 -9.704508
2.500000 -15.643112
2.550000 -11.813013
2.600000 -14.035409
2.650000 -4.172302
2.700000 13.804109
2.750000 21.122042
2.800000 30.405157
2.850000 33.256668
2.900000 32.465572
2.950000 18.670231
3.000000 2.919406
3.050000 -7.851957
3.100000 -30.525148
3.150000 -41.067905
3.200000 -39.990314
3.250000 -37.366344
3.300000 -30.435997
3.350000 -1.857260
3.400000 17.237276
3.450000 27.537764
3.500000 42.364231
3.550000 41.638103
3.600000 37.919518
3.650000 26.444386
3.700000 5.558645
3.750000 -11.780796
3.800000 -30.800758
3.850000 -42.410172
3.900000 -37.594929
3.950000 -25.689934
4.000000 -10.671769
4.050000 7.623763
4.100000 9.698776
4.150000 29.567366
4.200000 31.449329
4.250000 30.421953
4.300000 23.347580
4.350000 9.242501
4.400000 -0.519669
4.450000 -12.888364
4.500000 -27.236235
4.550000 -21.540901
4.600000 -20.905916
4.650000 -8.498292
4.700000 -1.906641
4.750000 6.104822
4.800000 15.247210
4.850000 17.394917
4.900000 16.743107
4.950000 22.948988
5.000000 4.453030
5.050000 0.394561
5.100000 -9.010954
5.150000 -11.514359
5.200000 -10.516049
5.250000 -8.285845
5.300000 -4.006864
5.350000 -0.518164
5.400000 3.427653
5.450000 8.094484
5.500000 7.518687
5.550000 4.077156
5.600000 5.036518
5.650000 1.722599
5.700000 5.952711
5.750000 -7.552064
5.800000 -3.080321
5.850000 -4.769962
5.900000 -3.579861
5.950000 1.097667
6.000000 0.589538
6.050000 2.609925
6.100000 7.512894
6.150000 3.880049
6.200000 9.078490
6.250000 1.514082
6.300000 3.471381
6.350000 -5.888585
6.400000 -1.794262
6.450000 -11.675942
6.500000 1.081176
6.550000 0.790597
6.600000 1.728683
6.650000 7.863635
6.700000 -3.250161
6.750000 6.620547
6.800000 1.219066
6.850000 -1.920801
6.900000 0.442954
6.950000 0.937701
7.000000 -6.654791
7.050000 -6.187009
7.100000 3.112216
7.150000 -6.225325
7.200000 1.635681
7.250000 1.724591
7.300000 5.453225
7.350000 4.725210
7.400000 1.729140
7.450000 3.553894
7.500000 2.087440
7.550000 -0.752284
7.600000 -3.527694
7.650000 1.362615
7.700000 -0.027834
7.750000 -1.741950
7.800000 0.521168
7.850000 0.341690
7.900000 -4.273384
7.950000 3.071505
7.999999 1.130016
8.049999 3.535162
8.100000 9.129301
8.150000 2.267623
8.200000 4.329382
8.250000 0.488955
8.300000 -2.076657
8.350000 2.154719
8.400000 -0.090263
8.450000 -1.822956
8.500000 -3.459088
8.549999 -5.945207
8.599999 -4.586298
8.650000 -3.575192
8.700000 1.660393
8.750000 7.466429
8.800000 1.946445
8.850000 4.042378
8.900000 -2.902708
8.950000 -5.079145
9.000000 -2.433274
9.050000 -9.923979
9.099999 -3.246374
9.149999 0.356528
9.200000 1.595002
9.250000 -0.654800
9.300000 -1.442107
9.350000 1.991576
9.400000 1.014797
9.450000 -0.563548
9.500000 -4.341477
9.550000 -0.661788
9.600000 -7.272821
9.649999 -3.593815
9.699999 0.074401
9.750000 -3.184572
9.800000 2.351511
9.850000 2.309327
9.900000 -1.970977
9.950000 -1.521577
10.000000 2.459736
10.050000 -4.677651
10.100000 4.494074
10.150000 -2.385714
10.199999 4.223527
10.249999 2.818024
10.300000 -6.168221
10.350000 -9.276568
10.400000 2.281323
10.450000 -2.202939
10.500000 -0.125040
10.550000 -0.731031
10.600000 2.285258
10.650000 -4.011907
10.700000 -0.578276
10.749999 0.491635
10.799999 3.184985
10.849999 0.237067
10.900000 0.078528
10.950000 2.987882
11.000000 3.506993
11.050000 3.455613
11.100000 5.175911
11.150000 -5.458357
11.200000 -4.812696
11.250000 4.396276
11.299999 1.152831
11.349999 2.758784
11.399999 3.570853
11.450000 4.843706
11.500000 2.850874
11.550000 -0.497593
11.600000 11.033282
11.650000 1.129714
11.700000 0.270095
11.750000 2.948548
11.800000 1.446188
11.849999 0.826101
11.899999 -2.802494
11.949999 -0.685131
12.000000 -2.879380
12.050000 -3.379116
12.100000 -1.176365
12.150000 -5.447777
12.200000 -5.677932
12.250000 -0.768661
12.300000 6.611479
12.350000 -3.639024
12.399999 0.389400
12.449999 2.561156
12.499999 4.464195
12.550000 1.863909
12.600000 5.491351
12.650000 1.766199
12.700000 -1.730306
12.750000 1.653753
12.800000 4.088867
12.850000 0.658753
12.900000 -3.451132
12.949999 5.677706
12.999999 4.146710
13.049999 5.993722
13.100000 -5.712860
13.150000 -1.466669
13.200000 -5.075709
13.250000 -2.808373
13.300000 -1.008007
13.350000 2.938115
13.400000 3.401551
13.450000 2.776617
13.499999 -2.520800
13.549999 2.009242
13.599999 1.058085
13.650000 -3.781968
13.700000 5.258994
13.750000 -5.019825
13.800000 -6.036914
13.850000 -3.358132
13.900000 2.565446
13.950000 -7.008656
14.000000 -1.092074
14.049999 -1.241025
14.099999 -3.448058
14.149999 2.554430
14.200000 7.291009
14.250000 5.300265
14.300000 0.953703
14.350000 -1.383988
14.400000 -3.023904
14.450000 -5.236176
14.500000 2.506926
14.549999 -4.161997
14.599999 -12.114375
14.649999 -0.286686
14.699999 0.340926
14.750000 2.186344
14.800000 -2.033232
14.850000 3.912045
14.900000 0.588144
14.950000 2.552612
15.000000 1.902333
15.050000 7.222018
15.099999 3.580660
15.149999 1.806673
15.199999 1.402004
15.249999 -3.980822
15.299999 -7.721169
15.350000 -2.182376
15.400000 -0.156550
15.450000 6.449386
15.500000 1.800360
15.550000 3.487788
15.600000 4.810525
15.650000 7.195630
15.699999 -1.824928
15.750000 1.943104
15.799999 -3.986173
15.850000 3.003700
15.899999 3.230437
15.950000 -1.312659
15.999999 -1.602019
16.050000 -1.787756
16.099999 0.765534
16.150000 1.375927
16.200000 8.675857
16.249999 6.942403
16.300000 2.261327
16.349999 1.656144
16.400000 -0.823430
16.449999 4.609617
16.500000 0.342282
16.549999 4.371542
16.600000 -1.538831
16.649999 3.760171
16.700000 0.492083
16.750000 -1.982512
16.799999 2.092658
16.850000 0.521404
16.899999 3.820556
16.950000 -0.356400
16.999999 -5.232531
17.050000 4.679125
17.099999 -1.629959
17.150000 2.379271
17.199999 -1.670306
17.250000 5.797538
17.300000 -1.723997
17.349999 0.048996
17.400000 1.467270
17.449999 0.501808
17.500000 1.700246
17.549999 1.310369
17.600000 -0.627812
17.649999 -6.663075
17.700000 2.968064
17.749999 -2.520718
17.800000 0.110331
17.850000 2.041788
17.899999 -0.112336
17.950000 2.899611
17.999999 7.409461
18.050000 -3.157813
18.099999 3.567851
18.150000 4.653499
18.199999 -0.430187
18.250000 -0.611837
18.299999 5.596838
18.350000 -3.337778
18.400000 0.491973
18.449999 -3.848396
18.500000 -1.168490
18.549999 4.224706
18.600000 0.252415
18.649999 3.410478
18.700000 0.175602
18.749999 -2.096482
18.800000 5.120365
18.849999 4.086840
18.900000 6.701300
18.950000 2.183183
18.999999 -3.548762
19.050000 -5.197068
19.099999 -5.623210
19.150000 -4.715832
19.199999 -3.382987
19.250000 -5.034361
19.299999 2.143733
19.350000 6.900741
19.399999 3.472513
19.450000 -3.088232
19.500000 3.911211
19.549999 0.679466
19.600000 8.235322
19.649999 3.270528
19.700000 0.905080
19.749999 4.404426
19.800000 3.734755
19.849999 -4.057631
19.900000 -4.807830
19.949999 -2.691915
