0.000000 7.873576
0.050000 -8.594448
0.100000 7.710280
0.150000 1.147943
0.200000 17.391430
0.250000 0.724533
0.300000 3.499391
0.350000 31.806116
0.400000 17.380671
0.450000 -3.802809
0.500000 20.766769
0.550000 -25.348139
0.600000 -9.311481
0.650000 -5.162949
0.700000 -22.194338
0.750000 4.790051
0.800000 -9.157445
0.850000 -7.193167
0.900000 18.418150
0.950000 -4.022480
1.000000 2.799216
1.050000 22.663399
1.100000 20.080475
1.150000 13.498931
1.200000 -8.551106
1.250000 -2.466993
1.300000 -28.009466
1.350000 -12.108624
1.400000 -6.305511
1.450000 0.327470
1.500000 -6.709831
1.550000 30.936594
1.600000 5.511408
1.650000 33.186878
1.700000 19.335369
1.750000 -3.134945
1.800000 -1.484360
1.850000 -0.202582
1.900000 11.347249
1.950000 4.383993
2.000000 -11.184402
2.050000 24.321884
2.100000 -4.374765
2.150000 9.006064
2.200000 -1.947255
2.250000 21.371475
2.300000 11.040712
2.350000 32.712749
2.400000 17.687822
2.450000 -29.901249
2.500000 -12.476184
2.550000 13.442486
2.600000 -0.922007
2.650000 13.209860
2.700000 -8.230632
2.750000 -51.747471
2.800000 -4.598311
2.850000 -17.948887
2.900000 -58.234886
2.950000 -74.128799
3.000000 -67.786430
3.050000 -48.477390
3.100000 -15.611831
3.150000 2.723406
3.200000 20.373310
3.250000 89.306465
3.300000 124.888618
3.350000 124.708679
3.400000 134.479904
3.450000 140.000504
3.500000 119.706886
3.550000 78.326782
3.600000 -12.091618
3.650000 -95.894897
3.700000 -142.493469
3.750000 -206.083893
3.800000 -248.846344
3.850000 -251.282455
3.900000 -194.617401
3.950000 -117.948601
4.000000 7.765113
4.050000 93.532211
4.100000 136.551697
4.150000 211.711349
4.200000 201.018723
4.250000 200.044067
4.300000 192.979355
4.350000 91.083626
4.400000 37.744316
4.450000 -52.596081
4.500000 -111.760384
4.550000 -154.763031
4.600000 -144.681717
4.650000 -141.559326
4.700000 -91.310486
4.750000 -45.110203
4.800000 -8.899070
4.850000 38.296307
4.900000 89.263977
4.950000 96.611038
5.000000 76.497940
5.050000 65.805260
5.100000 20.208759
5.150000 4.749197
5.200000 -5.421113
5.250000 -29.704552
5.300000 -36.481697
5.350000 -25.033976
5.400000 -17.049065
5.450000 -17.979441
5.500000 23.134415
5.550000 9.198580
5.600000 2.430579
5.650000 13.919525
5.700000 25.020447
5.750000 14.075922
5.800000 15.879443
5.850000 18.938097
5.900000 0.602436
5.950000 -4.311073
6.000000 9.257501
6.050000 -9.454061
6.100000 -18.321030
6.150000 22.732418
6.200000 3.342332
6.250000 32.287773
6.300000 3.450389
6.350000 -9.516490
6.400000 -6.954489
6.450000 0.803925
6.500000 7.957334
6.550000 -5.853134
6.600000 -2.654168
6.650000 6.823038
6.700000 -22.275978
6.750000 -17.804621
6.800000 -19.888481
6.850000 -22.562468
6.900000 6.298246
6.950000 -6.956994
7.000000 8.440784
7.050000 3.517844
7.100000 -13.444498
7.150000 2.023035
7.200000 9.448803
7.250000 29.038996
7.300000 12.395103
7.350000 24.493479
7.400000 17.546301
7.450000 2.425272
7.500000 9.169291
7.550000 -20.505640
7.600000 -31.491243
7.650000 -33.375843
7.700000 -35.783192
7.750000 -12.749421
7.800000 -16.393076
7.850000 3.377258
7.900000 10.400231
7.950000 41.759800
8.000000 62.929733
8.050000 46.310326
8.100000 31.307150
8.150000 39.201279
8.200000 28.435265
8.250000 -13.385245
8.300000 -9.352217
8.350000 -21.170542
8.400000 -8.459050
8.450000 -27.466955
8.500000 -17.896534
8.550000 -27.289949
8.600000 8.888786
8.650000 35.466518
8.700000 25.446814
8.750000 33.341412
8.800000 18.343739
8.850000 22.539337
8.900000 -9.437557
8.950000 -7.761282
9.000000 -21.507759
9.050000 8.268521
9.100000 -31.995321
9.150000 -16.716013
9.200000 -35.653538
9.250000 -6.153219
9.300000 16.540031
9.350000 -1.101946
9.400000 29.839386
9.450000 11.709517
9.500000 3.657896
9.550000 -0.320440
9.600000 -12.366532
9.650000 -2.816879
9.700000 8.015000
9.750000 -23.623005
9.800000 -14.356874
9.850000 -2.623985
9.900000 0.424786
9.950000 10.791700
10.000000 10.163964
10.050000 6.346893
10.100000 9.599293
10.150000 26.033184
10.200000 22.262178
10.250000 5.825940
10.300000 -2.523995
10.350000 2.873849
10.400000 -29.912931
10.450000 -12.219691
10.500000 -14.552267
10.550000 -3.650354
10.600000 15.503724
10.650000 18.430471
10.700000 30.537182
10.750000 22.746052
10.800000 -20.759035
10.850000 15.395480
10.900000 1.243900
10.950000 9.311898
11.000000 3.485309
11.050000 3.417729
11.100000 6.725789
11.150000 3.536715
11.200000 18.508865
11.250000 20.586727
11.300000 -10.292212
11.350000 10.675366
11.400000 9.356091
11.450000 -25.139502
11.500000 -3.305137
11.550000 16.503374
11.600000 11.474494
11.650000 -25.985296
11.700000 -5.744370
11.750000 -4.984657
11.800000 -15.158097
11.850000 -16.083376
11.900000 -9.025838
11.950000 10.955858
12.000000 8.970866
12.050000 16.435246
12.100000 11.410225
12.150000 9.900588
12.200000 6.292348
12.250000 8.965488
12.300000 23.743534
12.350000 5.464718
12.400000 35.321991
12.450000 -2.036792
12.500000 -14.945139
12.550000 7.893689
12.600000 -11.744702
12.650000 3.915819
12.700000 3.745507
12.750000 9.995162
12.800000 -3.988156
12.850000 -41.081402
12.900000 -0.199312
12.950000 -13.378098
13.000000 -1.625588
13.050000 11.125861
13.100000 28.103554
13.150000 9.489725
13.200000 -23.089190
13.250000 -0.450455
13.300000 7.167410
13.350000 -6.979864
13.400000 3.260237
13.450000 5.646931
13.500000 14.825956
13.550000 14.511614
13.600000 20.812733
13.650000 -3.745364
13.700000 -9.068848
13.750000 -3.182576
13.800000 -25.223404
13.850000 -23.195707
13.900000 19.899111
13.950000 19.969120
14.000000 12.522790
14.050000 19.458807
14.100000 -2.588980
14.150000 6.969742
14.200000 32.708000
14.250000 32.401936
14.300000 -8.844344
14.350000 2.306766
14.400000 -4.835512
14.450000 -13.482561
14.500000 -16.352823
14.550000 -4.203522
14.600000 4.290246
14.650000 -9.665841
14.700000 13.981880
14.750000 -3.721027
14.800000 8.430038
14.850000 -18.823820
14.900000 10.801478
14.950000 6.063996
15.000000 -2.544083
15.050000 0.656528
15.100000 -6.242289
15.150000 -19.588274
15.200000 -11.669326
15.250000 -0.408980
15.300000 -19.847153
15.350000 -4.345795
15.400000 3.317128
15.450000 7.903744
15.500000 28.282934
15.550000 -7.033863
15.600000 1.569152
15.650000 13.140210
15.700000 6.727653
15.750000 -6.310102
15.800000 -1.992293
15.850000 -6.829817
15.900000 -4.284188
15.950000 2.409106
16.000000 5.307417
16.050000 14.500319
16.100000 -3.293702
16.150000 9.758067
16.200000 8.992648
16.250000 17.965502
16.300000 8.197318
16.350000 -8.913630
16.400000 9.529800
16.450000 3.433349
16.500000 -11.252786
16.550000 -10.332968
16.600000 -9.046403
16.650000 -11.639557
16.700000 -7.415602
16.750000 -29.315468
16.800000 -14.730654
16.850000 6.375039
16.900000 -14.188378
16.950000 10.089741
17.000000 -10.582562
17.050000 26.962135
17.100000 -6.129916
17.150000 -3.625533
17.200000 -4.097456
17.250000 1.058924
17.300000 -16.889948
17.350000 29.348536
17.400000 -36.320442
17.450000 26.476847
17.500000 20.367376
17.550000 3.779314
17.600000 -15.263450
17.650000 20.750420
17.700000 -0.256152
17.750000 -22.585625
17.800000 -13.059472
17.850000 -22.163815
17.900000 -7.934200
17.950000 8.355855
18.000000 4.147496
18.050000 19.946369
18.100000 20.516850
18.150000 0.761897
18.200000 -8.247850
18.250000 11.457721
18.300000 -12.815067
18.350000 10.928556
18.400000 5.816633
18.450000 17.022161
18.500000 17.091480
18.550000 24.575308
18.600000 15.583494
18.650000 17.763861
18.700000 -10.219146
18.750000 12.726728
18.800000 8.971706
18.850000 -24.467020
18.900000 -12.823970
18.950000 -17.264404
19.000000 -22.400414
19.050000 -33.771988
19.100000 -34.693115
19.150000 -13.599096
19.200000 -1.125421
19.250000 32.858585
19.300000 25.793751
19.350000 27.858068
19.400000 27.869364
19.450000 22.148045
19.500000 5.523640
19.550000 3.267032
19.600000 -12.935910
19.650000 5.579777
19.700000 -17.893867
19.750000 -45.468964
19.799999 -22.589104
19.849999 -30.803349
19.899999 -16.845421
19.949999 -25.365095
