0.000000 0.889418
0.050000 1.818496
0.100000 3.194966
0.150000 1.433573
0.200000 2.396939
0.250000 2.102545
0.300000 1.154466
0.350000 -0.077028
0.400000 -0.018685
0.450000 -0.659270
0.500000 -0.984822
0.550000 0.601671
0.600000 0.235553
0.650000 -0.996129
0.700000 1.472607
0.750000 0.721862
0.800000 -0.201912
0.850000 0.430436
0.900000 0.698372
0.950000 -0.388685
1.000000 -1.280706
1.050000 -0.293900
1.100000 -0.594722
1.150000 -1.981485
1.200000 2.401836
1.250000 -1.231815
1.300000 0.485561
1.350000 -0.249927
1.400000 -2.785138
1.450000 -0.446265
1.500000 2.051207
1.550000 -0.622932
1.600000 -0.856621
1.650000 0.284923
1.700000 -0.783119
1.750000 0.130461
1.800000 0.131390
1.850000 0.370804
1.900000 -0.172445
1.950000 0.265126
2.000000 0.326972
2.050000 0.602064
2.100000 -0.165552
2.150000 0.733184
2.200000 0.483460
2.250000 1.179552
2.300000 -0.389581
2.350000 1.423585
2.400000 1.286651
2.450000 -0.951858
2.500000 1.507433
2.550000 1.202594
2.600000 1.946824
2.650000 -0.983644
2.700000 1.287729
2.750000 0.198235
2.800000 -0.778501
2.850000 0.558768
2.900000 0.476647
2.950000 1.478029
3.000000 1.045862
3.050000 0.574186
3.100000 1.425064
3.150000 1.511502
3.200000 2.821371
3.250000 -0.542027
3.300000 1.072808
3.350000 0.961712
3.400000 0.231081
3.450000 0.222594
3.500000 0.272729
3.550000 0.735047
3.600000 -0.467370
3.650000 -0.225324
3.700000 -1.097929
3.750000 -2.647444
3.800000 -4.735555
3.850000 -1.327738
3.900000 -5.482193
3.950000 -5.297633
4.000000 -3.999167
4.050000 -5.357762
4.100000 -4.157891
4.150000 -2.786756
4.200000 -3.202708
4.250000 -0.520788
4.300000 -0.559026
4.350000 2.082049
4.400000 1.477193
4.450000 3.240300
4.500000 3.892231
4.550000 6.561405
4.600000 8.815200
4.650000 7.808234
4.700000 8.408013
4.750000 9.621050
4.800000 9.907250
4.850000 9.081644
4.900000 7.165927
4.950000 9.134749
5.000000 6.225338
5.050000 8.176386
5.100000 7.333003
5.150000 0.837349
5.200000 2.237985
5.250000 0.349537
5.300000 -2.588519
5.350000 -1.821994
5.400000 -2.594153
5.450000 -6.120904
5.500000 -8.959230
5.550000 -8.976583
5.600000 -9.478176
5.650000 -13.246954
5.700000 -8.690013
5.750000 -9.009762
5.800000 -11.730054
5.850000 -11.814221
5.900000 -11.337914
5.950000 -11.526519
6.000000 -6.037974
6.050000 -5.717129
6.100000 -2.817795
6.150000 -2.456391
6.200000 1.024161
6.250000 4.388485
6.300000 3.247436
6.350000 5.769055
6.400000 8.140764
6.450000 8.570421
6.500000 8.442842
6.550000 7.476623
6.600000 9.638165
6.650000 11.628661
6.700000 7.581151
6.750000 10.441640
6.800000 8.096610
6.850000 9.715502
6.900000 9.139606
6.950000 6.370416
7.000000 7.186051
7.050000 4.273659
7.100000 3.018806
7.150000 -0.446023
7.200000 0.154609
7.250000 -1.228007
7.300000 -3.811952
7.350000 -4.728219
7.400000 -5.676729
7.450000 -7.646477
7.500000 -7.955239
7.550000 -7.506821
7.600000 -8.035761
7.650000 -8.158769
7.700000 -6.267588
7.750000 -5.877626
7.800000 -4.925306
7.850000 -3.870601
7.900000 -3.498521
7.950000 -2.388212
7.999999 -1.968620
8.049999 -1.069175
8.100000 1.295565
8.150000 1.970776
8.200000 3.856682
8.250000 3.136940
8.300000 4.397206
8.350000 3.878241
8.400000 5.258384
8.450000 2.568156
8.500000 3.643301
8.549999 6.376944
8.599999 2.499004
8.650000 3.714604
8.700000 3.351470
8.750000 3.357275
8.800000 0.977965
8.850000 0.699790
8.900000 -2.860373
8.950000 0.904282
9.000000 1.997893
9.050000 -0.891622
9.099999 -1.793025
9.149999 -1.155086
9.200000 -4.294272
9.250000 -4.531180
9.300000 -1.504496
9.350000 -2.123068
9.400000 -1.890669
9.450000 -1.462407
9.500000 -3.009643
9.550000 -2.891010
9.600000 -0.687594
9.649999 -0.837633
9.699999 -0.738121
9.750000 -0.500691
9.800000 -0.317705
9.850000 1.909798
9.900000 0.814267
9.950000 -0.329400
10.000000 -0.788382
10.050000 -0.426168
10.100000 -0.990990
10.150000 2.203052
10.199999 0.896778
10.249999 2.558053
10.300000 0.430377
10.350000 -1.083610
10.400000 2.536391
10.450000 2.716647
10.500000 0.969313
10.550000 0.878004
10.600000 -0.591915
10.650000 -1.125752
10.700000 -0.994016
10.749999 0.388316
10.799999 1.553144
10.849999 -0.729169
10.900000 -1.716843
10.950000 -1.322120
11.000000 0.597208
11.050000 1.217531
11.100000 -0.764728
11.150000 1.155381
11.200000 -0.108555
11.250000 0.858047
11.299999 0.329135
11.349999 0.062914
11.399999 -1.288715
11.450000 -0.814568
11.500000 -1.730691
11.550000 2.966292
11.600000 -0.319809
11.650000 0.275364
11.700000 2.892939
11.750000 0.194531
11.800000 -0.667316
11.849999 0.943016
11.899999 0.192764
11.949999 0.282042
12.000000 2.096379
12.050000 1.735202
12.100000 -0.865198
12.150000 1.874661
12.200000 1.430705
12.250000 -0.815511
12.300000 0.666726
12.350000 -0.798484
12.399999 -1.480405
12.449999 -1.177376
12.499999 -1.057355
12.550000 -0.097077
12.600000 -0.422770
12.650000 -1.415301
12.700000 0.432498
12.750000 -0.447858
12.800000 -0.351722
12.850000 -0.529594
12.900000 -1.115542
12.949999 -1.510834
12.999999 0.420230
13.049999 0.298631
13.100000 0.195870
13.150000 -0.208722
13.200000 0.844166
13.250000 -0.641422
13.300000 -0.654216
13.350000 -0.600288
13.400000 0.161891
13.450000 -1.896755
13.499999 -0.557840
13.549999 0.525078
13.599999 1.432255
13.650000 -0.526298
13.700000 0.944577
13.750000 0.730093
13.800000 0.721302
13.850000 0.799514
13.900000 -1.943404
13.950000 -0.305250
14.000000 -0.578290
14.049999 0.535472
14.099999 1.038821
14.149999 -1.196348
14.200000 1.494068
14.250000 0.952801
14.300000 0.169182
14.350000 1.116686
14.400000 -0.475203
14.450000 -1.256808
14.500000 2.214670
14.549999 1.935479
14.599999 -1.398698
14.649999 0.240451
14.699999 -0.747670
14.750000 0.941752
14.800000 -0.886039
14.850000 0.227616
14.900000 -0.350935
14.950000 -0.505124
15.000000 -0.407125
15.050000 -0.103813
15.099999 -0.456352
15.149999 -0.784620
15.199999 -0.786142
15.249999 -1.014231
15.299999 0.403699
15.350000 0.999565
15.400000 0.110395
15.450000 -0.819447
15.500000 -0.252362
15.550000 -0.653559
15.600000 -1.626471
15.650000 -0.146347
15.699999 0.513929
15.750000 -2.819071
15.799999 -1.479275
15.850000 -1.342753
15.899999 0.165987
15.950000 0.548385
15.999999 -1.056091
16.050000 2.253252
16.099999 1.382751
16.150000 0.946456
16.200000 1.103662
16.249999 1.324666
16.300000 2.134054
16.349999 -2.044084
16.400000 0.670746
16.449999 -0.141426
16.500000 -3.498380
16.549999 -1.908581
16.600000 -1.503333
16.649999 -0.429756
16.700000 -0.765377
16.750000 -2.308592
16.799999 -1.150340
16.850000 -0.250089
16.899999 -1.922538
16.950000 1.174803
16.999999 -0.591415
17.050000 -1.378822
17.099999 -0.311122
17.150000 1.195436
17.199999 -1.000306
17.250000 -0.438067
17.300000 -1.952930
17.349999 -0.339792
17.400000 -0.605223
17.449999 0.242802
17.500000 -0.583326
17.549999 -0.006005
17.600000 2.044704
17.649999 0.835747
17.700000 1.982760
17.749999 -0.684198
17.800000 -0.133088
17.850000 -3.404034
17.899999 0.638354
17.950000 -0.407620
17.999999 1.804478
18.050000 0.813214
18.099999 0.665368
18.150000 -0.536120
18.199999 -0.036373
18.250000 -1.158793
18.299999 -0.806004
18.350000 -0.549596
18.400000 -3.074623
18.449999 -1.313986
18.500000 -1.403840
18.549999 1.388254
18.600000 -0.950079
18.649999 -4.296361
18.700000 -2.826630
18.749999 -1.295053
18.800000 -0.987338
18.849999 0.309503
18.900000 0.219528
18.950000 2.113750
18.999999 -0.399296
19.050000 -0.475198
19.099999 1.065951
19.150000 0.808416
19.199999 -0.493158
19.250000 -0.425187
19.299999 0.507151
19.350000 0.857876
19.399999 -0.495083
19.450000 -1.770584
19.500000 0.331660
19.549999 -0.330734
19.600000 1.977851
19.649999 -0.643198
19.700000 -1.510231
19.749999 -0.038043
19.800000 1.753929
19.849999 -0.665694
19.900000 -1.919553
19.949999 2.184704
