0.000000 -0.698047
0.050000 -0.781080
0.100000 -0.143629
0.150000 -0.217540
0.200000 0.077725
0.250000 -0.034308
0.300000 -0.131480
0.350000 0.459354
0.400000 0.491296
0.450000 0.146645
0.500000 -0.367191
0.550000 -0.061780
0.600000 -0.226692
0.650000 -0.068342
0.700000 0.155133
0.750000 0.142316
0.800000 -0.244716
0.850000 0.246307
0.900000 -0.383189
0.950000 0.319752
1.000000 0.030410
1.050000 -0.307866
1.100000 -0.300325
1.150000 0.267753
1.200000 0.803868
1.250000 0.414789
1.300000 -0.499506
1.350000 -0.583645
1.400000 -0.123680
1.450000 -0.237489
1.500000 0.419910
1.550000 -0.087883
1.600000 0.085069
1.650000 -0.103544
1.700000 0.043697
1.750000 0.098492
1.800000 0.305776
1.850000 0.211332
1.900000 -0.219538
1.950000 -1.217020
2.000000 -1.274902
2.050000 -0.821419
2.100000 -0.541942
2.150000 1.042579
2.200000 1.370592
2.250000 0.991743
2.300000 -0.251145
2.350000 -1.167588
2.400000 -2.431027
2.450000 -2.077114
2.500000 -0.838574
2.550000 1.494179
2.600000 2.432182
2.650000 0.918718
2.700000 -0.666764
2.750000 -2.631642
2.800000 -3.077511
2.850000 -2.002914
2.900000 0.452665
2.950000 2.908671
3.000000 3.088777
3.050000 0.481491
3.100000 -1.766210
3.150000 -3.555653
3.200000 -2.899678
3.250000 -1.171257
3.300000 1.378907
3.350000 2.963100
3.400000 1.514140
3.450000 -0.141434
3.500000 -2.421889
3.550000 -3.217978
3.600000 -1.013110
3.650000 0.120557
3.700000 2.370215
3.750000 2.507082
3.800000 0.432805
3.850000 -2.032357
3.900000 -3.011348
3.950000 -2.705161
4.000000 -0.699630
4.050000 2.198669
4.100000 2.533637
4.150000 1.460345
4.200000 -0.970746
4.250000 -1.970913
4.300000 -2.353666
4.350000 -0.283216
4.400000 0.108349
4.450000 1.795105
4.500000 0.855562
4.550000 -0.091439
4.600000 -1.083486
4.650000 -1.003119
4.700000 -0.918666
4.750000 0.301087
4.800000 1.357547
4.850000 0.713924
4.900000 0.249987
4.950000 -0.183557
5.000000 -0.609865
5.050000 -0.663811
5.100000 -0.349380
5.150000 -0.300228
5.200000 -0.138581
5.250000 0.372616
5.300000 -0.009268
5.350000 -0.252464
5.400000 -0.140765
5.450000 -0.474812
5.500000 -0.540578
5.550000 0.101687
5.600000 0.078799
5.650000 -0.058869
5.700000 -0.105867
5.750000 0.072954
5.800000 -0.303254
5.850000 -0.839310
5.900000 0.003478
5.950000 0.223739
6.000000 0.401801
6.050000 -0.260633
6.100000 0.310973
6.150000 -0.078131
6.200000 -0.696807
6.250000 -0.652046
6.300000 -0.133482
6.350000 0.444000
6.400000 0.001933
6.450000 -0.132780
6.500000 -0.119022
6.550000 -0.176446
6.600000 -0.434925
6.650000 -0.064048
6.700000 0.038708
6.750000 0.489962
6.800000 -0.067030
6.850000 0.344349
6.900000 -0.468831
6.950000 -0.112846
7.000000 0.095720
7.050000 0.308804
7.100000 0.342024
7.150000 0.599551
7.200000 0.230162
7.250000 -0.008098
7.300000 -0.308355
7.350000 0.567744
7.400000 0.527718
7.450000 0.482489
7.500000 0.540002
7.550000 -0.438746
7.600000 -0.020787
7.650000 -0.120268
7.700000 -0.208791
7.750000 0.376108
7.800000 -0.141142
7.850000 0.506113
7.900000 0.092259
7.950000 0.214882
7.999999 0.174964
8.049999 0.392268
8.100000 0.068598
8.150000 -0.551234
8.200000 0.356692
8.250000 0.360075
8.300000 0.356992
8.350000 0.165053
8.400000 -0.064644
8.450000 0.150909
8.500000 -0.586856
8.549999 0.403258
8.599999 0.034657
8.650000 0.147262
8.700000 -0.178021
8.750000 -0.009425
8.800000 -0.058089
8.850000 0.056373
8.900000 -0.234522
8.950000 0.099616
9.000000 0.559163
9.050000 -0.490492
9.099999 -0.430616
9.149999 -0.369478
9.200000 -0.504846
9.250000 -0.092262
9.300000 0.300882
9.350000 0.145806
9.400000 0.067322
9.450000 -0.447163
9.500000 -0.190191
9.550000 0.353649
9.600000 0.303328
9.649999 0.543957
9.699999 -0.410742
9.750000 0.122985
9.800000 0.160496
9.850000 -0.017990
9.900000 -0.163820
9.950000 0.071711
10.000000 -0.163241
10.050000 0.260100
10.100000 0.025430
10.150000 0.084277
10.199999 -0.309567
10.249999 0.198127
10.300000 0.242216
10.350000 -0.152513
10.400000 -0.176036
10.450000 0.426255
10.500000 0.490966
10.550000 -0.603655
10.600000 0.167256
10.650000 0.169993
10.700000 0.560039
10.749999 0.258345
10.799999 0.144092
10.849999 0.047649
10.900000 0.366723
10.950000 -0.180493
11.000000 0.326877
11.050000 0.249654
11.100000 -0.363071
11.150000 0.183979
11.200000 0.256797
11.250000 0.261779
11.299999 -0.106460
11.349999 -0.057535
11.399999 0.079961
11.450000 -0.167709
11.500000 -0.184165
11.550000 0.212706
11.600000 -0.087268
11.650000 -0.057244
11.700000 0.235112
11.750000 -0.161913
11.800000 0.128932
11.849999 -0.204893
11.899999 -0.007988
11.949999 0.290227
12.000000 0.687995
12.050000 0.089342
12.100000 0.226284
12.150000 -0.313688
12.200000 -0.386518
12.250000 0.000909
12.300000 0.367276
12.350000 0.446538
12.399999 -0.273405
12.449999 0.104938
12.499999 -0.390826
12.550000 -0.386464
12.600000 0.364256
12.650000 -0.219945
12.700000 -0.066357
12.750000 -0.032096
12.800000 -0.145184
12.850000 -0.363334
12.900000 -0.420054
12.949999 0.313927
12.999999 -0.055875
13.049999 0.383017
13.100000 -0.507962
13.150000 0.045428
13.200000 -0.182048
13.250000 -0.419697
13.300000 -0.375812
13.350000 0.218798
13.400000 -0.428674
13.450000 0.037256
13.499999 -0.235062
13.549999 -0.331073
13.599999 -0.240031
13.650000 -0.250446
13.700000 0.121901
13.750000 -0.176842
13.800000 -0.318727
13.850000 0.021736
13.900000 -0.141810
13.950000 -0.797110
14.000000 -0.035256
14.049999 -0.184789
14.099999 -0.228220
14.149999 0.428533
14.200000 0.355504
14.250000 -0.345275
14.300000 0.150634
14.350000 0.269901
14.400000 -0.157974
14.450000 0.403986
14.500000 -0.118346
14.549999 -0.191533
14.599999 -0.292237
14.649999 -0.497923
14.699999 -0.098013
14.750000 -0.205255
14.800000 0.058182
14.850000 -0.057498
14.900000 -0.121580
14.950000 0.264158
15.000000 0.205378
15.050000 -0.136782
15.099999 -0.199582
15.149999 0.322432
15.199999 0.239477
15.249999 0.028604
15.299999 0.306809
15.350000 -0.092986
15.400000 0.079756
15.450000 -0.099058
15.500000 -0.087762
15.550000 0.381353
15.600000 -0.178441
15.650000 0.264573
15.699999 0.452797
15.750000 0.144893
15.799999 -0.086759
15.850000 0.381755
15.899999 0.377955
15.950000 0.351209
15.999999 0.443843
16.050000 0.358175
16.099999 0.255845
16.150000 -0.150366
16.200000 0.165704
16.249999 0.547989
16.300000 0.115888
16.349999 0.002609
16.400000 0.529881
16.449999 0.431534
16.500000 0.377512
16.549999 -0.224751
16.600000 0.337478
16.649999 0.342957
16.700000 0.323937
16.750000 -0.075285
16.799999 0.385438
16.850000 0.640331
16.899999 0.348745
16.950000 -0.120445
16.999999 -0.781229
17.050000 -0.232937
17.099999 -0.212261
17.150000 0.035192
17.199999 0.691611
17.250000 0.016989
17.300000 -0.120098
17.349999 0.252541
17.400000 0.307973
17.449999 0.246190
17.500000 0.447108
17.549999 0.070008
17.600000 0.318617
17.649999 0.393941
17.700000 -0.262946
17.749999 -0.157717
17.800000 0.277810
17.850000 0.511501
17.899999 0.306358
17.950000 -0.120782
17.999999 -0.139721
18.050000 -0.463471
18.099999 0.232160
18.150000 0.302325
18.199999 0.735989
18.250000 0.347403
18.299999 0.116288
18.350000 0.388122
18.400000 0.341938
18.449999 -0.042614
18.500000 0.797162
18.549999 0.420950
18.600000 0.583625
18.649999 -0.034478
18.700000 -0.417380
18.749999 0.391070
18.800000 -0.504453
18.849999 0.233369
18.900000 -0.164027
18.950000 0.237012
18.999999 0.516308
19.050000 -0.116990
19.099999 -0.254211
19.150000 -0.147028
19.199999 -0.132351
19.250000 0.558184
19.299999 -0.011757
19.350000 0.153858
19.399999 -0.386677
19.450000 -0.219694
19.500000 0.338881
19.549999 -0.112200
19.600000 0.277882
19.649999 -0.352521
19.700000 0.464539
19.749999 -0.377435
19.800000 -0.333588
19.849999 0.000941
19.900000 -0.222206
19.949999 0.341253
