0.000000 -0.004213
0.050000 0.019060
0.100000 0.007882
0.150000 0.038458
0.200000 0.075940
0.250000 0.056047
0.300000 0.045840
0.350000 -0.014205
0.400000 0.015766
0.450000 -0.020531
0.500000 -0.052513
0.550000 -0.023320
0.600000 0.034463
0.650000 -0.004824
0.700000 -0.018308
0.750000 0.040172
0.800000 0.025110
0.850000 0.022392
0.900000 -0.003757
0.950000 -0.013250
1.000000 0.008222
1.050000 0.013554
1.100000 0.059002
1.150000 -0.035487
1.200000 -0.018628
1.250000 -0.072988
1.300000 -0.030852
1.350000 0.023822
1.400000 0.004367
1.450000 -0.044585
1.500000 -0.017237
1.550000 0.053738
1.600000 0.007751
1.650000 -0.036445
1.700000 0.003265
1.750000 -0.002343
1.800000 0.016096
1.850000 0.008875
1.900000 -0.010889
1.950000 0.025970
2.000000 -0.041186
2.050000 0.017232
2.100000 0.033085
2.150000 0.061747
2.200000 0.061899
2.250000 -0.006742
2.300000 0.011277
2.350000 0.023234
2.400000 -0.042039
2.450000 0.039159
2.500000 -0.036410
2.550000 0.058643
2.600000 0.054064
2.650000 0.034243
2.700000 -0.000031
2.750000 0.043260
2.800000 -0.067931
2.850000 0.008421
2.900000 -0.000564
2.950000 0.005426
3.000000 0.024143
3.050000 0.011893
3.100000 0.004139
3.150000 -0.041222
3.200000 -0.005669
3.250000 -0.040402
3.300000 -0.026232
3.350000 0.032364
3.400000 -0.030244
3.450000 0.011217
3.500000 -0.056000
3.550000 0.013221
3.600000 0.061314
3.650000 -0.019680
3.700000 -0.050028
3.750000 0.016665
3.800000 0.058249
3.850000 0.048505
3.900000 0.008304
3.950000 0.008099
4.000000 0.000385
4.050000 -0.051614
4.100000 0.034442
4.150000 0.043736
4.200000 -0.005134
4.250000 -0.026217
4.300000 -0.065177
4.350000 -0.023532
4.400000 0.007523
4.450000 -0.010514
4.500000 0.032182
4.550000 -0.013753
4.600000 0.019855
4.650000 0.058822
4.700000 0.007721
4.750000 -0.009563
4.800000 0.039452
4.850000 -0.013674
4.900000 -0.004836
4.950000 -0.018976
5.000000 0.030557
5.050000 -0.031180
5.100000 -0.012105
5.150000 0.026725
5.200000 0.055826
5.250000 -0.026855
5.300000 0.009998
5.350000 0.024833
5.400000 -0.015252
5.450000 -0.001698
5.500000 -0.027560
5.550000 0.017449
5.600000 -0.002582
5.650000 -0.005876
5.700000 0.017093
5.750000 -0.031830
5.800000 -0.026840
5.850000 -0.024825
5.900000 0.010312
5.950000 0.013477
6.000000 0.018156
6.050000 0.048041
6.100000 -0.039306
6.150000 0.012804
6.200000 -0.033973
6.250000 -0.034830
6.300000 0.015676
6.350000 0.000889
6.400000 0.016152
6.450000 -0.044867
6.500000 0.004675
6.550000 0.025380
6.600000 0.012413
6.650000 0.024049
6.700000 0.015886
6.750000 -0.053942
6.800000 -0.000689
6.850000 -0.002186
6.900000 -0.065861
6.950000 -0.083023
7.000000 -0.020148
7.050000 -0.022392
7.100000 -0.056143
7.150000 -0.020586
7.200000 0.013203
7.250000 0.028872
7.300000 -0.052230
7.350000 -0.025634
7.400000 -0.020985
7.450000 0.001282
7.500000 0.038091
7.550000 -0.018108
7.600000 0.013006
7.650000 0.031484
7.700000 0.003680
7.750000 -0.023974
7.800000 0.034256
7.850000 -0.038242
7.900000 0.044602
7.950000 0.007646
7.999999 0.003412
8.049999 0.041259
8.100000 -0.020310
8.150000 -0.033794
8.200000 0.011171
8.250000 -0.009666
8.300000 0.021238
8.350000 0.043862
8.400000 -0.066366
8.450000 -0.002469
8.500000 0.044361
8.549999 -0.006467
8.599999 0.007092
8.650000 -0.019785
8.700000 0.033936
8.750000 0.058561
8.800000 -0.021651
8.850000 0.014803
8.900000 -0.037384
8.950000 -0.059578
9.000000 -0.031023
9.050000 -0.002612
9.099999 0.021288
9.149999 0.001839
9.200000 0.015533
9.250000 0.017339
9.300000 0.020231
9.350000 -0.007747
9.400000 -0.039081
9.450000 -0.023435
9.500000 -0.013227
9.550000 0.012834
9.600000 0.064932
9.649999 0.062268
9.699999 -0.011276
9.750000 -0.003906
9.800000 -0.008016
9.850000 -0.000265
9.900000 0.009550
9.950000 -0.016556
10.000000 -0.015948
10.050000 -0.011792
10.100000 -0.030553
10.150000 0.022146
10.199999 -0.021969
10.249999 0.037653
10.300000 -0.029885
10.350000 -0.017751
10.400000 0.026631
10.450000 0.039417
10.500000 0.009907
10.550000 0.032893
10.600000 -0.038163
10.650000 0.036397
10.700000 0.016147
10.749999 -0.025496
10.799999 0.038950
10.849999 0.034804
10.900000 0.019812
10.950000 -0.005941
11.000000 -0.011089
11.050000 0.049168
11.100000 0.026585
11.150000 0.027227
11.200000 -0.032032
11.250000 0.039033
11.299999 0.005956
11.349999 0.028083
11.399999 -0.029659
11.450000 -0.000395
11.500000 0.015823
11.550000 -0.000446
11.600000 0.037035
11.650000 0.008994
11.700000 0.056867
11.750000 0.008428
11.800000 0.008483
11.849999 0.057681
11.899999 0.002172
11.949999 0.025863
12.000000 0.049743
12.050000 -0.004772
12.100000 -0.000692
12.150000 0.013007
12.200000 0.001075
12.250000 -0.002373
12.300000 0.049442
12.350000 0.019686
12.399999 -0.014542
12.449999 -0.028900
12.499999 -0.037965
12.550000 -0.050178
12.600000 0.040474
12.650000 0.000109
12.700000 -0.024231
12.750000 -0.016399
12.800000 0.060307
12.850000 -0.004678
12.900000 -0.014906
12.949999 0.025371
12.999999 -0.031444
13.049999 0.014038
13.100000 -0.011114
13.150000 -0.058775
13.200000 -0.001602
13.250000 0.039200
13.300000 -0.002744
13.350000 0.030491
13.400000 0.022380
13.450000 -0.048514
13.499999 0.040160
13.549999 -0.009579
13.599999 0.038703
13.650000 0.040745
13.700000 0.008231
13.750000 -0.021300
13.800000 0.001606
13.850000 -0.050859
13.900000 -0.037669
13.950000 0.018421
14.000000 0.020840
14.049999 0.019838
14.099999 0.006739
14.149999 -0.008042
14.200000 0.026094
14.250000 0.052812
14.300000 0.010538
14.350000 0.018105
14.400000 0.018933
14.450000 -0.011862
14.500000 0.022029
14.549999 0.010728
14.599999 -0.041739
14.649999 -0.016106
14.699999 -0.043397
14.750000 -0.028049
14.800000 -0.033372
14.850000 0.031381
14.900000 -0.032636
14.950000 0.007456
15.000000 -0.010135
15.050000 -0.051934
15.099999 0.036931
15.149999 0.012610
15.199999 -0.054366
15.249999 -0.017349
15.299999 0.017868
15.350000 0.041777
15.400000 0.001629
15.450000 0.023186
15.500000 0.038417
15.550000 -0.005287
15.600000 -0.025414
15.650000 0.008962
15.699999 -0.033270
15.750000 0.065676
15.799999 -0.049874
15.850000 -0.015085
15.899999 0.002984
15.950000 0.016846
15.999999 0.011288
16.050000 -0.014943
16.099999 0.030524
16.150000 -0.042969
16.200000 -0.001845
16.249999 -0.009582
16.300000 -0.031620
16.349999 0.022041
16.400000 -0.005858
16.449999 -0.021941
16.500000 -0.043120
16.549999 -0.026487
16.600000 0.005993
16.649999 -0.023656
16.700000 0.033656
16.750000 -0.005679
16.799999 0.026221
16.850000 0.017293
16.899999 0.026376
16.950000 -0.015070
16.999999 0.013351
17.050000 -0.011628
17.099999 -0.000087
17.150000 0.006040
17.199999 0.008461
17.250000 -0.006616
17.300000 0.005246
17.349999 -0.012960
17.400000 -0.006015
17.449999 0.013658
17.500000 0.033583
17.549999 0.015816
17.600000 -0.003375
17.649999 -0.000661
17.700000 0.032628
17.749999 0.004964
17.800000 0.012232
17.850000 -0.032722
17.899999 0.015532
17.950000 0.040265
17.999999 0.030502
18.050000 -0.013190
18.099999 0.003407
18.150000 0.017895
18.199999 -0.004518
18.250000 -0.017157
18.299999 -0.057973
18.350000 0.002827
18.400000 -0.013259
18.449999 -0.024410
18.500000 -0.036605
18.549999 0.076849
18.600000 0.017297
18.649999 -0.036396
18.700000 -0.000368
18.749999 -0.025200
18.800000 0.042607
18.849999 -0.024350
18.900000 0.032750
18.950000 0.014883
18.999999 -0.049167
19.050000 0.033202
19.099999 0.004035
19.150000 0.016709
19.199999 -0.063436
19.250000 0.030286
19.299999 0.044639
19.350000 -0.009495
19.399999 0.033140
19.450000 0.037305
19.500000 -0.003400
19.549999 0.017166
19.600000 -0.035732
19.649999 -0.015754
19.700000 -0.035584
19.749999 -0.006528
19.800000 0.034399
19.849999 -0.047848
19.900000 0.017897
19.949999 0.047798
