0.000000 -0.697440
0.050000 -0.457725
0.100000 -2.603435
0.150000 0.022391
0.200000 -1.005889
0.250000 -0.951596
0.300000 0.019019
0.350000 -0.115822
0.400000 1.001929
0.450000 0.766850
0.500000 0.916116
0.550000 -2.927163
0.600000 -2.314215
0.650000 0.669490
0.700000 0.266508
0.750000 2.795147
0.800000 1.145868
0.850000 0.971427
0.900000 -0.981132
0.950000 -0.944376
1.000000 0.249798
1.050000 -1.783815
1.100000 1.583261
1.150000 -0.085604
1.200000 -0.080186
1.250000 -0.579481
1.300000 -0.798728
1.350000 -1.382200
1.400000 0.140554
1.450000 0.421310
1.500000 -0.921094
1.550000 2.563509
1.600000 0.517706
1.650000 2.371313
1.700000 -0.997869
1.750000 3.545688
1.800000 3.493675
1.850000 1.450016
1.900000 -0.776855
1.950000 -5.183581
2.000000 -7.989058
2.050000 -6.412315
2.100000 -1.847764
2.150000 5.574285
2.200000 9.897384
2.250000 7.266364
2.300000 -0.665437
2.350000 -9.012005
2.400000 -12.899323
2.450000 -10.763247
2.500000 -1.304443
2.550000 7.018693
2.600000 12.636260
2.650000 7.418793
2.700000 -3.461931
2.750000 -11.776182
2.800000 -16.893967
2.850000 -7.464501
2.900000 2.888469
2.950000 13.580473
3.000000 14.860169
3.050000 4.651011
3.100000 -7.129805
3.150000 -11.870274
3.200000 -12.194887
3.250000 -3.430376
3.300000 5.783232
3.350000 9.064033
3.400000 7.546115
3.450000 -0.741031
3.500000 -8.581693
3.550000 -9.469376
3.600000 -7.627740
3.650000 1.173285
3.700000 7.057557
3.750000 8.337727
3.800000 3.459551
3.850000 -2.971253
3.900000 -8.994028
3.950000 -8.597250
4.000000 -3.281980
4.050000 3.122795
4.100000 9.802239
4.150000 6.045668
4.200000 -0.210918
4.250000 -5.144947
4.300000 -6.547104
4.350000 -2.312242
4.400000 3.552787
4.450000 2.859586
4.500000 3.254893
4.550000 1.460508
4.600000 -3.785322
4.650000 -1.609106
4.700000 -2.795516
4.750000 -0.415329
4.800000 4.673770
4.850000 1.493424
4.900000 1.423665
4.950000 2.009574
5.000000 -0.089011
5.050000 -3.647239
5.100000 -2.675452
5.150000 -1.214621
5.200000 -0.975165
5.250000 -1.371343
5.300000 1.288835
5.350000 -1.031997
5.400000 0.727650
5.450000 -2.619844
5.500000 -1.535516
5.550000 -0.273385
5.600000 -1.490807
5.650000 0.142752
5.700000 1.762470
5.750000 -0.753771
5.800000 -1.543381
5.850000 -1.715285
5.900000 -1.211604
5.950000 2.373266
6.000000 -0.344301
6.050000 -2.136573
6.100000 1.428210
6.150000 0.921551
6.200000 -0.075317
6.250000 -1.140554
6.300000 1.330540
6.350000 1.666788
6.400000 0.311869
6.450000 -1.792833
6.500000 2.358127
6.550000 1.019296
6.600000 0.764489
6.650000 -2.541883
6.700000 1.092361
6.750000 1.504461
6.800000 1.561429
6.850000 -0.022626
6.900000 -0.450859
6.950000 0.630798
7.000000 -1.729002
7.050000 0.295193
7.100000 0.635156
7.150000 -0.051494
7.200000 -1.951471
7.250000 -0.358158
7.300000 0.048012
7.350000 1.759014
7.400000 0.678247
7.450000 0.878503
7.500000 1.335433
7.550000 0.535250
7.600000 1.138683
7.650000 -0.217412
7.700000 -0.540071
7.750000 -0.361952
7.800000 1.133376
7.850000 1.039940
7.900000 -0.689528
7.950000 0.436473
7.999999 0.901026
8.049999 0.410701
8.100000 -2.747394
8.150000 -1.111743
8.200000 1.576853
8.250000 1.486550
8.300000 1.786452
8.350000 0.720366
8.400000 -0.917559
8.450000 -0.058402
8.500000 0.066674
8.549999 1.709497
8.599999 -0.022034
8.650000 0.489543
8.700000 -1.754507
8.750000 -0.029527
8.800000 -0.612982
8.850000 0.318660
8.900000 0.664439
8.950000 -0.719338
9.000000 -2.834479
9.050000 0.405308
9.099999 -2.361710
9.149999 1.024692
9.200000 1.886073
9.250000 -0.507864
9.300000 1.345330
9.350000 -0.189787
9.400000 0.115432
9.450000 2.067525
9.500000 -0.127277
9.550000 -0.902771
9.600000 0.159519
9.649999 -1.555630
9.699999 0.678053
9.750000 1.688307
9.800000 1.626655
9.850000 0.224992
9.900000 -1.423756
9.950000 -1.800889
10.000000 0.457974
10.050000 -1.384263
10.100000 0.765335
10.150000 1.767369
10.199999 1.488169
10.249999 0.176924
10.300000 -1.852530
10.350000 -0.723398
10.400000 -0.605739
10.450000 0.676769
10.500000 0.717670
10.550000 0.500173
10.600000 1.495435
10.650000 -0.107655
10.700000 0.896196
10.749999 -0.872346
10.799999 0.460917
10.849999 1.306328
10.900000 1.537361
10.950000 1.031987
11.000000 0.553625
11.050000 0.883958
11.100000 0.874464
11.150000 1.516440
11.200000 0.043714
11.250000 1.459807
11.299999 0.957113
11.349999 0.423530
11.399999 0.279917
11.450000 -0.217111
11.500000 0.100290
11.550000 -0.821539
11.600000 -0.467664
11.650000 0.070368
11.700000 0.388572
11.750000 0.373575
11.800000 -0.016626
11.849999 0.348360
11.899999 1.277325
11.949999 -0.292196
12.000000 -0.277883
12.050000 -1.417761
12.100000 -0.605753
12.150000 -1.249586
12.200000 -1.465468
12.250000 -1.412834
12.300000 1.989663
12.350000 0.891847
12.399999 0.526992
12.449999 -2.199920
12.499999 -2.461146
12.550000 -2.368395
12.600000 -0.906852
12.650000 -0.787994
12.700000 -0.408077
12.750000 -1.677018
12.800000 -0.610667
12.850000 -0.854385
12.900000 0.712417
12.949999 0.594924
12.999999 -0.676091
13.049999 0.306193
13.100000 -1.515857
13.150000 -2.198398
13.200000 -1.786600
13.250000 -1.377789
13.300000 -2.884968
13.350000 -1.397746
13.400000 -1.349554
13.450000 0.497710
13.499999 -0.248942
13.549999 -1.473968
13.599999 -1.128909
13.650000 -2.064392
13.700000 -0.688744
13.750000 0.538900
13.800000 0.859890
13.850000 1.645652
13.900000 -2.838829
13.950000 -1.585326
14.000000 0.330959
14.049999 -1.669106
14.099999 -0.526844
14.149999 2.780153
14.200000 0.345946
14.250000 2.081056
14.300000 0.129945
14.350000 -1.535992
14.400000 0.085292
14.450000 0.186431
14.500000 1.663444
14.549999 1.481193
14.599999 0.287997
14.649999 -2.024209
14.699999 -0.367677
14.750000 -1.023066
14.800000 0.247641
14.850000 0.494146
14.900000 0.968861
14.950000 0.868896
15.000000 -0.499333
15.050000 0.906080
15.099999 -0.096037
15.149999 2.433132
15.199999 0.955859
15.249999 1.357203
15.299999 2.312619
15.350000 0.065016
15.400000 0.234255
15.450000 -0.253289
15.500000 3.197126
15.550000 3.091617
15.600000 0.490930
15.650000 1.514581
15.699999 3.321609
15.750000 0.104229
15.799999 -1.028055
15.850000 1.943178
15.899999 0.501622
15.950000 2.063192
15.999999 1.127545
16.050000 1.590795
16.099999 -0.688162
16.150000 -0.729635
16.200000 0.388458
16.249999 1.383402
16.300000 0.657760
16.349999 0.747579
16.400000 -0.336091
16.449999 3.344169
16.500000 -1.179356
16.549999 -0.837486
16.600000 -0.873759
16.649999 -0.111090
16.700000 0.477354
16.750000 0.879455
16.799999 1.089983
16.850000 0.108253
16.899999 0.952498
16.950000 0.056847
16.999999 -0.586905
17.050000 1.902990
17.099999 0.784026
17.150000 -0.238273
17.199999 1.445006
17.250000 0.827300
17.300000 -0.379481
17.349999 1.504494
17.400000 -0.215547
17.449999 1.577789
17.500000 1.393705
17.549999 2.096936
17.600000 1.077888
17.649999 0.241354
17.700000 1.039339
17.749999 1.731077
17.800000 0.179297
17.850000 1.475632
17.899999 1.722156
17.950000 -2.269230
17.999999 -1.350466
18.050000 -0.830581
18.099999 -1.100059
18.150000 1.680423
18.199999 1.195596
18.250000 -0.495631
18.299999 0.330375
18.350000 -0.292480
18.400000 -0.271541
18.449999 -0.999952
18.500000 -0.874216
18.549999 0.967721
18.600000 0.516882
18.649999 0.327572
18.700000 0.823998
18.749999 -0.627485
18.800000 -0.907819
18.849999 -1.220754
18.900000 -0.138207
18.950000 2.550231
18.999999 -1.595725
19.050000 -2.404873
19.099999 0.327468
19.150000 -1.514154
19.199999 -0.886116
19.250000 1.027227
19.299999 -0.020203
19.350000 -0.043382
19.399999 -0.223759
19.450000 0.151583
19.500000 -0.184649
19.549999 0.193766
19.600000 0.364063
19.649999 0.901674
19.700000 0.191283
19.749999 -0.457801
19.800000 -0.751609
19.849999 -0.555739
19.900000 2.019693
19.949999 1.577164
