0.000000 -3.063445
0.050000 -1.837519
0.100000 -2.083565
0.150000 -0.271378
0.200000 0.526796
0.250000 0.394300
0.300000 -1.889842
0.350000 -0.752148
0.400000 -0.296157
0.450000 -1.304321
0.500000 0.874989
0.550000 -1.768951
0.600000 -0.597159
0.650000 -2.189393
0.700000 -0.032949
0.750000 -0.088520
0.800000 0.425234
0.850000 0.966152
0.900000 0.747983
0.950000 1.319496
1.000000 1.362100
1.050000 -0.847474
1.100000 -0.557509
1.150000 1.473666
1.200000 0.577712
1.250000 2.099429
1.300000 -0.001658
1.350000 -1.426937
1.400000 0.201401
1.450000 0.208237
1.500000 0.532515
1.550000 -0.473536
1.600000 -1.309440
1.650000 -0.723739
1.700000 -0.025213
1.750000 1.236618
1.800000 -0.574886
1.850000 -1.466075
1.900000 -0.115438
1.950000 -1.595546
2.000000 0.789484
2.050000 1.293566
2.100000 -1.578364
2.150000 -2.207845
2.200000 -0.662955
2.250000 -3.199865
2.300000 0.882980
2.350000 1.653428
2.400000 -1.427838
2.450000 0.424520
2.500000 1.562957
2.550000 1.035930
2.600000 -0.022343
2.650000 3.271975
2.700000 2.762153
2.750000 3.772221
2.800000 3.025537
2.850000 2.957388
2.900000 2.044642
2.950000 1.095127
3.000000 2.067654
3.050000 3.290734
3.100000 3.314921
3.150000 -1.180682
3.200000 -1.364842
3.250000 -2.381832
3.300000 -3.250365
3.350000 -4.417303
3.400000 -7.320599
3.450000 -6.177487
3.500000 -6.789740
3.550000 -7.869792
3.600000 -6.554204
3.650000 -7.083835
3.700000 -8.072612
3.750000 -4.348199
3.800000 -2.461991
3.850000 -1.587356
3.900000 2.457130
3.950000 5.066571
4.000000 5.209433
4.050000 9.695340
4.100000 11.850922
4.150000 13.117297
4.200000 18.207447
4.250000 15.254189
4.300000 17.022974
4.350000 14.913178
4.400000 11.679041
4.450000 8.675531
4.500000 11.084522
4.550000 8.732977
4.600000 4.599600
4.650000 -0.301222
4.700000 -0.807724
4.750000 -4.996457
4.800000 -8.347877
4.850000 -9.143227
4.900000 -11.524060
4.950000 -12.116088
5.000000 -14.570079
5.050000 -14.678790
5.100000 -12.851800
5.150000 -15.641598
5.200000 -14.218426
5.250000 -12.251913
5.300000 -8.919930
5.350000 -9.377062
5.400000 -8.635096
5.450000 -6.043274
5.500000 -2.351210
5.550000 1.256572
5.600000 0.847490
5.650000 3.720659
5.700000 4.278255
5.750000 5.754626
5.800000 7.910553
5.850000 10.339131
5.900000 9.614107
5.950000 9.695263
6.000000 10.538974
6.050000 11.783054
6.100000 10.412398
6.150000 12.146447
6.200000 8.284593
6.250000 7.767906
6.300000 7.475943
6.350000 4.981233
6.400000 5.245694
6.450000 1.420026
6.500000 1.389901
6.550000 -0.278422
6.600000 -2.522224
6.650000 -3.263861
6.700000 -4.685359
6.750000 -6.574667
6.800000 -6.101068
6.850000 -7.294277
6.900000 -7.724912
6.950000 -9.419329
7.000000 -7.990298
7.050000 -8.464970
7.100000 -9.315262
7.150000 -6.824315
7.200000 -6.281667
7.250000 -4.379551
7.300000 -1.863466
7.350000 -2.576942
7.400000 0.836204
7.450000 1.778809
7.500000 4.111126
7.550000 2.806652
7.600000 2.501007
7.650000 2.955626
7.700000 2.215103
7.750000 6.088002
7.800000 7.699300
7.850000 2.654156
7.900000 3.492666
7.950000 3.669243
8.000000 4.034901
8.050000 2.022518
8.100000 2.409949
8.150000 2.902930
8.200000 1.189262
8.250000 0.764131
8.300000 -2.610105
8.350000 1.632124
8.400000 -0.464225
8.450000 -1.283118
8.500000 -4.720830
8.550000 -1.456025
8.600000 -3.948147
8.650000 -3.559531
8.700000 -4.524592
8.750000 -4.315401
8.800000 -1.175388
8.850000 -2.087899
8.900000 -0.777376
8.950000 -0.152032
9.000000 -0.530456
9.050000 -0.576252
9.100000 0.352052
9.150000 1.243826
9.200000 1.749013
9.250000 1.665066
9.300000 1.037366
9.350000 2.085945
9.400000 2.426514
9.450000 0.771071
9.500000 1.247914
9.550000 1.730916
9.600000 -0.846830
9.650000 1.945596
9.700000 1.317816
9.750000 0.887302
9.800000 2.795935
9.850000 1.612180
9.900000 1.333626
9.950000 1.756514
10.000000 -0.634908
10.050000 0.206674
10.100000 2.064098
10.150000 -1.098866
10.200000 -0.465191
10.250000 -0.032759
10.300000 0.354925
10.350000 -0.221936
10.400000 -1.136330
10.450000 -0.155529
10.500000 0.180511
10.550000 -1.190961
10.600000 -0.318524
10.650000 2.867667
10.700000 0.330838
10.750000 -2.801628
10.800000 1.022665
10.850000 0.267428
10.900000 0.637108
10.950000 -1.035396
11.000000 1.102743
11.050000 0.245295
11.100000 0.339225
11.150000 0.382303
11.200000 -1.246854
11.250000 -1.276301
11.300000 -0.299316
11.350000 -0.094380
11.400000 0.455161
11.450000 0.144863
11.500000 -2.026594
11.550000 0.104553
11.600000 0.677682
11.650000 0.952633
11.700000 1.598350
11.750000 1.870946
11.800000 1.507591
11.850000 0.586249
11.900000 0.920023
11.950000 -0.474668
12.000000 1.577560
12.050000 0.637300
12.100000 1.121450
12.150000 0.897452
12.200000 0.128101
12.250000 0.752486
12.300000 1.307975
12.350000 1.757854
12.400000 1.007400
12.450000 0.056288
12.500000 0.799999
12.550000 -0.948977
12.600000 -1.009744
12.650000 -0.806428
12.700000 1.169659
12.750000 0.949108
12.800000 -0.718393
12.850000 -1.573377
12.900000 1.752131
12.950000 0.881697
13.000000 0.303300
13.050000 0.069005
13.100000 -0.560362
13.150000 1.182832
13.200000 0.039644
13.250000 2.332547
13.300000 0.449702
13.350000 0.552645
13.400000 -2.673418
13.450000 -0.647897
13.500000 -0.440643
13.550000 0.797853
13.600000 -1.620479
13.650000 -1.112258
13.700000 0.176158
13.750000 1.107780
13.800000 1.124968
13.850000 0.983102
13.900000 -0.824469
13.950000 -0.371802
14.000000 0.794314
14.050000 2.840008
14.100000 0.034364
14.150000 1.990759
14.200000 1.142154
14.250000 -0.596357
14.300000 -0.092271
14.350000 -0.149672
14.400000 0.012976
14.450000 1.014240
14.500000 -0.312409
14.550000 0.388815
14.600000 -0.313611
14.650000 -1.160523
14.700000 -3.230603
14.750000 -1.807651
14.800000 0.970674
14.850000 2.169799
14.900000 2.574475
14.950000 0.152395
15.000000 0.067704
15.050000 -1.297215
15.100000 -0.215261
15.150000 0.234930
15.200000 -2.217948
15.250000 0.109809
15.300000 -2.393837
15.350000 -1.150470
15.400000 0.865804
15.450000 0.714769
15.500000 0.084088
15.550000 2.212697
15.600000 1.169831
15.650000 2.761463
15.700000 0.734492
15.750000 0.264908
15.800000 2.519998
15.850000 -0.041093
15.900000 -0.347694
15.950000 -2.086734
16.000000 -1.904079
16.050000 0.468770
16.100000 -2.940997
16.150000 -1.205473
16.200000 -1.818294
16.250000 -1.239566
16.300000 -2.193028
16.350000 -2.457792
16.400000 -2.495920
16.450000 -0.245739
16.500000 -0.588615
16.550000 0.263219
16.600000 -0.920108
16.650000 -1.489047
16.700000 -0.472366
16.750000 1.572999
16.800000 -1.476867
16.850000 0.237704
16.900000 -0.747300
16.950000 0.280726
17.000000 0.881680
17.050000 1.627524
17.100000 -0.057336
17.150000 2.683095
17.200000 0.135643
17.250000 1.852909
17.300000 1.595523
17.350000 -0.399377
17.400000 -1.315215
17.450000 -0.904692
17.500000 -0.236335
17.550000 -0.126105
17.600000 -0.018210
17.650000 -1.363187
17.700000 0.629190
17.750000 -0.135033
17.800000 -1.499087
17.850000 -3.692368
17.900000 -3.022515
17.950000 -2.223574
18.000000 -1.553443
18.050000 -0.174815
18.100000 -0.514214
18.150000 -0.733616
18.200000 0.005141
18.250000 0.655796
18.300000 0.018792
18.350000 -0.783426
18.400000 -0.249157
18.450000 0.797554
18.500000 0.499344
18.550000 -0.829056
18.600000 -0.030364
18.650000 -2.167614
18.700000 1.395979
18.750000 0.463699
18.800000 -0.729981
18.850000 -1.080187
18.900000 -0.561392
18.950000 -2.169838
19.000000 -0.829939
19.050000 -0.758203
19.100000 0.489838
19.150000 0.896454
19.200000 0.788303
19.250000 0.245767
19.300000 1.081657
19.350000 1.525545
19.400000 1.607644
19.450000 2.896835
19.500000 1.182100
19.550000 0.263514
19.600000 1.688704
19.650000 1.644857
19.700000 0.463194
19.750000 0.933799
19.799999 0.997285
19.849999 0.626261
19.899999 -0.198082
19.949999 -0.720891
