0.000000 11.251317
0.050000 17.864031
0.100000 30.854673
0.150000 4.650800
0.200000 3.514221
0.250000 -9.005539
0.300000 17.272228
0.350000 -22.440891
0.400000 7.043908
0.450000 9.472629
0.500000 1.770895
0.550000 13.869190
0.600000 7.655399
0.650000 24.383064
0.700000 19.822023
0.750000 4.311213
0.800000 9.929548
0.850000 9.214417
0.900000 -10.664435
0.950000 6.358057
1.000000 12.323771
1.050000 -9.433246
1.100000 16.147833
1.150000 5.946335
1.200000 -3.107925
1.250000 13.428015
1.300000 1.818503
1.350000 4.590393
1.400000 26.807768
1.450000 11.293114
1.500000 -3.290272
1.550000 18.065859
1.600000 -18.314249
1.650000 23.084885
1.700000 -4.943583
1.750000 0.205004
1.800000 -13.344396
1.850000 9.354381
1.900000 13.721921
1.950000 29.500454
2.000000 28.820286
2.050000 42.951450
2.100000 49.668903
2.150000 19.083963
2.200000 15.256845
2.250000 -21.231682
2.300000 -77.438721
2.350000 -103.597290
2.400000 -103.861084
2.450000 -49.268089
2.500000 -40.359562
2.550000 21.038603
2.600000 113.505539
2.650000 137.581818
2.700000 148.808304
2.750000 108.592064
2.800000 11.465683
2.850000 -75.406876
2.900000 -172.509338
2.950000 -204.024490
3.000000 -143.275955
3.050000 -79.853539
3.100000 37.381863
3.150000 102.131546
3.200000 161.805954
3.250000 154.126389
3.300000 123.525558
3.350000 51.148399
3.400000 -46.495094
3.450000 -100.300041
3.500000 -127.119949
3.550000 -109.202263
3.600000 -99.124107
3.650000 -31.813650
3.700000 9.084358
3.750000 77.079453
3.800000 73.590927
3.850000 99.641678
3.900000 41.704517
3.950000 23.101433
4.000000 -23.883997
4.050000 -44.911621
4.100000 -56.156822
4.150000 -34.744190
4.200000 -42.108105
4.250000 4.047045
4.300000 41.909000
4.350000 53.660995
4.400000 46.025719
4.450000 34.302422
4.500000 1.759429
4.550000 1.526752
4.600000 -13.457170
4.650000 -17.043547
4.700000 -19.154121
4.750000 -11.344169
4.800000 -13.616223
4.850000 22.375153
4.900000 3.153882
4.950000 15.907537
5.000000 33.604389
5.050000 3.845918
5.100000 7.409167
5.150000 11.826967
5.200000 3.394885
5.250000 -3.534263
5.300000 -24.350395
5.350000 0.000521
5.400000 16.262697
5.450000 -2.445808
5.500000 10.887385
5.550000 -22.388798
5.600000 2.073039
5.650000 -9.082434
5.700000 -7.367274
5.750000 14.731421
5.800000 20.502728
5.850000 2.306833
5.900000 10.314484
5.950000 -13.072922
6.000000 -3.115778
6.050000 -22.683916
6.100000 -22.892166
6.150000 -34.274982
6.200000 3.045032
6.250000 -27.393953
6.300000 14.853305
6.350000 3.848728
6.400000 11.690413
6.450000 29.200703
6.500000 8.838420
6.550000 30.112329
6.600000 -10.248479
6.650000 -17.741814
6.700000 -13.260168
6.750000 -8.682832
6.800000 -3.127098
6.850000 -21.092960
6.900000 -9.678645
6.950000 0.802895
7.000000 17.521441
7.050000 -5.740799
7.100000 -3.808029
7.150000 2.479770
7.200000 6.314984
7.250000 -6.942293
7.300000 -3.891622
7.350000 -2.219346
7.400000 -0.378282
7.450000 21.822847
7.500000 -3.658842
7.550000 15.364806
7.600000 21.262283
7.650000 -1.615360
7.700000 26.874931
7.750000 -8.340030
7.800000 -13.587431
7.850000 -2.491906
7.900000 -10.036880
7.950000 13.232451
7.999999 16.908892
8.049999 13.453691
8.100000 12.289841
8.150000 -7.351760
8.200000 -0.913240
8.250000 0.887167
8.300000 -6.044770
8.350000 -9.420770
8.400000 12.460987
8.450000 -15.319685
8.500000 13.893501
8.549999 33.617321
8.599999 23.615578
8.650000 5.349207
8.700000 14.508979
8.750000 -12.945936
8.800000 8.530257
8.850000 -18.491220
8.900000 -27.099159
8.950000 5.045069
9.000000 18.006981
9.050000 2.820671
9.099999 -14.705326
9.149999 15.987508
9.200000 17.819693
9.250000 -9.309627
9.300000 11.220505
9.350000 -5.882225
9.400000 -23.623713
9.450000 -4.691969
9.500000 -24.260672
9.550000 23.425806
9.600000 10.225642
9.649999 3.491261
9.699999 -2.758337
9.750000 3.371607
9.800000 -13.251444
9.850000 13.754081
9.900000 18.114670
9.950000 1.058553
10.000000 1.189294
10.050000 11.108405
10.100000 -5.546332
10.150000 18.122494
10.199999 6.343081
10.249999 -4.461933
10.300000 27.404428
10.350000 23.642551
10.400000 14.861238
10.450000 14.480754
10.500000 10.779108
10.550000 0.012355
10.600000 6.326109
10.650000 -18.027111
10.700000 9.419318
10.749999 2.539568
10.799999 -15.164658
10.849999 23.158682
10.900000 -12.835146
10.950000 -6.144491
11.000000 20.019640
11.050000 0.648214
11.100000 -1.484585
11.150000 -1.576935
11.200000 -4.001411
11.250000 -0.367911
11.299999 -25.670818
11.349999 5.679401
11.399999 9.946909
11.450000 -4.066370
11.500000 -2.078234
11.550000 1.393848
11.600000 15.584332
11.650000 -10.578068
11.700000 -5.808848
11.750000 10.068446
11.800000 -18.854139
11.849999 -14.312475
11.899999 11.359643
11.949999 4.305948
12.000000 18.010187
12.050000 11.866067
12.100000 10.109292
12.150000 -24.835648
12.200000 -5.783598
12.250000 -20.893200
12.300000 -12.142525
12.350000 1.561268
12.399999 -9.251878
12.449999 4.437153
12.499999 -18.783682
12.550000 12.546257
12.600000 -4.683424
12.650000 10.093709
12.700000 -20.371922
12.750000 -12.612571
12.800000 0.635741
12.850000 -2.582657
12.900000 10.366188
12.949999 -2.378542
12.999999 2.310905
13.049999 8.246254
13.100000 -20.463898
13.150000 -8.555460
13.200000 -8.343942
13.250000 -5.417290
13.300000 -12.225193
13.350000 15.049010
13.400000 -0.373027
13.450000 -4.275006
13.499999 35.948833
13.549999 -7.871741
13.599999 -14.536575
13.650000 -17.812521
13.700000 -4.378472
13.750000 -24.644436
13.800000 -21.189579
13.850000 14.559043
13.900000 -1.018526
13.950000 14.620850
14.000000 -3.280630
14.049999 21.395138
14.099999 9.382758
14.149999 -9.683848
14.200000 -1.743854
14.250000 12.561509
14.300000 14.875298
14.350000 12.773376
14.400000 0.603864
14.450000 11.244010
14.500000 22.082850
14.549999 5.797026
14.599999 24.489258
14.649999 5.345298
14.699999 4.864976
14.750000 -24.818211
14.800000 1.823728
14.850000 -11.048444
14.900000 -6.613935
14.950000 -19.313883
15.000000 -4.348955
15.050000 2.232071
15.099999 -3.281554
15.149999 30.570349
15.199999 11.458989
15.249999 28.324299
15.299999 7.008999
15.350000 -9.904293
15.400000 -22.179876
15.450000 -3.854476
15.500000 -20.458979
15.550000 -8.139638
15.600000 4.414082
15.650000 1.313637
15.699999 14.392084
15.750000 19.783581
15.799999 0.485019
15.850000 7.082485
15.899999 0.962445
15.950000 5.618955
15.999999 19.904295
16.050000 -0.635579
16.099999 -15.057750
16.150000 -9.702826
16.200000 26.057962
16.249999 24.563873
16.300000 12.569415
16.349999 29.858034
16.400000 -1.615825
16.449999 -6.268678
16.500000 9.341364
16.549999 1.776025
16.600000 -19.017954
16.649999 -14.468460
16.700000 23.480921
16.750000 -8.194606
16.799999 3.816731
16.850000 14.904570
16.899999 10.243698
16.950000 7.735792
16.999999 11.405736
17.050000 9.139536
17.099999 4.999742
17.150000 9.941044
17.199999 4.343924
17.250000 6.323979
17.300000 5.724249
17.349999 1.133306
17.400000 2.475928
17.449999 3.952481
17.500000 1.142121
17.549999 11.722179
17.600000 7.068825
17.649999 -2.580149
17.700000 -6.517768
17.749999 14.469018
17.800000 -3.216614
17.850000 18.286354
17.899999 10.147460
17.950000 9.597016
17.999999 10.555289
18.050000 -6.462594
18.099999 -1.906803
18.150000 -11.958407
18.199999 -0.736250
18.250000 0.465967
18.299999 1.854556
18.350000 18.786587
18.400000 -11.397548
18.449999 7.416356
18.500000 1.957080
18.549999 -9.042375
18.600000 17.210922
18.649999 -32.426998
18.700000 -0.343097
18.749999 7.981130
18.800000 7.786240
18.849999 13.727242
18.900000 -16.191729
18.950000 4.794080
18.999999 8.233315
19.050000 10.417250
19.099999 19.213274
19.150000 10.094808
19.199999 -1.469790
19.250000 18.420967
19.299999 -8.633813
19.350000 5.322244
19.399999 14.790995
19.450000 -3.748228
19.500000 -1.962679
19.549999 7.005941
19.600000 8.396208
19.649999 5.289126
19.700000 -1.127386
19.749999 -9.543866
19.800000 -10.489575
19.849999 -14.389190
19.900000 12.242128
19.949999 9.950308
