0.000000 -0.121109
0.050000 0.096882
0.100000 -0.035853
0.150000 -0.199497
0.200000 -0.123565
0.250000 0.059963
0.300000 -0.265895
0.350000 0.187693
0.400000 -0.024890
0.450000 0.033959
0.500000 0.280715
0.550000 0.285501
0.600000 -0.060617
0.650000 0.152864
0.700000 0.138797
0.750000 -0.025715
0.800000 0.044607
0.850000 0.039061
0.900000 0.006233
0.950000 -0.222253
1.000000 -0.010248
1.050000 0.084281
1.100000 0.286134
1.150000 0.229291
1.200000 -0.088638
1.250000 -0.053826
1.300000 -0.059396
1.350000 -0.016991
1.400000 -0.191273
1.450000 0.002136
1.500000 -0.224244
1.550000 -0.232345
1.600000 -0.163982
1.650000 -0.029719
1.700000 0.154176
1.750000 -0.221286
1.800000 0.099484
1.850000 -0.185888
1.900000 0.113776
1.950000 -0.055151
2.000000 0.146213
2.050000 0.006789
2.100000 0.184432
2.150000 -0.106307
2.200000 0.049685
2.250000 -0.151562
2.300000 0.217228
2.350000 -0.080111
2.400000 0.110154
2.450000 0.107898
2.500000 0.166833
2.550000 0.358821
2.600000 -0.177660
2.650000 -0.034793
2.700000 -0.065068
2.750000 -0.254741
2.800000 -0.013049
2.850000 -0.257445
2.900000 -0.391676
2.950000 -0.112635
3.000000 -0.216419
3.050000 -0.021835
3.100000 -0.021014
3.150000 -0.236533
3.200000 0.069875
3.250000 0.381038
3.300000 0.365358
3.350000 0.569876
3.400000 0.458838
3.450000 0.658886
3.500000 0.970404
3.550000 0.800781
3.600000 0.578023
3.650000 0.429415
3.700000 0.268399
3.750000 0.156218
3.800000 -0.379200
3.850000 -0.757964
3.900000 -0.820194
3.950000 -0.794388
4.000000 -0.868771
4.050000 -0.646221
4.100000 -1.002270
4.150000 -0.867563
4.200000 -0.378147
4.250000 -0.186088
4.300000 0.314868
4.350000 0.451135
4.400000 0.460383
4.450000 0.727960
4.500000 0.959503
4.550000 0.664419
4.600000 0.903103
4.650000 0.689679
4.700000 0.467221
4.750000 0.344002
4.800000 0.392034
4.850000 -0.074413
4.900000 -0.295054
4.950000 -0.569375
5.000000 -0.597797
5.050000 -0.652112
5.100000 -0.437871
5.150000 -0.298785
5.200000 -0.683607
5.250000 -0.338210
5.300000 -0.150125
5.350000 -0.119859
5.400000 0.200783
5.450000 0.197927
5.500000 0.332135
5.550000 0.297235
5.600000 0.332265
5.650000 0.294124
5.700000 0.288659
5.750000 0.092579
5.800000 0.335516
5.850000 0.099577
5.900000 -0.109511
5.950000 0.060524
6.000000 -0.197271
6.050000 -0.377100
6.100000 -0.116480
6.150000 -0.171012
6.200000 -0.252119
6.250000 -0.244825
6.300000 -0.179514
6.350000 0.146469
6.400000 0.048912
6.450000 0.095762
6.500000 0.086500
6.550000 0.147034
6.600000 0.124991
6.650000 -0.160284
6.700000 -0.134279
6.750000 0.129499
6.800000 -0.061174
6.850000 0.186959
6.900000 -0.171073
6.950000 0.065539
7.000000 0.024100
7.050000 0.043201
7.100000 -0.012415
7.150000 -0.140834
7.200000 -0.154225
7.250000 -0.182368
7.300000 -0.118860
7.350000 0.189892
7.400000 -0.045241
7.450000 0.048036
7.500000 -0.121713
7.550000 0.570239
7.600000 0.206986
7.650000 0.099101
7.700000 0.222556
7.750000 0.125215
7.800000 0.056679
7.850000 0.006756
7.900000 -0.013508
7.950000 -0.150247
8.000000 -0.045217
8.050000 0.119287
8.100000 -0.120031
8.150000 0.241971
8.200000 -0.140880
8.250000 0.186607
8.300000 0.162408
8.350000 0.031172
8.400000 -0.008168
8.450000 -0.010152
8.500000 -0.154847
8.550000 0.295137
8.600000 0.124745
8.650000 0.065355
8.700000 0.367294
8.750000 -0.224967
8.800000 -0.098409
8.850000 -0.149242
8.900000 -0.121171
8.950000 0.034220
9.000000 0.001952
9.050000 0.188174
9.100000 -0.025795
9.150000 -0.093689
9.200000 0.000696
9.250000 0.335030
9.300000 0.072000
9.350000 0.253093
9.400000 0.024620
9.450000 0.132018
9.500000 0.032050
9.550000 -0.219288
9.600000 -0.049181
9.650000 0.042073
9.700000 -0.126773
9.750000 0.101996
9.800000 0.054741
9.850000 -0.190083
9.900000 -0.142928
9.950000 -0.130619
10.000000 -0.128224
10.050000 0.009299
10.100000 -0.109920
10.150000 0.254623
10.200000 0.159439
10.250000 0.201710
10.300000 -0.113212
10.350000 -0.148723
10.400000 0.025078
10.450000 0.333171
10.500000 -0.131269
10.550000 -0.000905
10.600000 0.039651
10.650000 0.109457
10.700000 0.232437
10.750000 0.225148
10.800000 0.018643
10.850000 0.112366
10.900000 -0.024127
10.950000 0.133558
11.000000 0.256334
11.050000 -0.121426
11.100000 0.019087
11.150000 0.087563
11.200000 0.215942
11.250000 0.024205
11.300000 0.144140
11.350000 0.053412
11.400000 0.154532
11.450000 -0.004386
11.500000 -0.080265
11.550000 -0.199792
11.600000 -0.059777
11.650000 0.247303
11.700000 -0.184556
11.750000 -0.012040
11.800000 0.055889
11.850000 0.059818
11.900000 -0.065102
11.950000 -0.028161
12.000000 -0.207083
12.050000 0.146836
12.100000 -0.115664
12.150000 -0.066725
12.200000 -0.008667
12.250000 -0.057468
12.300000 0.223282
12.350000 0.113299
12.400000 -0.197672
12.450000 0.101207
12.500000 0.053162
12.550000 0.046448
12.600000 -0.061105
12.650000 -0.058931
12.700000 -0.134565
12.750000 -0.183092
12.800000 0.208121
12.850000 -0.000633
12.900000 -0.095159
12.950000 -0.207174
13.000000 -0.195302
13.050000 -0.037367
13.100000 -0.041816
13.150000 0.030185
13.200000 0.061041
13.250000 0.087041
13.300000 0.033464
13.350000 0.108080
13.400000 0.112158
13.450000 0.182709
13.500000 -0.036991
13.550000 0.175032
13.600000 -0.051269
13.650000 -0.046233
13.700000 -0.008249
13.750000 -0.013070
13.800000 0.099561
13.850000 -0.027787
13.900000 0.095517
13.950000 -0.016176
14.000000 -0.107613
14.050000 -0.215426
14.100000 0.190541
14.150000 -0.203628
14.200000 0.029550
14.250000 -0.040112
14.300000 0.088108
14.350000 0.145391
14.400000 0.147431
14.450000 -0.179594
14.500000 0.080708
14.550000 -0.110807
14.600000 -0.252584
14.650000 0.358947
14.700000 -0.034684
14.750000 -0.025372
14.800000 0.008309
14.850000 0.053772
14.900000 -0.091420
14.950000 -0.126287
15.000000 -0.255222
15.050000 -0.155168
15.100000 -0.123810
15.150000 -0.198778
15.200000 -0.254408
15.250000 0.057243
15.300000 -0.007876
15.350000 0.024381
15.400000 -0.137011
15.450000 0.132992
15.500000 0.069461
15.550000 0.095974
15.600000 0.236798
15.650000 0.059667
15.700000 0.019908
15.750000 0.065246
15.800000 0.056093
15.850000 0.081519
15.900000 0.204217
15.950000 -0.072722
16.000000 -0.106967
16.050000 -0.094232
16.100000 0.026852
16.150000 -0.104287
16.200000 -0.054465
16.250000 -0.051037
16.300000 0.156229
16.350000 0.003690
16.400000 0.024018
16.450000 0.108176
16.500000 -0.105993
16.550000 -0.027169
16.600000 -0.306837
16.650000 -0.155032
16.700000 -0.027635
16.750000 -0.062586
16.800000 -0.154011
16.850000 0.021912
16.900000 0.037795
16.950000 -0.000496
17.000000 0.052160
17.050000 -0.004463
17.100000 0.028155
17.150000 -0.162442
17.200000 0.059220
17.250000 -0.035772
17.300000 0.098199
17.350000 0.240749
17.400000 -0.073769
17.450000 0.193849
17.500000 0.027783
17.550000 0.122004
17.600000 -0.074296
17.650000 0.317685
17.700000 0.152714
17.750000 -0.109954
17.800000 -0.243553
17.850000 0.079274
17.900000 -0.065194
17.950000 -0.017042
18.000000 0.126259
18.050000 -0.091302
18.100000 -0.130412
18.150000 -0.188801
18.200000 -0.179392
18.250000 -0.079211
18.300000 0.123891
18.350000 0.183840
18.400000 0.090491
18.450000 0.150108
18.500000 0.086619
18.550000 0.201052
18.600000 -0.004947
18.650000 0.033943
18.700000 -0.050242
18.750000 -0.035888
18.800000 0.149279
18.850000 -0.199841
18.900000 0.006873
18.950000 -0.115232
19.000000 0.002122
19.050000 -0.187004
19.100000 -0.165215
19.150000 -0.104568
19.200000 -0.021680
19.250000 -0.359714
19.300000 -0.185453
19.350000 0.030867
19.400000 -0.108426
19.450000 0.224156
19.500000 0.139332
19.550000 0.243803
19.600000 0.227647
19.650000 0.013185
19.700000 0.266093
19.750000 0.102043
19.799999 -0.070841
19.849999 -0.091816
19.899999 0.191481
19.949999 0.153797
