0.000000 0.150227
0.050000 0.261514
0.100000 0.187416
0.150000 0.073680
0.200000 0.260851
0.250000 0.472465
0.300000 -0.017807
0.350000 0.194680
0.400000 0.001400
0.450000 0.333165
0.500000 -0.017128
0.550000 -0.012090
0.600000 0.386005
0.650000 0.097702
0.700000 0.344342
0.750000 -0.421473
0.800000 -0.394413
0.850000 0.708939
0.900000 0.358588
0.950000 0.133226
1.000000 -0.745196
1.050000 0.298635
1.100000 0.092232
1.150000 -0.406577
1.200000 0.383036
1.250000 0.623331
1.300000 0.853520
1.350000 -0.271897
1.400000 -0.389736
1.450000 -0.257875
1.500000 -0.062501
1.550000 0.694943
1.600000 0.106589
1.650000 -0.266105
1.700000 -0.668983
1.750000 -0.530439
1.800000 -1.081167
1.850000 -0.743474
1.900000 -0.381399
1.950000 1.140575
2.000000 1.134279
2.050000 1.699710
2.100000 -0.838528
2.150000 -3.384508
2.200000 -2.991570
2.250000 -2.257379
2.300000 0.393156
2.350000 3.112086
2.400000 3.305447
2.450000 1.102422
2.500000 -2.542871
2.550000 -4.146949
2.600000 -3.472145
2.650000 -0.506929
2.700000 2.402410
2.750000 4.352547
2.800000 3.580306
2.850000 0.241778
2.900000 -3.479447
2.950000 -4.144102
3.000000 -3.177494
3.050000 0.120635
3.100000 3.580710
3.150000 3.317345
3.200000 2.419524
3.250000 0.150379
3.300000 -2.280960
3.350000 -3.215600
3.400000 -1.663222
3.450000 0.832159
3.500000 3.445831
3.550000 3.387201
3.600000 1.849215
3.650000 -0.793678
3.700000 -2.766399
3.750000 -2.709780
3.800000 -1.080951
3.850000 1.156359
3.900000 2.197468
3.950000 1.936460
4.000000 0.736517
4.050000 -0.528372
4.100000 -2.098841
4.150000 -1.634715
4.200000 -0.214362
4.250000 0.513911
4.300000 1.745512
4.350000 2.225424
4.400000 0.685854
4.450000 -0.569254
4.500000 -1.233990
4.550000 -2.190348
4.600000 -0.708913
4.650000 -0.346363
4.700000 1.204080
4.750000 1.259644
4.800000 0.702836
4.850000 -0.333101
4.900000 -1.889571
4.950000 -0.975018
5.000000 -0.655180
5.050000 0.160842
5.100000 1.795982
5.150000 0.989842
5.200000 0.426885
5.250000 0.027832
5.300000 -0.458799
5.350000 -1.386024
5.400000 -0.402319
5.450000 0.964206
5.500000 0.911160
5.550000 0.324624
5.600000 0.162591
5.650000 -0.775558
5.700000 -0.789308
5.750000 0.351462
5.800000 0.536259
5.850000 0.857344
5.900000 0.793790
5.950000 0.345478
6.000000 -0.877599
6.050000 -0.334434
6.100000 -0.801244
6.150000 -0.132807
6.200000 0.584325
6.250000 0.286175
6.300000 0.818206
6.350000 0.676107
6.400000 -0.652081
6.450000 -0.193513
6.500000 0.449702
6.550000 0.652914
6.600000 0.135179
6.650000 0.450872
6.700000 0.302794
6.750000 -0.735313
6.800000 -0.111176
6.850000 -0.463378
6.900000 0.128878
6.950000 0.200352
7.000000 -0.102345
7.050000 0.914099
7.100000 0.245470
7.150000 -0.282717
7.200000 -0.240297
7.250000 -0.136348
7.300000 0.353230
7.350000 -0.270727
7.400000 0.476023
7.450000 0.140218
7.500000 -0.218089
7.550000 -0.007453
7.600000 -0.268733
7.650000 -0.001738
7.700000 0.052187
7.750000 0.405119
7.800000 0.177515
7.850000 0.442703
7.900000 0.194737
7.950000 -0.373395
7.999999 0.211703
8.049999 -0.038698
8.100000 0.567091
8.150000 -0.009967
8.200000 0.141877
8.250000 -0.295028
8.300000 0.065415
8.350000 -0.313816
8.400000 -0.137614
8.450000 0.111975
8.500000 0.343935
8.549999 0.276533
8.599999 0.454521
8.650000 -0.422257
8.700000 -0.232337
8.750000 0.337827
8.800000 -0.266895
8.850000 -0.080539
8.900000 0.073325
8.950000 -0.448049
9.000000 0.365047
9.050000 0.610620
9.099999 0.221966
9.149999 0.049341
9.200000 0.428824
9.250000 0.485493
9.300000 0.070154
9.350000 -0.161112
9.400000 0.930645
9.450000 0.288840
9.500000 -0.022162
9.550000 -0.225241
9.600000 -0.157183
9.649999 0.531608
9.699999 -0.367092
9.750000 -0.169646
9.800000 -0.081375
9.850000 0.417670
9.900000 -0.021426
9.950000 -0.143145
10.000000 0.544480
10.050000 -0.524497
10.100000 0.213839
10.150000 -0.191543
10.199999 -0.250321
10.249999 0.216598
10.300000 -0.169481
10.350000 -0.740111
10.400000 -0.292089
10.450000 0.348918
10.500000 -0.479972
10.550000 0.541117
10.600000 0.027826
10.650000 0.228991
10.700000 -0.428908
10.749999 -0.266424
10.799999 -0.063709
10.849999 -0.190210
10.900000 1.265119
10.950000 0.553259
11.000000 -0.443823
11.050000 0.241244
11.100000 0.850964
11.150000 -0.585407
11.200000 0.001407
11.250000 0.210575
11.299999 0.472255
11.349999 0.068587
11.399999 -0.423610
11.450000 0.123488
11.500000 0.191553
11.550000 -0.396302
11.600000 -1.158338
11.650000 -0.171533
11.700000 0.538828
11.750000 -0.048404
11.800000 0.360376
11.849999 0.032980
11.899999 -0.356234
11.949999 -0.205814
12.000000 0.607003
12.050000 -0.396709
12.100000 0.526038
12.150000 -0.118780
12.200000 -0.388040
12.250000 -0.486824
12.300000 0.039832
12.350000 0.094156
12.399999 -0.158083
12.449999 0.224463
12.499999 0.755735
12.550000 -0.693177
12.600000 -0.488926
12.650000 -0.037668
12.700000 -0.046194
12.750000 -0.326802
12.800000 -0.912249
12.850000 -0.831066
12.900000 -0.121205
12.949999 -0.577311
12.999999 -0.537693
13.049999 -0.421019
13.100000 -0.087539
13.150000 -0.782216
13.200000 -0.445488
13.250000 -0.174603
13.300000 -0.271323
13.350000 -0.373843
13.400000 -0.387093
13.450000 -0.522368
13.499999 -0.675047
13.549999 0.337853
13.599999 -0.428646
13.650000 -0.250446
13.700000 -0.255921
13.750000 -0.517059
13.800000 -0.054052
13.850000 0.148254
13.900000 -0.268351
13.950000 0.059415
14.000000 1.030372
14.049999 0.025343
14.099999 0.320954
14.149999 -0.387440
14.200000 0.116162
14.250000 -0.401295
14.300000 0.573323
14.350000 0.960059
14.400000 -0.419351
14.450000 0.087595
14.500000 0.108797
14.549999 0.338281
14.599999 -0.548810
14.649999 0.709917
14.699999 -0.258968
14.750000 0.823158
14.800000 0.371437
14.850000 0.199222
14.900000 0.333075
14.950000 0.873116
15.000000 0.796318
15.050000 0.554270
15.099999 -0.154137
15.149999 -0.123013
15.199999 0.077711
15.249999 -0.114447
15.299999 0.478732
15.350000 0.581529
15.400000 -0.248309
15.450000 0.330508
15.500000 0.041348
15.550000 0.791453
15.600000 -0.088881
15.650000 0.417227
15.699999 0.614025
15.750000 0.845233
15.799999 0.179485
15.850000 0.078952
15.899999 0.247922
15.950000 0.553939
15.999999 0.159469
16.050000 0.270451
16.099999 0.132729
16.150000 0.201749
16.200000 -0.132002
16.249999 -0.052412
16.300000 1.070878
16.349999 0.070347
16.400000 0.086011
16.449999 0.097954
16.500000 0.221767
16.549999 0.327744
16.600000 0.013213
16.649999 0.410470
16.700000 0.221926
16.750000 -0.001571
16.799999 0.267553
16.850000 0.679110
16.899999 0.640899
16.950000 0.726294
16.999999 0.167921
17.050000 0.081332
17.099999 0.421406
17.150000 -1.107111
17.199999 -0.317094
17.250000 -0.110935
17.300000 0.958223
17.349999 -0.407100
17.400000 0.023939
17.449999 -0.133301
17.500000 0.142482
17.549999 -0.222703
17.600000 -0.287008
17.649999 0.868758
17.700000 0.464314
17.749999 -0.209543
17.800000 0.041575
17.850000 -0.442264
17.899999 -0.213629
17.950000 -0.054483
17.999999 -0.383199
18.050000 0.785154
18.099999 0.126108
18.150000 -0.729208
18.199999 -0.243572
18.250000 0.013153
18.299999 -0.279495
18.350000 -0.044727
18.400000 0.353680
18.449999 -0.007558
18.500000 0.500219
18.549999 -0.370285
18.600000 -0.061581
18.649999 0.395158
18.700000 0.549631
18.749999 0.253877
18.800000 0.042725
18.849999 0.423438
18.900000 -0.174078
18.950000 0.194799
18.999999 -0.050108
19.050000 0.094267
19.099999 0.219759
19.150000 0.569576
19.199999 -0.531391
19.250000 0.187321
19.299999 0.186227
19.350000 0.721807
19.399999 -0.141898
19.450000 0.103839
19.500000 -0.302427
19.549999 0.012480
19.600000 0.377810
19.649999 0.706443
19.700000 0.014900
19.749999 -0.138366
19.800000 -0.315529
19.849999 -0.483234
19.900000 -0.355048
19.949999 -0.054270
