0.000000 0.803749
0.050000 -0.709102
0.100000 -0.812573
0.150000 1.841087
0.200000 -0.718176
0.250000 -0.118384
0.300000 0.734634
0.350000 -0.394460
0.400000 1.659783
0.450000 -0.638448
0.500000 1.216440
0.550000 0.211233
0.600000 0.928795
0.650000 -1.080930
0.700000 -2.486184
0.750000 -0.714118
0.800000 0.945268
0.850000 1.905241
0.900000 0.250250
0.950000 0.928065
1.000000 1.120346
1.050000 -0.194150
1.100000 -2.108078
1.150000 -0.656103
1.200000 1.637251
1.250000 0.352785
1.300000 0.898855
1.350000 -1.020311
1.400000 -2.632555
1.450000 -3.083467
1.500000 0.760991
1.550000 -0.983726
1.600000 0.061478
1.650000 -0.328771
1.700000 -0.429493
1.750000 -0.362904
1.800000 1.122039
1.850000 3.570277
1.900000 1.914609
1.950000 0.172569
2.000000 3.180532
2.050000 0.892929
2.100000 -0.737153
2.150000 0.180099
2.200000 0.795751
2.250000 -0.964824
2.300000 -1.661627
2.350000 -0.438623
2.400000 0.898160
2.450000 0.991865
2.500000 0.562581
2.550000 -3.619994
2.600000 -0.710464
2.650000 -0.546892
2.700000 1.847175
2.750000 -0.547827
2.800000 0.151807
2.850000 -1.322623
2.900000 -1.326574
2.950000 -3.525986
3.000000 -4.532557
3.050000 -2.598308
3.100000 -2.609721
3.150000 -1.904559
3.200000 1.683199
3.250000 3.392648
3.300000 4.491241
3.350000 6.453474
3.400000 8.677821
3.450000 11.282880
3.500000 10.577899
3.550000 6.357584
3.600000 3.677868
3.650000 -0.749757
3.700000 -7.048229
3.750000 -13.414617
3.800000 -18.105856
3.850000 -17.015802
3.900000 -17.166811
3.950000 -13.093833
4.000000 -7.237543
4.050000 0.284833
4.100000 8.126526
4.150000 12.973285
4.200000 20.145266
4.250000 18.772762
4.300000 19.053860
4.350000 15.823709
4.400000 8.808640
4.450000 0.708202
4.500000 -7.349717
4.550000 -14.396518
4.600000 -17.025412
4.650000 -21.237986
4.700000 -18.356163
4.750000 -12.617749
4.800000 -9.168210
4.850000 -1.044468
4.900000 4.243148
4.950000 9.420382
5.000000 12.173758
5.050000 12.448386
5.100000 15.297915
5.150000 10.075964
5.200000 7.200624
5.250000 2.979715
5.300000 -3.412310
5.350000 -6.681982
5.400000 -10.089248
5.450000 -10.609170
5.500000 -9.373993
5.550000 -5.461888
5.600000 -3.041751
5.650000 0.241897
5.700000 3.608796
5.750000 9.291055
5.800000 7.043042
5.850000 10.201402
5.900000 10.105521
5.950000 6.869878
6.000000 5.190451
6.050000 0.285269
6.100000 -1.103260
6.150000 -3.971188
6.200000 -6.048158
6.250000 -6.056840
6.300000 -4.703768
6.350000 -1.996553
6.400000 0.009873
6.450000 2.502631
6.500000 3.687133
6.550000 3.944284
6.600000 8.133448
6.650000 5.270212
6.700000 3.083537
6.750000 5.059077
6.800000 0.416205
6.850000 -3.189513
6.900000 -4.596408
6.950000 -6.352087
7.000000 -3.254843
7.050000 -1.509535
7.100000 1.845732
7.150000 2.212871
7.200000 1.502296
7.250000 2.034223
7.300000 4.068931
7.350000 1.960769
7.400000 -0.568592
7.450000 2.370234
7.500000 -2.040203
7.550000 0.390236
7.600000 -4.976925
7.650000 -4.284024
7.700000 -5.198036
7.750000 -1.965424
7.800000 -0.621309
7.850000 2.788003
7.900000 1.345717
7.950000 2.457418
8.000000 3.771635
8.050000 3.501358
8.100000 2.081555
8.150000 1.646029
8.200000 1.984724
8.250000 0.111953
8.300000 -2.813552
8.350000 -2.644635
8.400000 0.210027
8.450000 -1.455631
8.500000 -1.388005
8.550000 -2.436811
8.600000 -0.779196
8.650000 2.485327
8.700000 0.502455
8.750000 3.041332
8.800000 2.604591
8.850000 1.194568
8.900000 2.486600
8.950000 0.754147
9.000000 0.659395
9.050000 1.323987
9.100000 -1.980873
9.150000 -1.686503
9.200000 -0.707270
9.250000 -0.286721
9.300000 -0.980836
9.350000 -1.223287
9.400000 0.743164
9.450000 1.064821
9.500000 2.381892
9.550000 0.598966
9.600000 0.724955
9.650000 2.200139
9.700000 -0.077466
9.750000 -3.034015
9.800000 0.336170
9.850000 -0.605837
9.900000 0.600158
9.950000 -3.007693
10.000000 -0.681336
10.050000 -3.682969
10.100000 -2.954926
10.150000 1.126279
10.200000 1.400049
10.250000 0.079337
10.300000 0.707551
10.350000 0.842494
10.400000 -0.040773
10.450000 0.617831
10.500000 -0.556851
10.550000 0.579208
10.600000 -2.663980
10.650000 -1.119537
10.700000 0.988766
10.750000 -1.244532
10.800000 0.107944
10.850000 1.063709
10.900000 0.711986
10.950000 2.084049
11.000000 2.305485
11.050000 2.831216
11.100000 2.528108
11.150000 0.085281
11.200000 -0.022905
11.250000 -0.253143
11.300000 -2.530180
11.350000 -1.398264
11.400000 -2.208155
11.450000 -1.661122
11.500000 -0.253640
11.550000 1.175194
11.600000 1.650622
11.650000 1.126385
11.700000 0.548495
11.750000 3.801520
11.800000 -1.079986
11.850000 -0.807381
11.900000 0.540141
11.950000 -0.328292
12.000000 -1.102593
12.050000 1.170186
12.100000 -2.478861
12.150000 -1.548279
12.200000 -1.510423
12.250000 -2.191571
12.300000 0.960286
12.350000 1.786999
12.400000 0.004462
12.450000 0.432127
12.500000 2.477021
12.550000 -1.264837
12.600000 -2.489750
12.650000 -1.161526
12.700000 -3.041179
12.750000 1.758668
12.800000 -0.013739
12.850000 0.557822
12.900000 2.308165
12.950000 -0.452961
13.000000 1.574799
13.050000 0.378890
13.100000 0.112565
13.150000 2.857813
13.200000 0.815848
13.250000 2.447056
13.300000 1.171981
13.350000 -0.254188
13.400000 -0.985083
13.450000 1.010823
13.500000 0.790671
13.550000 1.624671
13.600000 -0.656195
13.650000 1.361071
13.700000 -1.106068
13.750000 0.761287
13.800000 0.228781
13.850000 -0.938704
13.900000 0.229154
13.950000 0.295686
14.000000 1.526916
14.050000 0.843525
14.100000 1.348181
14.150000 0.215515
14.200000 -1.139040
14.250000 1.428050
14.300000 1.315423
14.350000 0.942499
14.400000 0.194641
14.450000 -0.050148
14.500000 -0.561305
14.550000 -3.917638
14.600000 1.235300
14.650000 1.240385
14.700000 -1.609679
14.750000 -2.532206
14.800000 -2.697900
14.850000 1.935452
14.900000 0.266186
14.950000 0.279635
15.000000 2.501709
15.050000 -1.697235
15.100000 1.390599
15.150000 0.266423
15.200000 -0.129778
15.250000 -1.161252
15.300000 -0.521723
15.350000 -1.162852
15.400000 -2.444948
15.450000 3.841029
15.500000 2.184524
15.550000 -1.542890
15.600000 2.918931
15.650000 0.258306
15.700000 0.584814
15.750000 -0.351025
15.800000 0.206983
15.850000 2.451040
15.900000 0.310708
15.950000 -0.929824
16.000000 1.270746
16.050000 -0.772773
16.100000 0.156610
16.150000 -0.426153
16.200000 -0.827341
16.250000 0.997016
16.300000 3.404462
16.350000 1.915618
16.400000 1.096477
16.450000 -0.337272
16.500000 -1.316656
16.550000 -1.123338
16.600000 -2.122431
16.650000 0.516262
16.700000 0.942643
16.750000 0.987843
16.800000 0.386933
16.850000 -1.027982
16.900000 -0.496871
16.950000 -1.787129
17.000000 2.875080
17.050000 0.648580
17.100000 1.190948
17.150000 1.950393
17.200000 1.977129
17.250000 0.644110
17.300000 -0.194247
17.350000 -2.013543
17.400000 -0.586747
17.450000 1.010239
17.500000 -2.035624
17.550000 0.058248
17.600000 -1.801807
17.650000 -3.210246
17.700000 -2.074110
17.750000 -2.005774
17.800000 -3.146605
17.850000 1.458950
17.900000 -0.094825
17.950000 -1.219162
18.000000 -0.424000
18.050000 -1.818304
18.100000 -2.680974
18.150000 0.562510
18.200000 -2.236925
18.250000 0.898898
18.300000 1.172149
18.350000 1.314987
18.400000 -1.462749
18.450000 -0.059655
18.500000 -0.448577
18.550000 2.238804
18.600000 1.329319
18.650000 0.516257
18.700000 1.723185
18.750000 0.532581
18.800000 -0.203754
18.850000 -1.681554
18.900000 -0.068214
18.950000 0.147774
19.000000 0.305264
19.050000 -0.972973
19.100000 -0.138113
19.150000 -2.954412
19.200000 0.919581
19.250000 2.985482
19.300000 3.648535
19.350000 2.274822
19.400000 1.163245
19.450000 1.836677
19.500000 1.394905
19.550000 0.896985
19.600000 -0.001181
19.650000 1.404091
19.700000 -2.582934
19.750000 -2.550389
19.799999 -1.668058
19.849999 -0.686970
19.899999 -1.946437
19.949999 -2.786279
