0.000000 1.366881
0.050000 2.700656
0.100000 2.020379
0.150000 1.642346
0.200000 1.717360
0.250000 2.115376
0.300000 2.558829
0.350000 0.773544
0.400000 5.017274
0.450000 1.348698
0.500000 2.065609
0.550000 -0.224601
0.600000 -3.129828
0.650000 -3.613399
0.700000 -1.779663
0.750000 -0.760943
0.800000 -2.080912
0.850000 -1.957701
0.900000 -0.919676
0.950000 -2.435781
1.000000 1.268410
1.050000 1.046711
1.100000 1.241204
1.150000 0.690835
1.200000 0.573769
1.250000 -1.824090
1.300000 -0.194716
1.350000 -0.039504
1.400000 0.608083
1.450000 1.393813
1.500000 3.043346
1.550000 1.220392
1.600000 3.383744
1.650000 0.507444
1.700000 1.243330
1.750000 0.827253
1.800000 -2.332755
1.850000 0.660926
1.900000 -2.350559
1.950000 -1.548732
2.000000 -0.100584
2.050000 0.443824
2.100000 0.885084
2.150000 -0.613378
2.200000 0.637098
2.250000 1.262757
2.300000 0.678434
2.350000 0.861240
2.400000 0.321524
2.450000 0.882783
2.500000 0.348316
2.550000 4.039327
2.600000 2.700015
2.650000 0.825805
2.700000 1.442095
2.750000 0.231617
2.800000 3.260561
2.850000 1.597085
2.900000 0.299074
2.950000 -1.202602
3.000000 -1.710039
3.050000 -3.127774
3.100000 -4.971391
3.150000 -4.412638
3.200000 -5.202743
3.250000 -4.503362
3.300000 -4.171845
3.350000 -1.294716
3.400000 -2.834632
3.450000 -0.323901
3.500000 2.879984
3.550000 4.032645
3.600000 7.614081
3.650000 8.849598
3.700000 10.982238
3.750000 9.234766
3.800000 11.575965
3.850000 10.559367
3.900000 9.004306
3.950000 10.378825
4.000000 5.557863
4.050000 3.537501
4.100000 -2.392256
4.150000 -3.598838
4.200000 -6.903420
4.250000 -10.325479
4.300000 -12.913335
4.350000 -13.067062
4.400000 -14.671237
4.450000 -17.075111
4.500000 -16.218374
4.550000 -12.511656
4.600000 -12.118884
4.650000 -5.373086
4.700000 -2.062241
4.750000 2.216820
4.800000 6.652447
4.850000 11.297967
4.900000 14.858060
4.950000 16.048517
5.000000 16.460005
5.050000 15.465756
5.100000 14.171407
5.150000 11.013232
5.200000 12.149675
5.250000 7.314608
5.300000 1.956167
5.350000 -0.338116
5.400000 -3.329637
5.450000 -8.248230
5.500000 -10.540685
5.550000 -11.274696
5.600000 -13.212464
5.650000 -15.318128
5.700000 -13.702850
5.750000 -11.576777
5.800000 -9.222694
5.850000 -4.569080
5.900000 -0.260460
5.950000 1.796775
6.000000 5.782472
6.050000 7.886325
6.100000 9.603722
6.150000 9.741138
6.200000 8.392611
6.250000 8.060417
6.300000 6.537531
6.350000 5.203406
6.400000 3.156712
6.450000 -0.213574
6.500000 0.064304
6.550000 -2.074233
6.600000 -4.605422
6.650000 -4.292220
6.700000 -5.967254
6.750000 -5.191405
6.800000 -6.870481
6.850000 -5.209855
6.900000 -1.911714
6.950000 0.405610
7.000000 0.809917
7.050000 1.113004
7.100000 1.122362
7.150000 3.504358
7.200000 3.151186
7.250000 5.123532
7.300000 5.583579
7.350000 4.352901
7.400000 2.427940
7.450000 2.803350
7.500000 -0.310097
7.550000 -0.314527
7.600000 -2.465205
7.650000 -1.650416
7.700000 -3.040803
7.750000 -4.020259
7.800000 -2.234500
7.850000 -1.861063
7.900000 -1.202673
7.950000 -2.310472
8.000000 1.100316
8.050000 1.422417
8.100000 1.957165
8.150000 0.214636
8.200000 2.461867
8.250000 2.391134
8.300000 1.502713
8.350000 3.829884
8.400000 3.250067
8.450000 2.641012
8.500000 0.263997
8.550000 0.557417
8.600000 1.421634
8.650000 2.838679
8.700000 0.349597
8.750000 1.074938
8.800000 0.597261
8.850000 -1.762176
8.900000 -0.338951
8.950000 -0.075445
9.000000 -1.195976
9.050000 -1.953828
9.100000 1.843437
9.150000 2.449502
9.200000 -1.316536
9.250000 -0.626986
9.300000 -1.581432
9.350000 0.768615
9.400000 -0.654126
9.450000 -0.849743
9.500000 -1.368753
9.550000 0.530440
9.600000 -0.007117
9.650000 1.344002
9.700000 0.263103
9.750000 3.670591
9.800000 1.019346
9.850000 -0.255402
9.900000 2.480797
9.950000 -0.645336
10.000000 -2.271292
10.050000 0.748165
10.100000 2.148804
10.150000 1.619246
10.200000 -0.836048
10.250000 2.337232
10.300000 1.601439
10.350000 -1.428168
10.400000 -3.267461
10.450000 -1.685199
10.500000 0.773691
10.550000 -1.545215
10.600000 -2.255502
10.650000 -1.227725
10.700000 1.351806
10.750000 -1.701622
10.800000 0.218414
10.850000 1.111640
10.900000 1.037104
10.950000 0.408204
11.000000 1.151225
11.050000 2.448662
11.100000 -0.493951
11.150000 2.868595
11.200000 -0.030074
11.250000 2.878938
11.300000 1.991940
11.350000 2.005571
11.400000 0.893950
11.450000 0.686335
11.500000 0.736412
11.550000 -0.393056
11.600000 0.154264
11.650000 -0.910731
11.700000 -0.443991
11.750000 -0.354362
11.800000 0.642489
11.850000 0.403034
11.900000 1.162592
11.950000 1.789649
12.000000 -0.116118
12.050000 -0.128817
12.100000 -1.204185
12.150000 1.537424
12.200000 -0.286381
12.250000 0.677523
12.300000 -0.613857
12.350000 1.636561
12.400000 -1.838081
12.450000 0.682149
12.500000 1.667595
12.550000 0.364615
12.600000 2.777808
12.650000 0.198931
12.700000 2.861256
12.750000 1.377511
12.800000 0.364582
12.850000 0.385709
12.900000 1.828759
12.950000 -0.866240
13.000000 -2.321814
13.050000 -0.349788
13.100000 0.659637
13.150000 0.057720
13.200000 2.704481
13.250000 0.388078
13.300000 1.351594
13.350000 -0.394420
13.400000 0.050028
13.450000 3.191938
13.500000 -2.782383
13.550000 0.266772
13.600000 0.950658
13.650000 -0.962854
13.700000 0.320991
13.750000 1.800484
13.800000 2.326681
13.850000 1.141841
13.900000 0.012177
13.950000 0.579398
14.000000 2.456881
14.050000 0.743774
14.100000 -0.551816
14.150000 -2.151067
14.200000 -1.612944
14.250000 -0.807604
14.300000 -0.276386
14.350000 -0.468647
14.400000 -1.925925
14.450000 -0.288332
14.500000 -0.144566
14.550000 -2.578681
14.600000 -0.719806
14.650000 1.103221
14.700000 1.527811
14.750000 1.543929
14.800000 0.438387
14.850000 -0.554295
14.900000 -0.394666
14.950000 2.060862
15.000000 -0.659850
15.050000 2.840979
15.100000 3.051030
15.150000 0.902342
15.200000 0.758690
15.250000 0.559406
15.300000 0.829641
15.350000 -1.630358
15.400000 -1.560119
15.450000 -1.030913
15.500000 -1.366216
15.550000 -2.201929
15.600000 -2.191601
15.650000 -1.130336
15.700000 -0.958236
15.750000 2.647393
15.800000 0.374371
15.850000 -1.191813
15.900000 -1.295980
15.950000 -0.203109
16.000000 -1.112558
16.050000 -1.819321
16.100000 3.278351
16.150000 1.765780
16.200000 2.481137
16.250000 2.755411
16.300000 1.219504
16.350000 -0.748831
16.400000 1.183337
16.450000 -1.062699
16.500000 0.148067
16.550000 -0.532252
16.600000 -1.603126
16.650000 -0.791685
16.700000 -0.062643
16.750000 -1.619362
16.800000 -1.052308
16.850000 -0.611727
16.900000 -1.857634
16.950000 0.980528
17.000000 0.617266
17.050000 -0.320015
17.100000 1.766551
17.150000 -0.298461
17.200000 -1.170552
17.250000 -0.161854
17.300000 -0.988149
17.350000 -0.658399
17.400000 0.463685
17.450000 1.890102
17.500000 -0.561485
17.550000 3.746512
17.600000 0.894224
17.650000 -0.158147
17.700000 3.047412
17.750000 -0.284465
17.800000 2.213009
17.850000 1.325036
17.900000 0.667329
17.950000 1.232304
18.000000 2.177050
18.050000 0.673158
18.100000 1.679481
18.150000 -1.999978
18.200000 -1.307765
18.250000 -2.311246
18.300000 -2.265512
18.350000 0.531910
18.400000 -0.627019
18.450000 -1.662093
18.500000 -2.507529
18.550000 -1.321473
18.600000 -0.986110
18.650000 1.206221
18.700000 1.678522
18.750000 -0.271229
18.800000 3.162440
18.850000 1.112688
18.900000 2.894535
18.950000 3.890512
19.000000 2.635149
19.050000 2.273370
19.100000 0.993125
19.150000 1.211074
19.200000 -0.273083
19.250000 2.184782
19.300000 1.166705
19.350000 1.045904
19.400000 0.359529
19.450000 1.817181
19.500000 -0.366138
19.550000 -1.880839
19.600000 -1.557635
19.650000 -4.425833
19.700000 -2.488833
19.750000 -0.871793
19.799999 0.952828
19.849999 0.417229
19.899999 1.461936
19.949999 1.342417
