0.000000 17.224487
0.050000 17.839113
0.100000 10.949093
0.150000 -23.960699
0.200000 -23.234032
0.250000 -4.862884
0.300000 6.387113
0.350000 -15.694690
0.400000 0.848431
0.450000 -6.967058
0.500000 3.903072
0.550000 17.451624
0.600000 30.183058
0.650000 3.727675
0.700000 -3.113075
0.750000 -11.507813
0.800000 -0.593642
0.850000 -9.264964
0.900000 -9.708159
0.950000 -1.323181
1.000000 12.566951
1.050000 5.186910
1.100000 8.041062
1.150000 18.744308
1.200000 11.535943
1.250000 -17.068180
1.300000 2.628435
1.350000 -5.141125
1.400000 -1.521290
1.450000 -6.515959
1.500000 -18.187048
1.550000 -3.483259
1.600000 -16.541477
1.650000 3.256905
1.700000 -3.250663
1.750000 21.321594
1.800000 36.395725
1.850000 13.435089
1.900000 38.262650
1.950000 55.060455
2.000000 40.803963
2.050000 30.549654
2.100000 30.461315
2.150000 2.054295
2.200000 -52.588524
2.250000 -68.594627
2.300000 -109.837746
2.350000 -74.339622
2.400000 -14.378186
2.450000 31.079374
2.500000 59.850578
2.550000 112.363327
2.600000 118.468437
2.650000 63.682938
2.700000 -4.938524
2.750000 -67.220520
2.800000 -158.121841
2.850000 -193.544907
2.900000 -138.053421
2.950000 -61.110455
3.000000 17.940928
3.050000 91.408524
3.100000 126.111191
3.150000 130.919754
3.200000 92.296638
3.250000 32.657452
3.300000 -40.033443
3.350000 -105.316048
3.400000 -131.334442
3.450000 -94.555328
3.500000 -66.240112
3.550000 -7.597643
3.600000 57.816963
3.650000 81.693619
3.700000 85.878418
3.750000 58.368679
3.800000 27.395050
3.850000 -6.249998
3.900000 -38.774567
3.950000 -67.228981
4.000000 -41.300461
4.050000 -34.946049
4.100000 -15.113461
4.150000 15.642004
4.200000 60.432449
4.250000 51.894318
4.300000 15.932092
4.350000 9.914454
4.400000 -23.145409
4.450000 -26.152246
4.500000 -41.077259
4.550000 -31.393564
4.600000 -1.249709
4.650000 0.809280
4.700000 13.954708
4.750000 35.188057
4.800000 27.901493
4.850000 16.585249
4.900000 1.965268
4.950000 -24.148014
5.000000 -6.563973
5.050000 -11.027973
5.100000 -15.708845
5.150000 -10.851665
5.200000 -11.924418
5.250000 9.837160
5.300000 -1.467272
5.350000 26.625586
5.400000 0.084687
5.450000 2.149158
5.500000 -8.202936
5.550000 -9.608214
5.600000 8.125344
5.650000 11.048930
5.700000 21.454908
5.750000 39.474609
5.800000 20.781729
5.850000 4.414537
5.900000 7.789422
5.950000 -28.373165
6.000000 -11.681750
6.050000 -6.657095
6.100000 -13.545859
6.150000 -7.980957
6.200000 -1.177501
6.250000 8.325509
6.300000 35.224716
6.350000 6.247537
6.400000 6.522274
6.450000 6.010355
6.500000 -4.188832
6.550000 -12.248135
6.600000 -13.728955
6.650000 -20.299097
6.700000 7.319432
6.750000 -8.293596
6.800000 3.704568
6.850000 -5.219547
6.900000 9.782277
6.950000 15.652475
7.000000 0.434454
7.050000 -10.215332
7.100000 -19.664656
7.150000 -10.857615
7.200000 2.685940
7.250000 -6.767103
7.300000 12.654425
7.350000 2.500067
7.400000 7.263284
7.450000 0.285750
7.500000 9.294684
7.550000 9.855289
7.600000 -19.971060
7.650000 -23.874222
7.700000 18.572941
7.750000 11.900027
7.800000 -2.866412
7.850000 9.658798
7.900000 27.416658
7.950000 28.941357
8.000000 -0.235775
8.050000 9.992374
8.100000 -6.191715
8.150000 -1.613151
8.200000 -11.101205
8.250000 -12.271627
8.300000 4.631477
8.350000 8.573523
8.400000 7.418925
8.450000 14.551582
8.500000 -11.618062
8.550000 13.645483
8.600000 -1.891747
8.650000 3.979933
8.700000 14.491940
8.750000 -17.081821
8.800000 -10.169766
8.850000 -4.540499
8.900000 3.539464
8.950000 23.338387
9.000000 -7.012706
9.050000 2.417063
9.100000 13.391111
9.150000 12.187855
9.200000 -1.036592
9.250000 -4.429366
9.300000 -3.991440
9.350000 -8.230019
9.400000 -10.556429
9.450000 -2.544589
9.500000 9.786421
9.550000 26.621889
9.600000 13.534283
9.650000 6.551267
9.700000 -4.187089
9.750000 9.991940
9.800000 17.449406
9.850000 -5.516369
9.900000 -3.002149
9.950000 8.840871
10.000000 16.425339
10.050000 0.378431
10.100000 0.890321
10.150000 13.062222
10.200000 9.408169
10.250000 -10.677841
10.300000 18.343683
10.350000 5.821336
10.400000 14.980864
10.450000 10.185169
10.500000 -5.859753
10.550000 -17.633921
10.600000 7.430965
10.650000 16.599600
10.700000 8.214555
10.750000 9.367897
10.800000 4.188255
10.850000 -8.651322
10.900000 8.298263
10.950000 12.977384
11.000000 0.828137
11.050000 -11.732261
11.100000 -13.780087
11.150000 -4.110888
11.200000 -11.989100
11.250000 18.863764
11.300000 -14.381129
11.350000 5.821739
11.400000 11.702239
11.450000 12.881112
11.500000 13.178257
11.550000 -13.056468
11.600000 -23.340721
11.650000 -1.506498
11.700000 -1.198687
11.750000 -0.444830
11.800000 19.946056
11.850000 10.288919
11.900000 10.529394
11.950000 5.168862
12.000000 4.749461
12.050000 10.215142
12.100000 -9.810694
12.150000 -15.599479
12.200000 6.763713
12.250000 -5.569208
12.300000 12.403967
12.350000 7.736650
12.400000 -10.462491
12.450000 2.445271
12.500000 6.849736
12.550000 6.954733
12.600000 16.474989
12.650000 -22.054878
12.700000 -4.350818
12.750000 -5.461386
12.800000 3.681443
12.850000 -0.854520
12.900000 -1.595143
12.950000 8.348041
13.000000 -13.947941
13.050000 6.975756
13.100000 3.218356
13.150000 -3.719756
13.200000 0.460180
13.250000 9.507264
13.300000 15.210022
13.350000 -3.573564
13.400000 -13.208057
13.450000 -9.562147
13.500000 -9.133953
13.550000 -7.720829
13.600000 8.649431
13.650000 3.270457
13.700000 7.320262
13.750000 -2.416386
13.800000 8.777730
13.850000 4.872388
13.900000 21.852583
13.950000 -1.714691
14.000000 11.339746
14.050000 8.562968
14.100000 -19.189524
14.150000 -5.483210
14.200000 -16.354036
14.250000 12.264859
14.300000 -12.614116
14.350000 6.426549
14.400000 5.272498
14.450000 15.855423
14.500000 17.873726
14.550000 14.278328
14.600000 24.509203
14.650000 10.563003
14.700000 12.832695
14.750000 6.634344
14.800000 -7.761433
14.850000 -28.651112
14.900000 -10.736890
14.950000 14.752060
15.000000 36.717701
15.050000 5.953817
15.100000 23.182863
15.150000 5.221359
15.200000 -6.288239
15.250000 -17.235104
15.300000 -18.261288
15.350000 -24.341782
15.400000 -11.258512
15.450000 -9.630087
15.500000 5.421631
15.550000 -19.886387
15.600000 19.942196
15.650000 -7.076880
15.700000 7.315618
15.750000 9.015262
15.800000 3.109355
15.850000 -2.087779
15.900000 -4.552806
15.950000 -0.099093
16.000000 -14.249908
16.050000 -6.691035
16.100000 12.265781
16.150000 5.199462
16.200000 8.231847
16.250000 13.860741
16.300000 11.444727
16.350000 19.774887
16.400000 -3.266855
16.450000 -14.926576
16.500000 -4.480860
16.550000 -6.704345
16.600000 15.449761
16.650000 0.894318
16.700000 31.771132
16.750000 7.318470
16.800000 1.666630
16.850000 -3.644711
16.900000 12.609494
16.950000 12.669539
17.000000 1.084344
17.050000 -13.971745
17.100000 11.705512
17.150000 19.992764
17.200000 3.250697
17.250000 3.592331
17.300000 17.631592
17.350000 0.867535
17.400000 -5.295072
17.450000 -12.452235
17.500000 -3.028157
17.550000 -13.127069
17.600000 12.798502
17.650000 1.320330
17.700000 -9.962203
17.750000 -1.233065
17.800000 14.136205
17.850000 -3.855660
17.900000 -1.555934
17.950000 -4.983329
18.000000 -17.676538
18.050000 -20.154091
18.100000 7.961797
18.150000 -7.800271
18.200000 -2.131543
18.250000 -13.883426
18.300000 -8.998174
18.350000 14.548820
18.400000 -25.504292
18.450000 -21.266457
18.500000 -2.734674
18.550000 2.727823
18.600000 4.803906
18.650000 13.942266
18.700000 5.063520
18.750000 -6.454269
18.800000 -25.509310
18.850000 -10.477635
18.900000 5.864281
18.950000 29.669067
19.000000 24.754160
19.050000 9.714065
19.100000 -9.133799
19.150000 -3.717281
19.200000 7.302514
19.250000 -1.858523
19.300000 8.263877
19.350000 8.363860
19.400000 12.721379
19.450000 -1.449889
19.500000 11.003373
19.550000 -6.183969
19.600000 6.454131
19.650000 17.816797
19.700000 0.736066
19.750000 -11.505929
19.799999 6.949477
19.849999 -2.597706
19.899999 19.265253
19.949999 28.524868
