0.000000 4.106879
0.050000 -1.925967
0.100000 2.634857
0.150000 2.960128
0.200000 2.917854
0.250000 -0.038196
0.300000 5.100645
0.350000 0.008032
0.400000 -0.075070
0.450000 -0.998771
0.500000 -1.984539
0.550000 1.395075
0.600000 -0.219667
0.650000 -0.477440
0.700000 -0.257275
0.750000 2.474503
0.800000 -0.915824
0.850000 -1.899598
0.900000 -0.052216
0.950000 -0.725639
1.000000 1.860548
1.050000 -0.830225
1.100000 5.581770
1.150000 -2.005161
1.200000 -1.526123
1.250000 0.591562
1.300000 -1.003861
1.350000 -1.233450
1.400000 3.802471
1.450000 -0.897998
1.500000 -0.520450
1.550000 2.658540
1.600000 0.661732
1.650000 -0.475724
1.700000 0.903830
1.750000 0.320516
1.800000 -1.569365
1.850000 -0.254789
1.900000 -3.227258
1.950000 -0.066677
2.000000 -2.198007
2.050000 0.048633
2.100000 -0.974113
2.150000 0.910377
2.200000 -2.444960
2.250000 0.199562
2.300000 1.036025
2.350000 -0.252148
2.400000 2.029991
2.450000 1.954359
2.500000 2.825027
2.550000 1.643901
2.600000 4.084164
2.650000 1.993680
2.700000 1.534578
2.750000 0.641456
2.800000 2.009026
2.850000 0.865653
2.900000 -2.340095
2.950000 1.852031
3.000000 -2.590205
3.050000 -1.499359
3.100000 -2.668291
3.150000 -4.686706
3.200000 -3.671163
3.250000 -5.242796
3.300000 -3.058990
3.350000 -0.460271
3.400000 -2.551048
3.450000 1.418232
3.500000 3.347979
3.550000 4.260556
3.600000 10.309326
3.650000 9.803018
3.700000 13.409356
3.750000 9.698282
3.800000 11.238113
3.850000 11.650582
3.900000 5.886711
3.950000 0.480900
4.000000 -8.504052
4.050000 -12.510963
4.100000 -10.497894
4.150000 -10.839714
4.200000 -13.162623
4.250000 -20.425449
4.300000 -13.866869
4.350000 -11.442706
4.400000 -6.048979
4.450000 -0.391904
4.500000 -0.487209
4.550000 8.841301
4.600000 6.748092
4.650000 12.008763
4.700000 15.729235
4.750000 12.190084
4.800000 14.363076
4.850000 12.652931
4.900000 9.507633
4.950000 11.236093
5.000000 0.960930
5.050000 1.297432
5.100000 -4.579932
5.150000 -10.121963
5.200000 -10.274060
5.250000 -10.046341
5.300000 -12.493609
5.350000 -6.134553
5.400000 -7.893355
5.450000 -8.085989
5.500000 -2.599458
5.550000 -1.721374
5.600000 6.292886
5.650000 7.352845
5.700000 12.851793
5.750000 10.336618
5.800000 4.441942
5.850000 3.460717
5.900000 4.052821
5.950000 4.549935
6.000000 2.264765
6.050000 1.669200
6.100000 -4.089948
6.150000 -4.784651
6.200000 -4.294877
6.250000 -4.868083
6.300000 -4.168771
6.350000 -8.337059
6.400000 -5.002209
6.450000 -4.310246
6.500000 -1.447342
6.550000 -1.539955
6.600000 2.922745
6.650000 4.019770
6.700000 3.055397
6.750000 4.640979
6.800000 1.063818
6.850000 2.228660
6.900000 0.952863
6.950000 2.293591
7.000000 0.864462
7.050000 -3.295679
7.100000 4.303739
7.150000 -1.872524
7.200000 -0.862443
7.250000 -0.532150
7.300000 -2.248417
7.350000 -5.019775
7.400000 0.529802
7.450000 -1.891807
7.500000 2.585727
7.550000 1.400038
7.600000 0.785388
7.650000 2.040422
7.700000 2.076317
7.750000 1.059883
7.800000 0.344701
7.850000 1.305572
7.900000 0.397296
7.950000 -0.220900
8.000000 -2.857861
8.050000 -1.228721
8.100000 -3.180090
8.150000 -0.717217
8.200000 0.096417
8.250000 5.384885
8.300000 2.082382
8.350000 1.572162
8.400000 -1.842827
8.450000 2.253025
8.500000 3.191571
8.550000 0.721972
8.600000 2.675211
8.650000 -1.862794
8.700000 0.286472
8.750000 -0.530432
8.800000 0.848248
8.850000 -0.511753
8.900000 0.639610
8.950000 -3.174514
9.000000 0.204627
9.050000 -1.319322
9.100000 -3.188881
9.150000 -3.740409
9.200000 -1.777660
9.250000 0.094389
9.300000 -0.254340
9.350000 3.297479
9.400000 2.208866
9.450000 3.030358
9.500000 4.407320
9.550000 2.641984
9.600000 0.225290
9.650000 -3.095862
9.700000 0.097944
9.750000 2.771583
9.800000 -0.374053
9.850000 2.217494
9.900000 0.409481
9.950000 0.413216
10.000000 -0.676916
10.050000 0.996572
10.100000 -3.297780
10.150000 -2.381310
10.200000 -4.058678
10.250000 2.070652
10.300000 -1.947001
10.350000 1.406664
10.400000 1.069726
10.450000 -0.978489
10.500000 0.514524
10.550000 -0.519279
10.600000 -0.179901
10.650000 -3.900601
10.700000 0.629601
10.750000 0.615753
10.800000 -0.895876
10.850000 0.192115
10.900000 0.035528
10.950000 0.080301
11.000000 -4.143314
11.050000 2.429530
11.100000 0.620448
11.150000 -3.175742
11.200000 0.318731
11.250000 -0.589344
11.300000 1.461518
11.350000 2.188212
11.400000 2.607077
11.450000 0.370302
11.500000 -0.053527
11.550000 0.414102
11.600000 0.885617
11.650000 0.432515
11.700000 -3.291250
11.750000 -1.913456
11.800000 -0.018118
11.850000 1.597117
11.900000 1.251404
11.950000 0.683336
12.000000 -0.026806
12.050000 1.152847
12.100000 -2.304823
12.150000 -1.682885
12.200000 -1.647906
12.250000 1.608968
12.300000 0.180927
12.350000 0.422688
12.400000 -0.182720
12.450000 -0.460047
12.500000 0.661488
12.550000 1.786857
12.600000 -0.060732
12.650000 1.230733
12.700000 -2.512834
12.750000 0.022053
12.800000 -0.076391
12.850000 1.442856
12.900000 0.390664
12.950000 -1.637908
13.000000 4.254314
13.050000 -2.147878
13.100000 0.027506
13.150000 3.674335
13.200000 -0.845695
13.250000 -0.922656
13.300000 0.509183
13.350000 2.360058
13.400000 0.019033
13.450000 -1.560324
13.500000 0.411865
13.550000 3.891257
13.600000 -0.571884
13.650000 2.610106
13.700000 -2.889889
13.750000 -1.498706
13.800000 -3.814832
13.850000 1.160650
13.900000 0.816800
13.950000 3.324940
14.000000 3.944431
14.050000 -2.020554
14.100000 -0.381110
14.150000 -1.461097
14.200000 -1.516804
14.250000 -0.861596
14.300000 0.878821
14.350000 0.157745
14.400000 -2.731516
14.450000 1.893922
14.500000 -0.451195
14.550000 1.150907
14.600000 1.736212
14.650000 -4.393047
14.700000 0.186319
14.750000 0.351535
14.800000 -1.356302
14.850000 0.421065
14.900000 -1.479119
14.950000 -2.191773
15.000000 -2.860313
15.050000 -2.121828
15.100000 -2.642200
15.150000 -2.148667
15.200000 -1.494253
15.250000 -0.674680
15.300000 -0.933062
15.350000 0.126002
15.400000 -0.890423
15.450000 -0.175385
15.500000 -0.825273
15.550000 -1.588825
15.600000 1.803975
15.650000 1.665733
15.700000 0.526360
15.750000 -2.301071
15.800000 -1.894485
15.850000 3.223753
15.900000 3.048287
15.950000 2.291193
16.000000 -0.408332
16.050000 -0.229156
16.100000 -2.852092
16.150000 0.283323
16.200000 0.848214
16.250000 -3.986543
16.300000 0.311249
16.350000 -1.557469
16.400000 3.282651
16.450000 -0.807043
16.500000 2.699576
16.550000 -1.230275
16.600000 0.984604
16.650000 5.679800
16.700000 -3.390918
16.750000 -1.120894
16.800000 -1.608563
16.850000 -2.640116
16.900000 -0.006824
16.950000 2.831264
17.000000 -2.358957
17.050000 -0.304816
17.100000 4.340598
17.150000 -0.533400
17.200000 1.712497
17.250000 -3.203417
17.300000 -1.144176
17.350000 -1.502122
17.400000 0.457266
17.450000 0.862057
17.500000 2.787750
17.550000 -2.456908
17.600000 0.651317
17.650000 2.412961
17.700000 -0.815938
17.750000 -2.755093
17.800000 -1.171269
17.850000 -1.283301
17.900000 3.387328
17.950000 -2.553144
18.000000 -1.683678
18.050000 2.987939
18.100000 -2.814585
18.150000 -3.521080
18.200000 -0.692792
18.250000 -1.404514
18.300000 -1.070806
18.350000 -0.223125
18.400000 -0.888386
18.450000 -2.887395
18.500000 4.033497
18.550000 1.507401
18.600000 2.390472
18.650000 -1.078295
18.700000 -0.134570
18.750000 2.358059
18.800000 -2.356819
18.850000 2.473188
18.900000 -1.567487
18.950000 1.170086
19.000000 1.013542
19.050000 -0.941250
19.100000 2.878344
19.150000 -2.680318
19.200000 -2.684970
19.250000 -1.209230
19.300000 -2.750453
19.350000 -2.687921
19.400000 -5.119627
19.450000 -0.092517
19.500000 -0.003028
19.550000 -3.962678
19.600000 -1.228763
19.650000 -0.547851
19.700000 0.635383
19.750000 0.254134
19.799999 0.715638
19.849999 1.219841
19.899999 0.611669
19.949999 1.367355
