0.000000 2.512412
0.050000 0.319831
0.100000 0.827448
0.150000 -2.238620
0.200000 -1.810856
0.250000 -2.411181
0.300000 -2.528467
0.350000 -2.866930
0.400000 1.617714
0.450000 2.200922
0.500000 1.596078
0.550000 1.307035
0.600000 0.675537
0.650000 2.177959
0.700000 0.470179
0.750000 0.250681
0.800000 1.412291
0.850000 1.555381
0.900000 0.165854
0.950000 -0.495728
1.000000 1.174269
1.050000 1.333971
1.100000 3.952464
1.150000 3.260198
1.200000 1.528155
1.250000 0.161965
1.300000 -3.021024
1.350000 -0.320875
1.400000 -0.881652
1.450000 -0.393983
1.500000 -0.976195
1.550000 -2.310802
1.600000 -1.140832
1.650000 1.606350
1.700000 -0.078028
1.750000 -1.102234
1.800000 -1.252313
1.850000 -1.688814
1.900000 0.905839
1.950000 2.793175
2.000000 3.267303
2.050000 0.885888
2.100000 2.590247
2.150000 0.872910
2.200000 1.883366
2.250000 0.831953
2.300000 -1.342108
2.350000 3.210955
2.400000 0.404260
2.450000 -0.752323
2.500000 0.730785
2.550000 3.467437
2.600000 0.060090
2.650000 -1.164377
2.700000 -1.972896
2.750000 -4.222772
2.800000 -4.061571
2.850000 -1.816862
2.900000 -3.762845
2.950000 -5.579784
3.000000 -6.005839
3.050000 -5.944271
3.100000 -0.881474
3.150000 -1.576852
3.200000 3.601469
3.250000 5.308226
3.300000 11.679162
3.350000 12.039452
3.400000 14.634553
3.450000 15.843993
3.500000 18.488678
3.550000 16.675154
3.600000 10.563301
3.650000 8.784044
3.700000 3.577938
3.750000 -6.714168
3.800000 -7.422735
3.850000 -15.281762
3.900000 -20.518021
3.950000 -22.620211
4.000000 -22.686398
4.050000 -21.548683
4.100000 -17.417410
4.150000 -15.166345
4.200000 -7.698301
4.250000 -2.552002
4.300000 5.672084
4.350000 10.986360
4.400000 15.061850
4.450000 17.543575
4.500000 18.352207
4.550000 18.658888
4.600000 14.388306
4.650000 12.924098
4.700000 10.808276
4.750000 5.060812
4.800000 2.283541
4.850000 2.274838
4.900000 -6.545405
4.950000 -8.169733
5.000000 -8.779433
5.050000 -7.952934
5.100000 -12.052398
5.150000 -8.748930
5.200000 -6.254241
5.250000 -5.955754
5.300000 -2.491539
5.350000 -0.802430
5.400000 2.656130
5.450000 3.735649
5.500000 5.967866
5.550000 4.796990
5.600000 5.043680
5.650000 3.787692
5.700000 5.397901
5.750000 4.924146
5.800000 3.044627
5.850000 0.789021
5.900000 -1.515497
5.950000 2.647918
6.000000 -4.885874
6.050000 -3.309200
6.100000 -3.048618
6.150000 -0.295170
6.200000 -3.767036
6.250000 -2.987475
6.300000 -0.571038
6.350000 -3.527931
6.400000 -0.634409
6.450000 2.427592
6.500000 4.025942
6.550000 1.393526
6.600000 2.963471
6.650000 1.817168
6.700000 2.634120
6.750000 1.136487
6.800000 1.316593
6.850000 1.357672
6.900000 -0.486361
6.950000 -0.769841
7.000000 1.333762
7.050000 0.393633
7.100000 -1.312244
7.150000 -3.773844
7.200000 -3.616109
7.250000 -3.979767
7.300000 -1.919286
7.350000 -2.937271
7.400000 1.576486
7.450000 -0.068212
7.500000 0.811931
7.550000 1.217353
7.600000 1.865686
7.650000 4.233683
7.700000 0.811690
7.750000 0.978820
7.800000 2.067148
7.850000 -0.162248
7.900000 -2.645570
7.950000 0.309397
8.000000 -1.376060
8.050000 -0.823254
8.100000 2.479985
8.150000 -1.277957
8.200000 3.369967
8.250000 1.992125
8.300000 1.966885
8.350000 0.444339
8.400000 -0.978308
8.450000 2.558185
8.500000 1.484031
8.550000 0.597128
8.600000 0.349457
8.650000 -0.442952
8.700000 -2.014482
8.750000 -0.582998
8.800000 -1.022501
8.850000 -4.162188
8.900000 -2.209265
8.950000 -5.627831
9.000000 -1.470370
9.050000 -2.347994
9.100000 3.548779
9.150000 1.441139
9.200000 3.073739
9.250000 3.413176
9.300000 5.065802
9.350000 4.394111
9.400000 4.133604
9.450000 0.523418
9.500000 0.129581
9.550000 0.880357
9.600000 0.300075
9.650000 -2.872014
9.700000 2.441912
9.750000 -0.182376
9.800000 -3.519855
9.850000 -6.784987
9.900000 -1.655749
9.950000 -2.444592
10.000000 -0.433510
10.050000 1.370299
10.100000 2.246593
10.150000 3.099672
10.200000 1.806668
10.250000 -0.295719
10.300000 0.420952
10.350000 -0.046918
10.400000 -2.716141
10.450000 -1.964462
10.500000 0.272778
10.550000 4.140426
10.600000 0.052353
10.650000 -1.252710
10.700000 -0.675514
10.750000 -0.118895
10.800000 1.033871
10.850000 0.310234
10.900000 1.765477
10.950000 1.545249
11.000000 -1.501926
11.050000 -1.544743
11.100000 -1.143043
11.150000 -1.648413
11.200000 1.610471
11.250000 2.687282
11.300000 1.297956
11.350000 2.969351
11.400000 0.735979
11.450000 -0.427710
11.500000 1.528500
11.550000 -1.375937
11.600000 0.732701
11.650000 1.788544
11.700000 -0.768896
11.750000 1.672390
11.800000 0.096193
11.850000 1.378534
11.900000 0.338620
11.950000 -0.496074
12.000000 0.701518
12.050000 -0.288814
12.100000 0.751251
12.150000 -0.037510
12.200000 0.606226
12.250000 2.916497
12.300000 1.356813
12.350000 -0.970163
12.400000 -1.152406
12.450000 -0.091680
12.500000 -0.889225
12.550000 -0.278969
12.600000 3.436512
12.650000 1.453869
12.700000 0.715180
12.750000 1.004466
12.800000 -1.407104
12.850000 -1.174438
12.900000 0.917668
12.950000 -4.170339
13.000000 -2.758464
13.050000 -0.637455
13.100000 -3.355308
13.150000 2.097776
13.200000 3.908849
13.250000 2.362906
13.300000 2.300719
13.350000 2.765766
13.400000 2.142365
13.450000 2.159818
13.500000 1.813906
13.550000 0.037917
13.600000 -2.051661
13.650000 -1.269800
13.700000 0.792625
13.750000 4.285561
13.800000 0.917198
13.850000 -0.140856
13.900000 -3.165423
13.950000 -0.329798
14.000000 -0.531142
14.050000 1.784433
14.100000 0.397868
14.150000 -0.975810
14.200000 -0.731638
14.250000 -0.352082
14.300000 -1.041894
14.350000 0.176725
14.400000 2.732818
14.450000 0.539502
14.500000 -0.081371
14.550000 -1.679917
14.600000 1.814641
14.650000 1.666995
14.700000 -1.374742
14.750000 -1.189887
14.800000 -0.284654
14.850000 -0.592852
14.900000 -0.646878
14.950000 -3.464625
15.000000 -1.790155
15.050000 -2.073153
15.100000 -1.417802
15.150000 -1.342697
15.200000 -1.173594
15.250000 -0.540390
15.300000 -2.223425
15.350000 -0.016021
15.400000 1.641877
15.450000 0.794304
15.500000 -2.552115
15.550000 1.625026
15.600000 1.663122
15.650000 -0.044084
15.700000 3.307667
15.750000 1.968899
15.800000 4.229306
15.850000 1.068302
15.900000 -0.304872
15.950000 0.949510
16.000000 0.713287
16.050000 -1.318630
16.100000 2.857756
16.150000 -1.883915
16.200000 -1.642367
16.250000 -1.796501
16.300000 -1.157981
16.350000 1.931903
16.400000 1.727099
16.450000 -0.691780
16.500000 -1.412854
16.550000 1.986377
16.600000 -0.737893
16.650000 -2.992048
16.700000 0.278979
16.750000 -1.860346
16.800000 -0.030936
16.850000 -3.430906
16.900000 -1.498370
16.950000 0.081359
17.000000 0.281628
17.050000 -1.345924
17.100000 -0.935220
17.150000 1.635748
17.200000 0.351548
17.250000 2.106640
17.300000 -0.801903
17.350000 1.396817
17.400000 3.227397
17.450000 1.847383
17.500000 3.049786
17.550000 1.855171
17.600000 2.041668
17.650000 -1.232075
17.700000 2.537733
17.750000 0.555255
17.800000 0.117802
17.850000 -1.811351
17.900000 -2.671010
17.950000 -3.398311
18.000000 -0.553822
18.050000 0.821924
18.100000 -0.209884
18.150000 0.786169
18.200000 -1.822016
18.250000 1.647154
18.300000 0.710769
18.350000 0.998036
18.400000 1.567741
18.450000 0.644093
18.500000 1.992880
18.550000 0.703667
18.600000 1.740364
18.650000 1.124796
18.700000 2.826243
18.750000 -0.874825
18.800000 2.608893
18.850000 3.141568
18.900000 1.684738
18.950000 -1.253781
19.000000 -0.455251
19.050000 -0.477462
19.100000 -3.340557
19.150000 -1.043250
19.200000 1.278247
19.250000 -0.504970
19.300000 -0.513646
19.350000 -3.833683
19.400000 0.980915
19.450000 2.427510
19.500000 3.051776
19.550000 3.884450
19.600000 1.213522
19.650000 2.138758
19.700000 -1.330818
19.750000 -0.993828
19.799999 1.186559
19.849999 1.435084
19.899999 1.234532
19.949999 0.828674
