0.000000 -4.289811
0.050000 0.989974
0.100000 0.296575
0.150000 10.676511
0.200000 1.018241
0.250000 -6.624394
0.300000 3.517766
0.350000 -5.400607
0.400000 6.188165
0.450000 -1.540628
0.500000 2.478142
0.550000 -5.843161
0.600000 2.185119
0.650000 0.925370
0.700000 -1.186732
0.750000 -8.008587
0.800000 3.844726
0.850000 -7.111621
0.900000 -8.655175
0.950000 -4.753663
1.000000 -2.186659
1.050000 -2.891299
1.100000 4.976759
1.150000 -3.360977
1.200000 -2.272501
1.250000 -2.225518
1.300000 5.300510
1.350000 7.915969
1.400000 13.625712
1.450000 9.195039
1.500000 8.191192
1.550000 3.987077
1.600000 -6.804918
1.650000 -31.776251
1.700000 -33.691059
1.750000 4.463070
1.800000 43.520802
1.850000 50.901512
1.900000 -4.155508
1.950000 -27.898729
2.000000 5.423151
2.050000 46.786209
2.100000 39.038609
2.150000 -9.519774
2.200000 -35.313087
2.250000 -11.934187
2.300000 14.291789
2.350000 0.018873
2.400000 -10.759271
2.450000 -5.517489
2.500000 12.637974
2.550000 22.145857
2.600000 1.471188
2.650000 -25.357458
2.700000 -10.286742
2.750000 11.534591
2.800000 18.127733
2.850000 -8.512314
2.900000 -31.097555
2.950000 -12.449315
3.000000 15.172655
3.050000 6.769083
3.100000 6.478061
3.150000 -16.829950
3.200000 2.197571
3.250000 -7.091118
3.300000 -1.783416
3.350000 6.699799
3.400000 2.285436
3.450000 -9.449708
3.500000 -3.049530
3.550000 10.200770
3.600000 9.887696
3.650000 4.497755
3.700000 -4.277626
3.750000 2.554648
3.800000 6.785052
3.850000 0.036154
3.900000 -3.342733
3.950000 -6.006361
4.000000 8.727938
4.050000 -3.230547
4.100000 3.798946
4.150000 3.748396
4.200000 -9.107322
4.250000 -1.363119
4.300000 -2.322509
4.350000 6.075957
4.400000 -1.470392
4.450000 2.001828
4.500000 -7.328767
4.550000 -8.828272
4.600000 -1.058427
4.650000 1.485482
4.700000 5.079584
4.750000 -7.906256
4.800000 -14.627436
4.850000 -0.614126
4.900000 5.293675
4.950000 -0.680457
5.000000 -6.246278
5.050000 9.091603
5.100000 -0.852403
5.150000 -9.562161
5.200000 1.456322
5.250000 4.337895
5.300000 -7.801208
5.350000 2.053938
5.400000 -3.215997
5.450000 -0.165523
5.500000 -2.400247
5.550000 -0.631149
5.600000 3.400214
5.650000 5.306478
5.700000 -3.213572
5.750000 -2.357930
5.800000 -5.240189
5.850000 -1.797261
5.900000 5.238053
5.950000 -1.204119
6.000000 -7.560487
6.050000 -4.325355
6.100000 14.637009
6.150000 -1.159275
6.200000 -3.324878
6.250000 3.378314
6.300000 -6.904489
6.350000 -0.441124
6.400000 0.296093
6.450000 6.045296
6.500000 -1.337140
6.550000 -4.762428
6.600000 7.350267
6.650000 -0.637624
6.700000 4.252288
6.750000 -13.352747
6.800000 3.639322
6.850000 2.954153
6.900000 4.389437
6.950000 -4.134141
7.000000 7.604674
7.050000 -0.150085
7.100000 12.070054
7.150000 1.677661
7.200000 3.909008
7.250000 -7.948057
7.300000 3.816268
7.350000 7.635979
7.400000 -1.064223
7.450000 -1.647685
7.500000 -1.023231
7.550000 2.361759
7.600000 8.265034
7.650000 -7.322092
7.700000 -2.382875
7.750000 -9.369553
7.800000 -5.177542
7.850000 8.422800
7.900000 -3.526029
7.950000 1.229704
7.999999 -2.108648
8.049999 11.565429
8.100000 7.659688
8.150000 2.431263
8.200000 4.984361
8.250000 6.357265
8.300000 8.631714
8.350000 -0.054708
8.400000 1.696619
8.450000 6.434654
8.500000 2.948736
8.549999 2.748157
8.599999 7.647748
8.650000 -2.892720
8.700000 9.765648
8.750000 2.250106
8.800000 -4.737325
8.850000 7.337523
8.900000 4.556908
8.950000 7.864752
9.000000 2.224699
9.050000 5.545384
9.099999 1.152525
9.149999 3.336586
9.200000 8.458556
9.250000 -3.821527
9.300000 -2.601209
9.350000 0.897926
9.400000 -0.506807
9.450000 -0.954730
9.500000 9.278457
9.550000 4.808921
9.600000 5.426657
9.649999 -5.240030
9.699999 1.513008
9.750000 -2.501539
9.800000 -11.417359
9.850000 -6.676314
9.900000 -4.495595
9.950000 -5.571466
10.000000 1.007973
10.050000 1.937897
10.100000 -4.463379
10.150000 3.178561
10.199999 5.977210
10.249999 -2.185045
10.300000 4.046792
10.350000 -3.517461
10.400000 2.925326
10.450000 1.428042
10.500000 4.175446
10.550000 -3.849703
10.600000 10.114133
10.650000 -5.023222
10.700000 -4.658062
10.749999 0.067303
10.799999 10.765198
10.849999 3.271789
10.900000 -1.984507
10.950000 5.700065
11.000000 -4.018305
11.050000 0.476098
11.100000 0.528439
11.150000 9.491012
11.200000 9.000254
11.250000 7.931706
11.299999 6.170922
11.349999 0.694511
11.399999 -3.525645
11.450000 10.835528
11.500000 3.750894
11.550000 -0.685612
11.600000 -3.202691
11.650000 -7.598838
11.700000 -5.184292
11.750000 -2.103358
11.800000 1.098247
11.849999 4.919228
11.899999 -3.058899
11.949999 0.348688
12.000000 7.452899
12.050000 4.247669
12.100000 8.340626
12.150000 -0.819556
12.200000 15.856436
12.250000 5.704467
12.300000 4.748960
12.350000 -1.938564
12.399999 4.351693
12.449999 8.098816
12.499999 4.515068
12.550000 -2.476545
12.600000 22.444128
12.650000 5.560147
12.700000 -4.429297
12.750000 6.210049
12.800000 0.093511
12.850000 -2.454646
12.900000 1.992133
12.949999 0.475038
12.999999 -0.425869
13.049999 5.899722
13.100000 -2.324862
13.150000 -6.364431
13.200000 -2.287741
13.250000 2.277918
13.300000 8.043316
13.350000 -2.016656
13.400000 4.257569
13.450000 -9.928214
13.499999 3.270388
13.549999 3.431768
13.599999 -0.240762
13.650000 -5.561203
13.700000 3.391688
13.750000 6.921425
13.800000 3.300574
13.850000 7.286949
13.900000 -4.940884
13.950000 10.333197
14.000000 12.507592
14.049999 0.934316
14.099999 -8.830405
14.149999 0.975103
14.200000 7.007570
14.250000 -5.729381
14.300000 3.289484
14.350000 -3.233556
14.400000 -14.808192
14.450000 0.522289
14.500000 -2.023690
14.549999 3.359013
14.599999 -13.260639
14.649999 2.426942
14.699999 -6.888996
14.750000 8.292199
14.800000 5.660509
14.850000 10.019733
14.900000 1.451397
14.950000 -2.493126
15.000000 9.214593
15.050000 16.546299
15.099999 1.830511
15.149999 4.404955
15.199999 -2.964432
15.249999 -1.531591
15.299999 3.123902
15.350000 8.509520
15.400000 -4.176540
15.450000 0.853832
15.500000 1.502214
15.550000 2.208069
15.600000 -1.747870
15.650000 -0.834160
15.699999 -0.100828
15.750000 -13.235289
15.799999 -4.029244
15.850000 4.454724
15.899999 -3.577995
15.950000 6.130221
15.999999 4.593442
16.050000 -3.367336
16.099999 6.781162
16.150000 -1.233644
16.200000 -2.011887
16.249999 1.913541
16.300000 2.204766
16.349999 3.165354
16.400000 5.047235
16.449999 7.607691
16.500000 7.089391
16.549999 4.685473
16.600000 4.158855
16.649999 0.161407
16.700000 6.354701
16.750000 -11.734854
16.799999 -8.121606
16.850000 9.212491
16.899999 2.426968
16.950000 5.252312
16.999999 2.206938
17.050000 -1.197549
17.099999 6.235695
17.150000 5.347933
17.199999 3.988215
17.250000 9.872804
17.300000 0.794545
17.349999 -8.454712
17.400000 4.915401
17.449999 -6.082165
17.500000 -10.059106
17.549999 3.863229
17.600000 2.509463
17.649999 -0.085950
17.700000 -6.404266
17.749999 -5.561568
17.800000 -2.275346
17.850000 -1.370261
17.899999 -6.307683
17.950000 -0.426824
17.999999 -3.438364
18.050000 2.220174
18.099999 -2.511672
18.150000 -8.469739
18.199999 -6.957791
18.250000 3.601458
18.299999 0.233239
18.350000 -5.956827
18.400000 5.067986
18.449999 -1.838650
18.500000 -2.782943
18.549999 -13.736867
18.600000 0.825717
18.649999 6.462997
18.700000 -0.526639
18.749999 2.449920
18.800000 0.145577
18.849999 1.503765
18.900000 7.259115
18.950000 -11.331216
18.999999 5.745911
19.050000 5.222436
19.099999 1.125492
19.150000 -1.377032
19.199999 0.275700
19.250000 1.768677
19.299999 -3.527246
19.350000 4.268480
19.399999 -4.865197
19.450000 -1.595899
19.500000 -6.178945
19.549999 -4.179946
19.600000 -0.106501
19.649999 -3.775809
19.700000 2.705703
19.749999 1.496060
19.800000 9.749172
19.849999 7.216969
19.900000 -0.136531
19.949999 -1.388513
