0.000000 -6.628327
0.050000 -9.171495
0.100000 1.758039
0.150000 10.049057
0.200000 -14.276647
0.250000 3.642113
0.300000 18.877012
0.350000 8.445168
0.400000 -1.432429
0.450000 3.262960
0.500000 10.619816
0.550000 3.348688
0.600000 3.398720
0.650000 16.004318
0.700000 11.790966
0.750000 8.770891
0.800000 17.042261
0.850000 12.718238
0.900000 -1.406545
0.950000 5.386818
1.000000 -17.342390
1.050000 -12.385051
1.100000 1.958638
1.150000 -6.507339
1.200000 16.016031
1.250000 5.259697
1.300000 -4.497939
1.350000 -4.975131
1.400000 -4.681784
1.450000 12.604148
1.500000 -13.536080
1.550000 -12.096327
1.600000 30.359755
1.650000 14.607811
1.700000 3.385668
1.750000 -4.443664
1.800000 25.050455
1.850000 -16.372143
1.900000 16.156353
1.950000 -13.148767
2.000000 11.352420
2.050000 -29.427816
2.100000 -6.975209
2.150000 12.723436
2.200000 2.599327
2.250000 -16.428776
2.300000 1.183720
2.350000 -9.383841
2.400000 19.928902
2.450000 10.034623
2.500000 3.443204
2.550000 15.141529
2.600000 4.290510
2.650000 24.232569
2.700000 -7.237584
2.750000 8.535159
2.800000 22.669950
2.850000 10.779912
2.900000 10.470349
2.950000 8.371800
3.000000 16.567360
3.050000 -7.970821
3.100000 -0.422571
3.150000 8.044456
3.200000 7.807945
3.250000 10.985408
3.300000 40.135387
3.350000 20.551960
3.400000 31.050793
3.450000 4.498322
3.500000 24.040285
3.550000 13.144778
3.600000 4.714625
3.650000 3.016384
3.700000 -24.221001
3.750000 -12.849636
3.800000 -56.986691
3.850000 -38.603836
3.900000 -46.307724
3.950000 -31.221052
4.000000 -72.283203
4.050000 -81.739594
4.100000 -61.894703
4.150000 -55.722805
4.200000 -61.416649
4.250000 -78.013596
4.300000 -52.392063
4.350000 -39.682915
4.400000 -49.856537
4.450000 -33.033478
4.500000 -42.232262
4.550000 -14.525684
4.600000 -18.613461
4.650000 3.143604
4.700000 -1.368461
4.750000 29.342546
4.800000 12.729118
4.850000 23.106333
4.900000 25.480938
4.950000 43.361389
5.000000 50.977150
5.050000 64.474655
5.100000 89.601311
5.150000 57.954273
5.200000 55.184536
5.250000 89.338249
5.300000 104.523018
5.350000 72.203949
5.400000 98.130333
5.450000 99.946716
5.500000 75.953720
5.550000 84.070427
5.600000 79.248573
5.650000 70.247131
5.700000 77.098663
5.750000 60.086468
5.800000 55.798447
5.850000 46.981392
5.900000 44.774155
5.950000 21.660404
6.000000 12.617593
6.050000 32.198166
6.100000 20.609411
6.150000 -13.480142
6.200000 -23.323051
6.250000 -37.947220
6.300000 -28.721533
6.350000 -51.191296
6.400000 -56.551128
6.450000 -47.816856
6.500000 -69.263695
6.550000 -72.070152
6.600000 -81.686363
6.650000 -96.019592
6.700000 -83.079620
6.750000 -98.984940
6.800000 -75.788208
6.850000 -68.984032
6.900000 -96.023087
6.950000 -98.851181
7.000000 -65.492996
7.050000 -95.337120
7.100000 -72.881104
7.150000 -59.818104
7.200000 -65.934868
7.250000 -67.407066
7.300000 -70.003059
7.350000 -35.717026
7.400000 -27.675358
7.450000 -25.811108
7.500000 -15.745551
7.550000 -5.047714
7.600000 13.405812
7.650000 12.889003
7.700000 4.413524
7.750000 28.308798
7.800000 10.677422
7.850000 36.300037
7.900000 49.027386
7.950000 58.713150
7.999999 79.219330
8.049999 87.320290
8.100000 85.858192
8.150000 79.946213
8.200000 90.760994
8.250000 68.636261
8.300000 87.606201
8.350000 84.723557
8.400000 84.801048
8.450000 88.865852
8.500000 76.164398
8.549999 53.258877
8.599999 88.155182
8.650000 46.702778
8.700000 68.734779
8.750000 46.663528
8.800000 29.589115
8.850000 33.971062
8.900000 50.747742
8.950000 27.768101
9.000000 13.822617
9.050000 8.896261
9.099999 2.322009
9.149999 2.645802
9.200000 1.821682
9.250000 -10.461326
9.300000 -15.524682
9.350000 -30.818647
9.400000 -34.253670
9.450000 -30.003672
9.500000 -32.682922
9.550000 -48.428150
9.600000 -51.625500
9.649999 -46.521229
9.699999 -50.224155
9.750000 -26.809692
9.800000 -44.014141
9.850000 -42.331490
9.900000 -34.487988
9.950000 -39.974342
10.000000 -48.152248
10.050000 -35.527035
10.100000 -50.308804
10.150000 -40.952854
10.199999 -25.227913
10.249999 -17.781258
10.300000 -9.817540
10.350000 -1.717063
10.400000 -31.676556
10.450000 -3.081455
10.500000 12.492437
10.550000 1.027781
10.600000 -6.020167
10.650000 30.399019
10.700000 17.639311
10.749999 12.149968
10.799999 31.466204
10.849999 -1.119130
10.900000 44.939377
10.950000 36.399078
11.000000 28.449574
11.050000 16.502865
11.100000 22.590956
11.150000 4.206973
11.200000 13.260842
11.250000 33.620182
11.299999 1.411004
11.349999 27.227253
11.399999 12.953141
11.450000 31.499960
11.500000 24.073580
11.550000 4.956326
11.600000 11.006397
11.650000 7.235598
11.700000 29.784704
11.750000 -1.036950
11.800000 10.656569
11.849999 24.266939
11.899999 23.170231
11.949999 30.252230
12.000000 2.693695
12.050000 1.873245
12.100000 12.673381
12.150000 -13.613236
12.200000 -14.593596
12.250000 -14.461750
12.300000 10.524867
12.350000 -21.124132
12.399999 -1.450948
12.449999 8.003059
12.499999 8.584583
12.550000 7.945796
12.600000 -12.520668
12.650000 11.062820
12.700000 -3.332894
12.750000 1.015909
12.800000 23.886244
12.850000 -16.236757
12.900000 -27.219519
12.949999 -29.757406
12.999999 -22.648094
13.049999 -26.399036
13.100000 2.035609
13.150000 -5.218359
13.200000 -13.562573
13.250000 -8.648616
13.300000 8.424186
13.350000 14.314417
13.400000 -3.086302
13.450000 -31.522148
13.499999 -23.034336
13.549999 0.975378
13.599999 -6.588949
13.650000 -8.715656
13.700000 22.301176
13.750000 -0.903634
13.800000 7.763437
13.850000 -2.388823
13.900000 4.641032
13.950000 18.211826
14.000000 -3.248586
14.049999 24.575449
14.099999 26.020784
14.149999 -0.369485
14.200000 16.084478
14.250000 7.872752
14.300000 31.581192
14.350000 8.742824
14.400000 21.292477
14.450000 -0.514136
14.500000 -4.088190
14.549999 6.060000
14.599999 -6.733937
14.649999 18.565546
14.699999 17.284994
14.750000 11.078417
14.800000 12.257073
14.850000 14.249049
14.900000 10.020291
14.950000 -7.260213
15.000000 15.479572
15.050000 9.842076
15.099999 0.069675
15.149999 -1.756592
15.199999 -3.811857
15.249999 6.796222
15.299999 26.436638
15.350000 21.764572
15.400000 3.185782
15.450000 -3.899624
15.500000 -16.731453
15.550000 9.109986
15.600000 10.889960
15.650000 -14.951930
15.699999 6.061349
15.750000 7.154735
15.799999 -6.563468
15.850000 -10.136850
15.899999 34.079517
15.950000 -16.266680
15.999999 5.991676
16.050000 6.547839
16.099999 9.862826
16.150000 -22.845556
16.200000 -6.431813
16.249999 -11.358216
16.300000 0.014365
16.349999 -10.625772
16.400000 -4.962845
16.449999 7.583483
16.500000 11.814910
16.549999 -10.738927
16.600000 0.842648
16.649999 -26.551203
16.700000 -17.074379
16.750000 -10.449099
16.799999 -1.600626
16.850000 -2.699803
16.899999 8.032755
16.950000 -21.122183
16.999999 -3.986309
17.050000 3.071238
17.099999 -26.809416
17.150000 -10.854175
17.199999 -18.344524
17.250000 1.777886
17.300000 5.443570
17.349999 -8.551358
17.400000 -5.297274
17.449999 -10.924434
17.500000 11.986255
17.549999 10.741452
17.600000 4.991894
17.649999 2.955881
17.700000 3.877487
17.749999 7.022871
17.800000 4.748572
17.850000 9.700392
17.899999 5.858283
17.950000 4.601164
17.999999 -4.483203
18.050000 9.412255
18.099999 -15.652215
18.150000 11.864324
18.199999 -17.191456
18.250000 -12.499204
18.299999 17.564312
18.350000 9.182710
18.400000 -0.992284
18.449999 -2.695232
18.500000 38.298447
18.549999 15.951482
18.600000 10.032196
18.649999 7.744083
18.700000 13.023677
18.749999 2.903901
18.800000 23.269026
18.849999 1.492045
18.900000 11.639463
18.950000 7.567443
18.999999 -4.184715
19.050000 -12.749019
19.099999 -7.753444
19.150000 7.867844
19.199999 9.245621
19.250000 -10.891042
19.299999 4.936625
19.350000 -9.660180
19.399999 -18.648739
19.450000 -13.574387
19.500000 -11.785001
19.549999 -12.708813
19.600000 -1.141453
19.649999 -16.687284
19.700000 -15.074376
19.749999 -6.579339
19.800000 -14.896437
19.849999 -15.536255
19.900000 10.927313
19.949999 -6.731798
