0.000000 -0.186414
0.050000 -1.487743
0.100000 -2.109335
0.150000 1.125574
0.200000 -0.217658
0.250000 2.283658
0.300000 0.819466
0.350000 1.690242
0.400000 0.234504
0.450000 1.107483
0.500000 1.107087
0.550000 1.636682
0.600000 0.071541
0.650000 2.426435
0.700000 -1.614525
0.750000 -0.812590
0.800000 -1.912150
0.850000 1.025615
0.900000 -0.375331
0.950000 0.959911
1.000000 0.847106
1.050000 0.402881
1.100000 0.645418
1.150000 0.249558
1.200000 -0.393588
1.250000 0.200702
1.300000 -0.063469
1.350000 -0.638528
1.400000 -0.190106
1.450000 0.009615
1.500000 0.666614
1.550000 -0.609357
1.600000 1.056303
1.650000 0.638207
1.700000 -0.695100
1.750000 -1.038314
1.800000 0.341252
1.850000 0.483979
1.900000 0.346162
1.950000 1.001637
2.000000 0.873737
2.050000 0.760443
2.100000 -0.499213
2.150000 -0.717507
2.200000 1.552330
2.250000 -1.380511
2.300000 1.506004
2.350000 0.951639
2.400000 -1.006586
2.450000 -2.150427
2.500000 1.406466
2.550000 -2.560489
2.600000 -1.928981
2.650000 -2.443723
2.700000 -0.837136
2.750000 0.360686
2.800000 0.692826
2.850000 -1.194062
2.900000 -0.028178
2.950000 -1.914040
3.000000 -1.453754
3.050000 -1.389363
3.100000 -1.691556
3.150000 -1.056306
3.200000 1.326399
3.250000 2.251447
3.300000 1.626451
3.350000 5.314293
3.400000 6.416818
3.450000 4.972782
3.500000 7.918850
3.550000 3.021596
3.600000 0.660593
3.650000 -1.036206
3.700000 -3.570027
3.750000 -7.686784
3.800000 -12.429791
3.850000 -11.128761
3.900000 -12.392352
3.950000 -10.548123
4.000000 -5.220222
4.050000 -1.543322
4.100000 3.259300
4.150000 6.169169
4.200000 11.801064
4.250000 13.498442
4.300000 11.327669
4.350000 12.532249
4.400000 11.599642
4.450000 4.968728
4.500000 2.431860
4.550000 -3.522511
4.600000 -6.158983
4.650000 -11.796671
4.700000 -11.302357
4.750000 -12.210932
4.800000 -10.006706
4.850000 -10.456837
4.900000 -4.474316
4.950000 -1.218868
5.000000 5.347056
5.050000 5.734627
5.100000 10.466590
5.150000 12.094339
5.200000 10.063033
5.250000 9.118494
5.300000 7.056627
5.350000 4.356019
5.400000 1.818456
5.450000 -4.304571
5.500000 -6.002389
5.550000 -8.384676
5.600000 -10.435943
5.650000 -8.632302
5.700000 -5.117328
5.750000 -3.891727
5.800000 0.907778
5.850000 3.135406
5.900000 6.717546
5.950000 6.497863
6.000000 6.814011
6.050000 7.732646
6.100000 6.052197
6.150000 4.691046
6.200000 1.843242
6.250000 0.569250
6.300000 -2.805029
6.350000 -5.360736
6.400000 -6.604797
6.450000 -7.616809
6.500000 -2.880062
6.550000 -0.996039
6.600000 -0.824370
6.650000 0.596946
6.700000 2.471075
6.750000 3.270601
6.800000 2.077097
6.850000 3.467420
6.900000 2.788553
6.950000 1.368541
7.000000 -0.933241
7.050000 -2.032120
7.100000 -3.054330
7.150000 -2.033466
7.200000 -2.727325
7.250000 -0.469398
7.300000 0.388469
7.350000 0.419815
7.400000 -0.006552
7.450000 1.188729
7.500000 3.108749
7.550000 0.690857
7.600000 -1.603181
7.650000 -1.349043
7.700000 -1.837765
7.750000 -0.972357
7.800000 -0.756414
7.850000 -1.364516
7.900000 -0.332741
7.950000 1.207814
8.000000 1.934161
8.050000 2.220041
8.100000 3.284534
8.150000 1.656163
8.200000 1.028962
8.250000 0.046297
8.300000 -1.600421
8.350000 -1.398877
8.400000 -0.784372
8.450000 -0.658544
8.500000 -3.572870
8.550000 -2.886294
8.600000 -2.312928
8.650000 -0.949358
8.700000 -2.324467
8.750000 -0.593598
8.800000 1.851224
8.850000 0.638385
8.900000 -0.729695
8.950000 0.829131
9.000000 1.938430
9.050000 0.485696
9.100000 2.688576
9.150000 2.399221
9.200000 -0.376287
9.250000 -0.201050
9.300000 -1.559126
9.350000 0.145692
9.400000 -0.408480
9.450000 -1.433692
9.500000 0.298676
9.550000 -1.562119
9.600000 0.548669
9.650000 -1.831205
9.700000 0.609657
9.750000 2.209832
9.800000 0.671008
9.850000 3.238711
9.900000 -0.330805
9.950000 1.801632
10.000000 0.529532
10.050000 -0.715448
10.100000 0.453337
10.150000 -2.375504
10.200000 -0.675057
10.250000 -0.673216
10.300000 0.223491
10.350000 -1.310328
10.400000 -0.112285
10.450000 1.521037
10.500000 0.989411
10.550000 2.191545
10.600000 -0.462272
10.650000 2.014834
10.700000 -0.737892
10.750000 -0.490802
10.800000 0.039103
10.850000 1.300888
10.900000 -1.153066
10.950000 -0.613613
11.000000 0.100731
11.050000 1.725334
11.100000 -0.169210
11.150000 -0.761630
11.200000 0.247574
11.250000 1.213737
11.300000 0.893359
11.350000 0.010280
11.400000 -0.334779
11.450000 -0.536275
11.500000 -0.333533
11.550000 0.305447
11.600000 0.237318
11.650000 0.813467
11.700000 0.368148
11.750000 -0.852890
11.800000 0.524540
11.850000 -0.681765
11.900000 -0.363548
11.950000 -1.085669
12.000000 1.796583
12.050000 -2.732835
12.100000 0.348263
12.150000 -0.601714
12.200000 0.846953
12.250000 -0.848135
12.300000 -0.357663
12.350000 0.481349
12.400000 -1.522041
12.450000 1.666937
12.500000 0.615867
12.550000 -0.575098
12.600000 0.907908
12.650000 1.682176
12.700000 -0.713702
12.750000 -1.773438
12.800000 -1.134070
12.850000 1.404477
12.900000 -0.169826
12.950000 1.423888
13.000000 0.729714
13.050000 -0.313806
13.100000 1.371795
13.150000 -0.615891
13.200000 0.976456
13.250000 -1.155853
13.300000 -0.802504
13.350000 -0.803707
13.400000 0.508666
13.450000 0.196463
13.500000 0.022999
13.550000 -2.542755
13.600000 -0.630909
13.650000 -1.532096
13.700000 -0.640779
13.750000 -0.244578
13.800000 0.833734
13.850000 -0.137176
13.900000 1.155494
13.950000 0.319649
14.000000 0.504474
14.050000 0.184268
14.100000 -0.207119
14.150000 0.598274
14.200000 0.356438
14.250000 -0.141108
14.300000 -0.280660
14.350000 1.083897
14.400000 1.290740
14.450000 0.513026
14.500000 0.139678
14.550000 0.252073
14.600000 -2.990936
14.650000 -2.612810
14.700000 -0.163804
14.750000 -1.217786
14.800000 1.998532
14.850000 1.864154
14.900000 -0.650111
14.950000 -0.142314
15.000000 1.353968
15.050000 -0.432075
15.100000 1.824922
15.150000 0.473680
15.200000 0.471503
15.250000 0.991900
15.300000 1.386804
15.350000 0.701154
15.400000 2.087013
15.450000 -2.893185
15.500000 -2.217956
15.550000 0.684684
15.600000 1.357974
15.650000 0.087093
15.700000 -0.801104
15.750000 -1.140619
15.800000 -0.025845
15.850000 1.394599
15.900000 0.017116
15.950000 0.113430
16.000000 1.693816
16.050000 1.592941
16.100000 0.136321
16.150000 0.019074
16.200000 -1.611670
16.250000 0.841983
16.300000 2.314078
16.350000 0.606151
16.400000 0.128383
16.450000 -0.987424
16.500000 -0.961061
16.550000 1.902232
16.600000 -0.186881
16.650000 0.465673
16.700000 -1.171238
16.750000 1.287012
16.800000 1.864783
16.850000 2.645244
16.900000 -1.428275
16.950000 0.969048
17.000000 0.838167
17.050000 0.398380
17.100000 1.145202
17.150000 2.472933
17.200000 -0.046876
17.250000 2.407080
17.300000 1.644782
17.350000 2.645624
17.400000 0.976874
17.450000 2.275669
17.500000 -0.239190
17.550000 -2.362072
17.600000 -0.223693
17.650000 -1.708109
17.700000 0.653097
17.750000 -0.126019
17.800000 -0.489897
17.850000 0.301777
17.900000 -0.700092
17.950000 -0.946262
18.000000 -0.270651
18.050000 0.643309
18.100000 -0.126274
18.150000 -1.688566
18.200000 -0.936418
18.250000 -0.473145
18.300000 1.642898
18.350000 1.764583
18.400000 0.111353
18.450000 0.238178
18.500000 0.819659
18.550000 0.294231
18.600000 -0.641618
18.650000 0.263404
18.700000 0.547250
18.750000 -0.157450
18.800000 -0.525807
18.850000 0.125428
18.900000 -0.130111
18.950000 1.168085
19.000000 -2.829780
19.050000 -1.021700
19.100000 -0.688810
19.150000 -0.080963
19.200000 -0.357053
19.250000 -0.653909
19.300000 1.119191
19.350000 2.180953
19.400000 0.333746
19.450000 1.080622
19.500000 0.555591
19.550000 0.850853
19.600000 1.313544
19.650000 0.920488
19.700000 0.549855
19.750000 -1.880417
19.799999 -1.960069
19.849999 -1.619041
19.899999 1.286526
19.949999 -1.165812
