0.000000 5.618646
0.050000 -7.755301
0.100000 7.661550
0.150000 23.028769
0.200000 9.138741
0.250000 3.387352
0.300000 1.164655
0.350000 4.850515
0.400000 7.778963
0.450000 12.417501
0.500000 -2.523231
0.550000 -2.299122
0.600000 2.876628
0.650000 16.761250
0.700000 16.031174
0.750000 -5.540385
0.800000 -0.139918
0.850000 -8.176309
0.900000 9.335666
0.950000 2.749526
1.000000 -14.025983
1.050000 11.241470
1.100000 2.997383
1.150000 -3.580200
1.200000 0.818570
1.250000 10.442860
1.300000 -13.184128
1.350000 3.789842
1.400000 12.249846
1.450000 -24.075308
1.500000 -3.717032
1.550000 27.965292
1.600000 27.034964
1.650000 37.241924
1.700000 42.353333
1.750000 12.953359
1.800000 -17.875149
1.850000 -60.699780
1.900000 -99.994370
1.950000 -112.087219
2.000000 -82.442047
2.050000 52.830948
2.100000 123.618462
2.150000 172.926865
2.200000 124.638664
2.250000 11.040634
2.300000 -128.908554
2.350000 -230.244629
2.400000 -166.426971
2.450000 -52.608177
2.500000 90.943703
2.550000 188.266632
2.600000 148.839523
2.650000 59.821095
2.700000 -36.864449
2.750000 -107.294930
2.800000 -77.989532
2.850000 -53.654861
2.900000 17.357527
2.950000 68.992126
3.000000 50.632214
3.050000 6.851474
3.100000 -53.103668
3.150000 -75.882095
3.200000 -38.516659
3.250000 31.214617
3.300000 43.903076
3.350000 38.386349
3.400000 42.183449
3.450000 -10.189375
3.500000 -52.526329
3.550000 -51.514576
3.600000 -31.225967
3.650000 12.278320
3.700000 23.015221
3.750000 63.708481
3.800000 30.348747
3.850000 19.142136
3.900000 -24.917356
3.950000 -28.534296
4.000000 -23.027136
4.050000 -11.822116
4.100000 -3.747646
4.150000 10.286924
4.200000 14.003004
4.250000 24.928654
4.300000 21.725904
4.350000 -13.475127
4.400000 -27.020599
4.450000 4.096682
4.500000 -9.063470
4.550000 -11.888713
4.600000 15.805831
4.650000 -21.737711
4.700000 -29.416616
4.750000 -22.177502
4.800000 6.033021
4.850000 6.644956
4.900000 10.934628
4.950000 1.095883
5.000000 1.779605
5.050000 -15.980594
5.100000 -7.018997
5.150000 10.411244
5.200000 8.461377
5.250000 0.860752
5.300000 21.398533
5.350000 9.686000
5.400000 18.013037
5.450000 30.914467
5.500000 -3.538048
5.550000 -23.956594
5.600000 1.886686
5.650000 -22.364952
5.700000 6.789113
5.750000 -5.272793
5.800000 -8.397628
5.850000 26.223141
5.900000 -23.960741
5.950000 -6.727583
6.000000 -31.390368
6.050000 -5.336778
6.100000 1.569263
6.150000 -14.071751
6.200000 -3.151543
6.250000 30.535240
6.300000 -18.037477
6.350000 0.124325
6.400000 -2.116532
6.450000 14.338515
6.500000 1.844139
6.550000 1.543959
6.600000 15.639253
6.650000 22.389343
6.700000 7.333892
6.750000 -6.727812
6.800000 -7.840852
6.850000 15.881285
6.900000 4.996093
6.950000 6.705327
7.000000 17.485512
7.050000 14.467208
7.100000 -0.347529
7.150000 -16.562332
7.200000 -0.940922
7.250000 11.587915
7.300000 -6.369514
7.350000 -1.881083
7.400000 25.659702
7.450000 28.670599
7.500000 9.971450
7.550000 0.929747
7.600000 -6.278722
7.650000 0.430158
7.700000 -6.710364
7.750000 -12.851330
7.800000 2.623038
7.850000 3.133652
7.900000 -35.257687
7.950000 7.466663
7.999999 13.763829
8.049999 -5.730892
8.100000 5.380720
8.150000 1.165996
8.200000 2.595017
8.250000 11.388197
8.300000 15.932340
8.350000 -13.287924
8.400000 -14.117332
8.450000 -2.625680
8.500000 18.218067
8.549999 32.348118
8.599999 21.767513
8.650000 -12.635830
8.700000 7.236661
8.750000 12.425029
8.800000 9.301294
8.850000 14.544627
8.900000 11.122896
8.950000 5.030781
9.000000 1.408883
9.050000 10.586047
9.099999 10.890335
9.149999 12.567744
9.200000 -1.449620
9.250000 -7.191732
9.300000 19.488064
9.350000 -5.915709
9.400000 -6.536528
9.450000 1.239440
9.500000 1.959725
9.550000 7.057244
9.600000 1.756692
9.649999 -23.942472
9.699999 -17.022831
9.750000 5.276609
9.800000 4.282730
9.850000 5.903808
9.900000 2.286212
9.950000 -0.638656
10.000000 -7.440301
10.050000 3.968144
10.100000 -0.743382
10.150000 8.888556
10.199999 -29.296839
10.249999 31.782265
10.300000 -4.893136
10.350000 -15.314023
10.400000 -3.587496
10.450000 11.672223
10.500000 -7.541067
10.550000 -18.526730
10.600000 -2.979800
10.650000 10.988842
10.700000 -1.313411
10.749999 22.362701
10.799999 15.001946
10.849999 9.909439
10.900000 5.921426
10.950000 -4.403976
11.000000 -3.280905
11.050000 -18.358452
11.100000 16.424231
11.150000 0.338506
11.200000 8.511525
11.250000 20.731585
11.299999 -7.754516
11.349999 -19.813705
11.399999 0.226899
11.450000 34.073387
11.500000 14.348569
11.550000 -1.757488
11.600000 -0.571446
11.650000 7.926459
11.700000 12.018876
11.750000 -6.702212
11.800000 -6.495554
11.849999 16.823887
11.899999 11.352807
11.949999 -16.092247
12.000000 -10.360346
12.050000 -21.679453
12.100000 -26.100185
12.150000 -3.141985
12.200000 -4.366910
12.250000 -10.936392
12.300000 15.071149
12.350000 8.266026
12.399999 -9.791893
12.449999 0.433732
12.499999 -18.212563
12.550000 -6.046776
12.600000 2.015830
12.650000 16.340284
12.700000 -11.074395
12.750000 16.408188
12.800000 15.545773
12.850000 15.385830
12.900000 2.787269
12.949999 11.315116
12.999999 -16.456972
13.049999 -5.067326
13.100000 -1.858070
13.150000 -13.291917
13.200000 -14.594387
13.250000 -15.055929
13.300000 -0.231506
13.350000 -17.526758
13.400000 1.622552
13.450000 8.650374
13.499999 5.901988
13.549999 9.414979
13.599999 -6.379679
13.650000 -20.146248
13.700000 -3.338534
13.750000 27.087234
13.800000 6.145109
13.850000 2.322084
13.900000 1.951616
13.950000 -5.487924
14.000000 10.363695
14.049999 24.272308
14.099999 13.864747
14.149999 3.654023
14.200000 14.371631
14.250000 -7.015546
14.300000 -27.746279
14.350000 -19.565519
14.400000 -12.904785
14.450000 5.287478
14.500000 -7.339540
14.549999 9.327093
14.599999 -26.340584
14.649999 2.898628
14.699999 -1.753945
14.750000 6.708585
14.800000 -41.207333
14.850000 -12.584009
14.900000 -1.133489
14.950000 21.272224
15.000000 -12.396227
15.050000 -8.326587
15.099999 20.970228
15.149999 -1.960668
15.199999 11.070023
15.249999 7.081456
15.299999 8.630794
15.350000 3.853865
15.400000 -12.231614
15.450000 -24.319160
15.500000 12.877945
15.550000 3.803652
15.600000 13.444536
15.650000 1.990861
15.699999 9.962495
15.750000 0.521122
15.799999 3.662076
15.850000 -5.873451
15.899999 -2.667270
15.950000 7.960438
15.999999 20.882240
16.050000 -18.951796
16.099999 0.936164
16.150000 -13.175720
16.200000 14.595146
16.249999 23.697592
16.300000 -1.813337
16.349999 21.037601
16.400000 -22.182924
16.449999 2.508240
16.500000 -16.421646
16.549999 -10.909014
16.600000 32.189640
16.649999 -10.780716
16.700000 6.563526
16.750000 16.161556
16.799999 -4.773347
16.850000 1.271563
16.899999 -11.471854
16.950000 -4.819497
16.999999 17.395681
17.050000 -11.032459
17.099999 -5.045640
17.150000 15.208985
17.199999 4.456320
17.250000 -11.527475
17.300000 26.915665
17.349999 6.827334
17.400000 13.927063
17.449999 3.872802
17.500000 12.487328
17.549999 -10.079451
17.600000 11.207019
17.649999 1.551373
17.700000 12.349178
17.749999 24.770651
17.800000 6.685441
17.850000 1.668174
17.899999 2.190101
17.950000 -0.589965
17.999999 -16.625053
18.050000 19.690310
18.099999 -18.654318
18.150000 -9.375675
18.199999 -10.615517
18.250000 11.670252
18.299999 -3.361668
18.350000 -6.833123
18.400000 5.017823
18.449999 13.320075
18.500000 19.615496
18.549999 27.914736
18.600000 -1.477321
18.649999 -16.541685
18.700000 -8.115312
18.749999 14.038287
18.800000 7.619853
18.849999 -13.207203
18.900000 25.217257
18.950000 37.619884
18.999999 17.644728
19.050000 8.872713
19.099999 -10.449671
19.150000 -22.204477
19.199999 -4.392049
19.250000 -12.348613
19.299999 -16.058475
19.350000 11.573519
19.399999 6.632352
19.450000 -13.600579
19.500000 14.666175
19.549999 15.429276
19.600000 -0.469993
19.649999 2.360428
19.700000 5.030881
19.749999 -21.757462
19.800000 19.146095
19.849999 -8.545574
19.900000 3.637261
19.949999 5.424644
