0.000000 -1.435443
0.050000 0.088038
0.100000 0.488504
0.150000 1.006324
0.200000 3.349900
0.250000 0.826280
0.300000 0.776382
0.350000 1.950486
0.400000 -0.391369
0.450000 0.371528
0.500000 -0.811591
0.550000 -0.158673
0.600000 0.957685
0.650000 -0.760241
0.700000 -1.047886
0.750000 3.069254
0.800000 3.458284
0.850000 2.453331
0.900000 1.193085
0.950000 -0.922961
1.000000 0.778492
1.050000 1.190162
1.100000 0.060367
1.150000 0.069490
1.200000 -0.484141
1.250000 0.408029
1.300000 0.962229
1.350000 1.002237
1.400000 0.578114
1.450000 -0.012694
1.500000 2.572432
1.550000 0.913603
1.600000 1.374716
1.650000 -0.710777
1.700000 -0.216085
1.750000 -2.105224
1.800000 -0.383077
1.850000 -0.523594
1.900000 -1.738176
1.950000 -0.480171
2.000000 1.260461
2.050000 2.546731
2.100000 1.661283
2.150000 1.917414
2.200000 2.854144
2.250000 1.343701
2.300000 -1.179700
2.350000 -2.993040
2.400000 -2.824711
2.450000 -4.359895
2.500000 -7.932971
2.550000 -7.783809
2.600000 -2.920099
2.650000 2.179819
2.700000 6.064655
2.750000 10.147999
2.800000 12.338734
2.850000 9.204782
2.900000 5.666584
2.950000 0.303122
3.000000 -6.457411
3.050000 -12.292513
3.100000 -14.017295
3.150000 -14.362448
3.200000 -8.779945
3.250000 -2.741213
3.300000 3.674007
3.350000 11.014416
3.400000 12.677855
3.450000 8.918032
3.500000 8.048730
3.550000 1.058772
3.600000 -4.335264
3.650000 -9.749600
3.700000 -10.607703
3.750000 -8.092626
3.800000 -5.898893
3.850000 -0.576640
3.900000 4.568618
3.950000 4.768476
4.000000 8.239573
4.050000 5.863400
4.100000 2.955659
4.150000 -1.124016
4.200000 -3.583457
4.250000 -4.194354
4.300000 -4.033843
4.350000 -3.398200
4.400000 -0.799845
4.450000 1.420425
4.500000 4.932907
4.550000 3.015530
4.600000 3.119444
4.650000 2.277094
4.700000 -0.525065
4.750000 -1.597588
4.800000 -0.059883
4.850000 -2.837289
4.900000 -1.040702
4.950000 -0.915752
5.000000 0.887197
5.050000 1.606482
5.100000 1.471413
5.150000 1.197588
5.200000 -0.695006
5.250000 -3.066473
5.300000 0.487845
5.350000 -0.981631
5.400000 1.120542
5.450000 0.479315
5.500000 0.731568
5.550000 0.597698
5.600000 -0.328701
5.650000 -0.401950
5.700000 -0.282229
5.750000 0.875450
5.800000 0.155918
5.850000 -0.630802
5.900000 0.561340
5.950000 1.174347
6.000000 1.034171
6.050000 0.297696
6.100000 -0.007390
6.150000 1.117679
6.200000 1.540962
6.250000 -1.226960
6.300000 -1.079102
6.350000 -1.019535
6.400000 -1.777725
6.450000 -0.350096
6.500000 1.623242
6.550000 0.478684
6.600000 0.303877
6.650000 2.174662
6.700000 3.596699
6.750000 -0.653059
6.800000 1.286262
6.850000 0.761049
6.900000 -2.372431
6.950000 -1.016136
7.000000 -0.399536
7.050000 -0.283065
7.100000 -0.291629
7.150000 -1.039025
7.200000 1.625187
7.250000 -0.972009
7.300000 0.829241
7.350000 0.802666
7.400000 -0.276186
7.450000 1.002426
7.500000 -0.419763
7.550000 0.436496
7.600000 0.717421
7.650000 0.821950
7.700000 -0.561129
7.750000 2.071187
7.800000 -1.266737
7.850000 0.391569
7.900000 -0.363294
7.950000 0.304251
7.999999 0.692486
8.049999 0.811480
8.100000 -0.739818
8.150000 0.818600
8.200000 0.592383
8.250000 1.984929
8.300000 1.136091
8.350000 0.413774
8.400000 -0.025756
8.450000 -0.771838
8.500000 -2.400666
8.549999 -1.733320
8.599999 -0.839414
8.650000 0.165999
8.700000 1.573357
8.750000 1.097615
8.800000 0.642550
8.850000 -0.043542
8.900000 -2.371929
8.950000 -1.348448
9.000000 -0.994601
9.050000 -0.905269
9.099999 -1.755053
9.149999 0.774164
9.200000 0.895269
9.250000 -0.349994
9.300000 1.163529
9.350000 3.012755
9.400000 0.727693
9.450000 0.409909
9.500000 -2.072528
9.550000 -1.303658
9.600000 -0.362511
9.649999 -2.268139
9.699999 0.209031
9.750000 -0.357062
9.800000 0.281361
9.850000 1.338665
9.900000 1.805328
9.950000 2.838290
10.000000 0.674563
10.050000 -0.684673
10.100000 -0.313865
10.150000 0.036706
10.199999 -2.304900
10.249999 0.501859
10.300000 1.606789
10.350000 -1.026555
10.400000 0.890400
10.450000 1.314281
10.500000 2.430492
10.550000 1.177230
10.600000 2.233923
10.650000 -0.388615
10.700000 0.117917
10.749999 0.400432
10.799999 1.353026
10.849999 -0.313163
10.900000 0.096623
10.950000 0.474644
11.000000 0.824632
11.050000 0.336972
11.100000 0.674801
11.150000 0.168528
11.200000 -0.589385
11.250000 -0.043209
11.299999 -1.221237
11.349999 -0.575584
11.399999 0.210183
11.450000 0.579851
11.500000 1.417885
11.550000 0.825636
11.600000 -0.399421
11.650000 1.300286
11.700000 -0.141822
11.750000 0.527858
11.800000 -0.350989
11.849999 -0.114237
11.899999 1.193943
11.949999 -0.317479
12.000000 -0.096347
12.050000 0.935849
12.100000 1.836487
12.150000 0.176143
12.200000 0.950654
12.250000 -0.013426
12.300000 1.419929
12.350000 -0.895386
12.399999 -1.195940
12.449999 0.740892
12.499999 1.311995
12.550000 -0.264066
12.600000 -0.142662
12.650000 0.813944
12.700000 0.045452
12.750000 1.295587
12.800000 0.820410
12.850000 -1.672165
12.900000 1.589869
12.949999 0.247158
12.999999 1.108612
13.049999 -2.581625
13.100000 0.943123
13.150000 0.307458
13.200000 0.345133
13.250000 -1.358009
13.300000 -0.677022
13.350000 0.342731
13.400000 0.146836
13.450000 1.498332
13.499999 0.739700
13.549999 0.151028
13.599999 1.283794
13.650000 0.633015
13.700000 -1.401219
13.750000 0.963974
13.800000 -0.445100
13.850000 -0.084391
13.900000 -0.553004
13.950000 -0.069161
14.000000 0.697239
14.049999 0.484912
14.099999 3.381818
14.149999 2.224242
14.200000 0.542152
14.250000 0.276987
14.300000 0.405399
14.350000 0.855501
14.400000 0.154361
14.450000 0.472260
14.500000 -1.106201
14.549999 -0.239878
14.599999 0.953679
14.649999 0.370875
14.699999 0.844033
14.750000 0.699015
14.800000 2.142621
14.850000 1.256738
14.900000 0.161340
14.950000 0.426034
15.000000 0.260975
15.050000 -1.344455
15.099999 -2.696289
15.149999 -1.397191
15.199999 1.326154
15.249999 -0.059907
15.299999 -0.617782
15.350000 1.709052
15.400000 0.337164
15.450000 0.404836
15.500000 0.272207
15.550000 0.065396
15.600000 0.171340
15.650000 -2.109448
15.699999 -0.890832
15.750000 1.620934
15.799999 1.732716
15.850000 1.552449
15.899999 0.342729
15.950000 1.809456
15.999999 1.165784
16.050000 -0.119809
16.099999 1.140657
16.150000 -0.745565
16.200000 -1.067970
16.249999 -2.225245
16.300000 0.911950
16.349999 0.558996
16.400000 -0.232528
16.449999 -1.484728
16.500000 -0.202523
16.549999 0.852562
16.600000 -0.625313
16.649999 0.680893
16.700000 0.365727
16.750000 -1.013370
16.799999 0.565128
16.850000 1.308507
16.899999 -0.038878
16.950000 0.795474
16.999999 0.785451
17.050000 1.578202
17.099999 -1.201837
17.150000 1.586751
17.199999 -0.136387
17.250000 0.810856
17.300000 -1.196384
17.349999 2.942638
17.400000 1.982441
17.449999 0.461300
17.500000 1.098320
17.549999 -0.180835
17.600000 0.644984
17.649999 1.322487
17.700000 -0.856499
17.749999 -0.826376
17.800000 -0.707441
17.850000 0.452847
17.899999 0.546934
17.950000 -0.556552
17.999999 0.330170
18.050000 0.584051
18.099999 0.244371
18.150000 -1.106911
18.199999 0.890575
18.250000 -0.289678
18.299999 -1.601002
18.350000 -0.371094
18.400000 -0.377397
18.449999 -0.796642
18.500000 0.236149
18.549999 -0.295449
18.600000 -1.368333
18.649999 1.663394
18.700000 2.014581
18.749999 0.918210
18.800000 -0.840696
18.849999 -0.993644
18.900000 -1.279755
18.950000 -0.796462
18.999999 -1.596334
19.050000 0.756802
19.099999 -0.473940
19.150000 1.110887
19.199999 0.559578
19.250000 0.259807
19.299999 -0.120900
19.350000 0.431964
19.399999 -1.812960
19.450000 -0.617853
19.500000 0.106377
19.549999 1.522637
19.600000 0.616572
19.649999 1.336914
19.700000 0.544560
19.749999 -0.593473
19.800000 -1.378934
19.849999 0.982710
19.900000 -2.386504
19.949999 -0.218940
