0.000000 2.617797
0.050000 9.297745
0.100000 -0.495090
0.150000 -1.471468
0.200000 -3.084483
0.250000 -2.298306
0.300000 1.849757
0.350000 -0.717881
0.400000 -1.694717
0.450000 -1.721525
0.500000 -4.429056
0.550000 -1.629176
0.600000 -3.504391
0.650000 -1.973143
0.700000 -3.013582
0.750000 2.599202
0.800000 4.109653
0.850000 1.378244
0.900000 -6.443627
0.950000 -2.035212
1.000000 -2.332132
1.050000 -2.894495
1.100000 -0.842239
1.150000 8.688332
1.200000 4.544835
1.250000 -3.441593
1.300000 -2.214294
1.350000 2.049060
1.400000 -0.321524
1.450000 -6.016478
1.500000 -0.353828
1.550000 4.072663
1.600000 8.213434
1.650000 -0.190275
1.700000 -8.918554
1.750000 -1.722518
1.800000 4.278537
1.850000 5.615952
1.900000 3.961923
1.950000 3.339331
2.000000 -2.015509
2.050000 4.621638
2.100000 -0.433200
2.150000 3.501038
2.200000 -4.458848
2.250000 5.121819
2.300000 -1.030889
2.350000 2.490176
2.400000 6.014994
2.450000 0.030751
2.500000 2.673483
2.550000 4.820749
2.600000 3.267377
2.650000 1.539638
2.700000 0.338959
2.750000 4.939369
2.800000 3.219308
2.850000 7.594728
2.900000 7.766257
2.950000 5.930888
3.000000 2.091266
3.050000 5.841910
3.100000 1.116824
3.150000 -0.096714
3.200000 3.938120
3.250000 4.112490
3.300000 10.051637
3.350000 -4.825907
3.400000 -4.999807
3.450000 6.893207
3.500000 -5.324596
3.550000 4.140452
3.600000 -7.743647
3.650000 -15.863482
3.700000 -17.089527
3.750000 -17.022253
3.800000 -18.097198
3.850000 -12.905471
3.900000 -14.519802
3.950000 -11.549123
4.000000 -8.916322
4.050000 -16.016413
4.100000 1.866798
4.150000 4.613424
4.200000 1.787576
4.250000 16.460114
4.300000 21.467781
4.350000 20.841930
4.400000 25.410929
4.450000 34.220768
4.500000 31.842743
4.550000 34.054787
4.600000 37.731373
4.650000 37.053162
4.700000 35.291073
4.750000 28.182697
4.800000 28.026680
4.850000 20.713499
4.900000 22.659784
4.950000 9.102632
5.000000 10.210901
5.050000 -3.158533
5.100000 -12.522252
5.150000 -11.856698
5.200000 -24.724091
5.250000 -36.141804
5.300000 -33.499184
5.350000 -34.867485
5.400000 -36.143944
5.450000 -41.316853
5.500000 -49.052593
5.550000 -38.799755
5.600000 -41.046196
5.650000 -39.921329
5.700000 -35.314045
5.750000 -25.804985
5.800000 -23.684002
5.850000 -11.817073
5.900000 -13.529299
5.950000 -6.856039
6.000000 -5.669176
6.050000 12.769699
6.100000 10.907401
6.150000 22.024179
6.200000 27.103699
6.250000 30.043789
6.300000 33.167065
6.350000 34.804874
6.400000 37.371342
6.450000 33.234493
6.500000 35.715439
6.550000 45.587917
6.600000 38.672207
6.650000 38.338467
6.700000 27.169853
6.750000 21.922918
6.800000 31.310741
6.850000 14.453709
6.900000 6.235153
6.950000 1.663982
7.000000 0.341452
7.050000 -4.015310
7.100000 -13.562569
7.150000 -14.710588
7.200000 -21.473066
7.250000 -31.455906
7.300000 -24.292070
7.350000 -32.563599
7.400000 -23.700714
7.450000 -28.186434
7.500000 -31.182308
7.550000 -32.075794
7.600000 -23.039118
7.650000 -23.923927
7.700000 -21.824142
7.750000 -15.006392
7.800000 -9.501889
7.850000 -1.665789
7.900000 7.906742
7.950000 4.644831
7.999999 7.838285
8.049999 19.596441
8.100000 25.641865
8.150000 20.532240
8.200000 19.731424
8.250000 23.138012
8.300000 14.920373
8.350000 17.818504
8.400000 27.970406
8.450000 24.273594
8.500000 8.773012
8.549999 13.566250
8.599999 13.245928
8.650000 11.018798
8.700000 -0.326281
8.750000 -2.425205
8.800000 -3.541271
8.850000 -9.627620
8.900000 -10.899791
8.950000 -14.747682
9.000000 -14.986443
9.050000 -16.149046
9.099999 -18.519920
9.149999 -13.406113
9.200000 -6.351648
9.250000 -12.084974
9.300000 -17.875061
9.350000 -12.653740
9.400000 -2.831572
9.450000 -4.820759
9.500000 -4.631178
9.550000 -4.223443
9.600000 4.421051
9.649999 10.103728
9.699999 3.461698
9.750000 2.362410
9.800000 10.304081
9.850000 12.713866
9.900000 13.372151
9.950000 4.524896
10.000000 9.470726
10.050000 11.975153
10.100000 12.579708
10.150000 11.308761
10.199999 8.062762
10.249999 1.037310
10.300000 6.831660
10.350000 1.279738
10.400000 -6.966346
10.450000 -4.613845
10.500000 -11.141296
10.550000 1.520270
10.600000 -8.232417
10.650000 -6.461841
10.700000 -3.841753
10.749999 -15.765707
10.799999 -7.291070
10.849999 -5.083940
10.900000 -3.170372
10.950000 8.649088
11.000000 -3.161811
11.050000 -0.517147
11.100000 -6.484999
11.150000 -5.423134
11.200000 -4.186176
11.250000 3.338719
11.299999 0.384989
11.349999 -1.099439
11.399999 -9.255629
11.450000 5.530209
11.500000 3.941267
11.550000 1.659806
11.600000 10.301878
11.650000 5.614457
11.700000 -0.186443
11.750000 7.092173
11.800000 -0.387185
11.849999 11.210765
11.899999 0.897285
11.949999 2.013560
12.000000 0.373971
12.050000 -0.453936
12.100000 3.798889
12.150000 -8.089595
12.200000 -9.829955
12.250000 -4.275441
12.300000 -1.750992
12.350000 -1.891587
12.399999 -4.936076
12.449999 2.101185
12.499999 -2.969349
12.550000 -15.544927
12.600000 2.745263
12.650000 -5.958055
12.700000 -3.157004
12.750000 0.718152
12.800000 -2.933500
12.850000 2.889615
12.900000 0.520632
12.949999 2.516088
12.999999 -3.334981
13.049999 -0.368265
13.100000 -0.160102
13.150000 5.316049
13.200000 8.216710
13.250000 6.648916
13.300000 4.186570
13.350000 3.701396
13.400000 -0.258464
13.450000 4.771060
13.499999 0.625736
13.549999 2.574198
13.599999 -3.132410
13.650000 2.276542
13.700000 0.725099
13.750000 2.577525
13.800000 -2.898411
13.850000 3.667678
13.900000 0.825022
13.950000 -2.866523
14.000000 3.622045
14.049999 -4.128099
14.099999 -11.068007
14.149999 -1.127036
14.200000 -6.967141
14.250000 -2.818639
14.300000 -5.779808
14.350000 -1.413977
14.400000 -3.012779
14.450000 4.013970
14.500000 2.898535
14.549999 -0.991994
14.599999 3.769266
14.649999 -0.022264
14.699999 7.785696
14.750000 -3.641517
14.800000 -2.135751
14.850000 -4.464676
14.900000 -7.849420
14.950000 -0.697301
15.000000 -0.737813
15.050000 -2.377183
15.099999 -2.988676
15.149999 4.717942
15.199999 -5.899568
15.249999 0.405761
15.299999 -7.359496
15.350000 -1.088335
15.400000 -5.968777
15.450000 5.493787
15.500000 -2.675100
15.550000 -0.194539
15.600000 -0.724919
15.650000 -1.411868
15.699999 7.394872
15.750000 5.182370
15.799999 5.588297
15.850000 4.362229
15.899999 9.088317
15.950000 4.036270
15.999999 -1.614836
16.050000 5.387053
16.099999 3.921626
16.150000 2.774254
16.200000 1.674279
16.249999 -0.428877
16.300000 0.345159
16.349999 -3.306804
16.400000 8.135726
16.449999 0.012461
16.500000 1.073596
16.549999 -6.815619
16.600000 -5.403527
16.649999 -3.269197
16.700000 -0.602104
16.750000 -5.608075
16.799999 5.541142
16.850000 -1.100818
16.899999 4.150745
16.950000 1.607172
16.999999 -4.104655
17.050000 -0.264487
17.099999 -0.321543
17.150000 -2.839514
17.199999 -5.047026
17.250000 4.078725
17.300000 -2.042289
17.349999 1.753710
17.400000 -8.429875
17.449999 -5.117729
17.500000 6.335882
17.549999 2.616448
17.600000 -1.424430
17.649999 -2.506285
17.700000 4.334374
17.749999 -6.239108
17.800000 2.058682
17.850000 4.373979
17.899999 2.809829
17.950000 2.373613
17.999999 -3.400091
18.050000 4.897300
18.099999 -3.316891
18.150000 -2.363236
18.199999 1.795911
18.250000 -1.256288
18.299999 1.688590
18.350000 -3.914432
18.400000 1.516951
18.449999 0.100576
18.500000 0.677402
18.549999 0.602826
18.600000 0.789548
18.649999 -4.642815
18.700000 -2.892492
18.749999 1.376889
18.800000 -4.803388
18.849999 0.341820
18.900000 0.361711
18.950000 7.331155
18.999999 2.438533
19.050000 4.368930
19.099999 13.052094
19.150000 -1.014259
19.199999 2.863591
19.250000 -5.102692
19.299999 8.420982
19.350000 -6.331156
19.399999 -2.230405
19.450000 -1.966648
19.500000 9.099299
19.549999 4.806874
19.600000 -7.266506
19.649999 -8.579796
19.700000 -2.516671
19.749999 -3.170861
19.800000 -0.672475
19.849999 -5.852725
19.900000 5.583704
19.949999 -0.837028
