0.000000 -0.333093
0.050000 0.379021
0.100000 -0.119918
0.150000 -0.825688
0.200000 -0.573960
0.250000 0.099182
0.300000 -0.914784
0.350000 0.813918
0.400000 -0.086654
0.450000 1.068103
0.500000 0.473211
0.550000 -1.596234
0.600000 -1.426768
0.650000 0.381156
0.700000 0.436376
0.750000 0.509093
0.800000 0.746045
0.850000 -0.205493
0.900000 -0.006860
0.950000 0.489293
1.000000 0.743710
1.050000 -1.267763
1.100000 -0.103506
1.150000 -0.369010
1.200000 0.753153
1.250000 0.432251
1.300000 1.959206
1.350000 0.357338
1.400000 -0.141736
1.450000 -0.534707
1.500000 1.430076
1.550000 -0.700982
1.600000 0.435483
1.650000 -0.577420
1.700000 0.597723
1.750000 -1.271446
1.800000 -0.598685
1.850000 -0.311974
1.900000 2.617165
1.950000 2.012872
2.000000 -0.514545
2.050000 -0.868130
2.100000 -4.441891
2.150000 -1.100962
2.200000 2.395232
2.250000 1.903715
2.300000 1.797655
2.350000 -1.282335
2.400000 -1.698505
2.450000 -1.468954
2.500000 3.462944
2.550000 4.113900
2.600000 0.192508
2.650000 -4.567713
2.700000 -2.415680
2.750000 2.171681
2.800000 5.700430
2.850000 3.250751
2.900000 -1.795521
2.950000 -4.111207
3.000000 -1.202307
3.050000 4.198145
3.100000 4.865843
3.150000 2.737214
3.200000 -3.361676
3.250000 -2.890870
3.300000 -1.358468
3.350000 3.276618
3.400000 3.787103
3.450000 0.414948
3.500000 -5.385083
3.550000 -3.882482
3.600000 0.872689
3.650000 3.668412
3.700000 0.920493
3.750000 -2.029534
3.800000 -4.538380
3.850000 -0.991031
3.900000 3.491395
3.950000 3.546393
4.000000 0.897356
4.050000 -0.776116
4.100000 -2.946588
4.150000 -0.644519
4.200000 1.593805
4.250000 -0.152078
4.300000 -1.471507
4.350000 0.239265
4.400000 -0.673218
4.450000 0.319741
4.500000 1.734231
4.550000 -0.570815
4.600000 -1.987288
4.650000 -2.310865
4.700000 1.591971
4.750000 -0.692013
4.800000 1.329342
4.850000 0.805985
4.900000 -0.834643
4.950000 -1.223192
5.000000 -0.161316
5.050000 -0.095950
5.100000 -1.417401
5.150000 -1.646113
5.200000 -2.245244
5.250000 0.875203
5.300000 -0.269126
5.350000 -0.011985
5.400000 0.100706
5.450000 -0.940748
5.500000 -0.953051
5.550000 0.761805
5.600000 -1.420944
5.650000 -1.493867
5.700000 1.011349
5.750000 -0.087929
5.800000 -0.204678
5.850000 0.385066
5.900000 -0.523923
5.950000 -0.344244
6.000000 1.420849
6.050000 -0.840648
6.100000 -1.585540
6.150000 1.525444
6.200000 -0.195411
6.250000 -0.784718
6.300000 0.476092
6.350000 1.204270
6.400000 0.424249
6.450000 1.313055
6.500000 -0.118426
6.550000 -0.769606
6.600000 1.648835
6.650000 1.071191
6.700000 0.552853
6.750000 -0.023980
6.800000 2.073498
6.850000 -0.360050
6.900000 -0.734305
6.950000 1.938902
7.000000 1.479487
7.050000 1.576126
7.100000 0.636161
7.150000 2.576024
7.200000 3.104325
7.250000 0.995050
7.300000 -1.258357
7.350000 0.321033
7.400000 0.148947
7.450000 1.430898
7.500000 -0.414639
7.550000 0.155470
7.600000 0.102197
7.650000 -0.013642
7.700000 1.254542
7.750000 1.635033
7.800000 1.464296
7.850000 0.567579
7.900000 0.859492
7.950000 -1.554016
7.999999 -0.783452
8.049999 1.280959
8.100000 1.322359
8.150000 1.929729
8.200000 -0.003243
8.250000 0.281650
8.300000 1.131385
8.350000 0.414765
8.400000 -0.856652
8.450000 0.112616
8.500000 -0.218397
8.549999 1.239995
8.599999 1.348737
8.650000 -0.351518
8.700000 1.570671
8.750000 2.175015
8.800000 0.873254
8.850000 -0.048766
8.900000 0.464679
8.950000 1.852153
9.000000 0.252782
9.050000 0.036884
9.099999 -1.124262
9.149999 0.573509
9.200000 -0.030551
9.250000 -1.592708
9.300000 -0.057322
9.350000 -0.655752
9.400000 0.852912
9.450000 1.130192
9.500000 1.402675
9.550000 -0.416474
9.600000 0.320151
9.649999 1.818012
9.699999 0.265422
9.750000 0.183461
9.800000 0.548435
9.850000 0.373383
9.900000 -1.457867
9.950000 -1.107107
10.000000 0.598965
10.050000 -0.536352
10.100000 0.681094
10.150000 1.434828
10.199999 0.512160
10.249999 1.919245
10.300000 -0.615953
10.350000 0.704072
10.400000 1.933509
10.450000 1.540994
10.500000 1.236328
10.550000 0.436617
10.600000 0.542109
10.650000 -0.175197
10.700000 -1.504119
10.749999 -0.442700
10.799999 0.952585
10.849999 1.229180
10.900000 -0.408770
10.950000 0.848443
11.000000 1.449479
11.050000 0.214588
11.100000 1.548802
11.150000 0.206224
11.200000 0.008258
11.250000 2.010199
11.299999 0.808554
11.349999 1.065129
11.399999 -0.248034
11.450000 0.658246
11.500000 0.724579
11.550000 -0.580704
11.600000 1.673529
11.650000 0.525990
11.700000 0.253758
11.750000 0.313439
11.800000 -0.139317
11.849999 0.103936
11.899999 1.060171
11.949999 -0.460342
12.000000 -0.382518
12.050000 0.139510
12.100000 -0.455393
12.150000 -0.943401
12.200000 3.307073
12.250000 -0.057604
12.300000 0.228627
12.350000 -1.636525
12.399999 0.481364
12.449999 -0.240076
12.499999 -1.278003
12.550000 -0.946117
12.600000 -0.376208
12.650000 0.334798
12.700000 -0.685949
12.750000 0.155241
12.800000 2.391394
12.850000 1.004067
12.900000 -0.915849
12.949999 -2.948442
12.999999 -0.112356
13.049999 -0.003685
13.100000 0.919656
13.150000 -0.050076
13.200000 0.261571
13.250000 -0.377796
13.300000 0.873971
13.350000 0.063336
13.400000 -0.758253
13.450000 -0.160592
13.499999 -1.391649
13.549999 1.186421
13.599999 0.083826
13.650000 1.596179
13.700000 0.101007
13.750000 -1.430038
13.800000 -1.537438
13.850000 2.518135
13.900000 1.113202
13.950000 -0.087257
14.000000 0.879221
14.049999 0.461799
14.099999 -1.289515
14.149999 0.314267
14.200000 1.022600
14.250000 -0.181110
14.300000 -0.186533
14.350000 0.123053
14.400000 1.373892
14.450000 -0.449410
14.500000 -1.586989
14.549999 1.743719
14.599999 -1.177228
14.649999 1.336469
14.699999 0.941730
14.750000 1.796801
14.800000 -0.892918
14.850000 0.888421
14.900000 -0.714252
14.950000 1.180926
15.000000 0.197170
15.050000 0.222359
15.099999 -0.448276
15.149999 1.298614
15.199999 0.640853
15.249999 0.723683
15.299999 0.260698
15.350000 -1.456649
15.400000 -1.476161
15.450000 0.883141
15.500000 1.129495
15.550000 0.785733
15.600000 -0.036205
15.650000 -0.480991
15.699999 -0.371208
15.750000 0.272425
15.799999 0.953057
15.850000 1.474640
15.899999 0.487561
15.950000 0.025245
15.999999 0.288424
16.050000 -0.152490
16.099999 -0.381308
16.150000 0.453619
16.200000 0.427599
16.249999 -2.100285
16.300000 1.032544
16.349999 -0.818190
16.400000 0.152465
16.449999 0.438777
16.500000 0.049864
16.549999 0.385116
16.600000 -2.353045
16.649999 -1.129728
16.700000 0.129299
16.750000 -0.353308
16.799999 -1.959518
16.850000 0.162853
16.899999 0.827593
16.950000 -0.531095
16.999999 0.174814
17.050000 1.252828
17.099999 0.123747
17.150000 0.051146
17.199999 0.426366
17.250000 -0.340121
17.300000 0.518626
17.349999 0.735296
17.400000 1.195017
17.449999 -0.551557
17.500000 0.933751
17.549999 0.144704
17.600000 0.220786
17.649999 0.075244
17.700000 1.887657
17.749999 0.237707
17.800000 -0.035765
17.850000 0.497334
17.899999 -0.115774
17.950000 -0.206676
17.999999 0.653419
18.050000 -0.871383
18.099999 -0.314527
18.150000 0.224929
18.199999 -1.637429
18.250000 -0.745861
18.299999 -1.229593
18.350000 1.594343
18.400000 0.455328
18.449999 -1.884346
18.500000 0.385344
18.549999 0.800218
18.600000 0.292496
18.649999 0.396687
18.700000 -1.332386
18.749999 -0.343802
18.800000 0.906538
18.849999 0.242229
18.900000 0.656015
18.950000 0.949003
18.999999 -0.937641
19.050000 0.987646
19.099999 -0.020620
19.150000 -0.284437
19.199999 -0.367481
19.250000 -0.862373
19.299999 0.359777
19.350000 0.818574
19.399999 -0.954427
19.450000 1.163270
19.500000 1.083879
19.549999 -1.140184
19.600000 0.888725
19.649999 -0.250345
19.700000 -0.545636
19.749999 1.502854
19.800000 -0.672028
19.849999 1.987581
19.900000 -0.250592
19.949999 0.140028
