0.000000 -1.053464
0.050000 -2.098996
0.100000 5.025602
0.150000 5.711419
0.200000 5.362307
0.250000 4.236162
0.300000 -0.111697
0.350000 -0.959239
0.400000 3.799917
0.450000 -1.574035
0.500000 -12.705438
0.550000 -0.810306
0.600000 -0.572724
0.650000 -5.057814
0.700000 -6.307047
0.750000 0.502018
0.800000 2.688623
0.850000 -2.034048
0.900000 0.618161
0.950000 2.964052
1.000000 -0.401584
1.050000 1.401390
1.100000 1.691988
1.150000 2.787997
1.200000 2.303813
1.250000 1.693260
1.300000 4.155956
1.350000 0.276799
1.400000 7.109084
1.450000 2.688268
1.500000 7.413148
1.550000 -2.461191
1.600000 -5.492836
1.650000 -0.268812
1.700000 -4.698479
1.750000 -4.094349
1.800000 2.181570
1.850000 0.377831
1.900000 0.924176
1.950000 -0.429632
2.000000 -1.658135
2.050000 1.577920
2.100000 2.410389
2.150000 -6.516935
2.200000 -1.503658
2.250000 -3.477188
2.300000 4.311628
2.350000 1.334553
2.400000 4.590286
2.450000 -3.824465
2.500000 2.321583
2.550000 1.364467
2.600000 3.769809
2.650000 2.627395
2.700000 3.534557
2.750000 -3.124536
2.800000 2.970602
2.850000 -5.023693
2.900000 -4.216847
2.950000 -16.717695
3.000000 -12.732177
3.050000 -14.865602
3.100000 -17.192577
3.150000 -14.133298
3.200000 -14.490077
3.250000 -7.738300
3.300000 -4.906644
3.350000 4.885643
3.400000 7.500289
3.450000 18.065714
3.500000 23.859041
3.550000 23.859531
3.600000 37.251137
3.650000 36.719193
3.700000 38.338432
3.750000 31.879951
3.800000 25.258438
3.850000 18.362511
3.900000 9.691360
3.950000 -2.851168
4.000000 -12.293331
4.050000 -17.368795
4.100000 -33.378674
4.150000 -41.068108
4.200000 -39.844246
4.250000 -46.682655
4.300000 -47.489902
4.350000 -42.042900
4.400000 -27.953493
4.450000 -26.176420
4.500000 -15.638947
4.550000 -0.201940
4.600000 6.476353
4.650000 17.953693
4.700000 26.140223
4.750000 36.197506
4.800000 36.447063
4.850000 32.002888
4.900000 34.003067
4.950000 35.415016
5.000000 28.933796
5.050000 26.616636
5.100000 15.080948
5.150000 -0.341462
5.200000 -7.371144
5.250000 -12.950317
5.300000 -15.274079
5.350000 -22.400866
5.400000 -22.511824
5.450000 -27.233416
5.500000 -23.990646
5.550000 -19.604273
5.600000 -16.501682
5.650000 -9.104736
5.700000 -3.889704
5.750000 6.334301
5.800000 12.663895
5.850000 17.808678
5.900000 20.364136
5.950000 20.013777
6.000000 13.988735
6.050000 12.125813
6.100000 6.024976
6.150000 1.875182
6.200000 -0.640618
6.250000 -0.916880
6.300000 -7.117807
6.350000 -9.316569
6.400000 -11.212184
6.450000 -7.477060
6.500000 -8.752746
6.550000 -13.032752
6.600000 -5.710220
6.650000 -6.505774
6.700000 1.132059
6.750000 3.484144
6.800000 3.071435
6.850000 4.240553
6.900000 5.158938
6.950000 6.773299
7.000000 6.523145
7.050000 5.081188
7.100000 6.336552
7.150000 4.943861
7.200000 -2.181817
7.250000 -0.602508
7.300000 0.947342
7.350000 0.911883
7.400000 1.415383
7.450000 -4.061260
7.500000 -0.301631
7.550000 -5.796714
7.600000 -3.774339
7.650000 1.943209
7.700000 -3.045201
7.750000 3.275753
7.800000 3.967919
7.850000 5.491328
7.900000 9.394459
7.950000 0.130841
8.000000 -0.282900
8.050000 0.463642
8.100000 -1.147529
8.150000 -0.643041
8.200000 0.682174
8.250000 -0.527516
8.300000 0.556071
8.350000 7.556327
8.400000 -0.360991
8.450000 4.846829
8.500000 3.367687
8.550000 0.824693
8.600000 3.583252
8.650000 3.831555
8.700000 2.680689
8.750000 -0.482499
8.800000 -3.803087
8.850000 -3.068147
8.900000 3.141361
8.950000 -2.299514
9.000000 3.904099
9.050000 -1.819208
9.100000 -1.022510
9.150000 1.906784
9.200000 -4.702123
9.250000 1.667009
9.300000 -6.097646
9.350000 -6.000042
9.400000 -1.866562
9.450000 2.346812
9.500000 1.208386
9.550000 10.666586
9.600000 8.499133
9.650000 5.029915
9.700000 2.552288
9.750000 0.333451
9.800000 0.627144
9.850000 4.530392
9.900000 0.690509
9.950000 -0.231121
10.000000 -1.967759
10.050000 5.217369
10.100000 -1.039711
10.150000 1.471399
10.200000 -3.783365
10.250000 -0.857838
10.300000 5.358348
10.350000 0.632866
10.400000 -4.784820
10.450000 -2.438082
10.500000 3.829658
10.550000 1.110946
10.600000 3.904227
10.650000 -2.524523
10.700000 2.658896
10.750000 6.373442
10.800000 4.371980
10.850000 4.402551
10.900000 1.143072
10.950000 1.432299
11.000000 0.428188
11.050000 4.338061
11.100000 0.322564
11.150000 2.371783
11.200000 4.678472
11.250000 1.464151
11.300000 6.588785
11.350000 4.384970
11.400000 -2.542867
11.450000 0.938674
11.500000 3.773767
11.550000 0.181652
11.600000 8.691149
11.650000 2.515492
11.700000 -0.969802
11.750000 -1.727900
11.800000 2.234343
11.850000 -0.629107
11.900000 4.571476
11.950000 3.932437
12.000000 2.987813
12.050000 0.621758
12.100000 -2.412227
12.150000 -2.700619
12.200000 3.476541
12.250000 -3.145245
12.300000 1.427960
12.350000 -1.507270
12.400000 5.030446
12.450000 4.196536
12.500000 3.733739
12.550000 1.225435
12.600000 1.767656
12.650000 3.382483
12.700000 1.552437
12.750000 4.941864
12.800000 -1.170409
12.850000 -2.220666
12.900000 -3.716216
12.950000 -0.375237
13.000000 3.747225
13.050000 1.614964
13.100000 1.729482
13.150000 0.116739
13.200000 -1.651401
13.250000 -1.695402
13.300000 2.213097
13.350000 4.973797
13.400000 1.959259
13.450000 3.584887
13.500000 1.583703
13.550000 1.510854
13.600000 8.671889
13.650000 3.398867
13.700000 2.371543
13.750000 4.491665
13.800000 -4.645289
13.850000 -0.050906
13.900000 1.194514
13.950000 -0.677434
14.000000 2.166917
14.050000 -2.659044
14.100000 -0.404965
14.150000 -3.124531
14.200000 -2.706540
14.250000 -2.452270
14.300000 4.286065
14.350000 0.377201
14.400000 1.581659
14.450000 7.275272
14.500000 -6.056301
14.550000 1.541314
14.600000 4.895631
14.650000 -4.075345
14.700000 10.082412
14.750000 5.705016
14.800000 4.670179
14.850000 2.330694
14.900000 2.227858
14.950000 4.331963
15.000000 0.950160
15.050000 -2.055071
15.100000 -2.697212
15.150000 -1.336847
15.200000 0.181844
15.250000 0.208051
15.300000 -3.488708
15.350000 -3.427705
15.400000 -3.811356
15.450000 -1.524401
15.500000 -3.030242
15.550000 2.243349
15.600000 -1.876294
15.650000 0.757036
15.700000 3.481243
15.750000 -3.866461
15.800000 5.726236
15.850000 3.965013
15.900000 4.612849
15.950000 10.434985
16.000000 3.946939
16.050000 2.667183
16.100000 5.379219
16.150000 -6.207684
16.200000 0.229926
16.250000 1.573488
16.300000 -1.262955
16.350000 -2.759125
16.400000 -3.568025
16.450000 -0.467512
16.500000 0.579542
16.550000 8.620815
16.600000 3.305103
16.650000 10.587450
16.700000 2.362286
16.750000 7.963376
16.800000 -3.131180
16.850000 -10.422370
16.900000 -1.163382
16.950000 -5.035557
17.000000 -8.789497
17.050000 -4.205443
17.100000 0.397901
17.150000 -2.513385
17.200000 2.156203
17.250000 0.530917
17.300000 -1.175554
17.350000 1.187220
17.400000 3.559793
17.450000 1.380458
17.500000 -1.804373
17.550000 3.187919
17.600000 1.669132
17.650000 3.237574
17.700000 2.983500
17.750000 4.090057
17.800000 7.277676
17.850000 1.582249
17.900000 0.578115
17.950000 -0.571396
18.000000 -0.303987
18.050000 -5.756039
18.100000 0.652634
18.150000 -1.352887
18.200000 -1.929671
18.250000 -1.821061
18.300000 -6.728100
18.350000 -6.361356
18.400000 -6.264483
18.450000 -11.199899
18.500000 2.285060
18.550000 -2.439612
18.600000 4.958033
18.650000 2.954641
18.700000 0.279104
18.750000 1.921726
18.800000 6.129478
18.850000 2.483870
18.900000 -0.875312
18.950000 1.721689
19.000000 3.611931
19.050000 0.628588
19.100000 2.966327
19.150000 3.726575
19.200000 -3.417023
19.250000 6.109532
19.300000 0.373428
19.350000 -7.267116
19.400000 -7.878377
19.450000 -13.742349
19.500000 -5.856261
19.550000 -3.942722
19.600000 -4.388031
19.650000 -3.859206
19.700000 6.998187
19.750000 -0.514724
19.799999 3.087204
19.849999 4.715566
19.899999 5.095134
19.949999 9.195871
