0.000000 11.251873
0.050000 0.482676
0.100000 -0.455936
0.150000 8.100402
0.200000 -19.931713
0.250000 10.482000
0.300000 -20.537130
0.350000 -9.314496
0.400000 -20.316458
0.450000 -24.504025
0.500000 -13.220583
0.550000 -13.424015
0.600000 0.722445
0.650000 -3.452113
0.700000 11.778230
0.750000 -2.870938
0.800000 -13.235558
0.850000 16.686743
0.900000 -4.278304
0.950000 1.321552
1.000000 -7.961264
1.050000 7.727609
1.100000 -2.039972
1.150000 16.063757
1.200000 15.766666
1.250000 22.909988
1.300000 5.608835
1.350000 -3.685578
1.400000 14.706389
1.450000 1.199196
1.500000 -7.503641
1.550000 9.908950
1.600000 17.040640
1.650000 -0.446149
1.700000 0.174673
1.750000 14.107410
1.800000 20.108944
1.850000 -1.669465
1.900000 11.411911
1.950000 8.474394
2.000000 -4.246685
2.050000 -17.352013
2.100000 9.542081
2.150000 10.091018
2.200000 -10.623857
2.250000 -5.159853
2.300000 11.909719
2.350000 24.887491
2.400000 -0.320462
2.450000 11.997023
2.500000 -1.232902
2.550000 8.970960
2.600000 17.555273
2.650000 24.428358
2.700000 2.098226
2.750000 12.515015
2.800000 18.370329
2.850000 3.191066
2.900000 28.466120
2.950000 26.905901
3.000000 31.391033
3.050000 56.800064
3.100000 35.176018
3.150000 20.309690
3.200000 16.304060
3.250000 27.896109
3.300000 -16.072170
3.350000 15.469851
3.400000 -12.877205
3.450000 -37.016098
3.500000 -32.395348
3.550000 -34.317951
3.600000 -69.947060
3.650000 -88.442268
3.700000 -99.527710
3.750000 -101.075348
3.800000 -103.110756
3.850000 -116.945641
3.900000 -95.141426
3.950000 -94.811363
4.000000 -76.321007
4.050000 -47.141075
4.100000 -18.338717
4.150000 36.741894
4.200000 77.701134
4.250000 72.420090
4.300000 89.466179
4.350000 97.547745
4.400000 122.783875
4.450000 134.725052
4.500000 135.180298
4.550000 132.966873
4.600000 138.676971
4.650000 126.632553
4.700000 112.232735
4.750000 123.394295
4.800000 92.476646
4.850000 61.436535
4.900000 67.414719
4.950000 18.517693
5.000000 32.220692
5.050000 -0.887787
5.100000 -11.945890
5.150000 -33.785793
5.200000 -57.958061
5.250000 -73.928909
5.300000 -77.234161
5.350000 -94.064484
5.400000 -96.033127
5.450000 -101.490776
5.500000 -94.474983
5.550000 -87.076912
5.600000 -84.536850
5.650000 -73.612793
5.700000 -71.934761
5.750000 -74.060852
5.800000 -62.932976
5.850000 -70.951797
5.900000 -37.248615
5.950000 -2.015294
6.000000 -6.047215
6.050000 9.090727
6.100000 9.541131
6.150000 26.898914
6.200000 38.019535
6.250000 45.212582
6.300000 65.276451
6.350000 67.108337
6.400000 67.046257
6.450000 32.276436
6.500000 75.963242
6.550000 49.331005
6.600000 42.410393
6.650000 42.972797
6.700000 47.728447
6.750000 31.922205
6.800000 48.192478
6.850000 19.485456
6.900000 -1.010146
6.950000 7.892329
7.000000 4.298278
7.050000 -12.669387
7.100000 4.048088
7.150000 -27.428675
7.200000 -39.884518
7.250000 -30.625111
7.300000 -33.249722
7.350000 -42.616295
7.400000 -32.330059
7.450000 -31.915070
7.500000 -13.870511
7.550000 -37.800743
7.600000 -23.668715
7.650000 -14.763012
7.700000 -2.089464
7.750000 15.562201
7.800000 7.839758
7.850000 14.016017
7.900000 -7.431119
7.950000 -1.005852
7.999999 -4.415887
8.049999 21.566717
8.100000 3.108281
8.150000 21.888515
8.200000 -3.143833
8.250000 13.843576
8.300000 -4.397405
8.350000 7.864273
8.400000 13.195522
8.450000 30.397161
8.500000 -32.899063
8.549999 20.011190
8.599999 -15.782728
8.650000 1.491453
8.700000 -0.067791
8.750000 -14.247729
8.800000 -10.778624
8.850000 -4.317492
8.900000 -7.390152
8.950000 4.870830
9.000000 -4.192281
9.050000 -1.287762
9.099999 9.985657
9.149999 -12.193746
9.200000 -2.647681
9.250000 18.966818
9.300000 23.682106
9.350000 15.846025
9.400000 -10.968836
9.450000 19.403851
9.500000 -3.806777
9.550000 -19.830055
9.600000 21.331213
9.649999 9.305029
9.699999 7.578970
9.750000 17.710135
9.800000 -1.290261
9.850000 2.650302
9.900000 -11.674872
9.950000 -0.372980
10.000000 4.226328
10.050000 -14.899491
10.100000 -10.899679
10.150000 6.796037
10.199999 -10.802221
10.249999 -20.998350
10.300000 -3.152275
10.350000 -14.310771
10.400000 -9.937907
10.450000 5.586820
10.500000 -8.117269
10.550000 -12.174536
10.600000 -10.550576
10.650000 31.263790
10.700000 18.859076
10.749999 9.838036
10.799999 16.001213
10.849999 9.833771
10.900000 -6.599308
10.950000 18.277813
11.000000 18.359737
11.050000 -4.571298
11.100000 -18.199987
11.150000 -3.542637
11.200000 10.460233
11.250000 16.965752
11.299999 -15.481289
11.349999 -1.999953
11.399999 6.312140
11.450000 9.565589
11.500000 1.662129
11.550000 -13.680921
11.600000 -7.139526
11.650000 -5.119950
11.700000 -3.460257
11.750000 -5.323897
11.800000 17.728695
11.849999 11.250930
11.899999 1.588470
11.949999 -7.785466
12.000000 8.132439
12.050000 -8.942019
12.100000 -14.905171
12.150000 6.865072
12.200000 2.981672
12.250000 6.550488
12.300000 -10.105550
12.350000 -23.234982
12.399999 -2.665579
12.449999 0.983461
12.499999 3.233366
12.550000 6.259033
12.600000 -15.855508
12.650000 -23.657593
12.700000 11.619804
12.750000 -10.286133
12.800000 -15.428551
12.850000 0.805543
12.900000 1.616334
12.949999 -4.272023
12.999999 7.559954
13.049999 -0.134625
13.100000 -9.631320
13.150000 19.181147
13.200000 -27.301241
13.250000 21.670164
13.300000 -21.743872
13.350000 16.629236
13.400000 -1.703802
13.450000 -7.242275
13.499999 -31.591660
13.549999 5.071773
13.599999 12.015090
13.650000 28.442066
13.700000 3.237395
13.750000 -20.631495
13.800000 -9.607859
13.850000 0.826595
13.900000 16.316330
13.950000 1.023556
14.000000 14.193602
14.049999 1.858784
14.099999 -8.537686
14.149999 23.451385
14.200000 8.914108
14.250000 -3.769727
14.300000 6.461784
14.350000 6.093076
14.400000 -9.185602
14.450000 8.625382
14.500000 -19.523418
14.549999 -3.020182
14.599999 11.125640
14.649999 -4.493141
14.699999 -0.107175
14.750000 12.393232
14.800000 -4.255060
14.850000 4.325254
14.900000 -2.526282
14.950000 1.886586
15.000000 -18.563498
15.050000 -4.112638
15.099999 -3.169778
15.149999 7.264592
15.199999 5.237263
15.249999 -0.609467
15.299999 -5.369376
15.350000 2.002049
15.400000 30.787689
15.450000 7.587056
15.500000 -17.116632
15.550000 -6.202476
15.600000 -3.720541
15.650000 -5.973353
15.699999 3.851310
15.750000 3.925462
15.799999 -6.096971
15.850000 -24.879433
15.899999 8.563951
15.950000 -10.069386
15.999999 8.092544
16.050000 7.939742
16.099999 -3.622567
16.150000 4.277849
16.200000 -10.039896
16.249999 -1.410073
16.300000 0.198418
16.349999 -5.656580
16.400000 -17.275511
16.449999 -7.152713
16.500000 -12.305847
16.549999 -19.516136
16.600000 -18.368053
16.649999 -23.574717
16.700000 6.063952
16.750000 21.483299
16.799999 -0.043351
16.850000 -4.069124
16.899999 -26.478792
16.950000 1.283195
16.999999 8.730961
17.050000 7.805407
17.099999 14.456655
17.150000 -4.368211
17.199999 -11.577341
17.250000 -3.304903
17.300000 27.702183
17.349999 5.155837
17.400000 10.583447
17.449999 6.723075
17.500000 29.593870
17.549999 11.629047
17.600000 5.675888
17.649999 10.984241
17.700000 -10.778459
17.749999 -7.057395
17.800000 -17.069773
17.850000 3.128849
17.899999 -6.558874
17.950000 -3.644140
17.999999 2.133778
18.050000 8.719962
18.099999 13.473865
18.150000 -2.850095
18.199999 -14.384770
18.250000 -1.910953
18.299999 -0.833005
18.350000 5.704578
18.400000 -2.011953
18.449999 6.415053
18.500000 8.416297
18.549999 7.188231
18.600000 12.837460
18.649999 19.616140
18.700000 -11.563339
18.749999 20.235645
18.800000 0.278460
18.849999 -8.723647
18.900000 6.612127
18.950000 11.732543
18.999999 -16.143469
19.050000 -2.795607
19.099999 4.073052
19.150000 -25.820765
19.199999 -1.509310
19.250000 5.954009
19.299999 -12.527898
19.350000 -11.302348
19.399999 0.102776
19.450000 23.273134
19.500000 9.964902
19.549999 11.271009
19.600000 17.952847
19.649999 -10.292920
19.700000 -5.984872
19.749999 2.672644
19.800000 27.185131
19.849999 -5.131400
19.900000 -3.357664
19.949999 9.884191
