0.000000 2.239914
0.050000 -1.250986
0.100000 2.607971
0.150000 1.891212
0.200000 1.652190
0.250000 0.805501
0.300000 -0.849518
0.350000 1.403350
0.400000 -3.269967
0.450000 -0.697874
0.500000 -2.041734
0.550000 -1.348493
0.600000 -0.894080
0.650000 0.658187
0.700000 6.204349
0.750000 2.324431
0.800000 2.166307
0.850000 2.802204
0.900000 0.089197
0.950000 -0.612269
1.000000 -0.424029
1.050000 0.664690
1.100000 -1.804229
1.150000 -0.400497
1.200000 1.071081
1.250000 2.372320
1.300000 2.073124
1.350000 3.424859
1.400000 4.670279
1.450000 0.850085
1.500000 3.307646
1.550000 1.161617
1.600000 0.647352
1.650000 1.126370
1.700000 0.349266
1.750000 -1.211924
1.800000 -1.039956
1.850000 0.522522
1.900000 -1.324630
1.950000 2.258795
2.000000 1.806813
2.050000 1.971564
2.100000 0.578661
2.150000 4.116402
2.200000 -1.986451
2.250000 -5.022777
2.300000 -4.660622
2.350000 -5.364726
2.400000 -6.851429
2.450000 -7.114038
2.500000 -5.183172
2.550000 1.992084
2.600000 6.647409
2.650000 10.242546
2.700000 13.940497
2.750000 15.053445
2.800000 11.144972
2.850000 2.383473
2.900000 -4.876788
2.950000 -16.909781
3.000000 -21.700706
3.050000 -19.949842
3.100000 -15.484455
3.150000 -5.951497
3.200000 6.376665
3.250000 9.165765
3.300000 19.742046
3.350000 22.701937
3.400000 19.597980
3.450000 10.418103
3.500000 0.558506
3.550000 -10.864158
3.600000 -15.963657
3.650000 -19.571672
3.700000 -20.089958
3.750000 -12.794521
3.800000 -2.675239
3.850000 9.041330
3.900000 14.768562
3.950000 14.831620
4.000000 17.820742
4.050000 10.559938
4.100000 2.854000
4.150000 -4.599974
4.200000 -10.274737
4.250000 -14.839646
4.300000 -13.420793
4.350000 -9.266725
4.400000 -4.360296
4.450000 5.837759
4.500000 8.088037
4.550000 11.743118
4.600000 12.416482
4.650000 10.180369
4.700000 2.219697
4.750000 -1.547292
4.800000 -6.836748
4.850000 -9.355214
4.900000 -8.772793
4.950000 -4.892414
5.000000 -0.716660
5.050000 0.448582
5.100000 5.040492
5.150000 8.087487
5.200000 5.112787
5.250000 4.785508
5.300000 4.021221
5.350000 -1.232820
5.400000 -0.570824
5.450000 -6.005608
5.500000 -4.622792
5.550000 -2.529073
5.600000 -0.360849
5.650000 1.987147
5.700000 2.558617
5.750000 3.958852
5.800000 3.878007
5.850000 5.014834
5.900000 4.386129
5.950000 0.904382
6.000000 -1.611861
6.050000 -1.871989
6.100000 -1.647622
6.150000 -5.618520
6.200000 -2.093699
6.250000 -1.673335
6.300000 -1.413046
6.350000 2.362955
6.400000 2.628646
6.450000 3.972148
6.500000 4.595444
6.550000 1.593854
6.600000 1.500788
6.650000 -0.356721
6.700000 -3.663275
6.750000 -2.159112
6.800000 -2.343203
6.850000 -1.557583
6.900000 -2.819623
6.950000 -3.296601
7.000000 0.964167
7.050000 2.618903
7.100000 4.628632
7.150000 5.230972
7.200000 1.512184
7.250000 -0.895258
7.300000 -1.977512
7.350000 -0.473816
7.400000 -1.610881
7.450000 -1.227813
7.500000 -2.768280
7.550000 0.324005
7.600000 -0.459361
7.650000 0.852007
7.700000 2.763946
7.750000 2.405165
7.800000 1.063803
7.850000 0.978448
7.900000 0.926326
7.950000 -3.030505
8.000000 -1.381900
8.050000 -0.658482
8.100000 -0.902018
8.150000 0.610998
8.200000 2.465140
8.250000 0.406600
8.300000 1.241412
8.350000 2.400997
8.400000 0.464322
8.450000 1.284326
8.500000 -1.845557
8.550000 -0.261837
8.600000 -0.183391
8.650000 0.156476
8.700000 -0.030098
8.750000 -0.955501
8.800000 -0.313230
8.850000 -1.968601
8.900000 -0.000929
8.950000 -0.208160
9.000000 0.555595
9.050000 -0.422793
9.100000 -1.514552
9.150000 -0.075130
9.200000 -0.829396
9.250000 -1.957470
9.300000 1.401983
9.350000 -1.475358
9.400000 -0.104213
9.450000 -3.398921
9.500000 -2.874307
9.550000 -1.661359
9.600000 -0.330739
9.650000 0.101607
9.700000 -0.500079
9.750000 -3.361162
9.800000 -1.573209
9.850000 -0.879421
9.900000 -0.358795
9.950000 1.458534
10.000000 1.424899
10.050000 -3.067006
10.100000 -2.919088
10.150000 -1.485242
10.200000 -3.408309
10.250000 3.207889
10.300000 2.257466
10.350000 0.327194
10.400000 -0.520588
10.450000 1.027701
10.500000 3.014777
10.550000 2.073746
10.600000 0.175830
10.650000 2.951096
10.700000 -0.708551
10.750000 0.299544
10.800000 1.756416
10.850000 1.175098
10.900000 1.675924
10.950000 -0.872387
11.000000 3.565941
11.050000 1.476499
11.100000 1.616213
11.150000 3.792864
11.200000 0.676484
11.250000 -0.634822
11.300000 0.357582
11.350000 -2.448055
11.400000 0.202789
11.450000 -1.212795
11.500000 -0.026338
11.550000 2.011117
11.600000 1.082334
11.650000 2.252415
11.700000 0.860354
11.750000 1.260637
11.800000 -1.069286
11.850000 0.219328
11.900000 -2.992952
11.950000 -1.999688
12.000000 0.807566
12.050000 -0.764387
12.100000 1.374824
12.150000 1.366457
12.200000 1.401271
12.250000 -0.023221
12.300000 1.714301
12.350000 0.036357
12.400000 0.782880
12.450000 -2.210190
12.500000 -1.313203
12.550000 2.063347
12.600000 2.004930
12.650000 -1.710465
12.700000 1.827055
12.750000 1.514699
12.800000 3.262072
12.850000 0.444367
12.900000 2.880111
12.950000 -1.426798
13.000000 2.620897
13.050000 2.603436
13.100000 -0.371131
13.150000 0.855902
13.200000 -0.848640
13.250000 -2.771412
13.300000 -0.912872
13.350000 -0.207177
13.400000 2.905889
13.450000 0.403392
13.500000 0.682362
13.550000 0.442327
13.600000 -0.928197
13.650000 2.849535
13.700000 -2.703625
13.750000 -2.166222
13.800000 0.934919
13.850000 0.360827
13.900000 -1.525765
13.950000 4.506772
14.000000 -1.019633
14.050000 -0.550558
14.100000 0.759708
14.150000 4.971570
14.200000 -1.462479
14.250000 -2.516039
14.300000 0.914662
14.350000 -0.930164
14.400000 -1.518674
14.450000 0.512617
14.500000 2.920353
14.550000 2.649902
14.600000 0.567287
14.650000 4.079679
14.700000 0.466665
14.750000 3.532840
14.800000 -1.268983
14.850000 -1.332440
14.900000 0.301253
14.950000 0.393856
15.000000 -2.104575
15.050000 -0.396382
15.100000 -0.609210
15.150000 1.674920
15.200000 1.271796
15.250000 2.965961
15.300000 4.038411
15.350000 4.556496
15.400000 0.946457
15.450000 -0.628939
15.500000 0.433570
15.550000 0.311667
15.600000 0.320022
15.650000 -0.775271
15.700000 -1.176853
15.750000 1.809346
15.800000 2.452811
15.850000 -0.224216
15.900000 3.069320
15.950000 1.530470
16.000000 1.101630
16.050000 2.025339
16.100000 0.795561
16.150000 1.219138
16.200000 -0.696184
16.250000 0.819140
16.300000 2.278584
16.350000 1.136888
16.400000 -0.744674
16.450000 4.077658
16.500000 1.390614
16.550000 5.258677
16.600000 1.286948
16.650000 1.292246
16.700000 -3.172199
16.750000 -2.892948
16.800000 0.825483
16.850000 -2.031844
16.900000 1.044921
16.950000 -0.421634
17.000000 0.626149
17.050000 0.809536
17.100000 0.364370
17.150000 2.311561
17.200000 1.708264
17.250000 0.964069
17.300000 0.406754
17.350000 0.839955
17.400000 -4.121906
17.450000 -0.622551
17.500000 0.838488
17.550000 0.612287
17.600000 0.383499
17.650000 -0.197931
17.700000 0.712046
17.750000 1.941047
17.800000 -1.008859
17.850000 1.258370
17.900000 -0.922284
17.950000 0.374561
18.000000 -1.677154
18.050000 0.471059
18.100000 -1.323152
18.150000 -1.082545
18.200000 -0.470967
18.250000 -0.060962
18.300000 -0.939718
18.350000 0.942223
18.400000 0.939708
18.450000 1.965121
18.500000 0.550830
18.550000 -1.330092
18.600000 -0.353829
18.650000 0.478865
18.700000 0.272879
18.750000 -0.490382
18.800000 -0.842014
18.850000 -1.478566
18.900000 0.438151
18.950000 0.711628
19.000000 2.847997
19.050000 -1.720061
19.100000 2.949959
19.150000 1.970590
19.200000 0.762307
19.250000 0.241464
19.300000 0.981845
19.350000 0.011854
19.400000 0.233472
19.450000 0.283501
19.500000 -1.319643
19.550000 0.358878
19.600000 -0.447996
19.650000 1.955636
19.700000 0.146306
19.750000 0.865169
19.799999 0.608900
19.849999 0.986268
19.899999 1.342797
19.949999 -0.631470
