0.000000 -0.043822
0.050000 -0.403508
0.100000 -0.060723
0.150000 0.933682
0.200000 0.463663
0.250000 0.044857
0.300000 0.104109
0.350000 0.296385
0.400000 0.418616
0.450000 -0.320598
0.500000 0.331963
0.550000 0.426237
0.600000 -0.875058
0.650000 1.009429
0.700000 0.711760
0.750000 0.278136
0.800000 2.185620
0.850000 0.446054
0.900000 0.680911
0.950000 0.431024
1.000000 -0.067172
1.050000 0.207073
1.100000 -0.455999
1.150000 0.115348
1.200000 -0.162296
1.250000 -0.469425
1.300000 -1.228699
1.350000 -0.268869
1.400000 0.475391
1.450000 -0.329121
1.500000 0.697965
1.550000 0.179819
1.600000 0.390222
1.650000 0.645227
1.700000 0.308016
1.750000 1.031569
1.800000 -0.056132
1.850000 0.550847
1.900000 0.330492
1.950000 1.198130
2.000000 0.257023
2.050000 -0.489611
2.100000 -0.743149
2.150000 -0.242201
2.200000 -0.548363
2.250000 0.021476
2.300000 0.948709
2.350000 0.074897
2.400000 -1.205842
2.450000 -0.654032
2.500000 -1.646570
2.550000 -1.868148
2.600000 -1.453012
2.650000 -3.862442
2.700000 -2.382875
2.750000 -4.001956
2.800000 -2.991990
2.850000 -2.328340
2.900000 -0.482368
2.950000 2.905086
3.000000 4.264804
3.050000 5.281689
3.100000 9.761697
3.150000 10.285511
3.200000 12.222798
3.250000 11.089913
3.300000 10.182116
3.350000 6.611983
3.400000 2.742098
3.450000 -0.440513
3.500000 -6.395422
3.550000 -9.934678
3.600000 -13.686527
3.650000 -17.784029
3.700000 -15.166459
3.750000 -13.711880
3.800000 -9.879755
3.850000 -6.180228
3.900000 -1.457397
3.950000 3.464466
4.000000 7.604160
4.050000 9.861215
4.100000 11.189273
4.150000 10.902150
4.200000 10.537480
4.250000 6.751237
4.300000 4.497921
4.350000 1.295106
4.400000 -0.697260
4.450000 -3.357591
4.500000 -5.279254
4.550000 -6.240406
4.600000 -6.588804
4.650000 -5.017100
4.700000 -3.970104
4.750000 -2.583743
4.800000 0.221343
4.850000 1.587991
4.900000 2.813632
4.950000 4.499981
5.000000 4.537366
5.050000 4.112654
5.100000 2.885019
5.150000 2.752200
5.200000 0.211697
5.250000 -2.186961
5.300000 -3.091427
5.350000 -1.697363
5.400000 -2.956778
5.450000 -2.974365
5.500000 -1.873285
5.550000 -0.888571
5.600000 0.200964
5.650000 1.132466
5.700000 0.820095
5.750000 2.539544
5.800000 4.064693
5.850000 2.454596
5.900000 2.902469
5.950000 0.351178
6.000000 0.192363
6.050000 0.290260
6.100000 0.016060
6.150000 0.494958
6.200000 -1.763145
6.250000 -0.638795
6.300000 -1.862139
6.350000 -0.059512
6.400000 1.390598
6.450000 0.444265
6.500000 0.675424
6.550000 2.184301
6.600000 0.130305
6.650000 2.261946
6.700000 0.046853
6.750000 1.167813
6.800000 0.145082
6.850000 -0.312444
6.900000 -0.973235
6.950000 -0.364405
7.000000 -1.443203
7.050000 0.910163
7.100000 -0.030651
7.150000 0.576064
7.200000 -0.294359
7.250000 0.738968
7.300000 0.531380
7.350000 2.918888
7.400000 -0.226862
7.450000 -0.827586
7.500000 -0.620521
7.550000 -1.299625
7.600000 -0.123470
7.650000 -1.379634
7.700000 -1.507932
7.750000 -0.347936
7.800000 0.047038
7.850000 1.365954
7.900000 1.291675
7.950000 2.294932
7.999999 0.614200
8.049999 0.300348
8.100000 0.536873
8.150000 1.863353
8.200000 1.225188
8.250000 0.445672
8.300000 0.841125
8.350000 0.138485
8.400000 0.273662
8.450000 -0.107102
8.500000 -0.472903
8.549999 -1.916320
8.599999 -0.666060
8.650000 -1.783499
8.700000 0.366728
8.750000 1.033985
8.800000 1.786772
8.850000 0.317607
8.900000 2.015268
8.950000 1.409909
9.000000 1.369784
9.050000 -0.256591
9.099999 -1.195972
9.149999 0.765571
9.200000 0.082110
9.250000 -0.349788
9.300000 0.972003
9.350000 0.214295
9.400000 -0.812554
9.450000 -0.478166
9.500000 -1.047346
9.550000 -1.336199
9.600000 -0.718534
9.649999 -0.044638
9.699999 0.865996
9.750000 2.271340
9.800000 0.162370
9.850000 1.240486
9.900000 0.351803
9.950000 0.685983
10.000000 0.343694
10.050000 1.175455
10.100000 0.722677
10.150000 -0.202821
10.199999 0.019527
10.249999 0.329671
10.300000 -0.382863
10.350000 -0.288750
10.400000 -0.133861
10.450000 1.009733
10.500000 -0.436457
10.550000 0.896753
10.600000 1.582735
10.650000 -0.530994
10.700000 0.202925
10.749999 -1.039683
10.799999 -0.050204
10.849999 -1.560300
10.900000 -0.608327
10.950000 -0.587828
11.000000 -0.473992
11.050000 0.303855
11.100000 0.499062
11.150000 -1.224713
11.200000 -0.141162
11.250000 -0.084739
11.299999 0.106856
11.349999 -0.791219
11.399999 1.296475
11.450000 0.400337
11.500000 0.030773
11.550000 1.559789
11.600000 1.513973
11.650000 0.147430
11.700000 -1.336091
11.750000 -0.227765
11.800000 0.806409
11.849999 0.187111
11.899999 0.938008
11.949999 0.509757
12.000000 0.209106
12.050000 -0.541544
12.100000 -1.160764
12.150000 0.736380
12.200000 -1.225963
12.250000 0.170166
12.300000 1.540275
12.350000 0.945864
12.399999 0.278389
12.449999 0.122872
12.499999 -1.492490
12.550000 0.004257
12.600000 -0.820603
12.650000 -2.034268
12.700000 0.148489
12.750000 -0.194394
12.800000 -0.779298
12.850000 0.096491
12.900000 0.739600
12.949999 0.589557
12.999999 0.595948
13.049999 -0.636051
13.100000 1.586995
13.150000 1.199386
13.200000 0.023446
13.250000 0.763117
13.300000 1.810798
13.350000 -0.508104
13.400000 -0.338549
13.450000 -1.827923
13.499999 -0.829441
13.549999 -1.857343
13.599999 -0.398195
13.650000 -1.734769
13.700000 -0.304089
13.750000 -0.125028
13.800000 -0.527515
13.850000 -0.354827
13.900000 -1.295593
13.950000 -0.209687
14.000000 0.610170
14.049999 1.146150
14.099999 0.324880
14.149999 0.124826
14.200000 0.188260
14.250000 -0.098966
14.300000 -0.824502
14.350000 -0.505205
14.400000 -0.294847
14.450000 0.378019
14.500000 -0.407570
14.549999 -0.696643
14.599999 -0.527011
14.649999 -0.163477
14.699999 -1.095113
14.750000 -0.080081
14.800000 0.325153
14.850000 -0.482597
14.900000 0.062599
14.950000 0.047916
15.000000 -0.154130
15.050000 -0.147153
15.099999 -0.114501
15.149999 -0.102473
15.199999 -0.042694
15.249999 0.306861
15.299999 0.923242
15.350000 1.585848
15.400000 1.586211
15.450000 -0.506298
15.500000 0.257873
15.550000 0.018471
15.600000 0.256502
15.650000 -1.103335
15.699999 0.315260
15.750000 -0.572014
15.799999 -1.124494
15.850000 -0.120433
15.899999 0.136455
15.950000 -0.205345
15.999999 -0.036931
16.050000 -0.014613
16.099999 -0.569101
16.150000 0.635952
16.200000 -0.297126
16.249999 -1.202175
16.300000 -0.373975
16.349999 -0.638444
16.400000 -0.298725
16.449999 -0.594780
16.500000 -0.947542
16.549999 -0.954269
16.600000 0.029607
16.649999 -0.432286
16.700000 -0.711199
16.750000 0.425981
16.799999 0.953501
16.850000 0.696125
16.899999 0.524152
16.950000 1.313957
16.999999 1.743187
17.050000 0.943483
17.099999 0.531161
17.150000 1.041894
17.199999 1.295842
17.250000 1.738221
17.300000 1.111369
17.349999 1.570835
17.400000 0.777680
17.449999 -0.364776
17.500000 -1.351863
17.549999 -1.450235
17.600000 -1.934614
17.649999 -0.248860
17.700000 -0.680056
17.749999 -1.946656
17.800000 -1.025831
17.850000 -0.560328
17.899999 -0.677814
17.950000 0.617736
17.999999 1.677567
18.050000 1.070840
18.099999 0.278144
18.150000 -0.029329
18.199999 0.344323
18.250000 1.046570
18.299999 0.599669
18.350000 2.003299
18.400000 1.362800
18.449999 1.613331
18.500000 1.552317
18.549999 1.025176
18.600000 0.441079
18.649999 0.654464
18.700000 -0.375756
18.749999 -1.962242
18.800000 -0.952859
18.849999 -2.045483
18.900000 -0.534524
18.950000 -1.741518
18.999999 0.568546
19.050000 -0.156164
19.099999 1.339118
19.150000 0.816235
19.199999 1.805962
19.250000 1.729621
19.299999 1.478171
19.350000 -0.209484
19.399999 0.341570
19.450000 -0.142230
19.500000 -1.329459
19.549999 0.028492
19.600000 -0.433757
19.649999 -1.776829
19.700000 -0.811574
19.749999 -1.727636
19.800000 -2.363701
19.849999 -1.375190
19.900000 -1.824759
19.949999 0.544230
