0.000000 0.044872
0.050000 0.108570
0.100000 -0.007001
0.150000 -0.047340
0.200000 0.000467
0.250000 0.133927
0.300000 0.097418
0.350000 0.013424
0.400000 0.022216
0.450000 0.070653
0.500000 -0.060640
0.550000 -0.112229
0.600000 0.132146
0.650000 0.022587
0.700000 -0.082893
0.750000 -0.099856
0.800000 0.127880
0.850000 -0.182634
0.900000 0.077243
0.950000 0.048782
1.000000 0.015351
1.050000 -0.075629
1.100000 -0.040568
1.150000 0.042739
1.200000 -0.105000
1.250000 0.077507
1.300000 0.076465
1.350000 0.089301
1.400000 0.117535
1.450000 -0.109170
1.500000 -0.068285
1.550000 0.045190
1.600000 0.021311
1.650000 -0.024502
1.700000 0.042060
1.750000 0.053679
1.800000 -0.064980
1.850000 -0.093359
1.900000 -0.021187
1.950000 0.017400
2.000000 0.004119
2.050000 0.028742
2.100000 -0.066062
2.150000 0.192668
2.200000 -0.035699
2.250000 0.089787
2.300000 0.159416
2.350000 -0.044759
2.400000 -0.110854
2.450000 0.030173
2.500000 0.071859
2.550000 0.079843
2.600000 0.088085
2.650000 -0.003330
2.700000 -0.078199
2.750000 -0.071641
2.800000 -0.177180
2.850000 -0.207042
2.900000 -0.140333
2.950000 -0.109296
3.000000 -0.216893
3.050000 -0.164932
3.100000 -0.059890
3.150000 0.119947
3.200000 0.071209
3.250000 0.272679
3.300000 0.232694
3.350000 0.165432
3.400000 0.243948
3.450000 0.159090
3.500000 0.065635
3.550000 0.005283
3.600000 0.004807
3.650000 -0.239350
3.700000 0.000841
3.750000 0.021602
3.800000 -0.114968
3.850000 -0.084243
3.900000 -0.144285
3.950000 -0.084627
4.000000 -0.214159
4.050000 0.106469
4.100000 -0.022305
4.150000 -0.007103
4.200000 0.055466
4.250000 -0.030863
4.300000 0.124925
4.350000 0.023086
4.400000 -0.152249
4.450000 0.019293
4.500000 -0.167440
4.550000 -0.026573
4.600000 -0.150247
4.650000 -0.184062
4.700000 0.181544
4.750000 -0.002305
4.800000 0.076086
4.850000 0.196927
4.900000 0.031097
4.950000 0.099013
5.000000 0.063905
5.050000 -0.093752
5.100000 0.232131
5.150000 0.095494
5.200000 -0.062592
5.250000 0.009124
5.300000 0.127554
5.350000 -0.018061
5.400000 0.135635
5.450000 -0.052416
5.500000 -0.077532
5.550000 -0.126200
5.600000 -0.046100
5.650000 -0.034420
5.700000 -0.010081
5.750000 -0.045296
5.800000 0.091265
5.850000 0.070548
5.900000 0.178460
5.950000 0.180592
6.000000 0.129158
6.050000 -0.040210
6.100000 0.084095
6.150000 0.007919
6.200000 0.009204
6.250000 0.043073
6.300000 -0.137868
6.350000 -0.155615
6.400000 0.025865
6.450000 0.069709
6.500000 0.138727
6.550000 -0.077818
6.600000 -0.053704
6.650000 -0.028134
6.700000 -0.081314
6.750000 0.032003
6.800000 0.085412
6.850000 0.187003
6.900000 0.044660
6.950000 0.132669
7.000000 -0.069090
7.050000 0.015541
7.100000 -0.060417
7.150000 -0.045003
7.200000 -0.106395
7.250000 -0.037162
7.300000 0.031196
7.350000 -0.003252
7.400000 0.111051
7.450000 -0.080335
7.500000 0.038004
7.550000 -0.026645
7.600000 0.039909
7.650000 -0.215500
7.700000 -0.080487
7.750000 0.119402
7.800000 0.115898
7.850000 0.062011
7.900000 -0.043751
7.950000 0.016398
7.999999 0.033381
8.049999 0.058048
8.100000 -0.055371
8.150000 0.035809
8.200000 -0.078569
8.250000 -0.002722
8.300000 0.009522
8.350000 -0.016943
8.400000 0.116142
8.450000 -0.004313
8.500000 -0.012083
8.549999 -0.012836
8.599999 0.006175
8.650000 0.076902
8.700000 0.116073
8.750000 0.023184
8.800000 -0.005136
8.850000 0.092709
8.900000 -0.053300
8.950000 0.089969
9.000000 -0.088655
9.050000 -0.115144
9.099999 0.047779
9.149999 -0.006820
9.200000 -0.000548
9.250000 -0.025084
9.300000 -0.084418
9.350000 0.008658
9.400000 0.027273
9.450000 0.073969
9.500000 0.001424
9.550000 -0.049666
9.600000 -0.079178
9.649999 -0.054619
9.699999 -0.049738
9.750000 -0.089684
9.800000 0.059246
9.850000 -0.063862
9.900000 -0.062763
9.950000 -0.030772
10.000000 -0.072087
10.050000 0.130906
10.100000 0.083053
10.150000 0.109624
10.199999 -0.095199
10.249999 0.038189
10.300000 0.024270
10.350000 0.015965
10.400000 -0.035681
10.450000 -0.068312
10.500000 -0.076153
10.550000 0.077808
10.600000 0.065006
10.650000 0.141541
10.700000 -0.144435
10.749999 0.181398
10.799999 0.100049
10.849999 0.109588
10.900000 -0.014072
10.950000 0.006487
11.000000 -0.064303
11.050000 0.226537
11.100000 0.040777
11.150000 -0.040689
11.200000 -0.056433
11.250000 0.058379
11.299999 -0.057225
11.349999 0.070235
11.399999 0.053952
11.450000 0.009617
11.500000 0.079695
11.550000 -0.021459
11.600000 0.138228
11.650000 0.067541
11.700000 0.023245
11.750000 -0.058588
11.800000 -0.038596
11.849999 -0.020786
11.899999 0.068655
11.949999 -0.011189
12.000000 0.075884
12.050000 -0.049889
12.100000 -0.175293
12.150000 0.043745
12.200000 0.066972
12.250000 -0.073728
12.300000 0.086728
12.350000 0.104767
12.399999 0.002812
12.449999 0.022507
12.499999 -0.010632
12.550000 0.027085
12.600000 0.087640
12.650000 0.027972
12.700000 0.074072
12.750000 -0.091034
12.800000 0.024919
12.850000 0.055304
12.900000 0.264956
12.949999 0.024937
12.999999 0.114427
13.049999 -0.098736
13.100000 0.115176
13.150000 0.018613
13.200000 0.046256
13.250000 0.255123
13.300000 0.019016
13.350000 0.017366
13.400000 -0.080745
13.450000 0.096521
13.499999 -0.000825
13.549999 0.120827
13.599999 -0.022465
13.650000 -0.197182
13.700000 0.057474
13.750000 0.083455
13.800000 -0.130620
13.850000 -0.062211
13.900000 0.190460
13.950000 0.004784
14.000000 0.048021
14.049999 0.095876
14.099999 -0.014700
14.149999 0.049631
14.200000 -0.156249
14.250000 -0.141285
14.300000 -0.223533
14.350000 -0.078544
14.400000 0.077940
14.450000 0.011534
14.500000 -0.117850
14.549999 -0.130831
14.599999 -0.107054
14.649999 0.054116
14.699999 0.093495
14.750000 -0.050837
14.800000 -0.102997
14.850000 0.071774
14.900000 0.031670
14.950000 -0.055498
15.000000 0.108977
15.050000 0.087234
15.099999 0.121397
15.149999 0.071418
15.199999 0.162137
15.249999 -0.148781
15.299999 0.107973
15.350000 0.049937
15.400000 0.139274
15.450000 0.010076
15.500000 -0.076834
15.550000 0.182610
15.600000 0.006272
15.650000 0.035456
15.699999 -0.034428
15.750000 -0.034978
15.799999 -0.151986
15.850000 0.065672
15.899999 0.082379
15.950000 0.044813
15.999999 0.044671
16.050000 -0.032269
16.099999 0.143418
16.150000 0.003730
16.200000 -0.070142
16.249999 0.046682
16.300000 0.150225
16.349999 0.079809
16.400000 -0.062021
16.449999 -0.039063
16.500000 -0.076349
16.549999 0.103164
16.600000 -0.097717
16.649999 -0.000482
16.700000 -0.066684
16.750000 -0.018509
16.799999 -0.039407
16.850000 -0.067795
16.899999 -0.029548
16.950000 -0.057142
16.999999 0.057832
17.050000 -0.125719
17.099999 0.009246
17.150000 0.051547
17.199999 -0.022781
17.250000 -0.072555
17.300000 -0.044575
17.349999 0.011916
17.400000 -0.020509
17.449999 0.192735
17.500000 0.037344
17.549999 0.112566
17.600000 -0.034122
17.649999 -0.151860
17.700000 0.037663
17.749999 -0.062324
17.800000 0.147832
17.850000 0.102820
17.899999 0.038313
17.950000 0.066593
17.999999 -0.060668
18.050000 -0.061503
18.099999 0.076155
18.150000 -0.076219
18.199999 0.029438
18.250000 0.153197
18.299999 0.010545
18.350000 -0.034852
18.400000 0.013705
18.449999 -0.054858
18.500000 0.106790
18.549999 0.044479
18.600000 0.022335
18.649999 -0.077483
18.700000 -0.029205
18.749999 0.183364
18.800000 -0.059999
18.849999 -0.029163
18.900000 -0.001809
18.950000 0.034848
18.999999 -0.052892
19.050000 -0.038713
19.099999 0.129725
19.150000 -0.004762
19.199999 0.025016
19.250000 -0.097894
19.299999 0.023966
19.350000 -0.129941
19.399999 -0.033494
19.450000 -0.066881
19.500000 0.025203
19.549999 0.017079
19.600000 -0.034080
19.649999 -0.020584
19.700000 0.048297
19.749999 0.023469
19.800000 -0.001357
19.849999 0.063146
19.900000 -0.023491
19.949999 -0.122644
