0.000000 7.203021
0.050000 7.105769
0.100000 17.847153
0.150000 18.382917
0.200000 11.026375
0.250000 7.702469
0.300000 1.786619
0.350000 -1.536568
0.400000 28.391624
0.450000 9.944215
0.500000 35.005417
0.550000 19.580372
0.600000 6.270504
0.650000 -2.972262
0.700000 -25.479605
0.750000 -13.423889
0.800000 -10.905465
0.850000 13.445704
0.900000 6.517268
0.950000 -2.207173
1.000000 10.093693
1.050000 -0.901949
1.100000 -17.391178
1.150000 -11.452542
1.200000 -0.267615
1.250000 -15.056890
1.300000 9.096524
1.350000 1.670876
1.400000 6.484840
1.450000 -14.871810
1.500000 -6.876655
1.550000 -14.846119
1.600000 -34.941906
1.650000 -6.016833
1.700000 -7.650745
1.750000 8.088983
1.800000 0.770781
1.850000 -4.121103
1.900000 -2.928878
1.950000 18.644739
2.000000 14.445204
2.050000 -9.544231
2.100000 -4.706687
2.150000 14.727232
2.200000 -15.532520
2.250000 19.413944
2.300000 27.391815
2.350000 17.349640
2.400000 -25.136539
2.450000 19.100628
2.500000 -3.076305
2.550000 36.306683
2.600000 5.305422
2.650000 -10.975097
2.700000 13.825215
2.750000 14.126602
2.800000 1.450793
2.850000 21.022816
2.900000 7.057096
2.950000 11.076069
3.000000 25.517330
3.050000 17.111464
3.100000 9.666357
3.150000 -5.389008
3.200000 17.972256
3.250000 23.062307
3.300000 34.347198
3.350000 34.235859
3.400000 36.110443
3.450000 44.257656
3.500000 49.247055
3.550000 48.584007
3.600000 22.159971
3.650000 6.412602
3.700000 11.839078
3.750000 -8.488694
3.800000 -23.821104
3.850000 -15.092368
3.900000 -44.101875
3.950000 -6.296710
4.000000 -64.852562
4.050000 -30.615978
4.100000 -64.284149
4.150000 -73.209175
4.200000 -89.476974
4.250000 -113.710388
4.300000 -85.277000
4.350000 -63.028175
4.400000 -58.407478
4.450000 -35.128422
4.500000 -9.315518
4.550000 17.104542
4.600000 28.256628
4.650000 26.339634
4.700000 58.289120
4.750000 73.447708
4.800000 113.893387
4.850000 106.850197
4.900000 137.777084
4.950000 139.239990
5.000000 135.344666
5.050000 132.852371
5.100000 127.775223
5.150000 125.022964
5.200000 102.029755
5.250000 109.230385
5.300000 102.168793
5.350000 63.935253
5.400000 61.319782
5.450000 54.980576
5.500000 -8.980228
5.550000 -34.648415
5.600000 -58.348682
5.650000 -91.719574
5.700000 -101.908127
5.750000 -120.240883
5.800000 -143.577072
5.850000 -151.133347
5.900000 -189.135727
5.950000 -201.605865
6.000000 -200.414612
6.050000 -174.574554
6.100000 -161.499741
6.150000 -142.260208
6.200000 -122.982727
6.250000 -132.432022
6.300000 -78.487755
6.350000 -86.426422
6.400000 -56.727905
6.450000 -26.450357
6.500000 32.488136
6.550000 59.977467
6.600000 95.259415
6.650000 81.963974
6.700000 130.651947
6.750000 138.364960
6.800000 112.596870
6.850000 157.950577
6.900000 138.905090
6.950000 140.843369
7.000000 150.905807
7.050000 129.062531
7.100000 127.052750
7.150000 121.049545
7.200000 117.454514
7.250000 103.371208
7.300000 113.188713
7.350000 85.846039
7.400000 45.842651
7.450000 25.442902
7.500000 19.446751
7.550000 -32.108578
7.600000 -20.294699
7.650000 -61.830238
7.700000 -64.495369
7.750000 -73.172661
7.800000 -108.369423
7.850000 -118.566589
7.900000 -132.515335
7.950000 -110.094284
8.000000 -125.274208
8.050000 -123.347115
8.100000 -125.286598
8.150000 -105.885765
8.200000 -78.369308
8.250000 -97.902245
8.300000 -85.331642
8.350000 -33.736290
8.400000 -20.942423
8.450000 9.009724
8.500000 -2.302111
8.550000 56.142624
8.600000 31.230101
8.650000 50.444202
8.700000 72.926323
8.750000 79.641289
8.800000 67.636406
8.850000 60.935123
8.900000 79.206253
8.950000 85.005760
9.000000 67.620827
9.050000 88.610634
9.100000 57.395309
9.150000 28.046070
9.200000 67.093338
9.250000 54.454044
9.300000 24.670424
9.350000 15.164359
9.400000 -9.667981
9.450000 -9.225297
9.500000 -18.613417
9.550000 -23.387241
9.600000 -15.068077
9.650000 -13.838330
9.700000 -25.432585
9.750000 -13.217087
9.800000 -25.770084
9.850000 -13.000085
9.900000 -46.232113
9.950000 -45.768475
10.000000 -34.917046
10.050000 -37.098232
10.100000 -27.090462
10.150000 -21.754936
10.200000 -5.329235
10.250000 -12.283807
10.300000 -4.739023
10.350000 -18.253462
10.400000 -12.148582
10.450000 -1.413523
10.500000 -8.424353
10.550000 10.567558
10.600000 19.575361
10.650000 13.200390
10.700000 -0.084435
10.750000 14.126005
10.800000 22.758871
10.850000 12.080639
10.900000 1.546283
10.950000 27.031700
11.000000 15.796587
11.050000 0.841784
11.100000 30.009890
11.150000 13.282804
11.200000 39.487183
11.250000 -0.399611
11.300000 13.960745
11.350000 27.079258
11.400000 14.959544
11.450000 15.796093
11.500000 -26.988310
11.550000 -1.233201
11.600000 -21.748980
11.650000 -7.916179
11.700000 0.758886
11.750000 -15.053357
11.800000 -20.082886
11.850000 6.765219
11.900000 -2.573570
11.950000 -2.011785
12.000000 -8.229957
12.050000 5.677336
12.100000 -0.636651
12.150000 -9.544312
12.200000 -5.802297
12.250000 -13.857607
12.300000 -10.414333
12.350000 2.271011
12.400000 5.030475
12.450000 19.634203
12.500000 1.692056
12.550000 17.951326
12.600000 7.368688
12.650000 13.480398
12.700000 8.290109
12.750000 -11.125601
12.800000 -4.163297
12.850000 0.886705
12.900000 -19.250933
12.950000 -20.465412
13.000000 4.785416
13.050000 3.408651
13.100000 -1.498507
13.150000 7.092370
13.200000 -6.257203
13.250000 -4.558805
13.300000 14.314021
13.350000 14.964311
13.400000 -11.976684
13.450000 24.159914
13.500000 1.708912
13.550000 2.124192
13.600000 -9.518070
13.650000 -8.758358
13.700000 8.766645
13.750000 13.490291
13.800000 20.923899
13.850000 1.672849
13.900000 -1.293029
13.950000 5.112837
14.000000 2.434472
14.050000 12.099352
14.100000 -6.698614
14.150000 15.352895
14.200000 -2.783493
14.250000 -1.919160
14.300000 -28.026257
14.350000 -2.720227
14.400000 -11.338984
14.450000 -5.363323
14.500000 -9.785495
14.550000 23.553278
14.600000 -4.745105
14.650000 -9.900083
14.700000 -6.530139
14.750000 -31.681198
14.800000 -5.897835
14.850000 -10.071231
14.900000 -16.370642
14.950000 -4.633834
15.000000 -15.200463
15.050000 -26.313404
15.100000 -8.638494
15.150000 -13.558437
15.200000 -25.753704
15.250000 -18.795918
15.300000 12.758147
15.350000 -23.199520
15.400000 -21.502958
15.450000 10.783141
15.500000 -1.974523
15.550000 -9.066520
15.600000 7.769741
15.650000 0.645935
15.700000 -14.108428
15.750000 -3.611480
15.800000 -6.815246
15.850000 10.683663
15.900000 -0.260302
15.950000 14.903851
16.000000 -23.382088
16.050000 -31.117205
16.100000 -35.769718
16.150000 -8.957141
16.200000 4.027402
16.250000 -4.867148
16.300000 2.115938
16.350000 19.817574
16.400000 -0.325208
16.450000 11.779192
16.500000 3.477007
16.550000 15.364899
16.600000 3.460011
16.650000 12.734177
16.700000 2.400724
16.750000 0.885646
16.800000 -11.391825
16.850000 -23.873569
16.900000 -37.273121
16.950000 -18.795158
17.000000 -16.439220
17.050000 -36.379223
17.100000 -1.619811
17.150000 -12.900558
17.200000 -25.155579
17.250000 -7.935078
17.300000 -0.003518
17.350000 -25.073967
17.400000 -3.064790
17.450000 -5.541789
17.500000 14.175581
17.550000 -13.801090
17.600000 5.772879
17.650000 9.853011
17.700000 12.200519
17.750000 -3.765378
17.800000 14.814279
17.850000 -18.819534
17.900000 -25.127756
17.950000 -0.396053
18.000000 -8.615683
18.050000 -4.772362
18.100000 4.672518
18.150000 16.667286
18.200000 -14.469333
18.250000 -13.528261
18.300000 8.974622
18.350000 16.755512
18.400000 10.384994
18.450000 2.945080
18.500000 4.405732
18.550000 16.953033
18.600000 -3.216781
18.650000 -12.815365
18.700000 -15.493919
18.750000 -6.642290
18.800000 -37.464359
18.850000 -6.279959
18.900000 -37.192474
18.950000 -10.100314
19.000000 3.351471
19.050000 -24.850117
19.100000 -3.671957
19.150000 -5.275077
19.200000 -3.826514
19.250000 -10.407763
19.300000 -21.512629
19.350000 -6.998084
19.400000 -2.888538
19.450000 4.733136
19.500000 -31.330269
19.550000 11.263625
19.600000 1.086746
19.650000 2.785236
19.700000 -3.490420
19.750000 4.166863
19.799999 3.350929
19.849999 -20.805830
19.899999 -1.564012
19.949999 17.503048
