0.000000 -0.011894
0.050000 0.000507
0.100000 -0.005769
0.150000 0.008972
0.200000 -0.007022
0.250000 0.000306
0.300000 0.008683
0.350000 0.003708
0.400000 0.005696
0.450000 0.003515
0.500000 -0.008016
0.550000 0.009978
0.600000 0.018556
0.650000 0.017601
0.700000 -0.006940
0.750000 0.000451
0.800000 -0.000358
0.850000 0.011130
0.900000 0.019960
0.950000 -0.014451
1.000000 0.010311
1.050000 -0.013605
1.100000 -0.008662
1.150000 0.021615
1.200000 -0.000351
1.250000 0.015798
1.300000 -0.017063
1.350000 0.006239
1.400000 0.013664
1.450000 0.014117
1.500000 -0.018481
1.550000 -0.007270
1.600000 -0.002256
1.650000 0.009049
1.700000 -0.011071
1.750000 0.013380
1.800000 0.022291
1.850000 -0.001857
1.900000 0.002796
1.950000 0.007107
2.000000 -0.005644
2.050000 0.001345
2.100000 -0.008610
2.150000 0.008258
2.200000 -0.002758
2.250000 -0.018238
2.300000 -0.007685
2.350000 0.007681
2.400000 0.010352
2.450000 0.008693
2.500000 0.029080
2.550000 0.016689
2.600000 0.012682
2.650000 0.003016
2.700000 -0.008154
2.750000 -0.022841
2.800000 -0.023354
2.850000 -0.029151
2.900000 -0.002022
2.950000 0.026180
3.000000 0.032174
3.050000 0.039501
3.100000 0.050698
3.150000 0.007205
3.200000 -0.032104
3.250000 -0.033502
3.300000 -0.051835
3.350000 -0.033215
3.400000 0.002149
3.450000 0.030984
3.500000 0.052102
3.550000 0.047724
3.600000 0.028336
3.650000 0.007905
3.700000 -0.029418
3.750000 -0.027306
3.800000 -0.036995
3.850000 -0.024771
3.900000 -0.011757
3.950000 0.023210
4.000000 0.043969
4.050000 0.050553
4.100000 0.019497
4.150000 -0.013950
4.200000 -0.016302
4.250000 -0.036915
4.300000 -0.019704
4.350000 -0.009588
4.400000 0.005476
4.450000 0.032004
4.500000 0.026499
4.550000 0.027355
4.600000 0.003308
4.650000 0.002898
4.700000 -0.018535
4.750000 -0.029121
4.800000 -0.015396
4.850000 -0.010424
4.900000 -0.000328
4.950000 0.015683
5.000000 0.019604
5.050000 0.004400
5.100000 0.016099
5.150000 0.002241
5.200000 -0.017640
5.250000 -0.006466
5.300000 -0.016884
5.350000 -0.008767
5.400000 0.008240
5.450000 0.019317
5.500000 0.009834
5.550000 -0.001082
5.600000 0.000911
5.650000 -0.013303
5.700000 0.015235
5.750000 -0.000167
5.800000 -0.001283
5.850000 0.001886
5.900000 0.009771
5.950000 -0.003207
6.000000 0.002894
6.050000 -0.000132
6.100000 0.006368
6.150000 0.009020
6.200000 -0.007627
6.250000 -0.000586
6.300000 -0.020813
6.350000 0.007111
6.400000 -0.013550
6.450000 -0.002283
6.500000 0.006599
6.550000 -0.002481
6.600000 0.001006
6.650000 0.009831
6.700000 0.009486
6.750000 -0.003405
6.800000 -0.009300
6.850000 0.002272
6.900000 0.000550
6.950000 -0.012899
7.000000 0.000788
7.050000 0.000530
7.100000 -0.013756
7.150000 0.011296
7.200000 0.002632
7.250000 -0.005814
7.300000 0.004119
7.350000 -0.013100
7.400000 0.014868
7.450000 0.007394
7.500000 0.005133
7.550000 0.004442
7.600000 -0.000945
7.650000 -0.005040
7.700000 0.018232
7.750000 0.005564
7.800000 0.006448
7.850000 -0.005365
7.900000 -0.013963
7.950000 -0.005236
8.000000 0.004540
8.050000 0.001503
8.100000 -0.001711
8.150000 -0.002634
8.200000 -0.014623
8.250000 0.007818
8.300000 0.007319
8.350000 0.011022
8.400000 0.009757
8.450000 -0.005074
8.500000 -0.011282
8.550000 0.005158
8.600000 -0.008757
8.650000 -0.008302
8.700000 -0.006670
8.750000 -0.000506
8.800000 0.000000
8.850000 -0.001622
8.900000 0.011140
8.950000 -0.005677
9.000000 0.003609
9.050000 -0.008320
9.100000 0.003449
9.150000 -0.010736
9.200000 -0.001993
9.250000 -0.002546
9.300000 -0.002647
9.350000 -0.011732
9.400000 0.009751
9.450000 -0.009335
9.500000 0.008310
9.550000 0.010240
9.600000 -0.004109
9.650000 -0.001094
9.700000 -0.007710
9.750000 0.012984
9.800000 -0.006386
9.850000 0.005248
9.900000 -0.003889
9.950000 0.000791
10.000000 0.000101
10.050000 -0.001309
10.100000 -0.003682
10.150000 0.018007
10.200000 0.004077
10.250000 -0.007760
10.300000 0.008797
10.350000 -0.009042
10.400000 -0.001557
10.450000 0.005618
10.500000 -0.006414
10.550000 -0.008954
10.600000 -0.003010
10.650000 0.005841
10.700000 -0.016911
10.750000 -0.008569
10.800000 0.011179
10.850000 0.004871
10.900000 0.003539
10.950000 -0.010580
11.000000 -0.020510
11.050000 0.001478
11.100000 -0.001586
11.150000 -0.000100
11.200000 -0.006630
11.250000 -0.004964
11.300000 0.004204
11.350000 -0.004101
11.400000 0.003371
11.450000 -0.007995
11.500000 0.012388
11.550000 0.000232
11.600000 -0.016950
11.650000 -0.004999
11.700000 0.007171
11.750000 0.002081
11.800000 -0.015556
11.850000 0.001194
11.900000 0.008635
11.950000 0.003561
12.000000 0.004976
12.050000 0.013355
12.100000 0.000887
12.150000 0.008466
12.200000 -0.001889
12.250000 0.002967
12.300000 0.012631
12.350000 0.002066
12.400000 0.002799
12.450000 -0.008789
12.500000 -0.018361
12.550000 0.003016
12.600000 0.004194
12.650000 -0.012310
12.700000 -0.013389
12.750000 0.019028
12.800000 0.000241
12.850000 0.007269
12.900000 -0.000324
12.950000 -0.003512
13.000000 0.007979
13.050000 -0.000850
13.100000 0.011406
13.150000 -0.003935
13.200000 -0.008730
13.250000 -0.000265
13.300000 -0.004167
13.350000 -0.011808
13.400000 -0.005592
13.450000 0.001736
13.500000 -0.001251
13.550000 -0.007437
13.600000 0.002830
13.650000 -0.002284
13.700000 0.012627
13.750000 -0.012005
13.800000 -0.002442
13.850000 -0.002744
13.900000 -0.002171
13.950000 -0.010111
14.000000 -0.021085
14.050000 -0.011344
14.100000 0.013549
14.150000 0.014644
14.200000 -0.009001
14.250000 -0.008608
14.300000 0.007205
14.350000 0.014082
14.400000 0.008755
14.450000 0.002181
14.500000 0.001112
14.550000 -0.005613
14.600000 0.006048
14.650000 -0.007795
14.700000 0.001162
14.750000 0.001731
14.800000 0.008936
14.850000 -0.007070
14.900000 -0.024706
14.950000 0.011174
15.000000 0.018532
15.050000 -0.017581
15.100000 0.012598
15.150000 -0.005011
15.200000 0.007011
15.250000 0.004323
15.300000 -0.002593
15.350000 0.000560
15.400000 0.003784
15.450000 0.003780
15.500000 0.006796
15.550000 -0.003793
15.600000 0.002318
15.650000 -0.008253
15.700000 0.009686
15.750000 0.012742
15.800000 -0.012201
15.850000 0.004276
15.900000 -0.001269
15.950000 -0.009225
16.000000 -0.013902
16.050000 0.012681
16.100000 -0.009166
16.150000 0.008479
16.200000 0.006618
16.250000 -0.001209
16.300000 -0.006819
16.350000 -0.002802
16.400000 0.004848
16.450000 0.006419
16.500000 -0.004743
16.550000 0.017182
16.600000 0.008418
16.650000 0.016505
16.700000 0.004982
16.750000 0.004847
16.800000 -0.003625
16.850000 0.001058
16.900000 0.001269
16.950000 0.003472
17.000000 -0.001405
17.050000 -0.000423
17.100000 0.005236
17.150000 0.005665
17.200000 0.000809
17.250000 -0.003263
17.300000 0.010902
17.350000 0.000972
17.400000 0.006622
17.450000 0.004800
17.500000 -0.009402
17.550000 0.014763
17.600000 0.006649
17.650000 0.004016
17.700000 -0.000882
17.750000 -0.011819
17.800000 0.002842
17.850000 -0.008211
17.900000 -0.006793
17.950000 0.010851
18.000000 0.000331
18.050000 0.008943
18.100000 0.008545
18.150000 0.012797
18.200000 -0.004048
18.250000 0.006202
18.300000 -0.013534
18.350000 -0.002330
18.400000 -0.016527
18.450000 -0.007134
18.500000 -0.014876
18.550000 -0.002044
18.600000 0.018325
18.650000 0.001455
18.700000 -0.023669
18.750000 -0.009575
18.800000 0.011810
18.850000 -0.004100
18.900000 -0.007317
18.950000 0.002653
19.000000 0.003820
19.050000 0.013714
19.100000 -0.002251
19.150000 0.001045
19.200000 0.000988
19.250000 -0.000797
19.300000 0.011542
19.350000 -0.001877
19.400000 0.013606
19.450000 -0.002731
19.500000 0.003885
19.550000 -0.012308
19.600000 -0.006483
19.650000 -0.007848
19.700000 0.000574
19.750000 -0.007395
19.799999 0.003634
19.849999 -0.002520
19.899999 -0.002507
19.949999 0.019060
