0.000000 0.457256
0.050000 -0.576632
0.100000 -0.754893
0.150000 0.815011
0.200000 1.058890
0.250000 0.823267
0.300000 1.348715
0.350000 0.335056
0.400000 -0.836296
0.450000 -0.605098
0.500000 0.203916
0.550000 -0.644377
0.600000 0.046694
0.650000 -0.166279
0.700000 -0.224721
0.750000 -1.215188
0.800000 0.034651
0.850000 0.054191
0.900000 -0.113297
0.950000 -0.061699
1.000000 0.296801
1.050000 -0.315947
1.100000 0.139176
1.150000 0.890216
1.200000 -0.928037
1.250000 0.332405
1.300000 1.167739
1.350000 0.657040
1.400000 -0.752568
1.450000 0.617758
1.500000 -0.205725
1.550000 -0.635033
1.600000 -0.623773
1.650000 -0.391501
1.700000 -0.905033
1.750000 -0.152417
1.800000 0.811809
1.850000 0.802808
1.900000 -0.855235
1.950000 0.517686
2.000000 -0.295218
2.050000 1.270280
2.100000 -0.431354
2.150000 0.068316
2.200000 -0.346239
2.250000 -0.158690
2.300000 -0.700246
2.350000 -0.728275
2.400000 0.386868
2.450000 0.088750
2.500000 -0.002980
2.550000 0.541222
2.600000 1.603959
2.650000 0.618648
2.700000 1.459208
2.750000 2.720481
2.800000 1.047446
2.850000 1.183888
2.900000 0.070125
2.950000 1.660985
3.000000 0.655201
3.050000 1.485031
3.100000 1.518538
3.150000 0.575385
3.200000 0.936422
3.250000 0.179312
3.300000 -0.999336
3.350000 -3.286469
3.400000 -2.559281
3.450000 -3.469317
3.500000 -3.950701
3.550000 -3.499046
3.600000 -4.438157
3.650000 -3.019065
3.700000 -3.597067
3.750000 -3.102956
3.800000 -1.776596
3.850000 -1.456981
3.900000 0.091643
3.950000 1.514729
4.000000 2.963101
4.050000 4.692630
4.100000 6.147191
4.150000 6.462687
4.200000 7.529002
4.250000 7.794053
4.300000 8.446025
4.350000 6.838172
4.400000 7.067536
4.450000 7.012175
4.500000 5.638032
4.550000 5.500888
4.600000 4.581935
4.650000 0.328885
4.700000 0.265312
4.750000 -1.348011
4.800000 -2.111251
4.850000 -3.676648
4.900000 -5.419239
4.950000 -5.839427
5.000000 -7.853032
5.050000 -7.530445
5.100000 -8.174067
5.150000 -7.569765
5.200000 -7.791394
5.250000 -6.666925
5.300000 -5.469088
5.350000 -4.401331
5.400000 -4.110401
5.450000 -3.757631
5.500000 -1.127889
5.550000 0.165281
5.600000 0.806713
5.650000 2.283882
5.700000 2.257482
5.750000 3.853845
5.800000 3.816821
5.850000 4.887635
5.900000 6.554500
5.950000 6.056165
6.000000 6.701979
6.050000 5.120207
6.100000 6.243677
6.150000 4.898107
6.200000 5.556604
6.250000 4.473378
6.300000 5.019493
6.350000 3.376220
6.400000 3.663173
6.450000 2.130005
6.500000 1.684043
6.550000 0.076628
6.600000 0.189923
6.650000 -2.266887
6.700000 -3.283602
6.750000 -1.965743
6.800000 -5.324340
6.850000 -4.230450
6.900000 -5.208427
6.950000 -4.946847
7.000000 -5.463672
7.050000 -4.026605
7.100000 -5.390875
7.150000 -4.575875
7.200000 -4.602345
7.250000 -4.296768
7.300000 -2.628599
7.350000 -1.150071
7.400000 -0.544291
7.450000 0.410768
7.500000 2.029622
7.550000 1.722326
7.600000 1.804043
7.650000 2.062926
7.700000 1.897492
7.750000 3.369706
7.800000 3.919613
7.850000 2.475092
7.900000 2.581775
7.950000 1.169752
8.000000 2.314663
8.050000 2.564176
8.100000 1.847495
8.150000 2.104003
8.200000 1.269904
8.250000 0.751775
8.300000 0.036990
8.350000 0.445288
8.400000 -0.347137
8.450000 -1.378089
8.500000 -2.622261
8.550000 -2.017853
8.600000 -1.694775
8.650000 -1.529162
8.700000 -1.528945
8.750000 -1.872965
8.800000 -0.949393
8.850000 -0.062988
8.900000 -1.042234
8.950000 -0.519462
9.000000 -0.279957
9.050000 -0.596249
9.100000 0.880608
9.150000 -0.469310
9.200000 0.579860
9.250000 0.317029
9.300000 0.660185
9.350000 0.273816
9.400000 0.484712
9.450000 0.731887
9.500000 0.919174
9.550000 1.048166
9.600000 0.181443
9.650000 1.711058
9.700000 0.095943
9.750000 0.079303
9.800000 1.599256
9.850000 0.706209
9.900000 -0.111188
9.950000 0.358109
10.000000 0.404397
10.050000 -0.258144
10.100000 0.894044
10.150000 -0.255293
10.200000 0.424162
10.250000 -1.591947
10.300000 -0.399323
10.350000 -0.019656
10.400000 -0.528076
10.450000 -0.379058
10.500000 0.311658
10.550000 -0.886148
10.600000 -0.944976
10.650000 1.338438
10.700000 -0.651650
10.750000 -0.192138
10.800000 0.053606
10.850000 -0.212677
10.900000 0.818618
10.950000 -0.421535
11.000000 -0.464068
11.050000 -0.291886
11.100000 -0.217186
11.150000 0.103752
11.200000 0.325934
11.250000 0.376313
11.300000 -0.939869
11.350000 -1.034555
11.400000 -0.907281
11.450000 1.103166
11.500000 -0.879860
11.550000 -0.431650
11.600000 0.505569
11.650000 -0.315569
11.700000 0.430842
11.750000 0.276710
11.800000 1.104601
11.850000 1.033151
11.900000 -0.468424
11.950000 0.591940
12.000000 0.242919
12.050000 0.762514
12.100000 0.233524
12.150000 1.424817
12.200000 0.823607
12.250000 -0.187259
12.300000 0.416140
12.350000 0.953802
12.400000 0.169281
12.450000 0.290053
12.500000 1.330613
12.550000 -1.197949
12.600000 -1.065643
12.650000 0.066823
12.700000 -1.104791
12.750000 1.762260
12.800000 1.466009
12.850000 0.432258
12.900000 0.023905
12.950000 -0.335779
13.000000 -1.601846
13.050000 0.461386
13.100000 0.220088
13.150000 -0.581951
13.200000 1.077779
13.250000 0.558051
13.300000 0.236345
13.350000 0.584150
13.400000 -0.698829
13.450000 -0.700794
13.500000 -0.216909
13.550000 -0.153178
13.600000 -0.037862
13.650000 -0.042308
13.700000 -0.584205
13.750000 -0.333910
13.800000 0.569653
13.850000 -0.438768
13.900000 1.035421
13.950000 -0.780180
14.000000 0.417837
14.050000 0.665819
14.100000 0.718432
14.150000 0.033796
14.200000 -0.274443
14.250000 -0.028784
14.300000 0.310938
14.350000 0.499169
14.400000 -0.100126
14.450000 -0.588053
14.500000 -0.724485
14.550000 -0.140956
14.600000 -0.573869
14.650000 -0.437805
14.700000 -0.416389
14.750000 -0.421377
14.800000 -0.798911
14.850000 -0.337455
14.900000 -0.222927
14.950000 0.198696
15.000000 -0.360927
15.050000 0.439385
15.100000 0.800720
15.150000 -0.909925
15.200000 -1.110063
15.250000 -0.203232
15.300000 -0.018690
15.350000 -1.279034
15.400000 1.256547
15.450000 -0.689887
15.500000 -0.089400
15.550000 0.808701
15.600000 -0.326739
15.650000 0.549528
15.700000 1.316741
15.750000 0.178252
15.800000 0.791571
15.850000 0.136728
15.900000 -0.878305
15.950000 0.386281
16.000000 -1.126074
16.050000 -0.551568
16.100000 -1.301997
16.150000 -0.588068
16.200000 -0.667566
16.250000 -2.929263
16.300000 -0.867507
16.350000 -2.292079
16.400000 -1.301065
16.450000 -0.508558
16.500000 -0.456784
16.550000 0.102341
16.600000 -0.242517
16.650000 0.413299
16.700000 -0.864348
16.750000 -0.192053
16.800000 -0.292728
16.850000 -0.331954
16.900000 -0.229410
16.950000 -0.051980
17.000000 0.275144
17.050000 -1.399135
17.100000 -0.127702
17.150000 0.562015
17.200000 -0.047953
17.250000 0.917519
17.300000 0.758134
17.350000 -0.561196
17.400000 -0.034294
17.450000 -0.569368
17.500000 -1.734428
17.550000 -1.865078
17.600000 -0.394418
17.650000 -0.283136
17.700000 0.588616
17.750000 -0.574152
17.800000 -0.734389
17.850000 -1.339635
17.900000 -1.931527
17.950000 -0.985459
18.000000 -1.149153
18.050000 -1.927793
18.100000 -1.165040
18.150000 -0.547204
18.200000 -0.018817
18.250000 -1.178958
18.300000 0.035454
18.350000 1.205537
18.400000 0.101304
18.450000 -0.102698
18.500000 -0.665559
18.550000 1.179852
18.600000 -0.782339
18.650000 0.623598
18.700000 0.941766
18.750000 0.165226
18.800000 -0.455680
18.850000 0.678597
18.900000 -0.653679
18.950000 -0.958317
19.000000 -0.224823
19.050000 -0.111296
19.100000 -0.003847
19.150000 1.270286
19.200000 1.105981
19.250000 -1.196707
19.300000 1.473344
19.350000 0.272305
19.400000 1.061238
19.450000 0.647766
19.500000 -0.273043
19.550000 0.897436
19.600000 0.611378
19.650000 0.490614
19.700000 0.066160
19.750000 0.193451
19.799999 -0.132558
19.849999 1.610185
19.899999 -1.467175
19.949999 -0.466961
