0.000000 18.807707
0.050000 30.175934
0.100000 -0.883118
0.150000 -5.191684
0.200000 2.715887
0.250000 -15.335641
0.300000 -18.251095
0.350000 -11.975907
0.400000 -3.715885
0.450000 -8.876624
0.500000 10.024589
0.550000 0.934583
0.600000 1.164612
0.650000 4.038876
0.700000 9.767924
0.750000 -12.892112
0.800000 -14.130943
0.850000 5.713107
0.900000 0.065049
0.950000 1.622654
1.000000 6.439694
1.050000 6.110661
1.100000 -6.320989
1.150000 9.561961
1.200000 19.102161
1.250000 16.253761
1.300000 8.729757
1.350000 8.360064
1.400000 3.345574
1.450000 -19.700377
1.500000 -12.437180
1.550000 -0.764660
1.600000 -16.199991
1.650000 9.674788
1.700000 -6.573680
1.750000 -0.805770
1.800000 -19.455282
1.850000 -5.203850
1.900000 -4.342610
1.950000 9.767458
2.000000 7.756027
2.050000 12.909040
2.100000 11.261354
2.150000 8.091427
2.200000 1.342336
2.250000 24.083609
2.300000 15.544031
2.350000 17.162628
2.400000 26.348270
2.450000 21.400932
2.500000 2.550183
2.550000 1.674151
2.600000 16.331345
2.650000 -4.367632
2.700000 21.298443
2.750000 -25.289015
2.800000 -34.010143
2.850000 -43.147163
2.900000 -58.558079
2.950000 -56.381641
3.000000 -48.707985
3.050000 -43.666775
3.100000 -43.956806
3.150000 -32.264671
3.200000 -7.970046
3.250000 13.875925
3.300000 26.039732
3.350000 55.952087
3.400000 80.921303
3.450000 83.903870
3.500000 105.698494
3.550000 86.750061
3.600000 93.213379
3.650000 65.976875
3.700000 32.226330
3.750000 25.914707
3.800000 -27.470499
3.850000 -49.588280
3.900000 -63.398758
3.950000 -84.741501
4.000000 -86.115540
4.050000 -91.285637
4.100000 -94.117790
4.150000 -100.274750
4.200000 -71.168686
4.250000 -40.832474
4.300000 -22.430176
4.350000 3.946106
4.400000 13.781553
4.450000 30.137669
4.500000 45.763660
4.550000 67.383560
4.600000 87.328796
4.650000 74.568703
4.700000 72.936028
4.750000 74.827309
4.800000 42.619659
4.850000 62.900330
4.900000 3.327404
4.950000 -1.974744
5.000000 -24.636854
5.050000 -32.342972
5.100000 -38.926781
5.150000 -38.003998
5.200000 -43.019840
5.250000 -52.678844
5.300000 -58.909626
5.350000 -54.532383
5.400000 -25.061972
5.450000 -22.899637
5.500000 -6.168827
5.550000 -3.718524
5.600000 13.298748
5.650000 39.179806
5.700000 25.991879
5.750000 37.928963
5.800000 47.633907
5.850000 38.849659
5.900000 42.185413
5.950000 30.632404
6.000000 0.643264
6.050000 21.528885
6.100000 -8.087463
6.150000 -18.356340
6.200000 -36.017570
6.250000 -43.200111
6.300000 -30.277676
6.350000 -34.726936
6.400000 -35.163528
6.450000 -31.936020
6.500000 -37.514153
6.550000 -22.164909
6.600000 -1.377526
6.650000 -6.238609
6.700000 8.345572
6.750000 12.316956
6.800000 13.346654
6.850000 8.316347
6.900000 3.135437
6.950000 21.144388
7.000000 20.409430
7.050000 21.041323
7.100000 19.991199
7.150000 6.565040
7.200000 12.083472
7.250000 -12.208144
7.300000 -6.161211
7.350000 -17.700653
7.400000 -8.754050
7.450000 -22.726618
7.500000 -30.265800
7.550000 -3.372288
7.600000 -1.768892
7.650000 -13.147575
7.700000 -8.941669
7.750000 -10.237542
7.800000 -4.315960
7.850000 7.501277
7.900000 4.059275
7.950000 -0.151921
7.999999 -10.621558
8.049999 -7.721453
8.100000 -3.473455
8.150000 6.665192
8.200000 12.775298
8.250000 18.394051
8.300000 22.926727
8.350000 15.256195
8.400000 24.580486
8.450000 -5.933776
8.500000 -4.230861
8.549999 1.063713
8.599999 13.666047
8.650000 5.932145
8.700000 -0.968538
8.750000 -14.714365
8.800000 -17.897175
8.850000 3.170412
8.900000 -4.716333
8.950000 -8.648790
9.000000 -2.761801
9.050000 -14.387862
9.099999 -12.703391
9.149999 10.239703
9.200000 16.091148
9.250000 6.599028
9.300000 19.652693
9.350000 21.431055
9.400000 1.134182
9.450000 12.639557
9.500000 -0.448047
9.550000 5.361225
9.600000 13.828801
9.649999 -2.274514
9.699999 5.674666
9.750000 0.891992
9.800000 3.059176
9.850000 0.711092
9.900000 15.535748
9.950000 -10.363238
10.000000 -6.893727
10.050000 4.137252
10.100000 -9.738440
10.150000 -6.107080
10.199999 -22.563257
10.249999 -13.622558
10.300000 2.586294
10.350000 4.442138
10.400000 0.065702
10.450000 7.044629
10.500000 2.980919
10.550000 -4.976888
10.600000 -0.565247
10.650000 -2.187567
10.700000 11.943475
10.749999 -0.330108
10.799999 -16.360662
10.849999 1.439048
10.900000 4.211029
10.950000 -6.714442
11.000000 3.067901
11.050000 -2.624257
11.100000 -14.512473
11.150000 2.305122
11.200000 -3.440261
11.250000 2.356107
11.299999 2.352300
11.349999 -3.809660
11.399999 8.252441
11.450000 3.018780
11.500000 -4.078314
11.550000 -18.064651
11.600000 0.255781
11.650000 -2.113949
11.700000 -17.040949
11.750000 3.670334
11.800000 -1.924660
11.849999 -2.326028
11.899999 5.771813
11.949999 -2.666216
12.000000 -8.477035
12.050000 22.956604
12.100000 -0.931352
12.150000 2.705668
12.200000 16.739561
12.250000 15.399978
12.300000 15.235257
12.350000 23.739141
12.399999 15.830944
12.449999 18.601488
12.499999 -0.188912
12.550000 -1.430949
12.600000 -8.358073
12.650000 -6.361538
12.700000 -2.474066
12.750000 -3.290586
12.800000 -1.061841
12.850000 3.375727
12.900000 -10.307960
12.949999 8.467336
12.999999 -7.558383
13.049999 7.257015
13.100000 4.036796
13.150000 7.717505
13.200000 5.936021
13.250000 6.791943
13.300000 10.902848
13.350000 22.183523
13.400000 -1.135698
13.450000 9.590577
13.499999 6.380321
13.549999 2.263503
13.599999 -4.885069
13.650000 17.754757
13.700000 12.489584
13.750000 15.562858
13.800000 1.010263
13.850000 2.086686
13.900000 -2.780317
13.950000 -11.682923
14.000000 -14.718713
14.049999 -17.855230
14.099999 -8.704774
14.149999 -12.857856
14.200000 -18.891348
14.250000 -12.492743
14.300000 -4.481028
14.350000 15.337778
14.400000 3.661035
14.450000 -3.199166
14.500000 16.775221
14.549999 2.480873
14.599999 19.261993
14.649999 15.177191
14.699999 20.626637
14.750000 20.530218
14.800000 -12.515162
14.850000 -3.926838
14.900000 11.539493
14.950000 -5.196604
15.000000 0.539320
15.050000 3.196800
15.099999 -11.689501
15.149999 -15.469273
15.199999 -8.585513
15.249999 0.698456
15.299999 13.801534
15.350000 4.576293
15.400000 -5.413211
15.450000 1.005034
15.500000 -14.191389
15.550000 11.898212
15.600000 -3.246353
15.650000 0.840014
15.699999 13.860802
15.750000 9.713970
15.799999 5.589097
15.850000 4.541567
15.899999 8.040627
15.950000 -0.133986
15.999999 8.399137
16.050000 4.035454
16.099999 -17.350237
16.150000 11.094468
16.200000 -3.864057
16.249999 -14.058137
16.300000 2.497172
16.349999 12.790118
16.400000 -12.310389
16.449999 -7.297849
16.500000 -6.762029
16.549999 15.891328
16.600000 -10.294668
16.649999 4.105412
16.700000 7.498437
16.750000 -12.599124
16.799999 11.308775
16.850000 -6.312584
16.899999 9.669066
16.950000 -11.729438
16.999999 -7.601316
17.050000 -13.795147
17.099999 20.281771
17.150000 9.847235
17.199999 10.790571
17.250000 12.678050
17.300000 26.792793
17.349999 14.795375
17.400000 4.661044
17.449999 -14.656096
17.500000 18.260702
17.549999 14.260670
17.600000 24.400045
17.649999 13.282532
17.700000 -0.475363
17.749999 0.919847
17.800000 8.305974
17.850000 6.103161
17.899999 7.431934
17.950000 -4.653411
17.999999 2.849038
18.050000 -6.766827
18.099999 -11.767376
18.150000 -9.790968
18.199999 9.571198
18.250000 -4.705496
18.299999 22.457018
18.350000 -19.547461
18.400000 28.286139
18.449999 5.910618
18.500000 0.155712
18.549999 12.070233
18.600000 22.822336
18.649999 8.805285
18.700000 3.656271
18.749999 -4.268459
18.800000 23.243870
18.849999 5.770534
18.900000 4.305726
18.950000 9.571820
18.999999 19.330669
19.050000 2.665815
19.099999 -18.183926
19.150000 -5.160948
19.199999 -6.044357
19.250000 -17.888271
19.299999 1.682239
19.350000 -17.059103
19.399999 -9.069736
19.450000 -18.016432
19.500000 22.708942
19.549999 20.772650
19.600000 2.851000
19.649999 16.950686
19.700000 1.304025
19.749999 5.676733
19.800000 4.611944
19.849999 2.602753
19.900000 0.975865
19.949999 -12.952158
