0.000000 7.095626
0.050000 1.719950
0.100000 -3.009970
0.150000 2.007382
0.200000 2.291931
0.250000 -4.498392
0.300000 2.246250
0.350000 6.484403
0.400000 4.968151
0.450000 2.328464
0.500000 2.023161
0.550000 5.736183
0.600000 -0.542012
0.650000 0.929826
0.700000 -2.759992
0.750000 -2.711877
0.800000 -2.049096
0.850000 4.599150
0.900000 -0.391232
0.950000 0.038174
1.000000 2.819955
1.050000 0.717838
1.100000 4.759694
1.150000 3.496243
1.200000 10.332090
1.250000 1.766840
1.300000 -1.797795
1.350000 -0.051193
1.400000 -0.201084
1.450000 6.894170
1.500000 10.910164
1.550000 13.033103
1.600000 3.146353
1.650000 -0.166068
1.700000 -7.592995
1.750000 -10.993251
1.800000 -7.029370
1.850000 6.933860
1.900000 21.989065
1.950000 16.432688
2.000000 -5.716296
2.050000 -37.543690
2.100000 -33.918335
2.150000 -5.045021
2.200000 27.497059
2.250000 39.224476
2.300000 12.081348
2.350000 -24.738976
2.400000 -39.220211
2.450000 -30.754536
2.500000 11.498416
2.550000 30.371466
2.600000 29.812782
2.650000 1.875709
2.700000 -27.167643
2.750000 -33.834625
2.800000 -12.674591
2.850000 9.630392
2.900000 23.754532
2.950000 15.115998
3.000000 -9.231512
3.050000 -21.502369
3.100000 -17.120432
3.150000 -2.167032
3.200000 12.791557
3.250000 17.976322
3.300000 7.631651
3.350000 -7.118054
3.400000 -14.008963
3.450000 -12.055512
3.500000 0.675890
3.550000 14.045504
3.600000 14.417749
3.650000 10.074147
3.700000 -1.920894
3.750000 -7.219801
3.800000 -8.033607
3.850000 4.724165
3.900000 14.964725
3.950000 4.644221
4.000000 4.505502
4.050000 -0.114145
4.100000 -2.001046
4.150000 -1.593542
4.200000 5.604203
4.250000 1.385085
4.300000 4.813760
4.350000 3.305835
4.400000 -4.261800
4.450000 -2.608558
4.500000 -2.124269
4.550000 -0.466738
4.600000 7.080528
4.650000 1.266656
4.700000 -1.894445
4.750000 0.522873
4.800000 -0.992894
4.850000 5.450920
4.900000 0.651725
4.950000 3.058504
5.000000 0.666884
5.050000 4.400241
5.100000 -2.320661
5.150000 1.941024
5.200000 3.069191
5.250000 7.945767
5.300000 -2.643846
5.350000 -1.893506
5.400000 0.193607
5.450000 -3.551871
5.500000 4.918328
5.550000 1.488027
5.600000 -2.918282
5.650000 -3.003259
5.700000 -3.534274
5.750000 -1.418100
5.800000 -0.297170
5.850000 2.781970
5.900000 -0.079530
5.950000 -0.330395
6.000000 1.409539
6.050000 -4.570014
6.100000 0.762361
6.150000 5.713991
6.200000 1.798929
6.250000 1.501296
6.300000 -4.795609
6.350000 3.864791
6.400000 0.196604
6.450000 5.138857
6.500000 1.992745
6.550000 -2.450625
6.600000 -6.163126
6.650000 -6.577620
6.700000 0.706930
6.750000 0.841338
6.800000 4.165975
6.850000 4.273760
6.900000 0.444863
6.950000 -0.962637
7.000000 3.243544
7.050000 1.405627
7.100000 7.213010
7.150000 1.098290
7.200000 -1.166151
7.250000 -2.410716
7.300000 1.559896
7.350000 -1.498241
7.400000 0.229260
7.450000 5.839543
7.500000 -0.058627
7.550000 -1.724463
7.600000 -2.350595
7.650000 0.944147
7.700000 4.871584
7.750000 1.949697
7.800000 3.131422
7.850000 6.987607
7.900000 5.606553
7.950000 3.748043
7.999999 0.419868
8.049999 3.089277
8.100000 -2.721121
8.150000 1.622868
8.200000 -1.821673
8.250000 8.543585
8.300000 -2.123436
8.350000 0.139542
8.400000 2.114900
8.450000 -1.744658
8.500000 2.809837
8.549999 -1.755442
8.599999 5.144015
8.650000 -2.737288
8.700000 -10.947988
8.750000 -3.359808
8.800000 0.426988
8.850000 5.111269
8.900000 2.971089
8.950000 -5.050058
9.000000 -0.933171
9.050000 -1.930571
9.099999 4.418706
9.149999 9.413054
9.200000 4.606677
9.250000 3.231635
9.300000 2.873199
9.350000 -0.689464
9.400000 4.356324
9.450000 -0.893538
9.500000 0.282311
9.550000 -5.283314
9.600000 -0.430015
9.649999 5.739934
9.699999 -0.270821
9.750000 3.499354
9.800000 -5.897988
9.850000 -3.047773
9.900000 -3.052696
9.950000 8.234221
10.000000 -1.584645
10.050000 3.628992
10.100000 -3.299653
10.150000 1.342274
10.199999 -0.308449
10.249999 0.357798
10.300000 -1.088753
10.350000 -1.569501
10.400000 2.460974
10.450000 1.522543
10.500000 -1.123965
10.550000 7.082359
10.600000 4.375806
10.650000 -4.491004
10.700000 2.206476
10.749999 0.913939
10.799999 -1.536287
10.849999 1.180735
10.900000 1.121054
10.950000 -4.743084
11.000000 -8.690619
11.050000 -0.917721
11.100000 2.355295
11.150000 2.851133
11.200000 1.474595
11.250000 1.800538
11.299999 -5.466774
11.349999 -6.084183
11.399999 5.718403
11.450000 -6.407623
11.500000 -1.459491
11.550000 3.276209
11.600000 3.583133
11.650000 0.373003
11.700000 -1.636458
11.750000 -3.027727
11.800000 -1.862141
11.849999 0.635004
11.899999 -0.367206
11.949999 -5.511202
12.000000 -2.683212
12.050000 -8.104630
12.100000 -1.427207
12.150000 -0.092239
12.200000 0.641353
12.250000 -2.907531
12.300000 1.840223
12.350000 1.705914
12.399999 -3.053313
12.449999 -2.888189
12.499999 -2.064955
12.550000 1.266180
12.600000 -3.429662
12.650000 1.506717
12.700000 -5.794644
12.750000 1.567469
12.800000 2.694370
12.850000 5.131067
12.900000 5.193714
12.949999 3.903441
12.999999 -1.052767
13.049999 0.766292
13.100000 1.460819
13.150000 4.224632
13.200000 -1.773761
13.250000 0.483545
13.300000 5.613263
13.350000 2.511974
13.400000 4.669858
13.450000 2.136047
13.499999 0.340655
13.549999 2.014344
13.599999 5.252260
13.650000 -6.564076
13.700000 -0.164967
13.750000 1.542773
13.800000 3.879740
13.850000 -0.937709
13.900000 -0.713523
13.950000 -7.349018
14.000000 -2.107349
14.049999 -3.834779
14.099999 5.164077
14.149999 3.956606
14.200000 -6.102186
14.250000 -2.779997
14.300000 2.376360
14.350000 0.882993
14.400000 3.151589
14.450000 -2.626897
14.500000 -0.307347
14.549999 2.269909
14.599999 0.370284
14.649999 -5.279106
14.699999 -7.371205
14.750000 -4.656806
14.800000 7.964837
14.850000 3.019763
14.900000 -1.048951
14.950000 -0.732667
15.000000 -0.504223
15.050000 1.962206
15.099999 1.065864
15.149999 1.067934
15.199999 2.768025
15.249999 3.004409
15.299999 3.731039
15.350000 -1.447796
15.400000 -2.551962
15.450000 4.959299
15.500000 4.545993
15.550000 -0.557222
15.600000 -4.431422
15.650000 -4.419021
15.699999 -1.135973
15.750000 -1.832594
15.799999 -5.266682
15.850000 1.546481
15.899999 -0.322827
15.950000 3.783790
15.999999 -5.498803
16.050000 -2.660597
16.099999 -3.399790
16.150000 -0.391786
16.200000 5.394743
16.249999 0.711100
16.300000 0.731417
16.349999 2.257439
16.400000 -3.825070
16.449999 6.645703
16.500000 7.559243
16.549999 -0.897696
16.600000 -5.795118
16.649999 -1.355276
16.700000 -0.125435
16.750000 2.611395
16.799999 2.195702
16.850000 -2.917777
16.899999 -7.183262
16.950000 1.620852
16.999999 2.243491
17.050000 -0.876632
17.099999 -2.011783
17.150000 -1.536506
17.199999 -0.498127
17.250000 -0.790912
17.300000 -2.759653
17.349999 -1.927184
17.400000 3.411074
17.449999 1.134066
17.500000 -3.699745
17.549999 -0.937448
17.600000 2.123986
17.649999 4.828832
17.700000 3.815699
17.749999 -0.696244
17.800000 5.336166
17.850000 -2.611109
17.899999 -0.365365
17.950000 -2.106030
17.999999 5.210801
18.050000 -0.024711
18.099999 7.785408
18.150000 3.075533
18.199999 4.000103
18.250000 -1.374405
18.299999 0.100857
18.350000 -0.469732
18.400000 -4.906281
18.449999 2.069234
18.500000 -0.601010
18.549999 0.056431
18.600000 -6.249866
18.649999 0.756723
18.700000 1.641509
18.749999 0.992046
18.800000 -2.537234
18.849999 -2.472112
18.900000 0.054500
18.950000 0.993949
18.999999 -2.037933
19.050000 1.512459
19.099999 4.169443
19.150000 5.747880
19.199999 2.171110
19.250000 -1.188102
19.299999 5.265335
19.350000 4.274486
19.399999 -0.330930
19.450000 -1.086703
19.500000 -0.740139
19.549999 -3.954690
19.600000 3.822658
19.649999 2.493223
19.700000 -5.499329
19.749999 3.714952
19.800000 5.272442
19.849999 1.126602
19.900000 4.506346
19.949999 3.782673
