0.000000 0.406195
0.050000 -0.305107
0.100000 0.315498
0.150000 0.469750
0.200000 -0.065881
0.250000 0.289807
0.300000 -0.244969
0.350000 0.267373
0.400000 -0.198382
0.450000 0.124435
0.500000 0.547321
0.550000 -0.280514
0.600000 -0.276083
0.650000 0.269980
0.700000 -0.095799
0.750000 0.150012
0.800000 0.038281
0.850000 -0.129262
0.900000 -0.035465
0.950000 0.093747
1.000000 -0.221945
1.050000 0.015664
1.100000 0.479961
1.150000 0.401790
1.200000 0.130716
1.250000 0.026803
1.300000 0.277499
1.350000 -0.024390
1.400000 -0.177168
1.450000 -0.028162
1.500000 0.474536
1.550000 -0.128618
1.600000 -0.303447
1.650000 0.279321
1.700000 0.474894
1.750000 -0.160044
1.800000 0.309219
1.850000 0.365049
1.900000 -0.144352
1.950000 -0.478164
2.000000 0.022735
2.050000 0.217423
2.100000 -0.437817
2.150000 0.011849
2.200000 0.336872
2.250000 -0.423048
2.300000 -0.099241
2.350000 0.133746
2.400000 0.249400
2.450000 0.458417
2.500000 -0.054075
2.550000 -0.105549
2.600000 0.432179
2.650000 -0.321763
2.700000 -0.082464
2.750000 0.244034
2.800000 0.300487
2.850000 0.172809
2.900000 0.553007
2.950000 -0.118459
3.000000 0.044458
3.050000 0.405637
3.100000 -0.404013
3.150000 0.165132
3.200000 0.186881
3.250000 -0.576119
3.300000 0.203663
3.350000 0.199981
3.400000 -0.235970
3.450000 -0.153022
3.500000 0.413305
3.550000 0.556431
3.600000 -0.048954
3.650000 0.387329
3.700000 0.560723
3.750000 0.147813
3.800000 0.153308
3.850000 -0.163892
3.900000 -0.327107
3.950000 0.156446
4.000000 0.322073
4.050000 0.112255
4.100000 0.246737
4.150000 0.470741
4.200000 0.487367
4.250000 0.075705
4.300000 -0.209643
4.350000 0.368668
4.400000 -0.563614
4.450000 0.249395
4.500000 -0.005917
4.550000 -0.033508
4.600000 -0.191100
4.650000 0.068481
4.700000 -0.254526
4.750000 0.317760
4.800000 -0.490746
4.850000 -0.298179
4.900000 0.282123
4.950000 -0.533651
5.000000 -0.611024
5.050000 -0.100864
5.100000 -0.152757
5.150000 -0.180887
5.200000 -0.065003
5.250000 -0.367104
5.300000 0.040928
5.350000 -0.080841
5.400000 -0.125836
5.450000 -0.033182
5.500000 0.044211
5.550000 -0.045544
5.600000 0.037223
5.650000 0.073414
5.700000 -0.193842
5.750000 -0.131047
5.800000 0.032014
5.850000 0.078722
5.900000 -0.049675
5.950000 0.842294
6.000000 0.080145
6.050000 0.869495
6.100000 0.751583
6.150000 0.230700
6.200000 0.798987
6.250000 0.476331
6.300000 0.488610
6.350000 0.546802
6.400000 0.665813
6.450000 0.059177
6.500000 0.712546
6.550000 0.785566
6.600000 0.513765
6.650000 0.683338
6.700000 0.616318
6.750000 0.185795
6.800000 0.583969
6.850000 0.249652
6.900000 -0.313233
6.950000 0.378218
7.000000 0.874657
7.050000 -0.124246
7.100000 -0.106317
7.150000 0.128380
7.200000 0.245605
7.250000 0.025824
7.300000 0.096927
7.350000 -0.615717
7.400000 -0.400403
7.450000 0.015514
7.500000 -0.358148
7.550000 -0.532801
7.600000 -0.916208
7.650000 -0.838842
7.700000 -0.295238
7.750000 -0.293028
7.800000 -0.416581
7.850000 -1.081092
7.900000 -0.443935
7.950000 -0.621417
7.999999 -0.280801
8.049999 -0.489549
8.100000 0.433683
8.150000 -0.499941
8.200000 -0.267565
8.250000 -0.571457
8.300000 0.240498
8.350000 0.065221
8.400000 -0.220064
8.450000 -0.082463
8.500000 -0.515608
8.549999 0.107179
8.599999 0.519951
8.650000 0.366510
8.700000 0.070195
8.750000 0.450828
8.800000 0.108712
8.850000 0.376059
8.900000 0.428295
8.950000 -0.024531
9.000000 0.158095
9.050000 0.695101
9.099999 0.226114
9.149999 0.400476
9.200000 0.169765
9.250000 0.453288
9.300000 0.764980
9.350000 0.583238
9.400000 0.484734
9.450000 0.656082
9.500000 0.188319
9.550000 0.492757
9.600000 0.112005
9.649999 0.180794
9.699999 0.582032
9.750000 0.471683
9.800000 0.431088
9.850000 -0.316889
9.900000 -0.172035
9.950000 -0.295111
10.000000 -0.208669
10.050000 0.166575
10.100000 -0.212839
10.150000 0.139639
10.199999 -0.055018
10.249999 -0.080011
10.300000 -0.380963
10.350000 -0.101625
10.400000 -0.034884
10.450000 -0.197746
10.500000 0.161205
10.550000 -0.122058
10.600000 -0.316173
10.650000 0.382264
10.700000 -0.141406
10.749999 -0.480704
10.799999 0.076153
10.849999 -0.033160
10.900000 -0.110200
10.950000 0.075514
11.000000 -0.202018
11.050000 -0.000433
11.100000 0.096561
11.150000 -0.000200
11.200000 -0.044917
11.250000 0.170330
11.299999 -0.003424
11.349999 0.203464
11.399999 -0.208113
11.450000 -0.174715
11.500000 0.326596
11.550000 -0.037752
11.600000 0.153393
11.650000 -0.173057
11.700000 -0.255439
11.750000 0.353689
11.800000 -0.186387
11.849999 0.107120
11.899999 0.108309
11.949999 -0.156988
12.000000 0.021634
12.050000 -0.386188
12.100000 0.087566
12.150000 0.095367
12.200000 0.173270
12.250000 -0.141116
12.300000 0.125585
12.350000 0.341231
12.399999 0.155499
12.449999 0.421260
12.499999 0.117668
12.550000 0.377649
12.600000 0.105477
12.650000 0.729466
12.700000 -0.165507
12.750000 0.310169
12.800000 -0.000536
12.850000 0.020886
12.900000 0.150820
12.949999 0.233517
12.999999 -0.247241
13.049999 0.315947
13.100000 -0.047429
13.150000 0.092554
13.200000 -0.177769
13.250000 0.014568
13.300000 -0.430108
13.350000 -0.245031
13.400000 -0.429920
13.450000 -0.213175
13.499999 0.296023
13.549999 -0.147372
13.599999 0.110859
13.650000 0.279022
13.700000 0.148630
13.750000 0.285568
13.800000 0.412144
13.850000 0.162769
13.900000 0.199749
13.950000 0.017043
14.000000 0.386843
14.049999 0.108150
14.099999 0.217770
14.149999 -0.011063
14.200000 -0.165072
14.250000 0.273245
14.300000 0.185288
14.350000 -0.041449
14.400000 -0.427176
14.450000 0.465584
14.500000 -0.410252
14.549999 -0.408430
14.599999 0.022707
14.649999 -0.064040
14.699999 0.140121
14.750000 -0.190034
14.800000 -0.152971
14.850000 0.312793
14.900000 0.254125
14.950000 -0.206461
15.000000 0.018020
15.050000 -0.081077
15.099999 0.613094
15.149999 -0.370183
15.199999 -0.201903
15.249999 0.056287
15.299999 -0.254634
15.350000 -0.067031
15.400000 0.182867
15.450000 -0.384016
15.500000 -0.164994
15.550000 -0.117725
15.600000 -0.083645
15.650000 -0.106521
15.699999 -0.405523
15.750000 -0.029972
15.799999 -0.375174
15.850000 -0.149359
15.899999 -0.153499
15.950000 0.486747
15.999999 0.151513
16.050000 -0.209293
16.099999 0.402632
16.150000 0.381394
16.200000 -0.391198
16.249999 0.197138
16.300000 0.426623
16.349999 -0.170123
16.400000 0.359798
16.449999 0.405202
16.500000 -0.048636
16.549999 0.051128
16.600000 -0.377353
16.649999 0.059477
16.700000 -0.143071
16.750000 0.144654
16.799999 -0.234321
16.850000 0.065562
16.899999 0.116593
16.950000 -0.314107
16.999999 0.240219
17.050000 -0.205242
17.099999 -0.125957
17.150000 -0.252832
17.199999 -0.563424
17.250000 -0.067123
17.300000 0.177814
17.349999 0.017715
17.400000 -0.076639
17.449999 -0.170828
17.500000 0.359759
17.549999 -0.233088
17.600000 -0.281750
17.649999 0.064449
17.700000 0.460409
17.749999 0.096907
17.800000 0.170849
17.850000 -0.254468
17.899999 -0.321524
17.950000 0.272685
17.999999 -0.312992
18.050000 -0.022524
18.099999 0.314311
18.150000 -0.221268
18.199999 -0.545788
18.250000 -0.233741
18.299999 0.555206
18.350000 0.114316
18.400000 0.735790
18.449999 0.028334
18.500000 -0.136992
18.549999 0.189735
18.600000 -0.075540
18.649999 0.150141
18.700000 0.057099
18.749999 -0.044139
18.800000 0.079048
18.849999 0.019659
18.900000 0.169309
18.950000 -0.441508
18.999999 -0.008141
19.050000 -0.277669
19.099999 -0.086215
19.150000 -0.262403
19.199999 -0.109183
19.250000 0.350402
19.299999 -0.503964
19.350000 0.071174
19.399999 0.253091
19.450000 -0.161969
19.500000 0.178492
19.549999 0.194148
19.600000 0.201124
19.649999 0.059651
19.700000 0.218380
19.749999 -0.488760
19.800000 0.287331
19.849999 0.234056
19.900000 0.257327
19.949999 -0.102802
