0.000000 -1.675227
0.050000 0.057102
0.100000 0.564478
0.150000 1.095384
0.200000 1.045598
0.250000 0.905919
0.300000 -0.951981
0.350000 1.152972
0.400000 0.317074
0.450000 0.479308
0.500000 0.909170
0.550000 -0.049604
0.600000 0.974205
0.650000 -0.313863
0.700000 2.440767
0.750000 2.460227
0.800000 1.240523
0.850000 -1.644169
0.900000 0.615356
0.950000 -0.713879
1.000000 -1.183182
1.050000 -0.014181
1.100000 0.889167
1.150000 -0.238962
1.200000 -0.923978
1.250000 0.838232
1.300000 0.519345
1.350000 -0.144258
1.400000 -0.634152
1.450000 -2.086470
1.500000 0.006083
1.550000 1.077663
1.600000 0.731574
1.650000 -0.724539
1.700000 1.689879
1.750000 0.271705
1.800000 1.412283
1.850000 1.608147
1.900000 -0.725342
1.950000 1.676576
2.000000 0.841714
2.050000 -0.711126
2.100000 -0.334594
2.150000 -0.046494
2.200000 0.590587
2.250000 0.062677
2.300000 0.329026
2.350000 -0.403701
2.400000 -1.468307
2.450000 -0.055366
2.500000 -0.873317
2.550000 -0.506708
2.600000 0.140671
2.650000 -1.700170
2.700000 -5.947237
2.750000 -3.461232
2.800000 -7.746512
2.850000 -6.547180
2.900000 -4.246519
2.950000 -1.281885
3.000000 4.755882
3.050000 8.668831
3.100000 10.662354
3.150000 13.757833
3.200000 14.162475
3.250000 11.738772
3.300000 10.099176
3.350000 4.476405
3.400000 0.695592
3.450000 -5.416586
3.500000 -9.503159
3.550000 -13.659319
3.600000 -16.939587
3.650000 -17.816391
3.700000 -14.050898
3.750000 -12.875772
3.800000 -9.079790
3.850000 -3.266235
3.900000 0.089889
3.950000 5.091896
4.000000 9.013161
4.050000 9.018992
4.100000 11.036499
4.150000 10.799458
4.200000 10.945848
4.250000 8.726242
4.300000 5.689231
4.350000 4.912958
4.400000 2.797677
4.450000 -2.157457
4.500000 -2.955403
4.550000 -8.336929
4.600000 -6.859589
4.650000 -8.492978
4.700000 -9.319840
4.750000 -9.706353
4.800000 -4.348759
4.850000 -0.994706
4.900000 2.100195
4.950000 3.422994
5.000000 1.976367
5.050000 5.541340
5.100000 6.783573
5.150000 6.720856
5.200000 7.581657
5.250000 3.070003
5.300000 3.430569
5.350000 0.857568
5.400000 -0.339493
5.450000 -2.150279
5.500000 -1.894128
5.550000 -4.726048
5.600000 -2.348923
5.650000 -2.549393
5.700000 -2.204809
5.750000 -1.562994
5.800000 -2.508661
5.850000 -0.106709
5.900000 -1.655132
5.950000 1.755118
6.000000 1.457834
6.050000 3.711849
6.100000 3.156157
6.150000 3.574292
6.200000 2.504770
6.250000 1.139634
6.300000 1.138203
6.350000 0.712405
6.400000 -0.068992
6.450000 -1.046929
6.500000 -1.187222
6.550000 -1.570758
6.600000 -0.475578
6.650000 -1.037035
6.700000 -0.325749
6.750000 0.835077
6.800000 0.927578
6.850000 1.871698
6.900000 0.308752
6.950000 3.315121
7.000000 -0.772418
7.050000 1.852081
7.100000 0.125698
7.150000 0.711829
7.200000 0.402951
7.250000 -0.242586
7.300000 -1.922598
7.350000 -2.914647
7.400000 -1.916425
7.450000 0.204518
7.500000 -1.256233
7.550000 -0.390282
7.600000 -1.417313
7.650000 0.196248
7.700000 0.072172
7.750000 0.018215
7.800000 0.322821
7.850000 2.004043
7.900000 1.072287
7.950000 1.421733
7.999999 1.731836
8.049999 0.367291
8.100000 1.392039
8.150000 -0.254599
8.200000 0.495821
8.250000 0.801373
8.300000 -0.378219
8.350000 -0.944151
8.400000 0.532191
8.450000 0.424924
8.500000 0.758490
8.549999 -0.972785
8.599999 -3.047130
8.650000 -1.816519
8.700000 -3.277536
8.750000 0.594123
8.800000 0.436884
8.850000 0.169073
8.900000 1.617546
8.950000 -0.171654
9.000000 1.952957
9.050000 0.548507
9.099999 2.290998
9.149999 3.198485
9.200000 -0.922647
9.250000 0.111086
9.300000 1.417311
9.350000 0.317990
9.400000 1.032390
9.450000 -1.513206
9.500000 -0.860105
9.550000 -1.134315
9.600000 1.410811
9.649999 -0.073893
9.699999 1.467441
9.750000 0.188588
9.800000 0.096651
9.850000 2.658653
9.900000 0.778512
9.950000 2.201412
10.000000 -0.554408
10.050000 -0.224359
10.100000 0.106957
10.150000 -0.271874
10.199999 0.038653
10.249999 0.989306
10.300000 -2.217928
10.350000 -0.609704
10.400000 1.881147
10.450000 -0.068432
10.500000 -1.112085
10.550000 0.857907
10.600000 -0.985791
10.650000 -0.247974
10.700000 0.509312
10.749999 0.260776
10.799999 0.976778
10.849999 0.100971
10.900000 -1.307281
10.950000 -0.135549
11.000000 -1.198039
11.050000 -0.363143
11.100000 1.137142
11.150000 -0.288807
11.200000 -1.909773
11.250000 -0.025773
11.299999 0.269535
11.349999 -1.060592
11.399999 0.740397
11.450000 -0.642416
11.500000 0.745084
11.550000 -0.215795
11.600000 -0.726626
11.650000 -1.937064
11.700000 -1.392606
11.750000 -0.626241
11.800000 0.666486
11.849999 0.239204
11.899999 0.375022
11.949999 -0.895811
12.000000 0.407001
12.050000 -1.286397
12.100000 -0.113495
12.150000 1.391010
12.200000 -1.524222
12.250000 0.419559
12.300000 0.683420
12.350000 -0.101011
12.399999 0.102119
12.449999 -1.657963
12.499999 -0.181852
12.550000 -0.882292
12.600000 -1.473155
12.650000 -1.204707
12.700000 1.242515
12.750000 -1.598939
12.800000 1.233198
12.850000 2.818220
12.900000 1.411574
12.949999 -1.211478
12.999999 -0.326644
13.049999 -0.756338
13.100000 -1.535053
13.150000 -0.917455
13.200000 -0.963379
13.250000 0.488440
13.300000 1.949501
13.350000 -0.595068
13.400000 2.230217
13.450000 -0.333323
13.499999 0.103687
13.549999 -0.619594
13.599999 -1.961176
13.650000 1.330499
13.700000 0.174224
13.750000 -0.223648
13.800000 -0.097551
13.850000 0.197166
13.900000 1.732335
13.950000 0.068864
14.000000 0.434851
14.049999 0.620991
14.099999 -0.175056
14.149999 -2.903142
14.200000 0.213030
14.250000 1.077585
14.300000 1.157633
14.350000 -1.718966
14.400000 -1.801721
14.450000 0.115855
14.500000 1.191154
14.549999 -1.658565
14.599999 -0.634455
14.649999 0.444988
14.699999 -0.377554
14.750000 -2.729583
14.800000 -0.336414
14.850000 -0.182659
14.900000 0.695372
14.950000 -0.563985
15.000000 0.483206
15.050000 -0.451073
15.099999 0.366451
15.149999 -2.123042
15.199999 -0.164765
15.249999 -0.209912
15.299999 0.507448
15.350000 3.296313
15.400000 0.831014
15.450000 0.569684
15.500000 -1.182023
15.550000 1.478304
15.600000 -0.077730
15.650000 0.156278
15.699999 0.330446
15.750000 2.417501
15.799999 -1.469751
15.850000 0.596712
15.899999 0.396511
15.950000 -1.359807
15.999999 -1.392121
16.050000 1.360240
16.099999 -0.182050
16.150000 1.419297
16.200000 -0.978111
16.249999 0.151975
16.300000 0.512641
16.349999 1.199651
16.400000 -1.124153
16.449999 -0.588468
16.500000 0.455345
16.549999 -0.856039
16.600000 -0.002759
16.649999 -1.838139
16.700000 -0.880062
16.750000 -0.034824
16.799999 0.923787
16.850000 -0.667915
16.899999 -0.702447
16.950000 0.452930
16.999999 1.075089
17.050000 1.676202
17.099999 1.366853
17.150000 1.630800
17.199999 1.776995
17.250000 0.635125
17.300000 1.096583
17.349999 0.899980
17.400000 -1.615859
17.449999 1.367280
17.500000 -1.010776
17.549999 -2.115249
17.600000 0.329629
17.649999 0.050560
17.700000 -1.740724
17.749999 0.616573
17.800000 -2.118266
17.850000 1.265951
17.899999 -1.060513
17.950000 -0.572017
17.999999 -0.166403
18.050000 1.308082
18.099999 0.110941
18.150000 1.772879
18.199999 2.666167
18.250000 1.492809
18.299999 0.837837
18.350000 1.367371
18.400000 1.179957
18.449999 4.330240
18.500000 -0.104491
18.549999 0.044096
18.600000 1.001288
18.649999 0.094475
18.700000 -0.970095
18.749999 -0.662369
18.800000 -3.312265
18.849999 -2.138752
18.900000 -0.165227
18.950000 -0.993903
18.999999 0.569237
19.050000 -1.902833
19.099999 1.375087
19.150000 2.793459
19.199999 2.120077
19.250000 2.423578
19.299999 -0.360997
19.350000 -0.389245
19.399999 0.915092
19.450000 0.326897
19.500000 0.198821
19.549999 -0.550007
19.600000 0.638980
19.649999 -0.873502
19.700000 -1.600382
19.749999 -0.688118
19.800000 -0.410066
19.849999 0.216263
19.900000 0.494564
19.949999 0.043451
