0.000000 -0.068853
0.050000 0.336576
0.100000 0.372720
0.150000 0.333281
0.200000 0.221483
0.250000 0.030149
0.300000 0.026271
0.350000 -0.124531
0.400000 -0.136030
0.450000 0.503318
0.500000 0.408553
0.550000 0.295304
0.600000 -0.030780
0.650000 0.630432
0.700000 0.530466
0.750000 0.036097
0.800000 0.476322
0.850000 0.080670
0.900000 0.657649
0.950000 0.202006
1.000000 0.385726
1.050000 0.416703
1.100000 0.729229
1.150000 -0.023539
1.200000 0.238710
1.250000 0.301390
1.300000 0.828927
1.350000 0.316454
1.400000 0.267179
1.450000 0.690843
1.500000 0.052345
1.550000 0.426411
1.600000 0.237882
1.650000 0.173878
1.700000 -0.272155
1.750000 -0.160923
1.800000 -0.003677
1.850000 -0.036055
1.900000 0.321938
1.950000 0.078375
2.000000 0.466440
2.050000 0.334233
2.100000 0.199988
2.150000 -0.178187
2.200000 0.220226
2.250000 -0.546112
2.300000 -0.375762
2.350000 -1.013291
2.400000 -1.075537
2.450000 -0.366915
2.500000 0.679844
2.550000 0.962958
2.600000 2.021090
2.650000 2.855098
2.700000 2.125317
2.750000 0.668245
2.800000 -0.971432
2.850000 -1.920865
2.900000 -3.474846
2.950000 -2.718742
3.000000 -1.601796
3.050000 0.167342
3.100000 2.545631
3.150000 3.025950
3.200000 3.945582
3.250000 2.829040
3.300000 0.982960
3.350000 -0.688419
3.400000 -2.551396
3.450000 -3.678135
3.500000 -3.313717
3.550000 -2.129773
3.600000 0.081618
3.650000 1.917341
3.700000 2.459176
3.750000 3.410950
3.800000 2.242577
3.850000 0.743457
3.900000 -1.136661
3.950000 -1.874235
4.000000 -2.337214
4.050000 -2.648500
4.100000 -0.916916
4.150000 0.658686
4.200000 1.694815
4.250000 1.721527
4.300000 2.197393
4.350000 1.422604
4.400000 0.025239
4.450000 -0.637821
4.500000 -1.840660
4.550000 -1.535537
4.600000 -1.197507
4.650000 -0.188790
4.700000 0.690869
4.750000 0.894835
4.800000 1.766675
4.850000 1.295496
4.900000 0.922460
4.950000 -0.250008
5.000000 -1.169255
5.050000 -1.291544
5.100000 -1.020598
5.150000 -0.487681
5.200000 -0.184254
5.250000 0.253609
5.300000 1.229642
5.350000 1.078087
5.400000 0.601850
5.450000 -0.129642
5.500000 -0.284838
5.550000 -1.245022
5.600000 -0.660742
5.650000 -0.792320
5.700000 0.289783
5.750000 0.138155
5.800000 0.639214
5.850000 0.892414
5.900000 0.688641
5.950000 0.569559
6.000000 -0.157525
6.050000 -0.422505
6.100000 -0.396255
6.150000 -1.204065
6.200000 -0.019065
6.250000 0.120864
6.300000 0.595381
6.350000 -0.098265
6.400000 0.818781
6.450000 0.280736
6.500000 -0.438182
6.550000 -0.585074
6.600000 -0.298178
6.650000 -0.622775
6.700000 -0.054045
6.750000 0.382081
6.800000 -0.573354
6.850000 0.267282
6.900000 0.936555
6.950000 -0.505670
7.000000 -0.190232
7.050000 0.400038
7.100000 -0.176160
7.150000 -0.479680
7.200000 -0.729070
7.250000 0.210816
7.300000 -0.333920
7.350000 0.004063
7.400000 -0.077984
7.450000 0.278411
7.500000 -0.051046
7.550000 -0.019845
7.600000 0.054618
7.650000 -0.255358
7.700000 -0.201481
7.750000 -0.497482
7.800000 0.297246
7.850000 -0.372165
7.900000 -0.186594
7.950000 0.389662
7.999999 0.270160
8.049999 0.266459
8.100000 0.438319
8.150000 -0.451706
8.200000 0.279119
8.250000 -0.056504
8.300000 -0.448110
8.350000 0.089011
8.400000 0.538428
8.450000 0.374133
8.500000 -0.191524
8.549999 -0.050032
8.599999 0.060271
8.650000 0.239523
8.700000 -0.222837
8.750000 -0.287379
8.800000 -0.459508
8.850000 0.037477
8.900000 0.090014
8.950000 0.215658
9.000000 0.250924
9.050000 0.156789
9.099999 0.589387
9.149999 0.537026
9.200000 0.300021
9.250000 -0.235805
9.300000 0.125428
9.350000 -0.421014
9.400000 -0.303043
9.450000 -0.049259
9.500000 0.655602
9.550000 0.357882
9.600000 0.641973
9.649999 0.417667
9.699999 0.803592
9.750000 0.052561
9.800000 0.105747
9.850000 0.482007
9.900000 -0.275649
9.950000 0.098911
10.000000 0.434914
10.050000 0.343910
10.100000 0.393331
10.150000 0.258396
10.199999 -0.031533
10.249999 -0.373471
10.300000 0.367296
10.350000 0.149318
10.400000 -0.224091
10.450000 -0.247433
10.500000 -0.191593
10.550000 0.095331
10.600000 -0.102210
10.650000 0.485080
10.700000 -0.008692
10.749999 0.116427
10.799999 -0.298003
10.849999 0.293197
10.900000 0.142671
10.950000 0.109444
11.000000 0.354093
11.050000 -0.319150
11.100000 -0.439240
11.150000 0.017780
11.200000 -0.008339
11.250000 0.236961
11.299999 0.502932
11.349999 -0.418284
11.399999 -0.533218
11.450000 0.161018
11.500000 -0.922428
11.550000 0.250495
11.600000 -0.185636
11.650000 -0.758236
11.700000 -0.586437
11.750000 -0.129383
11.800000 0.449847
11.849999 0.356188
11.899999 0.262406
11.949999 0.201311
12.000000 0.255983
12.050000 0.185085
12.100000 -0.367888
12.150000 -0.577774
12.200000 -0.118440
12.250000 0.052890
12.300000 -0.108630
12.350000 -0.252553
12.399999 0.099831
12.449999 0.136010
12.499999 -0.045870
12.550000 -0.175568
12.600000 0.612427
12.650000 -0.442769
12.700000 0.353926
12.750000 -0.060635
12.800000 -0.581971
12.850000 -0.494441
12.900000 -0.064593
12.949999 0.070592
12.999999 0.021357
13.049999 -0.548073
13.100000 -0.256008
13.150000 -0.416092
13.200000 -0.166857
13.250000 0.270197
13.300000 0.082146
13.350000 -0.293099
13.400000 0.095227
13.450000 -0.240965
13.499999 -0.117596
13.549999 -0.082420
13.599999 -0.255897
13.650000 -0.752115
13.700000 -0.917484
13.750000 0.390809
13.800000 -0.347450
13.850000 0.027312
13.900000 -0.361917
13.950000 0.439975
14.000000 0.242423
14.049999 0.190924
14.099999 -0.089869
14.149999 0.329149
14.200000 -0.431772
14.250000 -0.079166
14.300000 0.109469
14.350000 -0.014203
14.400000 0.137546
14.450000 0.609105
14.500000 0.244330
14.549999 0.195470
14.599999 0.544300
14.649999 0.042767
14.699999 0.313407
14.750000 -0.056144
14.800000 0.295597
14.850000 -0.302946
14.900000 -0.416861
14.950000 -0.461788
15.000000 0.584324
15.050000 0.425565
15.099999 0.123200
15.149999 -0.428403
15.199999 0.297893
15.249999 0.354715
15.299999 -0.133039
15.350000 -0.262899
15.400000 -0.301887
15.450000 0.226177
15.500000 0.167373
15.550000 -0.099973
15.600000 0.143025
15.650000 -0.075530
15.699999 0.275500
15.750000 0.529680
15.799999 0.759116
15.850000 0.102479
15.899999 -0.326482
15.950000 0.275399
15.999999 -0.467140
16.050000 -0.473216
16.099999 0.524009
16.150000 0.077650
16.200000 -0.021432
16.249999 0.256177
16.300000 0.315863
16.349999 0.221253
16.400000 0.018731
16.449999 0.266060
16.500000 0.384164
16.549999 -0.317256
16.600000 -0.562581
16.649999 0.020240
16.700000 0.134012
16.750000 0.073482
16.799999 0.149814
16.850000 0.114329
16.899999 0.080283
16.950000 -0.202591
16.999999 -0.097868
17.050000 -0.004075
17.099999 0.227968
17.150000 0.566407
17.199999 0.208883
17.250000 0.445598
17.300000 -0.023152
17.349999 -0.146244
17.400000 -0.527588
17.449999 -0.185802
17.500000 -0.133711
17.549999 -0.134011
17.600000 -0.370610
17.649999 -0.462346
17.700000 -0.191206
17.749999 0.390974
17.800000 0.260381
17.850000 0.683598
17.899999 -0.178945
17.950000 -0.604157
17.999999 -0.933992
18.050000 -0.853671
18.099999 -0.223002
18.150000 0.427332
18.199999 -0.421566
18.250000 0.231377
18.299999 0.205981
18.350000 0.166928
18.400000 0.051842
18.449999 -0.337529
18.500000 0.047602
18.549999 -0.133835
18.600000 0.464348
18.649999 -0.681730
18.700000 -0.077149
18.749999 -0.570705
18.800000 -0.102098
18.849999 -0.269037
18.900000 0.240084
18.950000 -0.638349
18.999999 -0.007009
19.050000 0.231276
19.099999 0.345180
19.150000 0.068761
19.199999 0.017456
19.250000 -0.498754
19.299999 -0.144114
19.350000 -0.003768
19.399999 0.351997
19.450000 -0.246212
19.500000 -0.087452
19.549999 0.292139
19.600000 0.205672
19.649999 0.142534
19.700000 0.317964
19.749999 -0.463768
19.800000 -0.587945
19.849999 -0.516314
19.900000 0.286173
19.949999 -0.447300
