0.000000 2.702779
0.050000 4.819733
0.100000 0.787132
0.150000 -2.829058
0.200000 -14.703370
0.250000 -1.007863
0.300000 0.205745
0.350000 11.988282
0.400000 5.606232
0.450000 2.726186
0.500000 -1.473326
0.550000 -1.790168
0.600000 -3.030844
0.650000 -3.326056
0.700000 -3.242972
0.750000 -9.773549
0.800000 5.422831
0.850000 5.548935
0.900000 -7.414657
0.950000 -1.101938
1.000000 0.065040
1.050000 -0.365712
1.100000 8.367650
1.150000 6.995303
1.200000 -3.188707
1.250000 -5.302578
1.300000 -9.266426
1.350000 -5.017622
1.400000 0.943011
1.450000 0.089141
1.500000 10.659514
1.550000 -2.929588
1.600000 -1.041637
1.650000 -1.492723
1.700000 0.086191
1.750000 3.151213
1.800000 12.718730
1.850000 23.387781
1.900000 36.441471
1.950000 2.420120
2.000000 -12.192770
2.050000 -38.784920
2.100000 -56.772442
2.150000 -32.345753
2.200000 -1.566334
2.250000 32.248489
2.300000 31.689476
2.350000 10.481565
2.400000 -35.083714
2.450000 -35.299492
2.500000 -49.158646
2.550000 -2.534142
2.600000 47.164948
2.650000 45.018341
2.700000 38.329082
2.750000 -14.281999
2.800000 -42.055428
2.850000 -49.567215
2.900000 -15.691256
2.950000 18.885065
3.000000 29.050949
3.050000 26.668503
3.100000 -2.515205
3.150000 -19.582142
3.200000 -29.192562
3.250000 -8.869446
3.300000 9.317892
3.350000 17.872112
3.400000 6.068256
3.450000 -0.321519
3.500000 -1.053511
3.550000 -14.343145
3.600000 -8.052418
3.650000 8.276257
3.700000 15.318974
3.750000 6.388131
3.800000 10.304300
3.850000 1.019239
3.900000 12.747627
3.950000 -0.249648
4.000000 -12.577332
4.050000 -2.799636
4.100000 8.709493
4.150000 7.808991
4.200000 1.168857
4.250000 -6.314856
4.300000 -4.403053
4.350000 -5.105911
4.400000 5.946366
4.450000 -1.815110
4.500000 8.270132
4.550000 -5.935604
4.600000 -6.806589
4.650000 1.314037
4.700000 -11.114382
4.750000 -3.725438
4.800000 -7.218512
4.850000 -7.802606
4.900000 11.966148
4.950000 -2.209057
5.000000 -0.673499
5.050000 -0.957607
5.100000 1.356411
5.150000 -14.588225
5.200000 -6.313266
5.250000 2.879122
5.300000 -0.460577
5.350000 6.327891
5.400000 -4.840627
5.450000 -1.949419
5.500000 2.407544
5.550000 -2.152606
5.600000 -2.514935
5.650000 16.910788
5.700000 -2.327874
5.750000 10.829136
5.800000 3.632744
5.850000 -8.172101
5.900000 3.723324
5.950000 7.748522
6.000000 -7.660126
6.050000 5.819211
6.100000 -8.781628
6.150000 -4.927767
6.200000 -1.946013
6.250000 7.650391
6.300000 -0.855212
6.350000 2.948334
6.400000 5.134882
6.450000 3.838764
6.500000 14.051199
6.550000 -5.893913
6.600000 -3.921549
6.650000 -11.208045
6.700000 2.792193
6.750000 -5.216298
6.800000 5.739433
6.850000 9.526958
6.900000 0.244299
6.950000 -7.027531
7.000000 -3.802342
7.050000 -5.939618
7.100000 -7.741435
7.150000 12.200686
7.200000 -3.565680
7.250000 3.786250
7.300000 -9.011349
7.350000 1.071894
7.400000 9.483065
7.450000 1.440360
7.500000 14.290426
7.550000 5.844171
7.600000 -6.461764
7.650000 5.421791
7.700000 6.556416
7.750000 6.505253
7.800000 -4.567954
7.850000 -5.322810
7.900000 -8.822933
7.950000 -2.954551
8.000000 -1.174815
8.050000 -11.849928
8.100000 3.893333
8.150000 4.498675
8.200000 7.869358
8.250000 3.195362
8.300000 1.660817
8.350000 15.779962
8.400000 0.400231
8.450000 -2.372728
8.500000 -7.589159
8.550000 11.091290
8.600000 -5.437947
8.650000 6.394677
8.700000 9.885416
8.750000 7.008320
8.800000 -2.091048
8.850000 -0.737201
8.900000 2.243761
8.950000 -15.680418
9.000000 10.094763
9.050000 -5.305508
9.100000 -5.807972
9.150000 1.674527
9.200000 7.311813
9.250000 0.857694
9.300000 9.880676
9.350000 5.499654
9.400000 -12.795199
9.450000 -7.418828
9.500000 -10.845912
9.550000 5.776241
9.600000 -0.280912
9.650000 7.228607
9.700000 8.458557
9.750000 -9.845523
9.800000 -6.443844
9.850000 10.410576
9.900000 5.023071
9.950000 -9.028020
10.000000 9.562373
10.050000 -2.033588
10.100000 -2.653127
10.150000 -1.397933
10.200000 -4.456551
10.250000 -7.317442
10.300000 8.181235
10.350000 -4.252829
10.400000 0.537812
10.450000 14.550250
10.500000 -2.632850
10.550000 3.730888
10.600000 5.725364
10.650000 -5.681292
10.700000 -1.411143
10.750000 12.297235
10.800000 -3.425070
10.850000 4.034251
10.900000 0.949553
10.950000 -0.276324
11.000000 -5.240628
11.050000 1.883119
11.100000 4.665629
11.150000 13.247524
11.200000 15.412344
11.250000 -1.189682
11.300000 0.594267
11.350000 2.155795
11.400000 3.431970
11.450000 -2.596101
11.500000 -16.379902
11.550000 -6.463685
11.600000 -4.169533
11.650000 0.939547
11.700000 3.554580
11.750000 1.978452
11.800000 -4.551850
11.850000 19.024050
11.900000 3.594630
11.950000 -0.839005
12.000000 6.082080
12.050000 6.849936
12.100000 3.335554
12.150000 0.475556
12.200000 -17.816711
12.250000 -2.281877
12.300000 14.951369
12.350000 2.076236
12.400000 -6.043132
12.450000 7.729156
12.500000 -1.705638
12.550000 0.215952
12.600000 -6.902206
12.650000 -4.155179
12.700000 -1.029410
12.750000 -4.734010
12.800000 -0.226864
12.850000 6.278804
12.900000 13.221544
12.950000 3.124503
13.000000 0.142969
13.050000 -1.561258
13.100000 -5.240224
13.150000 2.271066
13.200000 -3.698884
13.250000 4.724771
13.300000 1.233334
13.350000 -2.221446
13.400000 7.803041
13.450000 2.648242
13.500000 4.529811
13.550000 9.134743
13.600000 -7.295206
13.650000 1.354559
13.700000 0.921347
13.750000 9.059077
13.800000 -4.284799
13.850000 -1.109603
13.900000 -10.132580
13.950000 -4.797679
14.000000 1.426067
14.050000 -13.349220
14.100000 -5.999910
14.150000 -1.865196
14.200000 -1.337727
14.250000 -0.432910
14.300000 -8.418579
14.350000 -11.534446
14.400000 -0.175435
14.450000 8.033864
14.500000 1.249674
14.550000 2.779175
14.600000 9.526911
14.650000 -3.773096
14.700000 -4.223571
14.750000 -2.837477
14.800000 -4.344450
14.850000 7.163800
14.900000 9.039974
14.950000 -5.752201
15.000000 -9.897308
15.050000 6.061536
15.100000 -1.398232
15.150000 3.917916
15.200000 -10.943025
15.250000 -0.867705
15.300000 4.211627
15.350000 -6.143993
15.400000 -1.009415
15.450000 -10.940815
15.500000 0.141169
15.550000 17.406723
15.600000 5.169785
15.650000 4.165001
15.700000 -4.146391
15.750000 1.705619
15.800000 8.541842
15.850000 -7.836467
15.900000 0.823529
15.950000 0.427396
16.000000 0.749430
16.050000 3.157300
16.100000 -3.219618
16.150000 -5.069075
16.200000 -4.134961
16.250000 -0.726345
16.300000 1.356850
16.350000 -3.425799
16.400000 0.064148
16.450000 5.348158
16.500000 2.447649
16.550000 6.998880
16.600000 5.696575
16.650000 1.262691
16.700000 -8.307029
16.750000 15.820416
16.800000 -4.802093
16.850000 4.769442
16.900000 6.215345
16.950000 9.925961
17.000000 3.581396
17.050000 -1.915073
17.100000 -10.499247
17.150000 2.777781
17.200000 3.411232
17.250000 -7.584083
17.300000 5.206711
17.350000 -0.573966
17.400000 -11.365615
17.450000 -3.903904
17.500000 0.463770
17.550000 -1.394196
17.600000 -1.723594
17.650000 -0.342821
17.700000 7.823808
17.750000 -0.760075
17.800000 15.112150
17.850000 -9.597080
17.900000 -4.662987
17.950000 3.232845
18.000000 -1.125158
18.050000 1.301138
18.100000 2.636671
18.150000 -0.434959
18.200000 8.194098
18.250000 -5.211466
18.300000 -1.028596
18.350000 -1.353548
18.400000 10.289520
18.450000 3.863201
18.500000 6.135843
18.550000 -11.046420
18.600000 1.194593
18.650000 2.396000
18.700000 13.434134
18.750000 1.490484
18.800000 -2.210338
18.850000 -1.606956
18.900000 7.422013
18.950000 9.438092
19.000000 0.290977
19.050000 1.743017
19.100000 -1.688315
19.150000 -4.626532
19.200000 -1.468768
19.250000 10.244553
19.300000 1.675138
19.350000 8.483411
19.400000 2.473295
19.450000 4.251432
19.500000 3.320730
19.550000 0.909469
19.600000 5.940076
19.650000 -4.698646
19.700000 -5.732154
19.750000 -1.018750
19.799999 -7.250904
19.849999 -9.119946
19.899999 1.458288
19.949999 3.210724
