0.000000 -1.500497
0.050000 2.008504
0.100000 -0.621854
0.150000 -0.187285
0.200000 2.457142
0.250000 1.616563
0.300000 4.804231
0.350000 5.341129
0.400000 2.041079
0.450000 0.753339
0.500000 0.033014
0.550000 -1.770827
0.600000 -0.666698
0.650000 0.281995
0.700000 -0.797415
0.750000 -0.571851
0.800000 1.721365
0.850000 3.020179
0.900000 3.016729
0.950000 2.903582
1.000000 2.898608
1.050000 1.770301
1.100000 0.991609
1.150000 -1.052733
1.200000 0.106816
1.250000 1.712810
1.300000 1.159219
1.350000 -1.178471
1.400000 4.620179
1.450000 1.066774
1.500000 2.194790
1.550000 -0.592365
1.600000 1.931774
1.650000 -0.001226
1.700000 0.447813
1.750000 -0.926529
1.800000 -3.019614
1.850000 -1.598730
1.900000 0.371726
1.950000 -1.346626
2.000000 1.088211
2.050000 2.902343
2.100000 3.602127
2.150000 2.818947
2.200000 2.638204
2.250000 0.714607
2.300000 2.319309
2.350000 -3.692747
2.400000 -5.697948
2.450000 -8.712009
2.500000 -8.872779
2.550000 -7.413390
2.600000 -7.680009
2.650000 -0.577846
2.700000 10.379912
2.750000 12.269714
2.800000 16.953382
2.850000 16.515579
2.900000 18.753990
2.950000 7.593231
3.000000 -3.950714
3.050000 -15.327995
3.100000 -23.852962
3.150000 -31.829666
3.200000 -27.103830
3.250000 -15.495393
3.300000 -4.587466
3.350000 8.107365
3.400000 18.791643
3.450000 21.990839
3.500000 20.436655
3.550000 16.037231
3.600000 8.306361
3.650000 -2.706413
3.700000 -11.983049
3.750000 -16.849270
3.800000 -17.707382
3.850000 -11.876992
3.900000 -4.784123
3.950000 3.841069
4.000000 9.741429
4.050000 14.575347
4.100000 12.332800
4.150000 9.566111
4.200000 6.319419
4.250000 -2.357240
4.300000 -7.165146
4.350000 -7.946353
4.400000 -8.270090
4.450000 -6.475191
4.500000 6.196904
4.550000 3.636790
4.600000 6.279840
4.650000 7.821126
4.700000 4.558660
4.750000 4.918936
4.800000 0.120861
4.850000 -2.842973
4.900000 -6.856737
4.950000 -2.938926
5.000000 -5.301617
5.050000 2.051029
5.100000 2.968963
5.150000 7.817466
5.200000 3.401596
5.250000 4.431877
5.300000 0.886150
5.350000 1.671558
5.400000 1.596130
5.450000 0.591827
5.500000 -1.584973
5.550000 -1.727928
5.600000 -1.497944
5.650000 0.109444
5.700000 1.443144
5.750000 4.511976
5.800000 1.307225
5.850000 1.219572
5.900000 0.955065
5.950000 2.325917
6.000000 2.291020
6.050000 2.203887
6.100000 1.960380
6.150000 1.525184
6.200000 0.580240
6.250000 0.551677
6.300000 -0.031092
6.350000 -1.325423
6.400000 -0.497269
6.450000 -2.381356
6.500000 -1.085769
6.550000 -0.019559
6.600000 2.830468
6.650000 3.750878
6.700000 4.304008
6.750000 1.857492
6.800000 1.025649
6.850000 1.274370
6.900000 -1.027820
6.950000 0.143966
7.000000 -0.110796
7.050000 0.685880
7.100000 -2.106834
7.150000 0.269270
7.200000 -0.059747
7.250000 3.722293
7.300000 1.828244
7.350000 2.184442
7.400000 -0.059204
7.450000 -0.116593
7.500000 0.998694
7.550000 -0.320977
7.600000 1.135080
7.650000 0.557646
7.700000 -0.561093
7.750000 1.039655
7.800000 -0.272370
7.850000 1.833555
7.900000 2.784540
7.950000 1.053180
7.999999 -0.887202
8.049999 0.449095
8.100000 -0.197317
8.150000 -0.622154
8.200000 -0.534499
8.250000 -1.758111
8.300000 -0.453030
8.350000 -1.928844
8.400000 -1.426998
8.450000 -0.494543
8.500000 -0.930692
8.549999 2.074001
8.599999 1.801450
8.650000 -1.102638
8.700000 0.642795
8.750000 1.100042
8.800000 -1.438335
8.850000 -1.799016
8.900000 -1.239609
8.950000 -2.071656
9.000000 -1.614013
9.050000 -4.648746
9.099999 -2.115094
9.149999 -2.685880
9.200000 0.500981
9.250000 -1.030550
9.300000 2.678093
9.350000 -2.057131
9.400000 -0.944549
9.450000 0.063596
9.500000 -1.380753
9.550000 -1.303560
9.600000 -3.853697
9.649999 -2.624850
9.699999 -0.523289
9.750000 0.262419
9.800000 -2.300866
9.850000 3.138113
9.900000 2.469326
9.950000 -1.564377
10.000000 1.448370
10.050000 1.742751
10.100000 0.805203
10.150000 0.610393
10.199999 0.492465
10.249999 1.868984
10.300000 1.302835
10.350000 2.702825
10.400000 3.313327
10.450000 1.214638
10.500000 -0.604961
10.550000 1.513345
10.600000 -1.295591
10.650000 0.576681
10.700000 0.703516
10.749999 -0.078631
10.799999 3.169705
10.849999 0.339214
10.900000 1.962741
10.950000 1.301810
11.000000 -1.488520
11.050000 2.482501
11.100000 1.505215
11.150000 0.212120
11.200000 2.676078
11.250000 1.726633
11.299999 -0.150042
11.349999 0.522718
11.399999 -0.889664
11.450000 -0.062256
11.500000 1.102013
11.550000 1.539967
11.600000 -0.140736
11.650000 -0.253913
11.700000 2.074820
11.750000 2.052463
11.800000 1.571466
11.849999 3.312351
11.899999 1.168031
11.949999 -0.933850
12.000000 1.131462
12.050000 -0.341399
12.100000 -0.224646
12.150000 -1.696167
12.200000 0.510953
12.250000 4.472913
12.300000 1.848447
12.350000 -1.007378
12.399999 1.948080
12.449999 0.613787
12.499999 0.508620
12.550000 2.535398
12.600000 1.343564
12.650000 -0.248700
12.700000 -0.184424
12.750000 -1.743797
12.800000 -1.179694
12.850000 2.048497
12.900000 -0.984029
12.949999 1.888949
12.999999 3.415724
13.049999 -0.749266
13.100000 1.730020
13.150000 -4.263381
13.200000 2.617308
13.250000 0.597110
13.300000 -0.079548
13.350000 -2.139619
13.400000 0.643296
13.450000 0.153438
13.499999 -0.570846
13.549999 3.782717
13.599999 -1.941972
13.650000 2.052352
13.700000 0.329863
13.750000 -1.030860
13.800000 -3.063856
13.850000 -2.604799
13.900000 -0.589565
13.950000 -0.376994
14.000000 2.380457
14.049999 -1.078602
14.099999 -0.554735
14.149999 -2.921112
14.200000 -0.156483
14.250000 1.196204
14.300000 2.182482
14.350000 0.299385
14.400000 -0.948011
14.450000 -0.802404
14.500000 -0.913746
14.549999 0.732748
14.599999 -0.601528
14.649999 1.100037
14.699999 0.513453
14.750000 3.333634
14.800000 2.383916
14.850000 1.584324
14.900000 2.912727
14.950000 1.434638
15.000000 0.231125
15.050000 -0.163187
15.099999 0.797928
15.149999 -4.914171
15.199999 -1.269565
15.249999 -0.468101
15.299999 1.118869
15.350000 1.571731
15.400000 0.094119
15.450000 2.774662
15.500000 -0.789715
15.550000 0.837033
15.600000 1.533018
15.650000 0.129924
15.699999 -0.385371
15.750000 -1.054213
15.799999 -0.399352
15.850000 2.011897
15.899999 1.682524
15.950000 0.932320
15.999999 -0.299156
16.050000 0.440426
16.099999 2.389649
16.150000 -3.144175
16.200000 -1.359880
16.249999 -1.927093
16.300000 -2.026566
16.349999 -1.464526
16.400000 -0.240678
16.449999 2.500291
16.500000 2.877733
16.549999 3.357912
16.600000 2.873849
16.649999 -0.279606
16.700000 0.828509
16.750000 -0.343172
16.799999 -0.453728
16.850000 0.176157
16.899999 -0.572948
16.950000 2.441555
16.999999 0.567712
17.050000 1.552116
17.099999 0.363135
17.150000 3.279420
17.199999 -0.538590
17.250000 1.310224
17.300000 1.138176
17.349999 -0.146225
17.400000 1.125734
17.449999 0.790979
17.500000 0.695833
17.549999 0.128461
17.600000 -1.066134
17.649999 0.551308
17.700000 -0.993172
17.749999 0.130942
17.800000 -0.025794
17.850000 3.722918
17.899999 3.172006
17.950000 2.464695
17.999999 2.980390
18.050000 -1.146118
18.099999 1.643630
18.150000 0.614536
18.199999 0.600023
18.250000 0.523407
18.299999 0.330067
18.350000 -4.334652
18.400000 0.550926
18.449999 -0.237485
18.500000 -0.294770
18.549999 -0.715434
18.600000 1.999972
18.649999 -1.775192
18.700000 0.401710
18.749999 2.821752
18.800000 1.261865
18.849999 -0.133038
18.900000 1.167893
18.950000 0.806006
18.999999 -0.005470
19.050000 -1.445672
19.099999 1.721982
19.150000 1.063732
19.199999 -0.215559
19.250000 3.278811
19.299999 0.361672
19.350000 0.944300
19.399999 -0.550762
19.450000 2.589095
19.500000 1.876611
19.549999 -2.421545
19.600000 -0.520691
19.649999 3.579797
19.700000 1.451309
19.749999 -0.234996
19.800000 -0.327657
19.849999 3.192846
19.900000 -0.024622
19.949999 -1.096471
