0.000000 34.753273
0.050000 14.525484
0.100000 -3.883921
0.150000 0.362084
0.200000 2.643352
0.250000 -8.291041
0.300000 15.150670
0.350000 -6.819213
0.400000 1.489832
0.450000 15.796222
0.500000 -1.152656
0.550000 21.461151
0.600000 20.396849
0.650000 18.093056
0.700000 4.074472
0.750000 4.036356
0.800000 0.284798
0.850000 14.189939
0.900000 -6.639086
0.950000 -24.370586
1.000000 -9.392760
1.050000 1.434495
1.100000 -1.560645
1.150000 14.839696
1.200000 -1.790963
1.250000 15.139959
1.300000 -4.748129
1.350000 10.024696
1.400000 -0.206146
1.450000 9.678291
1.500000 -9.868791
1.550000 32.442997
1.600000 -15.692878
1.650000 14.432557
1.700000 3.622955
1.750000 41.815098
1.800000 22.208508
1.850000 25.357985
1.900000 13.891608
1.950000 34.255928
2.000000 23.190777
2.050000 10.537792
2.100000 5.384591
2.150000 -23.786243
2.200000 -57.553501
2.250000 -90.718292
2.300000 -75.370956
2.350000 -35.094936
2.400000 15.468083
2.450000 84.012527
2.500000 129.508331
2.550000 145.157272
2.600000 123.015114
2.650000 78.005890
2.700000 -7.634964
2.750000 -97.442276
2.800000 -133.775513
2.850000 -162.592377
2.900000 -126.448853
2.950000 -49.718445
3.000000 27.626209
3.050000 81.621712
3.100000 146.030579
3.150000 127.601990
3.200000 89.334610
3.250000 23.747082
3.300000 -54.746296
3.350000 -84.155724
3.400000 -133.558868
3.450000 -94.806137
3.500000 -45.494541
3.550000 7.386660
3.600000 35.776806
3.650000 93.121437
3.700000 82.297607
3.750000 62.063992
3.800000 21.622507
3.850000 -25.644520
3.900000 -30.659933
3.950000 -35.416203
4.000000 -37.353901
4.050000 -26.538713
4.100000 14.798875
4.150000 33.610935
4.200000 22.850519
4.250000 17.249342
4.300000 12.166103
4.350000 -16.456503
4.400000 -9.879876
4.450000 -5.081547
4.500000 -12.592833
4.550000 12.358459
4.600000 12.315438
4.650000 30.495070
4.700000 34.431549
4.750000 -2.682349
4.800000 -28.513531
4.850000 -31.511766
4.900000 -39.097435
4.950000 -20.293770
5.000000 9.843562
5.050000 47.612263
5.100000 41.765781
5.150000 53.724014
5.200000 48.672134
5.250000 18.606079
5.300000 -0.681419
5.350000 -7.088266
5.400000 -34.816746
5.450000 -30.111759
5.500000 -25.649570
5.550000 -13.355584
5.600000 28.956617
5.650000 19.791859
5.700000 42.543118
5.750000 43.595737
5.800000 18.146826
5.850000 -17.808887
5.900000 -24.809116
5.950000 -43.731827
6.000000 -35.559189
6.050000 -34.897064
6.100000 -0.629400
6.150000 -10.325446
6.200000 4.687621
6.250000 10.697496
6.300000 29.313818
6.350000 11.093236
6.400000 -0.704897
6.450000 -15.337305
6.500000 -16.839579
6.550000 -15.830703
6.600000 -21.875156
6.650000 -7.145195
6.700000 -13.029011
6.750000 -4.528026
6.800000 1.735172
6.850000 5.442047
6.900000 14.548275
6.950000 18.209471
7.000000 -9.488442
7.050000 2.934650
7.100000 -14.307213
7.150000 -1.628366
7.200000 6.566284
7.250000 1.118087
7.300000 11.953277
7.350000 -16.305943
7.400000 17.126587
7.450000 9.673984
7.500000 17.242968
7.550000 12.492167
7.600000 7.378382
7.650000 0.160201
7.700000 0.160633
7.750000 0.910964
7.800000 3.417085
7.850000 14.689330
7.900000 7.600275
7.950000 -5.778236
7.999999 -11.611459
8.049999 5.710678
8.100000 -13.943384
8.150000 -2.483567
8.200000 -2.137456
8.250000 13.845858
8.300000 24.899981
8.350000 7.473065
8.400000 1.040784
8.450000 8.488274
8.500000 8.827926
8.549999 -15.510878
8.599999 -11.051753
8.650000 -14.185137
8.700000 6.684873
8.750000 -13.469635
8.800000 1.400032
8.850000 2.782112
8.900000 33.489578
8.950000 36.692692
9.000000 21.089077
9.050000 20.041687
9.099999 2.582309
9.149999 3.295042
9.200000 -19.502602
9.250000 -35.009052
9.300000 -1.955339
9.350000 -15.415581
9.400000 -13.452588
9.450000 1.770520
9.500000 1.341111
9.550000 -1.759751
9.600000 5.304791
9.649999 27.134510
9.699999 21.381319
9.750000 -10.414340
9.800000 20.666582
9.850000 11.310895
9.900000 -7.322768
9.950000 1.294398
10.000000 9.918345
10.050000 -9.225234
10.100000 16.351727
10.150000 23.775709
10.199999 -1.139092
10.249999 16.630812
10.300000 23.075628
10.350000 -0.252874
10.400000 -22.839615
10.450000 4.880396
10.500000 5.619905
10.550000 8.378722
10.600000 -3.532874
10.650000 -2.884184
10.700000 -4.524034
10.749999 12.013113
10.799999 18.574871
10.849999 15.944695
10.900000 -13.429493
10.950000 -0.474991
11.000000 -17.786949
11.050000 4.316724
11.100000 14.064290
11.150000 7.124842
11.200000 -4.632590
11.250000 6.272022
11.299999 -9.406069
11.349999 15.962340
11.399999 6.402976
11.450000 11.098980
11.500000 -4.985916
11.550000 -0.736546
11.600000 -6.241138
11.650000 2.460025
11.700000 21.507746
11.750000 2.081479
11.800000 -10.634085
11.849999 3.043737
11.899999 -7.427673
11.949999 4.732393
12.000000 0.631518
12.050000 -5.092006
12.100000 1.255793
12.150000 3.060468
12.200000 15.049212
12.250000 17.504221
12.300000 -6.449153
12.350000 -10.179552
12.399999 8.923307
12.449999 11.815326
12.499999 -13.232255
12.550000 10.257417
12.600000 13.314434
12.650000 -12.076152
12.700000 -10.627646
12.750000 0.921844
12.800000 11.749917
12.850000 -0.760594
12.900000 11.896185
12.949999 0.316489
12.999999 -15.160222
13.049999 -20.930527
13.100000 8.282202
13.150000 -4.748281
13.200000 -16.503653
13.250000 34.912815
13.300000 27.024782
13.350000 10.272573
13.400000 9.084092
13.450000 6.737389
13.499999 -23.346313
13.549999 -21.314487
13.599999 -11.194169
13.650000 -6.924181
13.700000 18.678299
13.750000 -2.968485
13.800000 14.543551
13.850000 13.044259
13.900000 -1.582292
13.950000 28.702837
14.000000 0.663239
14.049999 -11.801005
14.099999 0.991657
14.149999 18.452356
14.200000 -14.050020
14.250000 -24.462332
14.300000 -17.488209
14.350000 2.309110
14.400000 4.967433
14.450000 15.575995
14.500000 -24.946077
14.549999 11.535994
14.599999 -9.235523
14.649999 17.301643
14.699999 24.418980
14.750000 5.362177
14.800000 15.978266
14.850000 -14.866052
14.900000 4.885499
14.950000 6.358126
15.000000 9.739429
15.050000 14.388684
15.099999 -6.111226
15.149999 17.456518
15.199999 9.625370
15.249999 -13.704449
15.299999 0.699635
15.350000 -0.599941
15.400000 12.702566
15.450000 20.562235
15.500000 -3.461353
15.550000 27.224110
15.600000 -2.578146
15.650000 -7.393366
15.699999 14.836190
15.750000 19.405617
15.799999 -5.598590
15.850000 -7.941835
15.899999 -18.355402
15.950000 0.482072
15.999999 11.641415
16.050000 -0.964734
16.099999 8.958202
16.150000 8.875716
16.200000 15.555902
16.249999 11.168128
16.300000 7.551831
16.349999 -15.727352
16.400000 6.807619
16.449999 5.309064
16.500000 -14.108913
16.549999 5.888447
16.600000 2.082176
16.649999 14.222410
16.700000 8.170418
16.750000 7.066200
16.799999 -12.428599
16.850000 14.668980
16.899999 -5.038858
16.950000 -11.238334
16.999999 6.455600
17.050000 26.585754
17.099999 -5.798169
17.150000 31.691921
17.199999 37.374649
17.250000 -14.337474
17.300000 -27.379145
17.349999 -22.249289
17.400000 -20.736437
17.449999 20.624783
17.500000 -5.289203
17.549999 -8.173666
17.600000 10.659761
17.649999 -0.042547
17.700000 27.745306
17.749999 22.989180
17.800000 2.054752
17.850000 -2.506574
17.899999 -7.373515
17.950000 -15.005329
17.999999 -7.576180
18.050000 -17.001892
18.099999 -12.222802
18.150000 20.785597
18.199999 -3.403400
18.250000 5.079182
18.299999 -6.964002
18.350000 14.216462
18.400000 1.095429
18.449999 10.048132
18.500000 -1.933266
18.549999 -10.400824
18.600000 -18.390732
18.649999 -11.283090
18.700000 11.603094
18.749999 20.574825
18.800000 -8.951711
18.849999 6.217391
18.900000 -10.088276
18.950000 4.460864
18.999999 2.445519
19.050000 -17.253609
19.099999 3.946637
19.150000 0.003816
19.199999 -15.326247
19.250000 8.165806
19.299999 -23.315207
19.350000 4.764122
19.399999 3.525849
19.450000 8.161757
19.500000 1.002649
19.549999 -12.828820
19.600000 1.759645
19.649999 -1.403695
19.700000 2.781818
19.749999 -18.385212
19.800000 12.699415
19.849999 13.570672
19.900000 14.638934
19.949999 9.081620
