0.000000 2.870196
0.050000 -11.979467
0.100000 7.616745
0.150000 -33.262379
0.200000 -1.340643
0.250000 -1.149819
0.300000 4.945538
0.350000 -0.956361
0.400000 15.782761
0.450000 8.531425
0.500000 6.702487
0.550000 23.814058
0.600000 11.274537
0.650000 -8.435735
0.700000 -13.947991
0.750000 -10.193062
0.800000 -8.355723
0.850000 -8.107096
0.900000 -11.836148
0.950000 5.827525
1.000000 9.929876
1.050000 14.406027
1.100000 14.089493
1.150000 -0.703674
1.200000 -1.818239
1.250000 14.753077
1.300000 -12.700320
1.350000 -6.985479
1.400000 -23.311895
1.450000 -11.100720
1.500000 -12.455165
1.550000 21.481432
1.600000 0.105971
1.650000 -28.584753
1.700000 12.374278
1.750000 15.239529
1.800000 0.582970
1.850000 -8.028214
1.900000 2.493219
1.950000 3.437749
2.000000 -15.557388
2.050000 -15.576562
2.100000 -8.837041
2.150000 14.589204
2.200000 21.568933
2.250000 15.848017
2.300000 27.962563
2.350000 17.447363
2.400000 16.312548
2.450000 -8.260667
2.500000 -24.536840
2.550000 -38.673717
2.600000 -45.963448
2.650000 -63.114197
2.700000 -49.042034
2.750000 -27.159714
2.800000 17.905788
2.850000 40.930424
2.900000 102.490334
2.950000 128.459335
3.000000 121.024132
3.050000 120.182816
3.100000 84.353218
3.150000 24.231466
3.200000 -51.023804
3.250000 -94.304985
3.300000 -131.908493
3.350000 -135.835999
3.400000 -122.115204
3.450000 -84.170135
3.500000 -10.947078
3.550000 25.615536
3.600000 78.038300
3.650000 74.265427
3.700000 57.616703
3.750000 24.159687
3.800000 -5.568818
3.850000 -26.997900
3.900000 -73.163055
3.950000 -99.636734
4.000000 -94.295906
4.050000 -55.994453
4.100000 -39.373047
4.150000 27.925039
4.200000 70.184616
4.250000 101.043648
4.300000 88.378448
4.350000 86.454376
4.400000 73.160889
4.450000 28.850576
4.500000 -12.420984
4.550000 -46.479031
4.600000 -49.678905
4.650000 -57.560875
4.700000 -57.676411
4.750000 -46.905815
4.800000 -24.134855
4.850000 27.761894
4.900000 55.826992
4.950000 63.999832
5.000000 52.825325
5.050000 48.293369
5.100000 37.547180
5.150000 12.747789
5.200000 -7.338305
5.250000 -40.349453
5.300000 -49.494053
5.350000 -42.119274
5.400000 -33.485756
5.450000 11.862596
5.500000 -3.306418
5.550000 28.550949
5.600000 41.303082
5.650000 16.335819
5.700000 21.495842
5.750000 8.038008
5.800000 18.116848
5.850000 -5.609600
5.900000 -22.713804
5.950000 -34.988613
6.000000 -18.012648
6.050000 -17.221365
6.100000 14.088881
6.150000 18.422529
6.200000 18.138693
6.250000 29.156038
6.300000 19.297230
6.350000 22.391834
6.400000 12.272679
6.450000 -18.311604
6.500000 -9.485245
6.550000 -23.374617
6.600000 -14.989521
6.650000 -11.402278
6.700000 1.515744
6.750000 11.591568
6.800000 13.214881
6.850000 -12.986699
6.900000 22.435226
6.950000 15.582671
7.000000 1.870405
7.050000 -4.726644
7.100000 -19.635313
7.150000 -11.424241
7.200000 -18.074512
7.250000 -31.081306
7.300000 5.843596
7.350000 -3.258025
7.400000 4.013340
7.450000 25.511114
7.500000 25.383043
7.550000 1.456233
7.600000 15.082585
7.650000 6.622007
7.700000 21.632513
7.750000 2.607153
7.800000 -10.561575
7.850000 -9.784705
7.900000 -13.348350
7.950000 -11.372198
8.000000 2.797331
8.050000 0.018258
8.100000 11.614673
8.150000 26.387901
8.200000 22.275196
8.250000 5.893041
8.300000 3.246711
8.350000 -21.585934
8.400000 -21.280407
8.450000 -10.061098
8.500000 -10.615818
8.550000 -0.378431
8.600000 3.672219
8.650000 2.985153
8.700000 14.773039
8.750000 9.546789
8.800000 6.997669
8.850000 14.996763
8.900000 2.788486
8.950000 17.045597
9.000000 11.288832
9.050000 -19.434149
9.100000 -9.719422
9.150000 -25.748911
9.200000 -3.390652
9.250000 -2.034302
9.300000 12.830503
9.350000 2.685901
9.400000 5.901699
9.450000 5.148602
9.500000 17.526707
9.550000 20.122078
9.600000 16.311459
9.650000 -7.645871
9.700000 -4.769240
9.750000 -22.180779
9.800000 -1.091455
9.850000 -8.407467
9.900000 3.508192
9.950000 -15.893129
10.000000 10.045656
10.050000 6.208185
10.100000 4.399601
10.150000 -23.465157
10.200000 10.019436
10.250000 1.025041
10.300000 0.419451
10.350000 1.599417
10.400000 -14.292902
10.450000 -2.099428
10.500000 -25.487169
10.550000 -11.941851
10.600000 3.441520
10.650000 5.016357
10.700000 8.055702
10.750000 4.864317
10.800000 13.492382
10.850000 14.256229
10.900000 18.569407
10.950000 -4.502282
11.000000 15.850931
11.050000 -3.783242
11.100000 -2.485576
11.150000 14.474889
11.200000 1.905915
11.250000 4.991908
11.300000 6.811168
11.350000 19.349707
11.400000 1.648202
11.450000 -5.512921
11.500000 9.243483
11.550000 11.851097
11.600000 -9.529683
11.650000 -8.565338
11.700000 6.061846
11.750000 16.640472
11.800000 11.700832
11.850000 17.024313
11.900000 14.116559
11.950000 20.559296
12.000000 16.783218
12.050000 -12.691493
12.100000 15.592743
12.150000 4.334046
12.200000 -4.363737
12.250000 12.157153
12.300000 -3.343376
12.350000 -16.999750
12.400000 -7.049924
12.450000 12.385528
12.500000 4.177627
12.550000 9.415408
12.600000 -3.472542
12.650000 6.076658
12.700000 9.508982
12.750000 10.168286
12.800000 5.443624
12.850000 -7.036712
12.900000 6.216677
12.950000 -3.805378
13.000000 4.138121
13.050000 -4.636702
13.100000 31.980190
13.150000 -9.144473
13.200000 7.038861
13.250000 -5.687644
13.300000 -1.054472
13.350000 3.480867
13.400000 -0.016213
13.450000 -21.444523
13.500000 0.873819
13.550000 0.472249
13.600000 -13.433955
13.650000 9.245048
13.700000 9.471740
13.750000 4.606907
13.800000 15.176652
13.850000 -11.663303
13.900000 -12.231318
13.950000 -12.522661
14.000000 3.359737
14.050000 -3.850503
14.100000 -6.571895
14.150000 12.819260
14.200000 14.211926
14.250000 9.050316
14.300000 -3.759849
14.350000 19.129820
14.400000 12.412156
14.450000 5.754815
14.500000 26.771250
14.550000 -9.134684
14.600000 -0.860534
14.650000 -21.309902
14.700000 -7.915636
14.750000 -2.297748
14.800000 -9.047373
14.850000 16.683178
14.900000 -5.598947
14.950000 -1.735350
15.000000 11.080601
15.050000 34.143963
15.100000 -4.399920
15.150000 3.745885
15.200000 5.478053
15.250000 17.459625
15.300000 -18.519817
15.350000 -12.899703
15.400000 0.348769
15.450000 -21.920864
15.500000 9.522758
15.550000 22.635895
15.600000 7.326251
15.650000 5.442750
15.700000 -2.168615
15.750000 15.620901
15.800000 4.545877
15.850000 -1.530444
15.900000 0.927582
15.950000 15.788315
16.000000 -3.049887
16.050000 -5.942533
16.100000 -20.400000
16.150000 -7.939508
16.200000 9.564903
16.250000 2.004602
16.300000 15.882620
16.350000 -5.875496
16.400000 12.672582
16.450000 -1.756386
16.500000 4.604053
16.550000 -3.015894
16.600000 -25.366928
16.650000 4.050125
16.700000 9.714373
16.750000 1.278599
16.800000 -12.681841
16.850000 -10.406964
16.900000 22.038179
16.950000 7.860709
17.000000 6.066772
17.050000 2.976853
17.100000 2.445139
17.150000 -15.019282
17.200000 10.046256
17.250000 3.141505
17.300000 -6.931080
17.350000 -3.495970
17.400000 -16.859253
17.450000 16.959164
17.500000 4.470362
17.550000 -1.438484
17.600000 7.163632
17.650000 11.009200
17.700000 -2.706351
17.750000 2.997862
17.800000 -23.451084
17.850000 -7.479639
17.900000 -11.854925
17.950000 23.764206
18.000000 16.054455
18.050000 23.431231
18.100000 14.864114
18.150000 9.279664
18.200000 5.029938
18.250000 -3.194773
18.300000 10.572762
18.350000 0.273947
18.400000 -2.005622
18.450000 8.971874
18.500000 -13.671651
18.550000 -17.299807
18.600000 2.365110
18.650000 2.533535
18.700000 -2.211577
18.750000 7.137178
18.800000 -6.573658
18.850000 -0.947578
18.900000 -12.172854
18.950000 9.594885
19.000000 12.927691
19.050000 12.454679
19.100000 -5.523458
19.150000 -0.968303
19.200000 -5.880949
19.250000 -3.125537
19.300000 -1.716742
19.350000 -3.340685
19.400000 4.797054
19.450000 5.215658
19.500000 7.503843
19.550000 -0.625102
19.600000 -0.441075
19.650000 0.938095
19.700000 -6.572969
19.750000 16.570780
19.799999 1.382660
19.849999 -7.982892
19.899999 -6.713497
19.949999 -3.271075
