0.000000 1.914425
0.050000 1.419576
0.100000 0.188568
0.150000 1.743694
0.200000 -0.537858
0.250000 0.977246
0.300000 1.686354
0.350000 0.854933
0.400000 1.495934
0.450000 -0.060607
0.500000 -0.034439
0.550000 1.096577
0.600000 1.002618
0.650000 -0.078332
0.700000 2.265716
0.750000 1.114513
0.800000 0.611154
0.850000 0.993713
0.900000 0.053569
0.950000 -0.226413
1.000000 -2.285664
1.050000 0.556192
1.100000 0.621138
1.150000 1.059446
1.200000 0.905034
1.250000 -1.316789
1.300000 -1.630561
1.350000 -1.725900
1.400000 -1.003381
1.450000 -0.512587
1.500000 0.038224
1.550000 0.537809
1.600000 -2.300268
1.650000 1.171133
1.700000 3.622586
1.750000 -1.792383
1.800000 2.350351
1.850000 -1.436233
1.900000 -0.845020
1.950000 -3.931541
2.000000 -5.575807
2.050000 -5.119586
2.100000 -3.166385
2.150000 6.170788
2.200000 10.247100
2.250000 12.018899
2.300000 4.621893
2.350000 -7.884761
2.400000 -12.844026
2.450000 -15.630118
2.500000 -8.518154
2.550000 5.039110
2.600000 11.571527
2.650000 13.096249
2.700000 7.048808
2.750000 -3.074133
2.800000 -12.425039
2.850000 -15.214037
2.900000 -8.885444
2.950000 4.383726
3.000000 13.109193
3.050000 13.822321
3.100000 2.972166
3.150000 -2.690107
3.200000 -12.002012
3.250000 -12.981951
3.300000 -3.848532
3.350000 4.518077
3.400000 8.514102
3.450000 9.761135
3.500000 2.987670
3.550000 -3.062783
3.600000 -10.682653
3.650000 -10.253883
3.700000 -1.426357
3.750000 4.699537
3.800000 8.651802
3.850000 6.634386
3.900000 -0.039231
3.950000 -3.007297
4.000000 -7.978965
4.050000 -4.634885
4.100000 -0.555551
4.150000 1.665333
4.200000 7.808718
4.250000 3.659169
4.300000 0.718303
4.350000 -2.046719
4.400000 -5.184974
4.450000 -1.941721
4.500000 -2.441445
4.550000 2.628966
4.600000 2.816869
4.650000 4.281197
4.700000 0.947104
4.750000 -0.998961
4.800000 -3.117795
4.850000 -0.406093
4.900000 0.246260
4.950000 -0.608432
5.000000 -0.321208
5.050000 0.310651
5.100000 -0.869898
5.150000 -1.736167
5.200000 0.830509
5.250000 1.156450
5.300000 -1.746549
5.350000 0.522241
5.400000 -1.379022
5.450000 1.108856
5.500000 0.931641
5.550000 1.138484
5.600000 0.850283
5.650000 0.221505
5.700000 0.715877
5.750000 0.509921
5.800000 0.325590
5.850000 -0.617235
5.900000 -0.960209
5.950000 1.048928
6.000000 2.279723
6.050000 -0.845146
6.100000 -1.313846
6.150000 -0.307746
6.200000 -2.092665
6.250000 -2.076405
6.300000 -2.929029
6.350000 0.974465
6.400000 0.637852
6.450000 2.232090
6.500000 -0.930663
6.550000 1.370436
6.600000 0.237479
6.650000 0.910390
6.700000 -1.538072
6.750000 -0.410822
6.800000 1.873961
6.850000 -1.823950
6.900000 1.173627
6.950000 -1.419250
7.000000 0.725192
7.050000 0.273818
7.100000 0.451601
7.150000 1.079796
7.200000 -2.103819
7.250000 0.686978
7.300000 -0.742153
7.350000 -1.884034
7.400000 1.092741
7.450000 0.412813
7.500000 1.656920
7.550000 -0.760435
7.600000 1.469706
7.650000 -0.915977
7.700000 -1.706447
7.750000 -1.303062
7.800000 -1.813317
7.850000 -0.393479
7.900000 0.394349
7.950000 0.887670
7.999999 1.351284
8.049999 -0.862336
8.100000 -1.067742
8.150000 -0.809151
8.200000 -1.910383
8.250000 -0.317300
8.300000 -1.725148
8.350000 -2.269135
8.400000 -1.540690
8.450000 -0.334108
8.500000 -2.010409
8.549999 0.512578
8.599999 1.958291
8.650000 -0.965000
8.700000 -1.382628
8.750000 0.687849
8.800000 1.141884
8.850000 -1.187113
8.900000 -0.398147
8.950000 0.721433
9.000000 3.541905
9.050000 1.012959
9.099999 2.295882
9.149999 0.710139
9.200000 0.465048
9.250000 0.087251
9.300000 -1.337079
9.350000 -0.660476
9.400000 -0.205621
9.450000 1.707551
9.500000 1.817617
9.550000 1.586915
9.600000 1.517910
9.649999 0.759486
9.699999 3.895686
9.750000 1.206654
9.800000 0.757277
9.850000 0.805192
9.900000 -0.602970
9.950000 1.303474
10.000000 2.258118
10.050000 1.802216
10.100000 -0.913254
10.150000 -0.139990
10.199999 -0.693334
10.249999 0.593548
10.300000 -2.063108
10.350000 0.302843
10.400000 -2.157621
10.450000 0.555614
10.500000 0.106118
10.550000 -0.750575
10.600000 0.729462
10.650000 -0.386280
10.700000 -0.850583
10.749999 -1.275746
10.799999 2.141273
10.849999 1.203464
10.900000 2.735560
10.950000 1.425071
11.000000 0.410589
11.050000 1.150934
11.100000 -1.305501
11.150000 0.443330
11.200000 -0.603775
11.250000 3.562510
11.299999 1.202314
11.349999 1.379872
11.399999 -0.735221
11.450000 -1.451164
11.500000 0.187441
11.550000 1.570645
11.600000 0.960327
11.650000 -0.066395
11.700000 1.264180
11.750000 3.109976
11.800000 -2.662717
11.849999 -0.247078
11.899999 -0.963214
11.949999 0.561200
12.000000 0.203345
12.050000 -1.101049
12.100000 0.776901
12.150000 -0.273908
12.200000 2.179619
12.250000 -0.191302
12.300000 0.134162
12.350000 0.254821
12.399999 2.254068
12.449999 0.130120
12.499999 -1.495112
12.550000 -3.852954
12.600000 -0.766041
12.650000 -0.990562
12.700000 0.630227
12.750000 -1.143827
12.800000 -1.713792
12.850000 -0.972602
12.900000 -1.499140
12.949999 0.670249
12.999999 -1.001751
13.049999 -2.186215
13.100000 -1.131027
13.150000 -0.247485
13.200000 -0.714469
13.250000 -0.935870
13.300000 -3.013995
13.350000 -0.623695
13.400000 -0.373308
13.450000 -0.773992
13.499999 0.028705
13.549999 1.228383
13.599999 -2.317151
13.650000 0.284311
13.700000 -0.698021
13.750000 0.709948
13.800000 -2.806274
13.850000 -0.353743
13.900000 0.091780
13.950000 -0.211351
14.000000 -0.253750
14.049999 0.127168
14.099999 2.306554
14.149999 1.084342
14.200000 -1.525969
14.250000 -1.095659
14.300000 -0.464865
14.350000 0.567585
14.400000 -1.202170
14.450000 0.259127
14.500000 -0.720468
14.549999 0.100490
14.599999 0.708487
14.649999 0.370030
14.699999 1.016439
14.750000 -1.417116
14.800000 0.869712
14.850000 -0.677391
14.900000 -0.511711
14.950000 0.662227
15.000000 1.664628
15.050000 -1.149999
15.099999 0.444425
15.149999 1.402825
15.199999 0.789865
15.249999 -0.121093
15.299999 0.953037
15.350000 0.353012
15.400000 0.811011
15.450000 0.716882
15.500000 1.243859
15.550000 0.894871
15.600000 2.570530
15.650000 -2.265832
15.699999 2.900173
15.750000 1.644711
15.799999 2.342497
15.850000 0.431133
15.899999 -0.805627
15.950000 1.191190
15.999999 0.777991
16.050000 2.976676
16.099999 1.570571
16.150000 0.562355
16.200000 0.552624
16.249999 0.943286
16.300000 0.831419
16.349999 0.392872
16.400000 0.734915
16.449999 0.679841
16.500000 3.124286
16.549999 -1.245049
16.600000 -0.115168
16.649999 -1.753066
16.700000 0.887913
16.750000 0.846719
16.799999 0.844572
16.850000 2.470251
16.899999 0.213503
16.950000 1.174347
16.999999 -2.308843
17.050000 0.465555
17.099999 2.993058
17.150000 2.054340
17.199999 1.197852
17.250000 1.116874
17.300000 1.688248
17.349999 -0.141177
17.400000 0.982021
17.449999 0.830229
17.500000 1.820309
17.549999 2.306788
17.600000 -1.990077
17.649999 2.351187
17.700000 2.159142
17.749999 1.656911
17.800000 2.093030
17.850000 1.045245
17.899999 1.555428
17.950000 -0.000812
17.999999 1.189514
18.050000 0.549061
18.099999 0.860831
18.150000 1.358615
18.199999 2.092530
18.250000 0.418193
18.299999 -0.232894
18.350000 0.726622
18.400000 2.104393
18.449999 -0.525856
18.500000 1.119717
18.549999 1.362957
18.600000 1.401836
18.649999 0.394861
18.700000 0.302819
18.749999 0.718797
18.800000 1.424019
18.849999 0.888474
18.900000 2.344768
18.950000 3.817227
18.999999 2.885133
19.050000 1.925353
19.099999 -0.589764
19.150000 2.327004
19.199999 0.081077
19.250000 -0.517753
19.299999 2.026834
19.350000 -0.703885
19.399999 0.214687
19.450000 1.988145
19.500000 -0.079827
19.549999 -0.349823
19.600000 -0.420463
19.649999 -1.073453
19.700000 0.023139
19.749999 2.253070
19.800000 1.522534
19.849999 -0.508803
19.900000 -0.163302
19.949999 -1.544922
