0.000000 2.227557
0.050000 5.632701
0.100000 0.922326
0.150000 2.934727
0.200000 4.666423
0.250000 -3.591312
0.300000 3.777632
0.350000 6.462924
0.400000 -3.455478
0.450000 0.975165
0.500000 -1.295310
0.550000 1.872953
0.600000 -1.946421
0.650000 2.772376
0.700000 -0.611642
0.750000 0.214634
0.800000 3.181452
0.850000 -0.278275
0.900000 2.849094
0.950000 -4.995461
1.000000 -3.151920
1.050000 -3.914433
1.100000 -5.507661
1.150000 5.955492
1.200000 -0.284372
1.250000 -0.655624
1.300000 0.852305
1.350000 -1.764089
1.400000 -2.944187
1.450000 -6.704714
1.500000 1.384676
1.550000 -5.983428
1.600000 0.344675
1.650000 6.991804
1.700000 5.045720
1.750000 1.556204
1.800000 -8.311399
1.850000 -8.810334
1.900000 -16.888853
1.950000 -27.452015
2.000000 -24.172821
2.050000 -18.751604
2.100000 7.604827
2.150000 32.908558
2.200000 49.215050
2.250000 42.129471
2.300000 22.990797
2.350000 -16.382046
2.400000 -44.811092
2.450000 -50.202431
2.500000 -37.494648
2.550000 -5.661456
2.600000 29.767376
2.650000 48.319347
2.700000 42.322186
2.750000 19.474607
2.800000 -15.565518
2.850000 -31.070557
2.900000 -34.266380
2.950000 -18.223028
3.000000 8.480062
3.050000 23.618595
3.100000 31.460007
3.150000 11.339543
3.200000 0.949495
3.250000 -4.816753
3.300000 -13.718677
3.350000 -1.690506
3.400000 2.813565
3.450000 13.366091
3.500000 8.457780
3.550000 4.040524
3.600000 -6.313854
3.650000 -8.661561
3.700000 -7.940862
3.750000 -2.152896
3.800000 2.478352
3.850000 12.363367
3.900000 3.518229
3.950000 1.190275
4.000000 -0.318915
4.050000 0.808260
4.100000 -0.979485
4.150000 0.902606
4.200000 0.391084
4.250000 0.783383
4.300000 -1.145216
4.350000 4.113647
4.400000 -3.713414
4.450000 -0.906797
4.500000 6.444752
4.550000 5.633294
4.600000 -3.516614
4.650000 -1.379018
4.700000 -3.995267
4.750000 -9.013136
4.800000 -4.063452
4.850000 5.083652
4.900000 6.939910
4.950000 2.879510
5.000000 2.661336
5.050000 -5.800233
5.100000 -6.317433
5.150000 -5.175071
5.200000 -6.216360
5.250000 2.508946
5.300000 9.015036
5.350000 11.182514
5.400000 7.442683
5.450000 -0.105508
5.500000 -6.794901
5.550000 -4.046484
5.600000 -7.527133
5.650000 -2.196642
5.700000 -3.595100
5.750000 2.108985
5.800000 0.462408
5.850000 5.100981
5.900000 -3.828974
5.950000 -6.243877
6.000000 -1.904448
6.050000 4.117145
6.100000 2.529886
6.150000 3.002005
6.200000 1.874336
6.250000 2.502756
6.300000 4.910188
6.350000 -6.267246
6.400000 -2.437720
6.450000 -9.836307
6.500000 -1.599076
6.550000 -2.053459
6.600000 2.595206
6.650000 3.420373
6.700000 0.674406
6.750000 -4.151173
6.800000 -6.060469
6.850000 0.574513
6.900000 -10.436271
6.950000 3.908000
7.000000 -0.574860
7.050000 -0.339176
7.100000 5.709244
7.150000 -1.004283
7.200000 -0.567731
7.250000 -6.284309
7.300000 -5.982734
7.350000 0.245430
7.400000 1.582381
7.450000 6.201725
7.500000 5.708229
7.550000 1.532700
7.600000 2.172459
7.650000 -6.477416
7.700000 -1.681031
7.750000 -4.805034
7.800000 -0.118895
7.850000 0.621300
7.900000 1.005476
7.950000 6.416092
7.999999 6.746415
8.049999 -1.092229
8.100000 3.282130
8.150000 -4.102254
8.200000 -1.681454
8.250000 -4.183510
8.300000 -3.803785
8.350000 2.883959
8.400000 -1.887685
8.450000 -3.267510
8.500000 -3.088713
8.549999 -2.553183
8.599999 0.718171
8.650000 1.817881
8.700000 3.056700
8.750000 -5.516063
8.800000 -1.551860
8.850000 9.188601
8.900000 -0.443415
8.950000 -0.797098
9.000000 1.211921
9.050000 3.605402
9.099999 3.736884
9.149999 2.412965
9.200000 0.257667
9.250000 4.934789
9.300000 1.474097
9.350000 6.393055
9.400000 -0.961612
9.450000 0.267352
9.500000 3.234828
9.550000 4.815177
9.600000 6.535377
9.649999 2.558129
9.699999 1.108300
9.750000 4.184229
9.800000 2.242426
9.850000 -2.663502
9.900000 -3.746649
9.950000 -2.390784
10.000000 1.985716
10.050000 0.083122
10.100000 2.738591
10.150000 -3.276042
10.199999 2.610582
10.249999 2.798427
10.300000 -4.466426
10.350000 -2.062988
10.400000 -1.751934
10.450000 1.475275
10.500000 -1.738230
10.550000 -4.307751
10.600000 -3.309126
10.650000 5.197546
10.700000 0.243149
10.749999 -5.188092
10.799999 2.442893
10.849999 2.521117
10.900000 5.663939
10.950000 7.956828
11.000000 -0.436283
11.050000 -0.685382
11.100000 1.236545
11.150000 -1.178172
11.200000 -1.650391
11.250000 0.883038
11.299999 1.437051
11.349999 7.090377
11.399999 0.261844
11.450000 1.079207
11.500000 -0.731848
11.550000 -3.088444
11.600000 -0.777748
11.650000 -3.518606
11.700000 -0.438003
11.750000 -3.278521
11.800000 -3.094739
11.849999 -2.959500
11.899999 1.159167
11.949999 1.523483
12.000000 -1.981053
12.050000 -2.769938
12.100000 2.532887
12.150000 2.741015
12.200000 -3.024490
12.250000 -3.310903
12.300000 -1.496353
12.350000 -1.859200
12.399999 0.265577
12.449999 -2.073235
12.499999 -2.104244
12.550000 -7.445670
12.600000 -0.925367
12.650000 -1.496486
12.700000 -1.343783
12.750000 1.714285
12.800000 0.368384
12.850000 -1.952151
12.900000 7.080583
12.949999 5.648746
12.999999 2.763212
13.049999 2.100029
13.100000 -5.059594
13.150000 1.516580
13.200000 2.447649
13.250000 -5.896744
13.300000 2.428564
13.350000 8.067924
13.400000 -2.233036
13.450000 -0.777139
13.499999 4.997841
13.549999 -0.045688
13.599999 -0.767406
13.650000 -10.426629
13.700000 -3.630998
13.750000 -3.414316
13.800000 0.200953
13.850000 1.654701
13.900000 -0.864753
13.950000 -3.014285
14.000000 2.072810
14.049999 2.636857
14.099999 -0.762280
14.149999 -2.029960
14.200000 2.462198
14.250000 -4.610445
14.300000 -0.173395
14.350000 -0.550793
14.400000 -3.831795
14.450000 -0.665286
14.500000 3.841207
14.549999 -0.508495
14.599999 -0.497718
14.649999 4.318438
14.699999 1.775485
14.750000 5.421492
14.800000 1.483401
14.850000 -4.113982
14.900000 -3.692091
14.950000 -2.671096
15.000000 -1.730979
15.050000 -1.948748
15.099999 9.443348
15.149999 6.514732
15.199999 4.379821
15.249999 5.345063
15.299999 4.320759
15.350000 -0.555148
15.400000 2.645988
15.450000 0.434618
15.500000 5.087090
15.550000 -2.164652
15.600000 4.511253
15.650000 0.379911
15.699999 5.513681
15.750000 1.418464
15.799999 -1.561612
15.850000 -0.772155
15.899999 2.096038
15.950000 2.436766
15.999999 6.510934
16.050000 2.872292
16.099999 -3.174584
16.150000 -0.029878
16.200000 5.569649
16.249999 2.332806
16.300000 -3.521396
16.349999 0.735934
16.400000 2.777236
16.449999 0.075462
16.500000 1.175473
16.549999 -3.943154
16.600000 1.226350
16.649999 -6.987345
16.700000 -2.784009
16.750000 3.627158
16.799999 5.671123
16.850000 1.788880
16.899999 2.776044
16.950000 -7.633731
16.999999 1.117846
17.050000 -6.482212
17.099999 -2.288129
17.150000 5.282780
17.199999 -3.032542
17.250000 2.437544
17.300000 0.016735
17.349999 2.932575
17.400000 0.640924
17.449999 4.313525
17.500000 3.296130
17.549999 -2.715987
17.600000 -3.989402
17.649999 -2.064270
17.700000 1.055406
17.749999 3.853625
17.800000 5.960658
17.850000 5.356023
17.899999 1.042995
17.950000 -0.128448
17.999999 4.957864
18.050000 0.143158
18.099999 7.593224
18.150000 3.279127
18.199999 8.536189
18.250000 1.304257
18.299999 0.205050
18.350000 2.514351
18.400000 3.240309
18.449999 -0.428234
18.500000 2.232838
18.549999 -5.010801
18.600000 8.493731
18.649999 0.290300
18.700000 2.875869
18.749999 8.738193
18.800000 9.304645
18.849999 3.438008
18.900000 -3.415854
18.950000 -3.203664
18.999999 3.239489
19.050000 2.119891
19.099999 2.173713
19.150000 3.063068
19.199999 2.029166
19.250000 -2.497245
19.299999 -3.951003
19.350000 2.834201
19.399999 -5.946009
19.450000 3.575062
19.500000 7.025345
19.549999 0.980028
19.600000 4.533886
19.649999 2.679714
19.700000 -7.629913
19.749999 1.826892
19.800000 -2.411682
19.849999 -4.273994
19.900000 2.627050
19.949999 0.901906
