0.000000 -0.054468
0.050000 0.155433
0.100000 0.019771
0.150000 -0.032173
0.200000 0.006102
0.250000 0.058319
0.300000 0.052652
0.350000 0.080714
0.400000 -0.079001
0.450000 -0.004280
0.500000 -0.061411
0.550000 -0.092038
0.600000 0.119207
0.650000 -0.005015
0.700000 0.007341
0.750000 0.003523
0.800000 0.025918
0.850000 0.189244
0.900000 0.031385
0.950000 -0.033018
1.000000 0.132507
1.050000 0.035458
1.100000 -0.049864
1.150000 -0.022162
1.200000 -0.120662
1.250000 0.094325
1.300000 -0.009285
1.350000 0.154073
1.400000 0.042150
1.450000 0.038438
1.500000 0.048074
1.550000 -0.100608
1.600000 0.007192
1.650000 0.008457
1.700000 0.098414
1.750000 -0.077624
1.800000 -0.026222
1.850000 0.051181
1.900000 0.000041
1.950000 0.166491
2.000000 0.013022
2.050000 0.100325
2.100000 -0.105908
2.150000 -0.123294
2.200000 0.074677
2.250000 -0.000818
2.300000 0.016567
2.350000 0.142235
2.400000 0.208332
2.450000 0.163124
2.500000 -0.084576
2.550000 -0.136443
2.600000 -0.235510
2.650000 -0.098872
2.700000 0.076409
2.750000 0.216440
2.800000 0.281322
2.850000 0.176864
2.900000 -0.205370
2.950000 -0.316572
3.000000 -0.185427
3.050000 -0.088503
3.100000 0.079512
3.150000 0.284456
3.200000 0.164525
3.250000 -0.075853
3.300000 -0.237382
3.350000 -0.376516
3.400000 -0.299358
3.450000 0.072498
3.500000 0.179330
3.550000 0.342177
3.600000 0.138028
3.650000 -0.187736
3.700000 -0.130469
3.750000 -0.196899
3.800000 -0.049124
3.850000 0.058284
3.900000 0.181062
3.950000 0.263174
4.000000 0.032586
4.050000 -0.092501
4.100000 -0.113287
4.150000 -0.299530
4.200000 -0.012797
4.250000 0.088576
4.300000 0.256485
4.350000 0.151403
4.400000 0.016142
4.450000 -0.102803
4.500000 -0.152637
4.550000 0.006696
4.600000 0.101422
4.650000 0.024024
4.700000 0.135861
4.750000 0.095966
4.800000 0.027563
4.850000 -0.226726
4.900000 -0.061589
4.950000 -0.002951
5.000000 -0.046703
5.050000 0.094317
5.100000 -0.092083
5.150000 -0.154332
5.200000 -0.015617
5.250000 0.042805
5.300000 0.021510
5.350000 -0.032673
5.400000 0.073522
5.450000 -0.008113
5.500000 0.123428
5.550000 -0.001149
5.600000 0.078868
5.650000 0.002773
5.700000 0.070538
5.750000 0.040304
5.800000 0.068623
5.850000 -0.051637
5.900000 -0.088144
5.950000 -0.024267
6.000000 -0.091458
6.050000 -0.015275
6.100000 -0.049680
6.150000 0.058780
6.200000 -0.075064
6.250000 0.053917
6.300000 0.145113
6.350000 0.131239
6.400000 -0.177090
6.450000 0.032886
6.500000 -0.061740
6.550000 -0.169926
6.600000 0.089764
6.650000 0.098081
6.700000 0.034220
6.750000 -0.044844
6.800000 -0.071139
6.850000 0.001503
6.900000 0.028432
6.950000 -0.043035
7.000000 0.002096
7.050000 -0.073282
7.100000 -0.005244
7.150000 0.007300
7.200000 0.112517
7.250000 0.016856
7.300000 -0.101151
7.350000 -0.084417
7.400000 -0.010382
7.450000 -0.053829
7.500000 -0.039265
7.550000 -0.031543
7.600000 0.038114
7.650000 0.046782
7.700000 0.009841
7.750000 -0.013996
7.800000 0.009927
7.850000 0.115023
7.900000 -0.028146
7.950000 -0.008614
8.000000 0.015454
8.050000 0.045225
8.100000 -0.061201
8.150000 0.063922
8.200000 -0.074999
8.250000 -0.020521
8.300000 -0.010918
8.350000 -0.059232
8.400000 0.025970
8.450000 -0.052483
8.500000 0.112299
8.550000 0.049406
8.600000 0.104801
8.650000 0.065911
8.700000 0.086371
8.750000 0.050141
8.800000 0.063311
8.850000 0.005090
8.900000 -0.021662
8.950000 -0.146361
9.000000 -0.037313
9.050000 -0.079817
9.100000 -0.050140
9.150000 0.228793
9.200000 0.012713
9.250000 -0.015005
9.300000 -0.156692
9.350000 -0.050532
9.400000 0.037102
9.450000 0.011135
9.500000 0.105345
9.550000 0.142545
9.600000 -0.015521
9.650000 0.031218
9.700000 0.233117
9.750000 0.041531
9.800000 -0.080736
9.850000 0.095882
9.900000 -0.105477
9.950000 -0.083317
10.000000 -0.020259
10.050000 0.015854
10.100000 -0.006347
10.150000 0.056812
10.200000 -0.135981
10.250000 -0.016777
10.300000 -0.105455
10.350000 -0.079793
10.400000 0.027620
10.450000 -0.021520
10.500000 0.024223
10.550000 -0.059280
10.600000 0.050981
10.650000 0.090031
10.700000 -0.088045
10.750000 0.160419
10.800000 0.057215
10.850000 -0.162683
10.900000 -0.014757
10.950000 0.067255
11.000000 0.036704
11.050000 0.097786
11.100000 -0.068724
11.150000 -0.140071
11.200000 0.097656
11.250000 0.052424
11.300000 0.100698
11.350000 0.011182
11.400000 0.011855
11.450000 0.080314
11.500000 -0.121967
11.550000 0.053394
11.600000 -0.054253
11.650000 -0.028305
11.700000 0.057560
11.750000 0.114168
11.800000 -0.111567
11.850000 -0.041335
11.900000 0.016832
11.950000 -0.078955
12.000000 -0.000843
12.050000 0.088684
12.100000 -0.102377
12.150000 0.163696
12.200000 0.064022
12.250000 0.117362
12.300000 0.032383
12.350000 0.011929
12.400000 0.057408
12.450000 -0.038923
12.500000 0.055361
12.550000 -0.004646
12.600000 -0.035434
12.650000 0.086789
12.700000 0.066769
12.750000 -0.040017
12.800000 -0.114389
12.850000 0.042450
12.900000 0.173207
12.950000 -0.131854
13.000000 0.012077
13.050000 0.048705
13.100000 -0.086306
13.150000 -0.071911
13.200000 -0.071683
13.250000 -0.048800
13.300000 -0.099459
13.350000 -0.055557
13.400000 -0.029385
13.450000 -0.009514
13.500000 0.060723
13.550000 0.012767
13.600000 -0.017075
13.650000 0.140673
13.700000 0.037941
13.750000 -0.000382
13.800000 -0.057555
13.850000 0.046546
13.900000 0.019810
13.950000 -0.002954
14.000000 0.164997
14.050000 0.086393
14.100000 -0.022910
14.150000 0.003721
14.200000 0.015968
14.250000 -0.054247
14.300000 -0.027102
14.350000 0.050397
14.400000 0.046901
14.450000 -0.006319
14.500000 -0.124002
14.550000 -0.143338
14.600000 0.001054
14.650000 -0.056827
14.700000 0.024847
14.750000 -0.105995
14.800000 -0.048653
14.850000 -0.254139
14.900000 -0.112703
14.950000 0.160156
15.000000 -0.033666
15.050000 0.030827
15.100000 0.051674
15.150000 -0.122745
15.200000 0.047073
15.250000 -0.023550
15.300000 0.022547
15.350000 -0.171543
15.400000 -0.049363
15.450000 0.039691
15.500000 0.006624
15.550000 0.150699
15.600000 -0.175002
15.650000 -0.112878
15.700000 -0.011558
15.750000 0.127928
15.800000 -0.114270
15.850000 0.021951
15.900000 0.015282
15.950000 0.104651
16.000000 0.144826
16.050000 0.036051
16.100000 0.255574
16.150000 0.103168
16.200000 0.000574
16.250000 -0.001289
16.300000 0.000750
16.350000 -0.106488
16.400000 0.227078
16.450000 -0.066389
16.500000 -0.140011
16.550000 0.061527
16.600000 0.124795
16.650000 -0.060215
16.700000 0.072993
16.750000 0.014085
16.800000 -0.048351
16.850000 -0.011762
16.900000 -0.077012
16.950000 0.146384
17.000000 -0.072752
17.050000 0.016198
17.100000 -0.138254
17.150000 -0.005003
17.200000 0.205149
17.250000 0.020282
17.300000 -0.047054
17.350000 0.185452
17.400000 0.077223
17.450000 -0.012735
17.500000 -0.016422
17.550000 0.101973
17.600000 -0.038102
17.650000 -0.021930
17.700000 0.124905
17.750000 -0.061968
17.800000 -0.011912
17.850000 0.166958
17.900000 0.137594
17.950000 -0.024948
18.000000 0.002775
18.050000 0.007425
18.100000 -0.060184
18.150000 -0.069152
18.200000 -0.037997
18.250000 -0.077776
18.300000 -0.126270
18.350000 0.059381
18.400000 -0.198315
18.450000 -0.202342
18.500000 -0.004634
18.550000 0.034004
18.600000 0.100668
18.650000 0.066156
18.700000 -0.061722
18.750000 0.004300
18.800000 -0.016487
18.850000 0.032165
18.900000 -0.115656
18.950000 -0.021357
19.000000 -0.144757
19.050000 -0.088546
19.100000 0.164727
19.150000 -0.148357
19.200000 -0.027291
19.250000 -0.014295
19.300000 -0.017565
19.350000 0.040381
19.400000 -0.162572
19.450000 0.131146
19.500000 0.187922
19.550000 0.031584
19.600000 -0.040167
19.650000 0.174615
19.700000 0.121849
19.750000 0.166548
19.799999 -0.018014
19.849999 0.002823
19.899999 0.145014
19.949999 -0.015919
