0.000000 0.749573
0.050000 3.924454
0.100000 0.059823
0.150000 3.831366
0.200000 1.625357
0.250000 1.311698
0.300000 -0.282380
0.350000 0.212195
0.400000 0.066732
0.450000 1.341321
0.500000 -2.892823
0.550000 -0.112461
0.600000 -0.601105
0.650000 -0.121425
0.700000 0.345191
0.750000 -1.432650
0.800000 -1.128560
0.850000 -2.990016
0.900000 0.175912
0.950000 0.224481
1.000000 -0.499015
1.050000 1.412294
1.100000 -1.205646
1.150000 1.333629
1.200000 1.248688
1.250000 1.052352
1.300000 0.429617
1.350000 1.784636
1.400000 -1.875532
1.450000 0.765224
1.500000 2.081146
1.550000 0.155532
1.600000 1.179352
1.650000 -1.102743
1.700000 0.329310
1.750000 -1.207889
1.800000 0.788652
1.850000 -2.786805
1.900000 -0.888249
1.950000 -0.271353
2.000000 0.293411
2.050000 0.468602
2.100000 -2.646219
2.150000 -1.707121
2.200000 -0.441828
2.250000 -1.208670
2.300000 0.489023
2.350000 -0.093304
2.400000 -1.175833
2.450000 -2.183285
2.500000 -1.697825
2.550000 1.981012
2.600000 -1.002824
2.650000 -1.131601
2.700000 -0.710898
2.750000 -1.762738
2.800000 -1.143852
2.850000 -0.088723
2.900000 -2.346969
2.950000 -0.082515
3.000000 0.313577
3.050000 2.230556
3.100000 2.079247
3.150000 0.050571
3.200000 1.716771
3.250000 -0.288297
3.300000 1.178782
3.350000 2.627196
3.400000 2.991309
3.450000 3.064762
3.500000 4.268846
3.550000 4.433709
3.600000 5.376002
3.650000 7.584730
3.700000 6.380967
3.750000 7.060133
3.800000 6.504171
3.850000 9.448581
3.900000 7.823876
3.950000 8.947082
4.000000 8.310105
4.050000 11.532698
4.100000 11.382581
4.150000 7.577044
4.200000 10.051860
4.250000 9.091222
4.300000 7.279365
4.350000 6.219906
4.400000 5.411731
4.450000 1.529676
4.500000 -1.033901
4.550000 -3.209020
4.600000 -7.899699
4.650000 -9.638233
4.700000 -10.004890
4.750000 -14.380141
4.800000 -14.003708
4.850000 -16.407272
4.900000 -20.505726
4.950000 -20.672935
5.000000 -23.428545
5.050000 -21.852760
5.100000 -23.761564
5.150000 -25.387686
5.200000 -21.722898
5.250000 -24.285202
5.300000 -19.628275
5.350000 -19.994114
5.400000 -14.550900
5.450000 -13.588611
5.500000 -15.565438
5.550000 -9.083041
5.600000 -5.414311
5.650000 -4.306158
5.700000 -3.073880
5.750000 -4.383720
5.800000 -2.720326
5.850000 1.927796
5.900000 3.223182
5.950000 6.540592
6.000000 7.856400
6.050000 6.409650
6.100000 12.043886
6.150000 11.472735
6.200000 7.063764
6.250000 11.031991
6.300000 12.408197
6.350000 13.610593
6.400000 14.177486
6.450000 13.895890
6.500000 15.409337
6.550000 16.268278
6.600000 16.247204
6.650000 16.987402
6.700000 16.850405
6.750000 13.713099
6.800000 16.637222
6.850000 14.526517
6.900000 13.678252
6.950000 14.476654
7.000000 12.887503
7.050000 12.826647
7.100000 12.395123
7.150000 13.576070
7.200000 9.944159
7.250000 11.081555
7.300000 7.526654
7.350000 11.405576
7.400000 9.426855
7.450000 6.346344
7.500000 7.017006
7.550000 6.762298
7.600000 5.070351
7.650000 0.935640
7.700000 1.692631
7.750000 0.332030
7.800000 0.342365
7.850000 -1.999846
7.900000 0.508934
7.950000 -3.142292
7.999999 -0.208522
8.049999 -0.669024
8.100000 -0.209748
8.150000 0.762632
8.200000 -2.257427
8.250000 0.732370
8.300000 -2.712864
8.350000 -1.853182
8.400000 -4.761107
8.450000 -7.954316
8.500000 -5.957464
8.549999 -6.578435
8.599999 -4.775774
8.650000 -4.246290
8.700000 -7.247635
8.750000 -5.927344
8.800000 -7.473920
8.850000 -8.580235
8.900000 -7.371125
8.950000 -7.037390
9.000000 -7.318165
9.050000 -8.787525
9.099999 -9.752598
9.149999 -7.226564
9.200000 -4.269143
9.250000 -5.953097
9.300000 -5.540781
9.350000 -6.515691
9.400000 -5.108743
9.450000 -5.063893
9.500000 -3.790866
9.550000 -6.460495
9.600000 -5.638503
9.649999 -5.081595
9.699999 -2.925721
9.750000 -4.366915
9.800000 -4.833303
9.850000 -3.441341
9.900000 -4.743090
9.950000 -4.044877
10.000000 -4.520810
10.050000 -0.144586
10.100000 -2.731136
10.150000 0.080797
10.199999 0.974796
10.249999 -1.087351
10.300000 0.562898
10.350000 -1.069322
10.400000 1.657576
10.450000 -1.738422
10.500000 0.428556
10.550000 2.961457
10.600000 0.813236
10.650000 2.430970
10.700000 1.934611
10.749999 0.619586
10.799999 0.614406
10.849999 1.652976
10.900000 3.308324
10.950000 1.922573
11.000000 2.332462
11.050000 3.262299
11.100000 1.730136
11.150000 0.902161
11.200000 3.470488
11.250000 4.003308
11.299999 0.680929
11.349999 -0.654006
11.399999 4.310059
11.450000 1.518187
11.500000 2.047449
11.550000 0.223619
11.600000 -0.569526
11.650000 2.156825
11.700000 0.338925
11.750000 1.511396
11.800000 0.144242
11.849999 0.763475
11.899999 -0.742072
11.949999 0.912164
12.000000 1.646665
12.050000 1.718686
12.100000 1.612991
12.150000 1.858277
12.200000 1.063306
12.250000 2.347474
12.300000 2.962713
12.350000 0.559137
12.399999 0.366054
12.449999 1.136595
12.499999 0.518866
12.550000 0.436353
12.600000 0.809905
12.650000 -0.266387
12.700000 1.703115
12.750000 1.176753
12.800000 1.777423
12.850000 0.687185
12.900000 2.908857
12.949999 1.255656
12.999999 -0.369474
13.049999 2.459574
13.100000 -0.015285
13.150000 2.176051
13.200000 -1.457387
13.250000 3.010928
13.300000 4.385965
13.350000 -0.211085
13.400000 1.796429
13.450000 3.394861
13.499999 3.088750
13.549999 4.234394
13.599999 2.848057
13.650000 4.864372
13.700000 3.614104
13.750000 -0.691821
13.800000 1.621434
13.850000 1.901418
13.900000 -1.267552
13.950000 2.733139
14.000000 -0.715650
14.049999 1.883849
14.099999 2.616549
14.149999 1.779763
14.200000 1.724383
14.250000 1.002216
14.300000 0.713248
14.350000 -0.141988
14.400000 4.407848
14.450000 1.796865
14.500000 1.785486
14.549999 2.999179
14.599999 0.296057
14.649999 -0.478019
14.699999 -0.354644
14.750000 1.901077
14.800000 0.411962
14.850000 0.874137
14.900000 0.825907
14.950000 -0.430138
15.000000 2.768613
15.050000 0.007827
15.099999 -0.398969
15.149999 2.631359
15.199999 1.082749
15.249999 0.982676
15.299999 -0.793877
15.350000 -0.663101
15.400000 -0.900916
15.450000 -0.453720
15.500000 -0.960043
15.550000 0.063298
15.600000 2.430311
15.650000 2.628400
15.699999 2.752095
15.750000 0.817004
15.799999 2.628274
15.850000 -0.687542
15.899999 -0.165418
15.950000 1.290473
15.999999 -0.690203
16.050000 3.009632
16.099999 1.926246
16.150000 -1.190985
16.200000 -0.487262
16.249999 -0.290229
16.300000 2.611953
16.349999 0.233421
16.400000 -1.304241
16.449999 0.167049
16.500000 -1.634694
16.549999 1.235291
16.600000 1.821492
16.649999 1.219802
16.700000 0.581792
16.750000 2.267225
16.799999 3.034083
16.850000 2.119230
16.899999 -0.302964
16.950000 -1.580467
16.999999 2.370901
17.050000 -0.985467
17.099999 0.024774
17.150000 0.463149
17.199999 -0.480688
17.250000 -0.575513
17.300000 -0.411595
17.349999 -2.437323
17.400000 0.140495
17.449999 0.124727
17.500000 -2.005688
17.549999 -0.947766
17.600000 -3.070813
17.649999 -2.618805
17.700000 -1.048753
17.749999 -4.419863
17.800000 -0.807490
17.850000 -5.673026
17.899999 -4.689565
17.950000 -3.210011
17.999999 -4.517159
18.050000 -2.181742
18.099999 0.381337
18.150000 -0.773937
18.199999 -1.827086
18.250000 -1.764376
18.299999 -1.943795
18.350000 0.248650
18.400000 -1.584751
18.449999 -2.348647
18.500000 -2.617154
18.549999 -2.685661
18.600000 1.674633
18.649999 -0.500595
18.700000 -0.874449
18.749999 -1.938272
18.800000 -3.155750
18.849999 -0.709621
18.900000 1.919234
18.950000 -2.474677
18.999999 -2.442900
19.050000 -1.488307
19.099999 0.544688
19.150000 0.237355
19.199999 1.197093
19.250000 3.685711
19.299999 -1.846648
19.350000 0.853820
19.399999 1.008077
19.450000 2.600396
19.500000 2.773075
19.549999 1.885966
19.600000 3.249918
19.649999 -0.412438
19.700000 1.712839
19.749999 -0.295004
19.800000 2.205118
19.849999 3.262726
19.900000 3.283074
19.949999 2.060856
