0.000000 11.896070
0.050000 0.180125
0.100000 6.309246
0.150000 17.939400
0.200000 4.328749
0.250000 -3.014600
0.300000 7.087454
0.350000 -3.421241
0.400000 -10.141120
0.450000 -9.280499
0.500000 -5.021388
0.550000 -1.944901
0.600000 14.173708
0.650000 4.451761
0.700000 1.920388
0.750000 6.592626
0.800000 1.217253
0.850000 -4.300763
0.900000 2.928195
0.950000 11.332938
1.000000 0.478991
1.050000 6.352524
1.100000 11.089225
1.150000 7.731908
1.200000 21.426123
1.250000 0.303314
1.300000 12.525954
1.350000 3.812670
1.400000 -17.012316
1.450000 -2.455221
1.500000 -13.741298
1.550000 -4.860940
1.600000 -10.786657
1.650000 -12.996513
1.700000 -26.475901
1.750000 -17.557159
1.800000 -17.870419
1.850000 -20.320292
1.900000 -0.940362
1.950000 -11.252115
2.000000 12.399720
2.050000 16.196907
2.100000 8.915536
2.150000 -1.673638
2.200000 1.377639
2.250000 13.043752
2.300000 5.967409
2.350000 13.903487
2.400000 20.229027
2.450000 10.386082
2.500000 25.129917
2.550000 20.815990
2.600000 21.790678
2.650000 29.313084
2.700000 2.886145
2.750000 -6.311816
2.800000 -22.925320
2.850000 -55.854145
2.900000 -51.896393
2.950000 -57.534306
3.000000 -53.049324
3.050000 -56.425156
3.100000 -51.333565
3.150000 -38.781506
3.200000 -28.055725
3.250000 -8.124033
3.300000 41.075417
3.350000 52.252434
3.400000 85.424103
3.450000 100.968689
3.500000 100.233421
3.550000 123.949097
3.600000 89.608383
3.650000 80.822563
3.700000 37.367142
3.750000 8.705738
3.800000 -17.977610
3.850000 -35.859379
3.900000 -77.920746
3.950000 -91.213089
4.000000 -106.703850
4.050000 -113.173920
4.100000 -122.256119
4.150000 -97.712654
4.200000 -90.544876
4.250000 -67.192139
4.300000 -57.502445
4.350000 -20.731524
4.400000 2.024286
4.450000 31.965132
4.500000 78.003754
4.550000 94.002388
4.600000 74.638741
4.650000 94.878258
4.700000 77.142357
4.750000 70.251678
4.800000 55.977974
4.850000 43.789387
4.900000 22.841862
4.950000 13.674484
5.000000 -15.349066
5.050000 -26.433842
5.100000 -37.810486
5.150000 -51.293705
5.200000 -78.101761
5.250000 -83.103424
5.300000 -59.314915
5.350000 -56.887875
5.400000 -49.462315
5.450000 -31.689852
5.500000 -25.889647
5.550000 -6.174657
5.600000 17.199369
5.650000 42.368542
5.700000 36.880703
5.750000 63.904854
5.800000 39.334492
5.850000 53.375874
5.900000 46.058861
5.950000 19.143570
6.000000 20.239365
6.050000 8.112041
6.100000 2.250583
6.150000 -13.899366
6.200000 -26.255955
6.250000 -31.522573
6.300000 -29.983770
6.350000 -28.175781
6.400000 -44.729939
6.450000 -41.941921
6.500000 -13.375740
6.550000 -11.234262
6.600000 -10.932761
6.650000 -4.545716
6.700000 -4.382811
6.750000 10.704691
6.800000 9.967134
6.850000 14.829319
6.900000 13.114763
6.950000 30.862425
7.000000 16.631212
7.050000 32.855022
7.100000 15.038710
7.150000 -1.581832
7.200000 19.224733
7.250000 8.349936
7.300000 12.284917
7.350000 -7.417360
7.400000 7.848815
7.450000 -41.704391
7.500000 -7.955295
7.550000 -18.349237
7.600000 -2.494281
7.650000 0.889158
7.700000 -1.584612
7.750000 -2.282995
7.800000 -8.664822
7.850000 -13.172565
7.900000 2.971599
7.950000 -10.728135
7.999999 5.380627
8.049999 -7.614797
8.100000 6.327942
8.150000 8.126000
8.200000 4.215579
8.250000 17.213440
8.300000 19.863108
8.350000 30.791201
8.400000 22.570177
8.450000 12.736063
8.500000 -0.322379
8.549999 -19.792814
8.599999 1.998162
8.650000 -2.191217
8.700000 9.599643
8.750000 6.956913
8.800000 4.110219
8.850000 2.359183
8.900000 -11.108905
8.950000 -10.189590
9.000000 -6.265691
9.050000 -8.225695
9.099999 -8.269181
9.149999 -11.821064
9.200000 4.395765
9.250000 11.446977
9.300000 -1.465275
9.350000 -1.754850
9.400000 1.897505
9.450000 13.103826
9.500000 10.603256
9.550000 18.322830
9.600000 17.205841
9.649999 -1.164582
9.699999 3.891398
9.750000 -4.573629
9.800000 13.184930
9.850000 8.917390
9.900000 6.282874
9.950000 -5.016381
10.000000 -20.898453
10.050000 0.929928
10.100000 4.764384
10.150000 -5.307921
10.199999 -2.898503
10.249999 -2.449459
10.300000 -3.450572
10.350000 -2.753420
10.400000 -1.490234
10.450000 5.124431
10.500000 8.986732
10.550000 -6.374518
10.600000 -9.555815
10.650000 12.275433
10.700000 2.816014
10.749999 -5.975087
10.799999 1.369024
10.849999 -1.033182
10.900000 9.727943
10.950000 -6.537452
11.000000 3.357715
11.050000 -1.951930
11.100000 -1.620133
11.150000 3.764424
11.200000 5.345354
11.250000 4.697060
11.299999 27.153374
11.349999 -7.019188
11.399999 -0.615237
11.450000 4.053543
11.500000 0.359185
11.550000 -0.190900
11.600000 -6.616464
11.650000 -0.595991
11.700000 -0.162781
11.750000 19.907917
11.800000 22.459915
11.849999 20.785685
11.899999 3.421292
11.949999 -10.964611
12.000000 6.355704
12.050000 7.114954
12.100000 4.595456
12.150000 11.132549
12.200000 6.515660
12.250000 6.848219
12.300000 -5.417097
12.350000 3.975492
12.399999 5.883247
12.449999 13.870661
12.499999 5.529594
12.550000 17.763525
12.600000 -0.338399
12.650000 -23.375380
12.700000 -9.857179
12.750000 3.366121
12.800000 2.049600
12.850000 3.088210
12.900000 -7.393488
12.949999 -6.682142
12.999999 -18.019747
13.049999 0.482137
13.100000 -7.722226
13.150000 -5.278334
13.200000 -6.755831
13.250000 13.149012
13.300000 0.378543
13.350000 8.546958
13.400000 19.902344
13.450000 18.973570
13.499999 -0.439650
13.549999 14.658047
13.599999 18.390905
13.650000 8.027504
13.700000 5.204392
13.750000 -13.612132
13.800000 -2.824521
13.850000 6.160618
13.900000 6.039252
13.950000 -15.178823
14.000000 -3.335414
14.049999 -19.072952
14.099999 -13.172694
14.149999 -15.618427
14.200000 -3.469759
14.250000 -4.813282
14.300000 11.347464
14.350000 8.995984
14.400000 4.809527
14.450000 17.023376
14.500000 -7.324484
14.549999 22.786135
14.599999 -5.380275
14.649999 22.062412
14.699999 5.355730
14.750000 5.027818
14.800000 17.063843
14.850000 16.084135
14.900000 -6.458766
14.950000 1.054980
15.000000 24.917925
15.050000 -0.410857
15.099999 -16.183865
15.149999 -28.615234
15.199999 -11.531263
15.249999 -7.167462
15.299999 -3.332190
15.350000 -16.505135
15.400000 12.650243
15.450000 -18.258291
15.500000 -7.577078
15.550000 -1.769970
15.600000 -7.110225
15.650000 9.783418
15.699999 -6.151634
15.750000 3.993216
15.799999 8.311680
15.850000 4.341351
15.899999 11.587692
15.950000 10.556891
15.999999 9.478478
16.050000 -1.779770
16.099999 3.096781
16.150000 5.338226
16.200000 10.653159
16.249999 -19.207415
16.300000 -9.451488
16.349999 6.507338
16.400000 -10.692691
16.449999 19.529785
16.500000 7.363416
16.549999 -8.244173
16.600000 -18.633598
16.649999 14.275211
16.700000 11.410004
16.750000 -0.294995
16.799999 6.370445
16.850000 -13.273808
16.899999 0.917273
16.950000 1.283770
16.999999 -8.056097
17.050000 20.266554
17.099999 8.188923
17.150000 16.090948
17.199999 7.755468
17.250000 -6.986779
17.300000 -0.604932
17.349999 -4.618862
17.400000 13.388113
17.449999 3.571364
17.500000 10.954889
17.549999 3.077035
17.600000 2.914298
17.649999 -6.776628
17.700000 12.721058
17.749999 -0.948168
17.800000 9.300307
17.850000 -10.696908
17.899999 -19.444017
17.950000 -14.854087
17.999999 -24.182516
18.050000 -11.386353
18.099999 -4.120474
18.150000 -16.985823
18.199999 -18.846153
18.250000 12.499394
18.299999 9.988578
18.350000 15.153094
18.400000 19.499229
18.449999 11.238560
18.500000 23.983084
18.549999 23.112381
18.600000 6.938494
18.649999 2.797459
18.700000 10.011810
18.749999 1.054564
18.800000 14.773697
18.849999 -5.509314
18.900000 6.458548
18.950000 3.010806
18.999999 10.812605
19.050000 7.249804
19.099999 2.261208
19.150000 -16.590637
19.199999 -21.594137
19.250000 -21.344938
19.299999 -18.904692
19.350000 1.159373
19.399999 -10.347868
19.450000 2.032528
19.500000 9.673063
19.549999 13.840135
19.600000 25.870512
19.649999 11.683137
19.700000 5.220219
19.749999 7.660986
19.800000 -0.237990
19.849999 17.069584
19.900000 -1.333599
19.949999 -7.158312
