0.000000 15.844690
0.050000 17.031569
0.100000 -13.797294
0.150000 9.009834
0.200000 -20.970564
0.250000 6.920899
0.300000 -5.467411
0.350000 -28.586920
0.400000 -2.367229
0.450000 -14.652327
0.500000 -9.239131
0.550000 -23.658373
0.600000 9.375206
0.650000 -3.919475
0.700000 20.336540
0.750000 12.123440
0.800000 14.401742
0.850000 22.746403
0.900000 3.263186
0.950000 -4.924030
1.000000 -26.610687
1.050000 11.162624
1.100000 9.959303
1.150000 -5.654444
1.200000 -4.575106
1.250000 -8.786667
1.300000 1.552857
1.350000 -7.887155
1.400000 0.749149
1.450000 30.820953
1.500000 10.911263
1.550000 20.090143
1.600000 17.868286
1.650000 -31.813461
1.700000 -16.169941
1.750000 -13.621317
1.800000 -5.700211
1.850000 6.185936
1.900000 10.925220
1.950000 8.142145
2.000000 -13.142394
2.050000 4.629540
2.100000 17.826929
2.150000 23.502766
2.200000 8.027363
2.250000 13.474174
2.300000 -0.653083
2.350000 -5.697373
2.400000 17.079451
2.450000 12.121259
2.500000 -5.001719
2.550000 -0.524098
2.600000 18.378246
2.650000 2.695520
2.700000 -27.144117
2.750000 19.043699
2.800000 1.860241
2.850000 -7.073045
2.900000 0.876464
2.950000 13.273888
3.000000 19.711830
3.050000 24.161043
3.100000 -14.555072
3.150000 1.755095
3.200000 33.444492
3.250000 -1.365141
3.300000 22.068987
3.350000 6.427995
3.400000 8.683171
3.450000 -21.212969
3.500000 18.378437
3.550000 -4.599448
3.600000 20.471762
3.650000 16.487946
3.700000 22.939825
3.750000 24.418472
3.800000 29.990446
3.850000 16.309767
3.900000 23.585182
3.950000 35.753269
4.000000 13.596249
4.050000 21.550095
4.100000 33.850468
4.150000 13.173401
4.200000 -10.616343
4.250000 -14.920798
4.300000 -33.389462
4.350000 -47.784683
4.400000 -19.728533
4.450000 -37.832642
4.500000 -57.278732
4.550000 -60.136845
4.600000 -88.271965
4.650000 -80.173950
4.700000 -83.161415
4.750000 -71.279495
4.800000 -88.442009
4.850000 -87.043907
4.900000 -79.124718
4.950000 -73.205971
5.000000 -46.735435
5.050000 -50.066921
5.100000 -50.392403
5.150000 -28.690495
5.200000 -10.140438
5.250000 8.993327
5.300000 52.300110
5.350000 32.652664
5.400000 56.961040
5.450000 85.867737
5.500000 71.244057
5.550000 107.042374
5.600000 142.964310
5.650000 133.675262
5.700000 122.954491
5.750000 128.739929
5.800000 124.036407
5.850000 117.217476
5.900000 112.877563
5.950000 136.191757
6.000000 111.057068
6.050000 98.832489
6.100000 100.048607
6.150000 72.396423
6.200000 74.756401
6.250000 61.472507
6.300000 29.047354
6.350000 48.647915
6.400000 45.693096
6.450000 18.288572
6.500000 1.224194
6.550000 -9.728049
6.600000 -9.471131
6.650000 -55.797874
6.700000 -46.609135
6.750000 -52.556324
6.800000 -89.739029
6.850000 -100.945076
6.900000 -108.216202
6.950000 -134.184769
7.000000 -91.272469
7.050000 -85.604630
7.100000 -108.228638
7.150000 -110.835503
7.200000 -88.893822
7.250000 -115.947746
7.300000 -105.011993
7.350000 -81.746216
7.400000 -105.761574
7.450000 -74.246628
7.500000 -73.287781
7.550000 -69.099518
7.600000 -52.264084
7.650000 -62.799660
7.700000 -41.118729
7.750000 -25.073612
7.800000 -7.700180
7.850000 -7.026176
7.900000 17.498199
7.950000 9.670568
8.000000 -7.739334
8.050000 8.247234
8.100000 37.384621
8.150000 41.172516
8.200000 41.441345
8.250000 80.941048
8.300000 70.447166
8.350000 76.865562
8.400000 78.652626
8.450000 70.727333
8.500000 90.218056
8.550000 77.195786
8.600000 72.423637
8.650000 86.771957
8.700000 65.296608
8.750000 69.492317
8.800000 71.531487
8.850000 62.065407
8.900000 63.476788
8.950000 44.930885
9.000000 51.913292
9.050000 41.441551
9.100000 36.857914
9.150000 -1.230497
9.200000 20.088055
9.250000 11.539454
9.300000 8.774673
9.350000 18.163832
9.400000 -6.199893
9.450000 7.117849
9.500000 -27.576696
9.550000 -19.415733
9.600000 -32.427528
9.650000 -42.794121
9.700000 -27.413467
9.750000 -20.684467
9.800000 -58.043652
9.850000 -48.310692
9.900000 -57.591293
9.950000 -22.925228
10.000000 -49.704453
10.050000 -44.725174
10.100000 -31.363874
10.150000 -6.598159
10.200000 -0.576894
10.250000 -25.711599
10.300000 -23.079773
10.350000 -12.873577
10.400000 0.030450
10.450000 1.336458
10.500000 -22.315882
10.550000 -7.660142
10.600000 -28.864239
10.650000 -15.338699
10.700000 -1.608887
10.750000 3.673357
10.800000 -10.991776
10.850000 -0.588230
10.900000 -3.616918
10.950000 2.301889
11.000000 6.135674
11.050000 -4.390303
11.100000 15.422750
11.150000 -27.589251
11.200000 11.363773
11.250000 19.678194
11.300000 29.869986
11.350000 18.255928
11.400000 -20.607769
11.450000 6.684655
11.500000 10.688248
11.550000 3.469191
11.600000 -2.645430
11.650000 5.494978
11.700000 11.452026
11.750000 14.287601
11.800000 7.106566
11.850000 4.558835
11.900000 25.112631
11.950000 17.264528
12.000000 23.975832
12.050000 15.285165
12.100000 -0.037157
12.150000 -12.704243
12.200000 7.610321
12.250000 -22.485874
12.300000 0.862878
12.350000 -9.988689
12.400000 -5.092033
12.450000 26.187305
12.500000 -18.646566
12.550000 25.579926
12.600000 17.166008
12.650000 9.797119
12.700000 18.812176
12.750000 2.030391
12.800000 10.974674
12.850000 -10.674832
12.900000 -6.531882
12.950000 -2.312162
13.000000 -3.181319
13.050000 13.825370
13.100000 -8.548845
13.150000 14.802481
13.200000 -18.979328
13.250000 -7.892225
13.300000 35.107063
13.350000 -13.158693
13.400000 -17.457663
13.450000 -11.397357
13.500000 -4.868022
13.550000 -27.712315
13.600000 -9.336987
13.650000 -16.340178
13.700000 -19.667641
13.750000 5.113644
13.800000 -9.145132
13.850000 -23.317265
13.900000 -17.940813
13.950000 0.916485
14.000000 12.610253
14.050000 -1.601338
14.100000 -11.063383
14.150000 -20.586018
14.200000 13.545735
14.250000 -8.202290
14.300000 2.486408
14.350000 2.657574
14.400000 4.551941
14.450000 0.228932
14.500000 10.081656
14.550000 0.039261
14.600000 23.734365
14.650000 -16.700525
14.700000 5.330079
14.750000 -0.647828
14.800000 -0.910387
14.850000 -12.922665
14.900000 1.149068
14.950000 9.144518
15.000000 23.139282
15.050000 18.382700
15.100000 -0.281618
15.150000 6.241010
15.200000 47.546192
15.250000 18.626015
15.300000 -2.656784
15.350000 14.331732
15.400000 -0.474065
15.450000 -1.833828
15.500000 6.029168
15.550000 3.993405
15.600000 0.849262
15.650000 15.087583
15.700000 -8.796170
15.750000 -14.596565
15.800000 12.557905
15.850000 14.172150
15.900000 -13.602964
15.950000 7.856430
16.000000 8.677920
16.050000 -24.078644
16.100000 -4.288331
16.150000 10.463077
16.200000 4.043772
16.250000 -1.604078
16.300000 -5.181601
16.350000 18.122704
16.400000 -14.564201
16.450000 0.747049
16.500000 -14.525926
16.550000 -28.706347
16.600000 -2.051022
16.650000 -9.333503
16.700000 0.085421
16.750000 -0.289018
16.800000 11.612016
16.850000 -4.641577
16.900000 23.502949
16.950000 -9.227868
17.000000 -3.828955
17.050000 -17.335169
17.100000 18.896133
17.150000 -7.810115
17.200000 -15.806831
17.250000 1.421247
17.300000 -13.907681
17.350000 -9.244186
17.400000 1.737644
17.450000 -14.722892
17.500000 -21.386744
17.550000 -0.420979
17.600000 7.091296
17.650000 -4.795832
17.700000 -4.611749
17.750000 0.487678
17.800000 1.626906
17.850000 -1.680449
17.900000 -20.701353
17.950000 -14.617245
18.000000 13.360861
18.050000 2.710755
18.100000 9.671762
18.150000 29.123014
18.200000 21.566351
18.250000 3.682710
18.300000 -12.312366
18.350000 -8.843590
18.400000 18.873777
18.450000 12.765696
18.500000 4.582013
18.550000 3.401773
18.600000 13.025288
18.650000 -7.686822
18.700000 8.795561
18.750000 10.169682
18.800000 6.393684
18.850000 15.958540
18.900000 7.110261
18.950000 -5.686339
19.000000 11.340009
19.050000 -20.833939
19.100000 3.113400
19.150000 3.785124
19.200000 -6.860078
19.250000 22.335152
19.300000 5.829542
19.350000 12.756577
19.400000 -0.992759
19.450000 -26.881056
19.500000 14.970578
19.550000 -13.615252
19.600000 -10.619639
19.650000 -7.133962
19.700000 3.545583
19.750000 -0.007519
19.799999 -18.310711
19.849999 -14.888030
19.899999 -27.621878
19.949999 -29.934208
