0.000000 5.662694
0.050000 4.974903
0.100000 7.145309
0.150000 1.659717
0.200000 -4.329856
0.250000 1.694668
0.300000 -1.742348
0.350000 -4.416065
0.400000 5.053461
0.450000 -2.400612
0.500000 -6.153932
0.550000 4.661923
0.600000 6.406091
0.650000 6.060873
0.700000 6.584571
0.750000 -0.400487
0.800000 -1.081358
0.850000 2.631209
0.900000 0.194592
0.950000 7.339946
1.000000 -5.333192
1.050000 3.839778
1.100000 -0.129550
1.150000 0.614736
1.200000 2.265599
1.250000 9.632325
1.300000 -1.475986
1.350000 4.737215
1.400000 1.304368
1.450000 1.863531
1.500000 -1.264072
1.550000 -2.051225
1.600000 -3.457509
1.650000 -3.948598
1.700000 3.073580
1.750000 -5.214294
1.800000 -2.446331
1.850000 -2.024626
1.900000 3.972044
1.950000 6.898615
2.000000 8.586150
2.050000 1.361179
2.100000 1.642843
2.150000 -2.314348
2.200000 -3.914233
2.250000 -4.566951
2.300000 -11.647225
2.350000 -22.340258
2.400000 -21.756548
2.450000 -13.017067
2.500000 9.867414
2.550000 13.188853
2.600000 28.867754
2.650000 45.640728
2.700000 43.807552
2.750000 20.696894
2.800000 -3.129437
2.850000 -34.682262
2.900000 -52.551407
2.950000 -59.557964
3.000000 -36.942623
3.050000 -16.424314
3.100000 10.644757
3.150000 37.762268
3.200000 41.737919
3.250000 40.615963
3.300000 30.025316
3.350000 11.283174
3.400000 -13.395168
3.450000 -22.777519
3.500000 -20.989326
3.550000 -23.723434
3.600000 -6.563723
3.650000 4.188738
3.700000 12.413093
3.750000 18.626558
3.800000 20.276957
3.850000 14.903417
3.900000 4.149586
3.950000 -3.680831
4.000000 -1.326452
4.050000 -9.072831
4.100000 -0.553616
4.150000 3.969812
4.200000 -4.164804
4.250000 6.004853
4.300000 6.965164
4.350000 -0.005079
4.400000 -0.792905
4.450000 3.155109
4.500000 -0.227351
4.550000 2.552541
4.600000 -3.395443
4.650000 0.640484
4.700000 -4.867776
4.750000 -4.334111
4.800000 3.995892
4.850000 5.341087
4.900000 4.079577
4.950000 7.227664
5.000000 5.375932
5.050000 2.834356
5.100000 3.308771
5.150000 4.243051
5.200000 -1.936397
5.250000 3.368635
5.300000 -3.868307
5.350000 5.476471
5.400000 -1.820413
5.450000 3.275359
5.500000 -2.648426
5.550000 3.985025
5.600000 1.844493
5.650000 1.194722
5.700000 2.129017
5.750000 7.159249
5.800000 8.357317
5.850000 1.591427
5.900000 -3.687357
5.950000 1.474669
6.000000 -6.536881
6.050000 2.935295
6.100000 -0.807810
6.150000 -5.264448
6.200000 -5.919272
6.250000 -8.693691
6.300000 -0.564939
6.350000 4.472815
6.400000 0.766406
6.450000 -0.729412
6.500000 1.070841
6.550000 0.317509
6.600000 -1.293166
6.650000 0.553649
6.700000 -6.934859
6.750000 0.098970
6.800000 -4.197221
6.850000 4.627490
6.900000 2.653764
6.950000 1.613844
7.000000 6.282540
7.050000 3.634014
7.100000 8.059848
7.150000 6.611114
7.200000 -1.972989
7.250000 -4.062280
7.300000 -3.732364
7.350000 2.514969
7.400000 6.454677
7.450000 4.994482
7.500000 2.705217
7.550000 4.026580
7.600000 0.757301
7.650000 0.896842
7.700000 -1.055042
7.750000 5.860826
7.800000 -3.741279
7.850000 -5.907317
7.900000 -0.212773
7.950000 3.616643
8.000000 2.791211
8.050000 2.543375
8.100000 1.721264
8.150000 -1.940077
8.200000 -8.049861
8.250000 -3.025672
8.300000 1.555458
8.350000 -1.286944
8.400000 4.460258
8.450000 0.076555
8.500000 -2.118515
8.550000 3.198328
8.600000 1.319789
8.650000 -1.386043
8.700000 -0.287386
8.750000 -6.778390
8.800000 -5.862997
8.850000 -0.793832
8.900000 -2.416855
8.950000 0.051755
9.000000 1.385142
9.050000 -4.052514
9.100000 3.722194
9.150000 4.174177
9.200000 -0.207397
9.250000 0.548622
9.300000 -1.052187
9.350000 0.795206
9.400000 -0.876708
9.450000 3.114439
9.500000 1.551188
9.550000 -2.341771
9.600000 -0.805533
9.650000 -4.804408
9.700000 4.799126
9.750000 3.357186
9.800000 5.015180
9.850000 -0.201169
9.900000 6.834420
9.950000 1.103428
10.000000 3.285960
10.050000 -5.443262
10.100000 -0.085788
10.150000 3.085411
10.200000 -1.712520
10.250000 1.371379
10.300000 5.755796
10.350000 9.728694
10.400000 -3.350000
10.450000 -2.522200
10.500000 2.198056
10.550000 1.607708
10.600000 -3.391803
10.650000 -2.025394
10.700000 -0.054240
10.750000 5.794691
10.800000 1.773366
10.850000 0.818418
10.900000 1.991900
10.950000 -5.562297
11.000000 1.574577
11.050000 1.324648
11.100000 -3.934608
11.150000 -7.955557
11.200000 0.272286
11.250000 5.342772
11.300000 -0.513779
11.350000 -4.640913
11.400000 2.522218
11.450000 -0.417879
11.500000 0.803712
11.550000 -0.658102
11.600000 -0.909058
11.650000 -0.039018
11.700000 -8.047011
11.750000 2.411938
11.800000 2.478000
11.850000 1.015016
11.900000 2.533664
11.950000 -3.016682
12.000000 0.333678
12.050000 3.001800
12.100000 -1.177099
12.150000 -0.536972
12.200000 -3.262882
12.250000 5.007268
12.300000 -2.399398
12.350000 4.747964
12.400000 4.919907
12.450000 7.163906
12.500000 -2.759193
12.550000 1.598556
12.600000 0.051495
12.650000 -2.454376
12.700000 5.630779
12.750000 -5.006279
12.800000 4.090876
12.850000 5.477648
12.900000 1.778163
12.950000 -1.394107
13.000000 0.872416
13.050000 1.159697
13.100000 -1.981720
13.150000 -5.995311
13.200000 -0.191373
13.250000 -2.110356
13.300000 -3.077836
13.350000 -4.504790
13.400000 4.235784
13.450000 1.064294
13.500000 0.397129
13.550000 -0.639684
13.600000 -1.179740
13.650000 -2.651077
13.700000 -2.155821
13.750000 3.879374
13.800000 2.506388
13.850000 -1.532060
13.900000 -6.372933
13.950000 0.475185
14.000000 4.377080
14.050000 -0.828605
14.100000 -2.936785
14.150000 5.266703
14.200000 2.739074
14.250000 2.444864
14.300000 1.802673
14.350000 7.089026
14.400000 -0.205352
14.450000 6.703700
14.500000 5.240269
14.550000 6.735098
14.600000 7.018333
14.650000 9.023707
14.700000 -0.548189
14.750000 3.407464
14.800000 -3.132442
14.850000 2.209857
14.900000 -2.520010
14.950000 -4.471842
15.000000 -6.217409
15.050000 -1.724134
15.100000 -1.253976
15.150000 -1.051042
15.200000 1.068345
15.250000 1.568346
15.300000 4.450247
15.350000 -6.629428
15.400000 -2.192266
15.450000 -2.956163
15.500000 -1.286847
15.550000 -5.805481
15.600000 3.167705
15.650000 2.126900
15.700000 5.550690
15.750000 0.046560
15.800000 3.786151
15.850000 3.869964
15.900000 -1.494704
15.950000 3.405766
16.000000 -5.158235
16.050000 -4.893043
16.100000 9.637078
16.150000 3.538361
16.200000 -0.369784
16.250000 6.668484
16.300000 7.635182
16.350000 11.080072
16.400000 4.465001
16.450000 1.398872
16.500000 2.005679
16.550000 -0.128573
16.600000 0.737216
16.650000 4.659298
16.700000 -0.659663
16.750000 2.629685
16.800000 -1.951283
16.850000 -4.004813
16.900000 1.056993
16.950000 2.741472
17.000000 0.067693
17.050000 -0.934701
17.100000 -3.345811
17.150000 7.011544
17.200000 1.308763
17.250000 3.352854
17.300000 3.853790
17.350000 0.249320
17.400000 4.134228
17.450000 0.089132
17.500000 2.376593
17.550000 -5.572142
17.600000 -2.646214
17.650000 -1.920763
17.700000 5.312654
17.750000 0.612888
17.800000 -0.309336
17.850000 2.978563
17.900000 -1.037476
17.950000 2.769871
18.000000 -3.351887
18.050000 -2.686493
18.100000 -7.651505
18.150000 1.146835
18.200000 -0.643768
18.250000 2.210836
18.300000 -1.078494
18.350000 0.085520
18.400000 -5.451913
18.450000 -0.457476
18.500000 0.587622
18.550000 -4.110349
18.600000 0.279085
18.650000 -1.362650
18.700000 -3.757718
18.750000 -2.693320
18.800000 -4.297294
18.850000 2.269461
18.900000 1.054331
18.950000 -6.166355
19.000000 3.473141
19.050000 6.097396
19.100000 4.274912
19.150000 -1.868326
19.200000 -4.228439
19.250000 -3.932762
19.300000 -3.089676
19.350000 5.507734
19.400000 -6.213817
19.450000 -1.206238
19.500000 5.164165
19.550000 6.922360
19.600000 3.088931
19.650000 8.464768
19.700000 -5.096837
19.750000 0.133042
19.799999 -2.384847
19.849999 -3.693863
19.899999 -1.984357
19.949999 1.735471
