0.000000 9.064637
0.050000 27.124849
0.100000 1.057758
0.150000 -2.756197
0.200000 -0.338049
0.250000 27.239676
0.300000 16.303335
0.350000 13.479989
0.400000 17.366369
0.450000 36.037933
0.500000 6.532110
0.550000 40.846218
0.600000 7.020514
0.650000 11.861816
0.700000 -13.695883
0.750000 -38.926327
0.800000 -8.898574
0.850000 -15.862538
0.900000 -2.268185
0.950000 -19.075518
1.000000 6.426530
1.050000 13.852153
1.100000 50.004818
1.150000 2.794722
1.200000 -24.894812
1.250000 6.447145
1.300000 -11.885075
1.350000 33.743214
1.400000 -0.398967
1.450000 -15.750257
1.500000 15.490977
1.550000 -13.854776
1.600000 -13.176865
1.650000 -41.168655
1.700000 -15.156871
1.750000 -16.613649
1.800000 -15.433076
1.850000 -11.221922
1.900000 1.618942
1.950000 -16.646786
2.000000 52.055813
2.050000 8.377676
2.100000 43.231533
2.150000 3.787534
2.200000 17.509363
2.250000 31.289259
2.300000 20.346064
2.350000 14.020445
2.400000 49.751518
2.450000 45.325134
2.500000 72.562416
2.550000 84.761444
2.600000 47.743946
2.650000 59.859127
2.700000 44.411976
2.750000 29.176821
2.800000 -8.893065
2.850000 -18.020988
2.900000 -32.697292
2.950000 -71.790138
3.000000 -80.172935
3.050000 -100.478661
3.100000 -127.141853
3.150000 -88.769516
3.200000 -40.580070
3.250000 3.147733
3.300000 90.124687
3.350000 163.677505
3.400000 188.337662
3.450000 240.535355
3.500000 268.422882
3.550000 223.638123
3.600000 194.628036
3.650000 122.562828
3.700000 73.520363
3.750000 -34.432907
3.800000 -116.726578
3.850000 -210.668335
3.900000 -293.500244
3.950000 -278.234528
4.000000 -274.300385
4.050000 -297.793732
4.100000 -256.799438
4.150000 -186.210571
4.200000 -84.408875
4.250000 -15.628205
4.300000 58.858059
4.350000 102.754478
4.400000 141.302307
4.450000 168.753342
4.500000 138.254105
4.550000 147.473709
4.600000 123.424004
4.650000 71.463264
4.700000 20.104971
4.750000 -3.790551
4.800000 -57.493118
4.850000 -57.999893
4.900000 -61.239361
4.950000 -55.090546
5.000000 -90.397186
5.050000 -79.498451
5.100000 -41.287552
5.150000 -15.509296
5.200000 1.398523
5.250000 27.357603
5.300000 29.819088
5.350000 35.863594
5.400000 45.898777
5.450000 15.367012
5.500000 60.362492
5.550000 24.072815
5.600000 19.778803
5.650000 -22.572601
5.700000 16.528078
5.750000 26.590708
5.800000 -9.322808
5.850000 37.728504
5.900000 0.856851
5.950000 12.976895
6.000000 3.227151
6.050000 6.377885
6.100000 26.244522
6.150000 13.331341
6.200000 6.362231
6.250000 18.459316
6.300000 25.750124
6.350000 15.967798
6.400000 23.041651
6.450000 -29.162485
6.500000 -2.725981
6.550000 6.691036
6.600000 -17.514893
6.650000 22.033693
6.700000 0.580263
6.750000 -3.625734
6.800000 -2.951555
6.850000 -4.069624
6.900000 1.014798
6.950000 3.571794
7.000000 16.460421
7.050000 0.761377
7.100000 34.269642
7.150000 16.285196
7.200000 12.590172
7.250000 19.522448
7.300000 28.735207
7.350000 38.492630
7.400000 11.616758
7.450000 4.305055
7.500000 20.066534
7.550000 -10.339613
7.600000 36.320526
7.650000 5.902916
7.700000 -10.482863
7.750000 -16.080317
7.800000 -13.500887
7.850000 -10.063379
7.900000 -29.986645
7.950000 -48.459393
7.999999 5.724119
8.049999 -9.002527
8.100000 20.149031
8.150000 3.111258
8.200000 35.955048
8.250000 44.743240
8.300000 20.100893
8.350000 18.296219
8.400000 -9.098922
8.450000 4.375054
8.500000 -17.187702
8.549999 20.840609
8.599999 30.621084
8.650000 -20.107056
8.700000 -24.953014
8.750000 9.115967
8.800000 -20.310619
8.850000 -25.343906
8.900000 -33.211544
8.950000 -31.345999
9.000000 -1.607537
9.050000 14.546684
9.099999 -3.682366
9.149999 20.154999
9.200000 42.297665
9.250000 56.877949
9.300000 -4.536759
9.350000 19.737341
9.400000 31.230551
9.450000 -2.995916
9.500000 -17.677570
9.550000 23.708246
9.600000 12.717804
9.649999 -18.932186
9.699999 -9.102212
9.750000 -0.151489
9.800000 8.852767
9.850000 -12.038336
9.900000 -6.413579
9.950000 7.255275
10.000000 -3.429501
10.050000 -0.614421
10.100000 11.120926
10.150000 -7.276381
10.199999 8.588540
10.249999 -9.176832
10.300000 -18.521868
10.350000 8.906413
10.400000 -4.263591
10.450000 -25.376297
10.500000 -20.183067
10.550000 7.450055
10.600000 -21.774666
10.650000 -13.597120
10.700000 -6.679129
10.749999 2.330814
10.799999 15.329953
10.849999 -31.353132
10.900000 -0.349985
10.950000 8.798144
11.000000 6.294111
11.050000 -23.436523
11.100000 -13.039089
11.150000 -24.318508
11.200000 -10.242353
11.250000 17.557598
11.299999 8.200013
11.349999 4.045420
11.399999 -16.400501
11.450000 -28.955078
11.500000 -26.866461
11.550000 9.061702
11.600000 16.419586
11.650000 -6.213515
11.700000 -0.587393
11.750000 17.971977
11.800000 6.001029
11.849999 14.880040
11.899999 -23.801167
11.949999 12.698606
12.000000 -17.403547
12.050000 9.119117
12.100000 33.045235
12.150000 2.435766
12.200000 18.381252
12.250000 7.786814
12.300000 -11.287247
12.350000 3.280448
12.399999 11.138908
12.449999 -6.666874
12.499999 -6.711309
12.550000 -10.511778
12.600000 -1.620696
12.650000 7.300922
12.700000 27.335146
12.750000 26.639944
12.800000 3.966402
12.850000 -21.323397
12.900000 -11.322611
12.949999 3.423511
12.999999 -20.074551
13.049999 -0.415860
13.100000 11.529899
13.150000 14.782346
13.200000 19.210028
13.250000 26.724442
13.300000 23.247570
13.350000 36.027531
13.400000 -28.798658
13.450000 13.693419
13.499999 -1.583454
13.549999 6.559772
13.599999 12.159409
13.650000 14.647422
13.700000 -11.215817
13.750000 8.372474
13.800000 -19.689182
13.850000 -2.744591
13.900000 3.895352
13.950000 -6.765360
14.000000 -8.720469
14.049999 -8.547244
14.099999 18.658432
14.149999 -25.898628
14.200000 4.438376
14.250000 -1.140730
14.300000 3.674553
14.350000 -17.899561
14.400000 -5.551807
14.450000 8.714523
14.500000 -0.074294
14.549999 14.870369
14.599999 -23.706102
14.649999 1.686822
14.699999 12.694427
14.750000 -39.645706
14.800000 5.049631
14.850000 5.475798
14.900000 -21.000793
14.950000 -17.777761
15.000000 16.857283
15.050000 -25.441677
15.099999 -5.123379
15.149999 -6.680191
15.199999 26.034674
15.249999 -3.437778
15.299999 -8.988816
15.350000 4.470676
15.400000 -6.108346
15.450000 24.882208
15.500000 38.521179
15.550000 -1.885010
15.600000 12.284219
15.650000 40.186043
15.699999 28.042599
15.750000 12.054490
15.799999 14.674691
15.850000 -1.606615
15.899999 6.313193
15.950000 23.204321
15.999999 4.255404
16.050000 4.664172
16.099999 21.913149
16.150000 -21.635435
16.200000 -4.240611
16.249999 6.232955
16.300000 3.592501
16.349999 -9.122481
16.400000 -7.568581
16.449999 -3.446797
16.500000 5.947125
16.549999 2.520254
16.600000 -8.564571
16.649999 -17.926264
16.700000 -16.263214
16.750000 -16.964043
16.799999 -34.870701
16.850000 -15.559501
16.899999 -23.882961
16.950000 8.232526
16.999999 8.870574
17.050000 -29.693575
17.099999 11.788385
17.150000 -19.860157
17.199999 -11.506390
17.250000 7.241655
17.300000 15.942734
17.349999 -3.903731
17.400000 14.194054
17.449999 2.193254
17.500000 -7.672205
17.549999 -10.457615
17.600000 17.398319
17.649999 33.339039
17.700000 -0.394175
17.749999 17.590002
17.800000 4.849755
17.850000 -17.987383
17.899999 -10.233159
17.950000 -29.687126
17.999999 -9.803648
18.050000 -49.655609
18.099999 -31.402477
18.150000 -42.402649
18.199999 -26.910589
18.250000 -2.714451
18.299999 -0.055159
18.350000 -5.039019
18.400000 -7.132306
18.449999 30.278198
18.500000 17.412134
18.549999 26.913795
18.600000 21.490805
18.649999 20.055479
18.700000 14.424418
18.749999 25.248781
18.800000 3.528888
18.849999 11.372704
18.900000 -16.189709
18.950000 -22.016283
18.999999 -33.502991
19.050000 -13.522254
19.099999 -33.943672
19.150000 -5.616404
19.199999 -13.302677
19.250000 -37.030811
19.299999 -13.960436
19.350000 8.430120
19.399999 2.737726
19.450000 31.531935
19.500000 25.667124
19.549999 72.217583
19.600000 6.183965
19.649999 -1.940877
19.700000 -4.759317
19.749999 11.044391
19.800000 -2.377626
19.849999 -13.101354
19.900000 -4.634331
19.949999 -39.464939
