0.000000 116.461807
0.050000 62.055923
0.100000 11.179582
0.150000 29.261351
0.200000 27.293297
0.250000 0.220922
0.300000 15.406925
0.350000 11.375937
0.400000 8.622173
0.450000 45.116364
0.500000 65.619919
0.550000 44.534534
0.600000 4.288797
0.650000 34.256332
0.700000 2.169352
0.750000 0.805147
0.800000 -7.676117
0.850000 13.270437
0.900000 0.188967
0.950000 -14.084705
1.000000 -19.397429
1.050000 -3.975368
1.100000 20.701714
1.150000 -5.538310
1.200000 -5.518785
1.250000 -17.939301
1.300000 3.494164
1.350000 -24.946152
1.400000 -0.067031
1.450000 -10.396428
1.500000 -6.008473
1.550000 -30.026678
1.600000 -16.697966
1.650000 -60.901241
1.700000 -9.204733
1.750000 -2.149426
1.800000 39.019566
1.850000 42.287514
1.900000 96.386482
1.950000 75.513573
2.000000 81.809875
2.050000 67.620087
2.100000 -7.903737
2.150000 -148.619339
2.200000 -276.856567
2.250000 -341.026215
2.300000 -296.576508
2.350000 -165.372955
2.400000 47.970604
2.450000 251.977402
2.500000 445.022278
2.550000 520.615601
2.600000 469.207184
2.650000 220.482452
2.700000 -65.114937
2.750000 -311.161041
2.800000 -444.107178
2.850000 -402.237610
2.900000 -242.922440
2.950000 -12.470824
3.000000 137.436600
3.050000 204.047928
3.100000 202.419434
3.150000 74.914848
3.200000 4.390863
3.250000 -73.247192
3.300000 -179.629761
3.350000 -75.120293
3.400000 -22.481592
3.450000 19.717167
3.500000 65.734901
3.550000 70.516922
3.600000 33.281155
3.650000 -4.874151
3.700000 -7.676060
3.750000 -25.992807
3.800000 -8.625413
3.850000 56.040775
3.900000 22.516434
3.950000 32.074146
4.000000 3.964428
4.050000 -18.200674
4.100000 6.408857
4.150000 15.344870
4.200000 34.228550
4.250000 19.743805
4.300000 -4.556487
4.350000 8.285649
4.400000 8.285663
4.450000 31.222776
4.500000 0.985712
4.550000 -39.247559
4.600000 -16.305529
4.650000 -6.727451
4.700000 18.014826
4.750000 11.936929
4.800000 49.177422
4.850000 12.002070
4.900000 8.640770
4.950000 6.018336
5.000000 30.144110
5.050000 -21.904690
5.100000 15.288003
5.150000 -7.484540
5.200000 47.120270
5.250000 47.287678
5.300000 5.650325
5.350000 -30.346516
5.400000 23.832121
5.450000 -42.396805
5.500000 -59.310692
5.550000 -3.469358
5.600000 11.677227
5.650000 16.145536
5.700000 56.705498
5.750000 3.643652
5.800000 12.204402
5.850000 -18.937326
5.900000 -17.929998
5.950000 -16.021332
6.000000 -33.211311
6.050000 -29.120636
6.100000 -49.907516
6.150000 -18.425901
6.200000 -7.887374
6.250000 8.189672
6.300000 -2.989205
6.350000 -3.164340
6.400000 8.188723
6.450000 -35.619530
6.500000 -13.529531
6.550000 8.295524
6.600000 35.081467
6.650000 -9.942649
6.700000 -15.343479
6.750000 -6.466981
6.800000 1.279539
6.850000 3.281444
6.900000 -19.727852
6.950000 36.393044
7.000000 -13.450925
7.050000 30.990423
7.100000 25.566067
7.150000 10.363633
7.200000 -3.338421
7.250000 39.633732
7.300000 30.341593
7.350000 44.532581
7.400000 25.766436
7.450000 0.806201
7.500000 1.449483
7.550000 -1.166913
7.600000 -30.056061
7.650000 -35.320473
7.700000 -6.512066
7.750000 -12.278368
7.800000 -22.039158
7.850000 42.995853
7.900000 15.225784
7.950000 5.391057
7.999999 8.697917
8.049999 12.897068
8.100000 -11.044473
8.150000 -27.000225
8.200000 -7.326131
8.250000 -15.444660
8.300000 6.392954
8.350000 32.249851
8.400000 8.387891
8.450000 18.032406
8.500000 11.058992
8.549999 -7.600972
8.599999 8.898616
8.650000 -42.566978
8.700000 -0.508590
8.750000 -23.801489
8.800000 27.279848
8.850000 7.839757
8.900000 22.218170
8.950000 -1.766600
9.000000 -17.679319
9.050000 3.822403
9.099999 -12.573539
9.149999 33.074577
9.200000 54.155869
9.250000 6.151445
9.300000 -17.535479
9.350000 -0.525938
9.400000 -13.726129
9.450000 4.726658
9.500000 4.740719
9.550000 4.445248
9.600000 19.519489
9.649999 -4.856594
9.699999 42.516750
9.750000 39.951008
9.800000 27.708317
9.850000 -14.211061
9.900000 5.054923
9.950000 23.258245
10.000000 31.948555
10.050000 -22.283699
10.100000 12.442937
10.150000 35.014542
10.199999 1.359749
10.249999 -2.668158
10.300000 1.766477
10.350000 34.549770
10.400000 28.350018
10.450000 -9.123302
10.500000 -21.322115
10.550000 -25.366972
10.600000 0.181887
10.650000 -18.950123
10.700000 10.194244
10.749999 8.464648
10.799999 -28.315098
10.849999 19.131699
10.900000 2.314801
10.950000 -4.279003
11.000000 16.571508
11.050000 -11.529264
11.100000 -22.942484
11.150000 28.050060
11.200000 -32.716927
11.250000 28.690493
11.299999 -16.673559
11.349999 1.632419
11.399999 -7.930517
11.450000 13.145670
11.500000 -5.648948
11.550000 -5.942286
11.600000 18.221073
11.650000 3.167172
11.700000 34.416382
11.750000 21.539799
11.800000 -16.039364
11.849999 5.034136
11.899999 -6.697695
11.949999 -23.191097
12.000000 51.999073
12.050000 -13.830201
12.100000 -6.774796
12.150000 33.480869
12.200000 19.434311
12.250000 -10.742258
12.300000 7.991947
12.350000 -13.051186
12.399999 -0.857692
12.449999 -0.527373
12.499999 11.097440
12.550000 -5.628218
12.600000 41.127316
12.650000 -0.191807
12.700000 2.896344
12.750000 1.165659
12.800000 -7.105338
12.850000 -10.175727
12.900000 11.266870
12.949999 -5.789788
12.999999 -28.950708
13.049999 -2.315255
13.100000 27.181982
13.150000 3.136579
13.200000 -2.973707
13.250000 15.948674
13.300000 43.367424
13.350000 7.320816
13.400000 10.264668
13.450000 -14.594856
13.499999 -0.379730
13.549999 -4.986786
13.599999 11.962106
13.650000 -19.468063
13.700000 -21.925787
13.750000 15.327806
13.800000 48.425625
13.850000 32.006779
13.900000 -18.420597
13.950000 22.203793
14.000000 -38.500221
14.049999 -12.094969
14.099999 11.551395
14.149999 5.842307
14.200000 16.067675
14.250000 17.632244
14.300000 -27.485842
14.350000 -19.369093
14.400000 34.512611
14.450000 14.223807
14.500000 52.061382
14.549999 14.072384
14.599999 -3.811537
14.649999 0.498052
14.699999 -26.084169
14.750000 4.348254
14.800000 31.353868
14.850000 -8.612944
14.900000 -12.433294
14.950000 12.219225
15.000000 35.311584
15.050000 45.220596
15.099999 25.274147
15.149999 17.715519
15.199999 3.471157
15.249999 4.567166
15.299999 35.911888
15.350000 -17.688061
15.400000 6.847912
15.450000 7.161657
15.500000 -32.568741
15.550000 40.785469
15.600000 14.311021
15.650000 20.749052
15.699999 15.497607
15.750000 15.133746
15.799999 2.647577
15.850000 8.159061
15.899999 31.740906
15.950000 -24.737675
15.999999 15.568286
16.050000 17.333498
16.099999 13.439191
16.150000 47.787483
16.200000 38.444321
16.249999 2.362093
16.300000 4.833993
16.349999 -15.577670
16.400000 25.780563
16.449999 26.188972
16.500000 3.258695
16.549999 6.254082
16.600000 38.797100
16.649999 31.401239
16.700000 29.162430
16.750000 -27.821856
16.799999 31.584877
16.850000 25.401583
16.899999 -30.026115
16.950000 -24.947220
16.999999 -27.028696
17.050000 -39.248260
17.099999 -15.736531
17.150000 -20.948227
17.199999 18.869768
17.250000 42.346848
17.300000 -52.937351
17.349999 -52.939388
17.400000 -55.510067
17.449999 -8.820689
17.500000 -30.403490
17.549999 3.131980
17.600000 -36.001904
17.649999 9.472737
17.700000 12.473351
17.749999 64.545685
17.800000 -0.387555
17.850000 4.995066
17.899999 -7.890327
17.950000 -22.156263
17.999999 0.967159
18.050000 -4.216353
18.099999 5.359542
18.150000 4.460189
18.199999 1.886776
18.250000 31.234695
18.299999 -15.665129
18.350000 39.812222
18.400000 24.897232
18.449999 -2.874485
18.500000 8.624223
18.549999 -9.826921
18.600000 -6.909037
18.649999 42.491447
18.700000 -1.133091
18.749999 24.959122
18.800000 -6.726960
18.849999 5.586743
18.900000 -16.205355
18.950000 10.290621
18.999999 -26.995623
19.050000 2.122432
19.099999 -29.487001
19.150000 -37.733410
19.199999 13.420636
19.250000 2.595281
19.299999 3.542687
19.350000 -27.131357
19.399999 -10.444631
19.450000 45.543667
19.500000 31.502932
19.549999 -47.835747
19.600000 -1.813305
19.649999 -29.448452
19.700000 -24.170418
19.749999 -8.441207
19.800000 -32.659199
19.849999 16.595427
19.900000 35.356762
19.949999 14.832397
