0.000000 0.228694
0.050000 0.031436
0.100000 0.192401
0.150000 -0.165325
0.200000 -0.083517
0.250000 0.062078
0.300000 -0.026756
0.350000 -0.021899
0.400000 0.164938
0.450000 -0.035750
0.500000 0.005668
0.550000 0.234766
0.600000 -0.005395
0.650000 0.097224
0.700000 0.051790
0.750000 -0.028429
0.800000 -0.052478
0.850000 0.097142
0.900000 0.136465
0.950000 0.213100
1.000000 -0.019134
1.050000 0.056815
1.100000 0.022801
1.150000 0.106667
1.200000 0.028563
1.250000 -0.023850
1.300000 0.021093
1.350000 -0.071640
1.400000 -0.014597
1.450000 -0.167314
1.500000 0.091081
1.550000 -0.105776
1.600000 0.061148
1.650000 -0.003099
1.700000 0.059931
1.750000 0.114951
1.800000 0.051593
1.850000 0.058868
1.900000 -0.064413
1.950000 -0.070421
2.000000 0.116213
2.050000 -0.027359
2.100000 0.041451
2.150000 0.196619
2.200000 -0.011325
2.250000 -0.089231
2.300000 -0.057466
2.350000 -0.222041
2.400000 -0.195486
2.450000 -0.134217
2.500000 -0.078111
2.550000 0.002449
2.600000 0.255182
2.650000 0.334715
2.700000 0.188672
2.750000 0.154918
2.800000 -0.062207
2.850000 -0.201922
2.900000 -0.538219
2.950000 -0.276990
3.000000 -0.379283
3.050000 -0.063513
3.100000 0.225697
3.150000 0.386666
3.200000 0.709351
3.250000 0.384382
3.300000 0.130487
3.350000 -0.099369
3.400000 -0.277247
3.450000 -0.397694
3.500000 -0.616725
3.550000 -0.305969
3.600000 -0.015835
3.650000 0.362064
3.700000 0.401641
3.750000 0.355867
3.800000 0.253420
3.850000 0.117612
3.900000 -0.265603
3.950000 -0.178059
4.000000 -0.336893
4.050000 -0.263642
4.100000 -0.076291
4.150000 -0.081536
4.200000 -0.012701
4.250000 0.456796
4.300000 0.301921
4.350000 0.284285
4.400000 0.301955
4.450000 -0.184529
4.500000 -0.277059
4.550000 -0.338631
4.600000 -0.185697
4.650000 -0.199499
4.700000 -0.097464
4.750000 0.177495
4.800000 0.431845
4.850000 0.150811
4.900000 0.298139
4.950000 -0.004133
5.000000 -0.213093
5.050000 -0.239208
5.100000 -0.266566
5.150000 -0.221884
5.200000 0.051314
5.250000 0.079062
5.300000 0.144295
5.350000 0.225602
5.400000 0.206760
5.450000 0.113426
5.500000 -0.076980
5.550000 -0.202664
5.600000 -0.000523
5.650000 -0.085548
5.700000 -0.149190
5.750000 0.015797
5.800000 0.363598
5.850000 0.100593
5.900000 0.134433
5.950000 -0.018469
6.000000 -0.179659
6.050000 -0.127428
6.100000 -0.154481
6.150000 -0.223472
6.200000 -0.032130
6.250000 -0.072113
6.300000 0.029672
6.350000 0.147329
6.400000 0.258924
6.450000 0.133697
6.500000 0.244418
6.550000 -0.160969
6.600000 -0.168265
6.650000 -0.080066
6.700000 -0.077250
6.750000 0.047897
6.800000 -0.049889
6.850000 0.108265
6.900000 -0.052646
6.950000 0.128221
7.000000 -0.030011
7.050000 0.060466
7.100000 -0.027463
7.150000 -0.170127
7.200000 -0.117622
7.250000 -0.072745
7.300000 0.063238
7.350000 -0.254349
7.400000 0.087089
7.450000 0.161762
7.500000 0.082444
7.550000 0.086333
7.600000 0.062368
7.650000 -0.082209
7.700000 0.103671
7.750000 -0.160187
7.800000 0.058197
7.850000 0.157192
7.900000 -0.149878
7.950000 0.077106
7.999999 -0.104799
8.049999 0.086649
8.100000 0.131148
8.150000 0.057144
8.200000 -0.015258
8.250000 -0.051432
8.300000 -0.113893
8.350000 -0.247408
8.400000 -0.066196
8.450000 -0.127718
8.500000 -0.048976
8.549999 -0.070650
8.599999 0.120361
8.650000 -0.043248
8.700000 -0.017071
8.750000 0.019853
8.800000 -0.168454
8.850000 0.049918
8.900000 0.062934
8.950000 0.057666
9.000000 0.254572
9.050000 0.141724
9.099999 -0.095906
9.149999 0.015861
9.200000 0.026345
9.250000 -0.044136
9.300000 0.101020
9.350000 0.011843
9.400000 0.020441
9.450000 0.110863
9.500000 -0.120355
9.550000 0.010022
9.600000 0.005286
9.649999 0.132261
9.699999 0.119761
9.750000 0.054085
9.800000 0.031759
9.850000 -0.011001
9.900000 -0.108925
9.950000 -0.050134
10.000000 0.044794
10.050000 0.156506
10.100000 0.028169
10.150000 -0.047950
10.199999 0.050149
10.249999 0.085159
10.300000 0.018657
10.350000 -0.018555
10.400000 0.069400
10.450000 -0.079642
10.500000 -0.160447
10.550000 -0.066321
10.600000 -0.180971
10.650000 0.038603
10.700000 0.015625
10.749999 -0.002905
10.799999 0.051897
10.849999 0.060774
10.900000 -0.060590
10.950000 0.032924
11.000000 -0.012451
11.050000 -0.023928
11.100000 -0.030015
11.150000 0.065401
11.200000 -0.069143
11.250000 0.135584
11.299999 0.133391
11.349999 0.004165
11.399999 0.055355
11.450000 0.056610
11.500000 -0.156851
11.550000 0.073367
11.600000 -0.060479
11.650000 0.057441
11.700000 0.049032
11.750000 -0.031481
11.800000 -0.020599
11.849999 -0.139014
11.899999 0.120819
11.949999 0.145603
12.000000 -0.000023
12.050000 -0.022951
12.100000 -0.057529
12.150000 -0.101459
12.200000 0.076194
12.250000 -0.196481
12.300000 0.026530
12.350000 -0.095619
12.399999 0.016575
12.449999 -0.136651
12.499999 -0.000405
12.550000 -0.042670
12.600000 0.030768
12.650000 0.130735
12.700000 -0.091401
12.750000 -0.058717
12.800000 0.094173
12.850000 0.081847
12.900000 -0.011246
12.949999 0.191421
12.999999 -0.109117
13.049999 -0.104511
13.100000 0.061400
13.150000 -0.062172
13.200000 -0.105316
13.250000 0.203476
13.300000 0.043146
13.350000 -0.014310
13.400000 0.043086
13.450000 0.078434
13.499999 0.039317
13.549999 -0.073324
13.599999 0.003442
13.650000 -0.066107
13.700000 -0.098452
13.750000 0.025914
13.800000 -0.184773
13.850000 0.093750
13.900000 -0.138498
13.950000 -0.073972
14.000000 -0.013793
14.049999 0.104930
14.099999 -0.037530
14.149999 0.133123
14.200000 -0.016620
14.250000 -0.000351
14.300000 0.082635
14.350000 0.079514
14.400000 -0.224028
14.450000 -0.163457
14.500000 0.072767
14.549999 -0.137597
14.599999 -0.183895
14.649999 0.032069
14.699999 0.093065
14.750000 -0.132092
14.800000 0.079242
14.850000 -0.066529
14.900000 0.081558
14.950000 -0.104323
15.000000 -0.144334
15.050000 0.089728
15.099999 0.016386
15.149999 0.063466
15.199999 0.071360
15.249999 0.086007
15.299999 -0.032146
15.350000 -0.145712
15.400000 -0.037678
15.450000 0.024297
15.500000 0.011516
15.550000 0.123687
15.600000 0.090399
15.650000 -0.130523
15.699999 0.058877
15.750000 0.036199
15.799999 0.100936
15.850000 0.024266
15.899999 -0.051387
15.950000 -0.036239
15.999999 -0.079419
16.050000 -0.041002
16.099999 -0.010140
16.150000 0.079931
16.200000 0.082925
16.249999 0.155195
16.300000 -0.041314
16.349999 -0.055796
16.400000 0.024811
16.449999 0.154561
16.500000 -0.035326
16.549999 0.070978
16.600000 -0.148196
16.649999 0.007976
16.700000 0.022633
16.750000 0.036194
16.799999 -0.032769
16.850000 -0.021622
16.899999 -0.005667
16.950000 0.240346
16.999999 0.122108
17.050000 0.002430
17.099999 -0.121842
17.150000 -0.041239
17.199999 0.125472
17.250000 0.124974
17.300000 0.274460
17.349999 0.039350
17.400000 0.020293
17.449999 0.089384
17.500000 0.012893
17.549999 0.122215
17.600000 -0.198412
17.649999 0.014914
17.700000 -0.070400
17.749999 -0.105358
17.800000 -0.042130
17.850000 0.101378
17.899999 -0.006978
17.950000 -0.059642
17.999999 0.102429
18.050000 -0.001354
18.099999 -0.143842
18.150000 0.023508
18.199999 -0.049853
18.250000 0.040978
18.299999 -0.053659
18.350000 -0.084864
18.400000 -0.019822
18.449999 0.065542
18.500000 -0.250865
18.549999 0.037110
18.600000 -0.020691
18.649999 -0.027381
18.700000 -0.179489
18.749999 -0.021658
18.800000 0.088702
18.849999 0.126258
18.900000 0.198585
18.950000 0.105335
18.999999 0.088571
19.050000 -0.106673
19.099999 -0.067210
19.150000 -0.129765
19.199999 0.083071
19.250000 -0.078476
19.299999 -0.134629
19.350000 0.039421
19.399999 0.006561
19.450000 0.004457
19.500000 -0.083455
19.549999 0.040709
19.600000 -0.193674
19.649999 0.069629
19.700000 -0.113637
19.749999 -0.062555
19.800000 -0.034146
19.849999 -0.009200
19.900000 -0.045676
19.949999 0.217643
