0.000000 -1.403868
0.050000 0.249910
0.100000 -0.770025
0.150000 -0.122354
0.200000 -2.169521
0.250000 0.433732
0.300000 0.656486
0.350000 1.626187
0.400000 2.935712
0.450000 1.362434
0.500000 -0.810933
0.550000 -1.388407
0.600000 -1.180870
0.650000 -0.980665
0.700000 0.136938
0.750000 -0.974116
0.800000 -0.624248
0.850000 1.108376
0.900000 1.761535
0.950000 2.881411
1.000000 1.172695
1.050000 1.989397
1.100000 1.100599
1.150000 -0.395330
1.200000 2.137969
1.250000 0.353326
1.300000 0.712337
1.350000 1.540850
1.400000 1.160025
1.450000 -1.327016
1.500000 -0.506386
1.550000 0.200163
1.600000 0.077401
1.650000 0.109675
1.700000 -1.097782
1.750000 3.122279
1.800000 -1.384894
1.850000 -0.217523
1.900000 1.902154
1.950000 -2.255262
2.000000 -2.757207
2.050000 -1.701204
2.100000 -3.477891
2.150000 -2.949900
2.200000 -4.460200
2.250000 -2.310009
2.300000 -0.597374
2.350000 1.847072
2.400000 5.579734
2.450000 6.500041
2.500000 7.371211
2.550000 1.441535
2.600000 0.855161
2.650000 -4.630409
2.700000 -10.005579
2.750000 -13.960258
2.800000 -11.614289
2.850000 -3.720292
2.900000 4.505007
2.950000 10.361425
3.000000 16.097614
3.050000 13.922039
3.100000 6.569741
3.150000 -2.435439
3.200000 -12.160301
3.250000 -16.644821
3.300000 -15.527774
3.350000 -5.804833
3.400000 5.002461
3.450000 12.083655
3.500000 16.719234
3.550000 13.571462
3.600000 6.132690
3.650000 -3.761292
3.700000 -13.258842
3.750000 -15.652316
3.800000 -12.224709
3.850000 -3.107845
3.900000 7.950273
3.950000 14.387701
4.000000 16.584686
4.050000 13.061714
4.100000 5.512574
4.150000 -5.006294
4.200000 -12.634614
4.250000 -13.958941
4.300000 -7.235266
4.350000 -0.863565
4.400000 7.535810
4.450000 11.547483
4.500000 10.808913
4.550000 7.926416
4.600000 0.475515
4.650000 -7.842231
4.700000 -9.948013
4.750000 -6.565731
4.800000 -5.000153
4.850000 3.284134
4.900000 7.137980
4.950000 7.572443
5.000000 8.057219
5.050000 2.504578
5.100000 -0.113542
5.150000 -2.580834
5.200000 -4.870787
5.250000 2.428198
5.300000 1.817428
5.350000 1.438060
5.400000 1.029489
5.450000 3.791584
5.500000 -0.844432
5.550000 -0.931531
5.600000 2.165370
5.650000 -0.715086
5.700000 -3.419558
5.750000 -0.460544
5.800000 1.969273
5.850000 2.292028
5.900000 -0.275457
5.950000 0.910352
6.000000 0.640754
6.050000 -3.678657
6.100000 0.633550
6.150000 -1.431841
6.200000 0.506178
6.250000 0.854794
6.300000 0.226477
6.350000 1.890352
6.400000 -0.495366
6.450000 1.682996
6.500000 -1.595419
6.550000 -1.671335
6.600000 -3.075703
6.650000 -0.145534
6.700000 -0.786682
6.750000 -0.103382
6.800000 1.620461
6.850000 -0.227923
6.900000 0.294400
6.950000 0.360055
7.000000 -0.575977
7.050000 0.268667
7.100000 0.681290
7.150000 1.661264
7.200000 1.126518
7.250000 -2.615760
7.300000 1.515445
7.350000 0.759017
7.400000 1.420506
7.450000 2.613196
7.500000 1.692559
7.550000 0.481194
7.600000 0.573209
7.650000 -0.187533
7.700000 -1.881760
7.750000 0.906359
7.800000 -0.441412
7.850000 -0.771480
7.900000 1.076002
7.950000 0.316524
8.000000 -0.414869
8.050000 -0.786119
8.100000 -2.361171
8.150000 -0.689062
8.200000 -0.096492
8.250000 -2.233566
8.300000 0.272559
8.350000 0.466218
8.400000 0.407358
8.450000 -1.153907
8.500000 0.889140
8.550000 -0.863409
8.600000 -1.768643
8.650000 -1.538522
8.700000 -1.347500
8.750000 1.232027
8.800000 1.919858
8.850000 0.654958
8.900000 1.187887
8.950000 1.996127
9.000000 1.350016
9.050000 -1.285168
9.100000 -3.045956
9.150000 -0.678933
9.200000 -1.201780
9.250000 1.074311
9.300000 0.780795
9.350000 1.359592
9.400000 -1.502829
9.450000 -0.092962
9.500000 -2.097862
9.550000 2.220775
9.600000 2.541316
9.650000 -1.644139
9.700000 -0.003628
9.750000 4.555521
9.800000 0.302861
9.850000 -2.201661
9.900000 1.654238
9.950000 0.295273
10.000000 0.028459
10.050000 1.905677
10.100000 0.899699
10.150000 -0.755770
10.200000 0.115969
10.250000 0.907219
10.300000 0.878962
10.350000 0.605479
10.400000 -0.213771
10.450000 -0.551762
10.500000 -0.844625
10.550000 -2.319191
10.600000 -0.988573
10.650000 0.808450
10.700000 2.243001
10.750000 -0.211422
10.800000 0.319879
10.850000 -1.007649
10.900000 -0.419996
10.950000 0.069579
11.000000 -1.699624
11.050000 1.344995
11.100000 -0.569429
11.150000 0.182614
11.200000 -1.031540
11.250000 -1.399680
11.300000 0.644569
11.350000 -0.962339
11.400000 -1.535632
11.450000 -2.471433
11.500000 -1.781429
11.550000 -1.539963
11.600000 -1.070812
11.650000 0.316821
11.700000 -0.485229
11.750000 -1.848251
11.800000 -0.994109
11.850000 -1.456158
11.900000 0.318648
11.950000 -2.252233
12.000000 0.035963
12.050000 -1.176135
12.100000 0.191848
12.150000 -2.606725
12.200000 0.155649
12.250000 2.181851
12.300000 2.540101
12.350000 -0.366084
12.400000 2.253110
12.450000 -0.773883
12.500000 -2.861695
12.550000 1.376602
12.600000 0.004413
12.650000 1.299366
12.700000 0.450242
12.750000 0.917461
12.800000 0.748488
12.850000 -0.821562
12.900000 -1.751927
12.950000 0.688311
13.000000 -0.263359
13.050000 -0.531567
13.100000 -1.410987
13.150000 4.017805
13.200000 1.797219
13.250000 0.276520
13.300000 0.305820
13.350000 0.356812
13.400000 0.164527
13.450000 -1.675513
13.500000 -0.755053
13.550000 0.727659
13.600000 1.574108
13.650000 2.082876
13.700000 0.644710
13.750000 1.647471
13.800000 -0.853931
13.850000 1.632363
13.900000 0.592327
13.950000 -1.339179
14.000000 0.005202
14.050000 -1.894138
14.100000 -0.789344
14.150000 -0.237698
14.200000 -1.432699
14.250000 0.603171
14.300000 -0.758699
14.350000 1.544149
14.400000 -0.166108
14.450000 1.639390
14.500000 0.285064
14.550000 0.148978
14.600000 0.267032
14.650000 -0.197193
14.700000 -1.770484
14.750000 -2.933674
14.800000 -2.068995
14.850000 -0.951404
14.900000 1.192885
14.950000 -0.239310
15.000000 2.488841
15.050000 1.975613
15.100000 1.743129
15.150000 -1.892969
15.200000 0.978095
15.250000 0.573534
15.300000 -0.988161
15.350000 -0.493785
15.400000 -1.674248
15.450000 0.171749
15.500000 1.613275
15.550000 -0.561948
15.600000 1.883672
15.650000 0.455429
15.700000 -2.942045
15.750000 -2.901531
15.800000 0.652334
15.850000 -1.190692
15.900000 -1.118510
15.950000 1.668693
16.000000 0.438360
16.050000 2.435474
16.100000 -1.676967
16.150000 -0.989154
16.200000 1.178319
16.250000 -1.288805
16.300000 -0.915339
16.350000 1.033563
16.400000 -0.660734
16.450000 1.012050
16.500000 3.405807
16.550000 2.804682
16.600000 0.495700
16.650000 -0.781335
16.700000 1.483352
16.750000 -2.283207
16.800000 -1.549621
16.850000 0.535403
16.900000 -0.733884
16.950000 0.665824
17.000000 0.167187
17.050000 1.378092
17.100000 -1.059457
17.150000 -1.352283
17.200000 1.079463
17.250000 -2.237497
17.300000 -0.367275
17.350000 -0.410445
17.400000 1.647156
17.450000 -0.334407
17.500000 1.551066
17.550000 2.084009
17.600000 3.229527
17.650000 -0.411156
17.700000 0.681219
17.750000 -0.188082
17.800000 -0.334551
17.850000 -0.085934
17.900000 -0.762126
17.950000 0.498953
18.000000 -1.790027
18.050000 0.348825
18.100000 0.986492
18.150000 0.864266
18.200000 2.112655
18.250000 2.683622
18.300000 -0.128722
18.350000 -1.904958
18.400000 -1.981812
18.450000 -0.072987
18.500000 1.117737
18.550000 -1.658548
18.600000 0.191946
18.650000 1.441901
18.700000 -0.523827
18.750000 1.188933
18.800000 -1.263674
18.850000 -0.185018
18.900000 -0.143712
18.950000 -0.404468
19.000000 0.912227
19.050000 0.104803
19.100000 -0.981173
19.150000 1.341005
19.200000 1.446733
19.250000 -2.975058
19.300000 -3.299562
19.350000 -0.428102
19.400000 -2.094676
19.450000 -1.111943
19.500000 0.358180
19.550000 0.384616
19.600000 -0.627129
19.650000 0.989926
19.700000 1.460185
19.750000 1.759962
19.799999 0.415103
19.849999 -0.035778
19.899999 0.470604
19.949999 1.052712
