0.000000 24.869940
0.050000 18.459759
0.100000 -7.874850
0.150000 -29.638304
0.200000 11.677715
0.250000 -14.248693
0.300000 -12.994975
0.350000 -14.153907
0.400000 22.503643
0.450000 15.407525
0.500000 24.347281
0.550000 23.650894
0.600000 40.714043
0.650000 1.804086
0.700000 -5.028715
0.750000 -0.001091
0.800000 -10.143270
0.850000 -0.734657
0.900000 -13.687759
0.950000 -20.185898
1.000000 -2.479775
1.050000 10.679336
1.100000 30.527189
1.150000 17.297503
1.200000 17.987381
1.250000 5.215505
1.300000 16.509382
1.350000 -7.496412
1.400000 7.054916
1.450000 10.798311
1.500000 -12.647034
1.550000 -1.406023
1.600000 -9.739477
1.650000 4.846493
1.700000 3.086657
1.750000 26.828421
1.800000 0.200952
1.850000 11.759960
1.900000 17.976105
1.950000 -17.294847
2.000000 15.763337
2.050000 -6.148619
2.100000 -1.496734
2.150000 -1.055011
2.200000 7.550766
2.250000 8.069798
2.300000 22.743530
2.350000 65.874054
2.400000 47.267975
2.450000 43.200390
2.500000 46.999046
2.550000 36.468464
2.600000 11.231923
2.650000 -24.016825
2.700000 -82.132469
2.750000 -99.711006
2.800000 -124.281181
2.850000 -69.636406
2.900000 -46.699013
2.950000 -1.245826
3.000000 84.187256
3.050000 114.380127
3.100000 153.665482
3.150000 120.016602
3.200000 94.900154
3.250000 6.656123
3.300000 -78.515785
3.350000 -167.614914
3.400000 -227.835754
3.450000 -221.075302
3.500000 -168.182678
3.550000 -88.132187
3.600000 20.508360
3.650000 102.652573
3.700000 153.721512
3.750000 180.018707
3.800000 147.960358
3.850000 61.902309
3.900000 -7.515082
3.950000 -112.038940
4.000000 -153.217133
4.050000 -170.298950
4.100000 -113.591255
4.150000 -82.124741
4.200000 27.499491
4.250000 104.924644
4.300000 129.750381
4.350000 164.345001
4.400000 97.076904
4.450000 53.458832
4.500000 14.084925
4.550000 -71.676956
4.600000 -107.949860
4.650000 -81.069107
4.700000 -73.537407
4.750000 -21.639940
4.800000 42.709160
4.850000 62.654659
4.900000 98.909035
4.950000 95.255402
5.000000 60.994644
5.050000 50.704388
5.100000 0.167123
5.150000 -32.887154
5.200000 -43.869232
5.250000 -48.759434
5.300000 -9.955585
5.350000 -2.219701
5.400000 16.787006
5.450000 30.457968
5.500000 22.976454
5.550000 18.380655
5.600000 7.247146
5.650000 23.749304
5.700000 -21.403193
5.750000 -21.016745
5.800000 -10.163339
5.850000 -0.236185
5.900000 -6.383801
5.950000 -2.486763
6.000000 5.288230
6.050000 -12.262289
6.100000 -10.277665
6.150000 8.075196
6.200000 -8.370928
6.250000 11.862833
6.300000 28.905378
6.350000 -18.079081
6.400000 18.007753
6.450000 5.865896
6.500000 25.703861
6.550000 7.718842
6.600000 -3.994994
6.650000 -27.424498
6.700000 -7.888106
6.750000 -9.464129
6.800000 -23.170456
6.850000 22.741037
6.900000 19.608761
6.950000 31.924549
7.000000 19.671183
7.050000 -12.078563
7.100000 12.414252
7.150000 -0.729516
7.200000 -26.469156
7.250000 -23.790285
7.300000 -27.550547
7.350000 -10.940495
7.400000 -10.655466
7.450000 12.067616
7.500000 3.967488
7.550000 26.378937
7.600000 16.438637
7.650000 29.075197
7.700000 28.206202
7.750000 -20.786936
7.800000 -4.418224
7.850000 -8.306275
7.900000 -30.731573
7.950000 7.429840
8.000000 12.800941
8.050000 21.452694
8.100000 -2.970271
8.150000 18.694242
8.200000 30.803679
8.250000 14.254724
8.300000 16.340002
8.350000 -8.731857
8.400000 -6.499165
8.450000 -12.655079
8.500000 -9.322189
8.550000 3.206880
8.600000 9.157793
8.650000 5.643738
8.700000 14.696710
8.750000 2.378923
8.800000 -11.729047
8.850000 -7.263096
8.900000 28.738073
8.950000 17.203335
9.000000 13.118505
9.050000 4.749959
9.100000 -6.007529
9.150000 -23.394041
9.200000 -11.949843
9.250000 1.734215
9.300000 -14.058169
9.350000 7.416919
9.400000 -6.808110
9.450000 -15.259843
9.500000 15.344582
9.550000 0.322794
9.600000 17.516335
9.650000 12.158365
9.700000 6.817363
9.750000 1.263898
9.800000 6.809422
9.850000 -13.676015
9.900000 -39.656387
9.950000 -9.017951
10.000000 -24.648575
10.050000 20.055796
10.100000 24.320215
10.150000 -9.308870
10.200000 20.139210
10.250000 -3.800103
10.300000 26.890215
10.350000 -6.249625
10.400000 -17.066603
10.450000 -19.261818
10.500000 -7.726940
10.550000 -11.595315
10.600000 -0.321948
10.650000 4.877556
10.700000 8.816383
10.750000 -0.773144
10.800000 16.274065
10.850000 7.790651
10.900000 12.444160
10.950000 1.817549
11.000000 0.296516
11.050000 9.797016
11.100000 8.875816
11.150000 -0.130141
11.200000 -42.749817
11.250000 10.921391
11.300000 1.085649
11.350000 25.716772
11.400000 -0.412147
11.450000 18.446310
11.500000 -3.027359
11.550000 15.254203
11.600000 -21.125057
11.650000 0.621605
11.700000 -3.838953
11.750000 18.445866
11.800000 6.502632
11.850000 -4.402360
11.900000 11.279048
11.950000 24.074114
12.000000 13.376896
12.050000 2.539829
12.100000 -16.099087
12.150000 5.885238
12.200000 13.868802
12.250000 28.596218
12.300000 -11.680714
12.350000 -6.257609
12.400000 -0.801549
12.450000 15.763741
12.500000 3.151404
12.550000 12.114223
12.600000 11.617228
12.650000 7.813357
12.700000 -3.184620
12.750000 13.949657
12.800000 9.796457
12.850000 19.887894
12.900000 -12.400337
12.950000 3.063108
13.000000 -11.369724
13.050000 -13.980559
13.100000 13.258043
13.150000 25.928299
13.200000 1.986292
13.250000 -13.514479
13.300000 6.948469
13.350000 -6.991664
13.400000 2.350977
13.450000 1.909076
13.500000 22.146332
13.550000 0.660170
13.600000 -11.980451
13.650000 -1.551763
13.700000 8.811423
13.750000 2.718890
13.800000 23.471035
13.850000 -12.439822
13.900000 15.537233
13.950000 13.839333
14.000000 -0.098292
14.050000 -16.415836
14.100000 -12.912737
14.150000 -14.080975
14.200000 -2.129390
14.250000 -5.723180
14.300000 -3.511097
14.350000 -0.075176
14.400000 36.584572
14.450000 25.101585
14.500000 30.504211
14.550000 18.018347
14.600000 -1.236906
14.650000 4.131272
14.700000 -33.930611
14.750000 -28.622179
14.800000 4.202364
14.850000 -29.739595
14.900000 -16.811476
14.950000 -6.446556
15.000000 35.762394
15.050000 9.571313
15.100000 -3.412153
15.150000 16.312084
15.200000 -11.634563
15.250000 9.188391
15.300000 -11.847971
15.350000 2.764764
15.400000 -18.226099
15.450000 -21.048601
15.500000 7.316318
15.550000 19.120497
15.600000 28.165586
15.650000 26.225994
15.700000 28.751614
15.750000 5.728258
15.800000 20.291588
15.850000 5.883440
15.900000 -19.178465
15.950000 10.975698
16.000000 -15.899489
16.050000 -1.772869
16.100000 22.025808
16.150000 11.339992
16.200000 3.683074
16.250000 -6.443347
16.300000 21.035786
16.350000 4.923326
16.400000 0.418613
16.450000 14.205798
16.500000 -20.976522
16.550000 -5.339166
16.600000 -17.544004
16.650000 -7.682459
16.700000 21.580061
16.750000 7.006044
16.800000 11.635449
16.850000 -18.901827
16.900000 35.766472
16.950000 9.266892
17.000000 14.155359
17.050000 11.555482
17.100000 -4.135926
17.150000 -0.931214
17.200000 1.396806
17.250000 -7.890061
17.300000 12.928911
17.350000 18.741728
17.400000 11.485510
17.450000 15.890072
17.500000 9.019058
17.550000 16.230318
17.600000 -17.421669
17.650000 3.415286
17.700000 0.448033
17.750000 -5.282200
17.800000 12.924782
17.850000 -0.760644
17.900000 5.358222
17.950000 -8.261024
18.000000 30.175802
18.050000 5.812292
18.100000 -15.205935
18.150000 32.873062
18.200000 2.037974
18.250000 7.725527
18.300000 -13.638345
18.350000 16.680189
18.400000 13.096373
18.450000 -7.827261
18.500000 -14.992693
18.550000 -22.150841
18.600000 -22.395210
18.650000 -16.857830
18.700000 -2.228305
18.750000 7.013268
18.800000 -1.388037
18.850000 12.742094
18.900000 8.245564
18.950000 8.388923
19.000000 0.281631
19.050000 -15.309910
19.100000 9.606258
19.150000 2.601830
19.200000 -16.270733
19.250000 -9.550354
19.300000 9.704744
19.350000 12.509578
19.400000 22.283394
19.450000 12.557908
19.500000 15.395478
19.550000 10.232738
19.600000 19.473734
19.650000 23.523933
19.700000 -5.665648
19.750000 -6.255745
19.799999 -5.815763
19.849999 9.338210
19.899999 32.832577
19.949999 0.836845
