0.000000 2.950988
0.050000 0.180244
0.100000 2.041194
0.150000 0.682300
0.200000 -0.143900
0.250000 0.827740
0.300000 -1.309602
0.350000 1.112196
0.400000 -1.175278
0.450000 -0.855843
0.500000 0.303215
0.550000 2.654703
0.600000 0.524035
0.650000 1.295683
0.700000 1.359979
0.750000 0.384365
0.800000 2.145920
0.850000 1.617658
0.900000 2.278384
0.950000 0.064362
1.000000 -0.275839
1.050000 0.739921
1.100000 -0.713689
1.150000 -0.459544
1.200000 -2.247920
1.250000 1.032309
1.300000 -0.387108
1.350000 1.361604
1.400000 -0.590701
1.450000 -0.243420
1.500000 1.368892
1.550000 1.730397
1.600000 0.791595
1.650000 0.132362
1.700000 0.018852
1.750000 -1.262358
1.800000 -0.264740
1.850000 -1.120078
1.900000 -0.574241
1.950000 -1.109713
2.000000 -1.296433
2.050000 -2.349775
2.100000 -0.198055
2.150000 2.311727
2.200000 -1.555268
2.250000 -0.536404
2.300000 0.792030
2.350000 1.894841
2.400000 1.159941
2.450000 0.692912
2.500000 1.141267
2.550000 1.271093
2.600000 -1.045465
2.650000 1.127618
2.700000 0.775432
2.750000 0.223803
2.800000 -1.362672
2.850000 -1.676568
2.900000 -1.000515
2.950000 -0.883100
3.000000 0.297399
3.050000 -2.876790
3.100000 -2.546431
3.150000 -1.665493
3.200000 -1.420551
3.250000 -0.256748
3.300000 1.562761
3.350000 0.317475
3.400000 0.487946
3.450000 0.018313
3.500000 -1.733111
3.550000 2.520870
3.600000 -0.047284
3.650000 4.348724
3.700000 6.755551
3.750000 4.639963
3.800000 6.746940
3.850000 7.652429
3.900000 6.870896
3.950000 3.709954
4.000000 -0.686549
4.050000 -3.513905
4.100000 -7.157870
4.150000 -7.674592
4.200000 -12.900917
4.250000 -13.029954
4.300000 -12.536802
4.350000 -9.680840
4.400000 -8.605536
4.450000 -0.258191
4.500000 5.276104
4.550000 9.112919
4.600000 11.424850
4.650000 13.876549
4.700000 15.828664
4.750000 14.076920
4.800000 11.514597
4.850000 7.670870
4.900000 5.571074
4.950000 0.306032
5.000000 -4.542239
5.050000 -9.453591
5.100000 -13.248211
5.150000 -15.112206
5.200000 -16.629789
5.250000 -12.546860
5.300000 -9.493494
5.350000 -3.186736
5.400000 1.564494
5.450000 5.167418
5.500000 9.865802
5.550000 12.005407
5.600000 12.257509
5.650000 11.844941
5.700000 11.386564
5.750000 6.278428
5.800000 2.864766
5.850000 0.936103
5.900000 -4.653475
5.950000 -7.130477
6.000000 -9.762430
6.050000 -10.376689
6.100000 -11.597713
6.150000 -6.266275
6.200000 -8.719086
6.250000 -1.850005
6.300000 3.301915
6.350000 4.674418
6.400000 10.109445
6.450000 10.891708
6.500000 10.823689
6.550000 9.793425
6.600000 9.559170
6.650000 5.392442
6.700000 2.127877
6.750000 -1.257520
6.800000 -3.842059
6.850000 -5.529937
6.900000 -5.754624
6.950000 -7.294218
7.000000 -3.763051
7.050000 -3.048398
7.100000 -1.833608
7.150000 3.929363
7.200000 5.016725
7.250000 6.005860
7.300000 6.400142
7.350000 5.258315
7.400000 2.829304
7.450000 6.258325
7.500000 4.154980
7.550000 3.852340
7.600000 2.595948
7.650000 -0.753834
7.700000 -0.800051
7.750000 -3.822175
7.800000 -5.409959
7.850000 -3.329778
7.900000 -1.496313
7.950000 -1.126854
8.000000 -0.704137
8.050000 3.401117
8.100000 0.973076
8.150000 3.272825
8.200000 1.495353
8.250000 2.065949
8.300000 2.775005
8.350000 2.088960
8.400000 2.162987
8.450000 -0.909909
8.500000 0.093593
8.550000 -2.385951
8.600000 -0.695094
8.650000 -0.688762
8.700000 -3.386133
8.750000 -2.211966
8.800000 0.097834
8.850000 -2.835243
8.900000 2.026837
8.950000 -1.419266
9.000000 -2.127397
9.050000 -1.951393
9.100000 -0.961140
9.150000 -0.896008
9.200000 1.502237
9.250000 1.116959
9.300000 1.563638
9.350000 0.781795
9.400000 1.419385
9.450000 -0.842908
9.500000 -0.763803
9.550000 -0.655079
9.600000 -1.151048
9.650000 -0.003235
9.700000 -1.323871
9.750000 0.113956
9.800000 -0.229746
9.850000 -0.476879
9.900000 -0.198665
9.950000 -0.337030
10.000000 -1.810771
10.050000 -1.979286
10.100000 0.213775
10.150000 -0.539224
10.200000 -0.543339
10.250000 -0.241300
10.300000 2.854483
10.350000 -0.562574
10.400000 0.993051
10.450000 2.174973
10.500000 -0.285948
10.550000 -0.295358
10.600000 1.275372
10.650000 0.701810
10.700000 0.042846
10.750000 2.238894
10.800000 -2.022153
10.850000 -0.392945
10.900000 1.179073
10.950000 -0.144427
11.000000 -0.297186
11.050000 0.317596
11.100000 -0.524087
11.150000 2.198230
11.200000 1.295280
11.250000 2.904882
11.300000 1.718517
11.350000 -0.055142
11.400000 -1.139655
11.450000 1.274797
11.500000 -0.013877
11.550000 1.543165
11.600000 -0.222433
11.650000 -0.844990
11.700000 0.646428
11.750000 -2.669354
11.800000 0.393969
11.850000 -0.870460
11.900000 -0.359238
11.950000 -1.196518
12.000000 0.410085
12.050000 2.027432
12.100000 -1.289805
12.150000 -0.448913
12.200000 0.378138
12.250000 1.531517
12.300000 0.031342
12.350000 0.783111
12.400000 -0.327176
12.450000 1.965089
12.500000 -0.558497
12.550000 -2.542950
12.600000 -2.265702
12.650000 -2.575785
12.700000 -1.486949
12.750000 -0.606033
12.800000 0.250343
12.850000 -1.434916
12.900000 -1.069513
12.950000 1.402398
13.000000 -0.710871
13.050000 1.831832
13.100000 0.988965
13.150000 0.693512
13.200000 -2.382317
13.250000 -0.486881
13.300000 0.171738
13.350000 0.944120
13.400000 0.877991
13.450000 1.131753
13.500000 0.816296
13.550000 -1.062772
13.600000 -1.597159
13.650000 1.138464
13.700000 -0.903772
13.750000 -0.764690
13.800000 -0.427763
13.850000 1.386012
13.900000 -0.690128
13.950000 1.598126
14.000000 0.523857
14.050000 -1.482329
14.100000 -1.692202
14.150000 0.251336
14.200000 -0.990115
14.250000 -0.885121
14.300000 -1.634916
14.350000 -0.681282
14.400000 -1.608133
14.450000 0.229682
14.500000 0.770091
14.550000 0.779975
14.600000 0.518510
14.650000 -0.361119
14.700000 0.767115
14.750000 2.439969
14.800000 2.451492
14.850000 1.994493
14.900000 -0.086295
14.950000 -1.488392
15.000000 -0.931743
15.050000 -0.041304
15.100000 1.099197
15.150000 -2.726145
15.200000 -3.501368
15.250000 -1.845582
15.300000 -2.332423
15.350000 -2.468424
15.400000 2.968205
15.450000 -0.498548
15.500000 -1.428633
15.550000 -1.498073
15.600000 -0.933365
15.650000 0.159181
15.700000 -0.440580
15.750000 -0.300549
15.800000 -1.214598
15.850000 -2.341201
15.900000 0.016089
15.950000 -0.655608
16.000000 -1.935528
16.050000 0.210484
16.100000 -0.914766
16.150000 -1.811173
16.200000 1.185135
16.250000 -1.238322
16.300000 4.529068
16.350000 0.231235
16.400000 -0.837680
16.450000 0.845861
16.500000 1.020752
16.550000 0.365009
16.600000 -0.106557
16.650000 -0.273962
16.700000 0.235505
16.750000 -0.006225
16.800000 2.115416
16.850000 1.411079
16.900000 -1.732065
16.950000 -0.186481
17.000000 0.223117
17.050000 -1.383327
17.100000 -1.462029
17.150000 -1.717040
17.200000 0.292999
17.250000 -2.265113
17.300000 1.224268
17.350000 -3.466782
17.400000 1.358695
17.450000 -0.251832
17.500000 0.237080
17.550000 0.715825
17.600000 1.253652
17.650000 0.348838
17.700000 0.569693
17.750000 -0.633572
17.800000 -1.972218
17.850000 -0.232255
17.900000 0.626421
17.950000 -1.412249
18.000000 1.746049
18.050000 -2.244702
18.100000 -1.226776
18.150000 -0.014897
18.200000 -1.039104
18.250000 -2.322610
18.300000 0.068728
18.350000 -1.859130
18.400000 -0.436477
18.450000 0.404788
18.500000 -2.002113
18.550000 -0.106142
18.600000 -0.535430
18.650000 0.043809
18.700000 -1.432427
18.750000 2.235028
18.800000 0.747737
18.850000 0.880810
18.900000 1.181732
18.950000 -1.973446
19.000000 0.364598
19.050000 -0.530909
19.100000 -1.377853
19.150000 0.879394
19.200000 -1.457173
19.250000 -1.537771
19.300000 -0.259353
19.350000 0.284884
19.400000 -1.049955
19.450000 -0.853595
19.500000 -2.201700
19.550000 1.739605
19.600000 -1.197985
19.650000 2.228604
19.700000 0.526901
19.750000 1.315174
19.799999 2.394315
19.849999 0.750043
19.899999 1.102126
19.949999 1.528235
