0.000000 11.750014
0.050000 6.755172
0.100000 -12.096244
0.150000 -36.024506
0.200000 7.960778
0.250000 2.698039
0.300000 21.610605
0.350000 4.820488
0.400000 23.053843
0.450000 26.818638
0.500000 13.730163
0.550000 25.002554
0.600000 -1.581061
0.650000 13.860902
0.700000 4.883478
0.750000 -2.544593
0.800000 -3.274460
0.850000 36.511517
0.900000 -15.918326
0.950000 21.161032
1.000000 13.349943
1.050000 26.618971
1.100000 5.243404
1.150000 -15.140807
1.200000 -10.295130
1.250000 8.870193
1.300000 -10.171907
1.350000 6.809584
1.400000 23.108667
1.450000 -1.060058
1.500000 -6.758858
1.550000 -2.649599
1.600000 10.805328
1.650000 -21.058308
1.700000 -32.599514
1.750000 -5.577791
1.800000 0.209050
1.850000 6.689611
1.900000 9.201970
1.950000 0.313303
2.000000 10.888535
2.050000 6.335136
2.100000 -18.228495
2.150000 -36.389912
2.200000 -58.035942
2.250000 -55.011730
2.300000 -72.564491
2.350000 -29.405388
2.400000 12.655071
2.450000 53.271313
2.500000 104.820274
2.550000 148.449722
2.600000 129.034866
2.650000 62.111984
2.700000 -91.660782
2.750000 -169.598236
2.800000 -239.260361
2.850000 -178.709564
2.900000 -72.888176
2.950000 76.332954
3.000000 186.296814
3.050000 262.367676
3.100000 206.306503
3.150000 75.800728
3.200000 -59.341984
3.250000 -156.991898
3.300000 -175.988800
3.350000 -135.397247
3.400000 -51.612865
3.450000 56.422897
3.500000 126.618881
3.550000 159.490875
3.600000 108.839020
3.650000 8.211214
3.700000 -9.796350
3.750000 -104.108307
3.800000 -115.074265
3.850000 -43.042877
3.900000 -3.932555
3.950000 75.947182
4.000000 59.890099
4.050000 46.290634
4.100000 19.198242
4.150000 -15.987832
4.200000 -8.349791
4.250000 -14.536572
4.300000 -19.849293
4.350000 8.338797
4.400000 19.096130
4.450000 23.976225
4.500000 -25.253370
4.550000 -11.905909
4.600000 -28.592529
4.650000 -15.973701
4.700000 -2.613590
4.750000 24.226461
4.800000 26.823284
4.850000 -16.443447
4.900000 -12.319863
4.950000 15.094182
5.000000 -7.565025
5.050000 -33.886688
5.100000 22.864437
5.150000 -11.661003
5.200000 17.710356
5.250000 42.056408
5.300000 -12.127811
5.350000 17.369045
5.400000 -10.607262
5.450000 -10.824754
5.500000 -26.820040
5.550000 9.239479
5.600000 30.025110
5.650000 17.563051
5.700000 15.339776
5.750000 24.098709
5.800000 10.205831
5.850000 14.128825
5.900000 -35.111542
5.950000 -16.074749
6.000000 -2.040307
6.050000 5.176535
6.100000 -0.218580
6.150000 1.337644
6.200000 8.437519
6.250000 19.101162
6.300000 10.346539
6.350000 -16.018223
6.400000 -20.399664
6.450000 -8.890523
6.500000 -23.131689
6.550000 -2.979821
6.600000 -10.608945
6.650000 9.044199
6.700000 -1.092853
6.750000 -8.416077
6.800000 18.043995
6.850000 -15.251131
6.900000 15.469149
6.950000 4.166152
7.000000 -3.488789
7.050000 6.701942
7.100000 9.088148
7.150000 -8.763502
7.200000 17.914299
7.250000 6.473889
7.300000 3.193911
7.350000 -2.693625
7.400000 11.351791
7.450000 30.909098
7.500000 15.875563
7.550000 -20.980883
7.600000 -6.399247
7.650000 -2.051636
7.700000 5.754327
7.750000 -8.349497
7.800000 11.896459
7.850000 10.686635
7.900000 -1.620044
7.950000 -11.521310
8.000000 14.192610
8.050000 -4.714016
8.100000 -6.933279
8.150000 2.154249
8.200000 1.939127
8.250000 18.920971
8.300000 6.233936
8.350000 15.331548
8.400000 4.235311
8.450000 18.538040
8.500000 -2.305702
8.550000 1.272866
8.600000 -9.932731
8.650000 -12.660914
8.700000 -0.854183
8.750000 26.524408
8.800000 7.751703
8.850000 25.285538
8.900000 4.520496
8.950000 10.389672
9.000000 -13.519771
9.050000 -1.757129
9.100000 10.226614
9.150000 -18.871416
9.200000 -4.939787
9.250000 7.051524
9.300000 22.177717
9.350000 41.433563
9.400000 -9.705142
9.450000 -14.260800
9.500000 5.062473
9.550000 2.198087
9.600000 32.721405
9.650000 23.396566
9.700000 28.442497
9.750000 14.676883
9.800000 -11.694581
9.850000 -6.800981
9.900000 29.198206
9.950000 -14.904752
10.000000 18.302332
10.050000 32.438313
10.100000 27.300825
10.150000 3.723206
10.200000 9.832484
10.250000 -1.645618
10.300000 4.125487
10.350000 -2.398803
10.400000 7.679683
10.450000 -21.943302
10.500000 -1.486270
10.550000 -4.798074
10.600000 12.104110
10.650000 -7.653469
10.700000 25.145979
10.750000 8.614396
10.800000 13.438589
10.850000 -12.934793
10.900000 9.490620
10.950000 -8.730871
11.000000 -2.687801
11.050000 -3.940914
11.100000 -4.306656
11.150000 12.052028
11.200000 -27.514568
11.250000 28.066145
11.300000 1.713151
11.350000 -11.629333
11.400000 -11.020960
11.450000 -21.882252
11.500000 -27.933445
11.550000 -9.766398
11.600000 -5.293975
11.650000 -4.584424
11.700000 29.036669
11.750000 -1.938530
11.800000 4.695242
11.850000 10.613619
11.900000 -9.055410
11.950000 5.006940
12.000000 17.098574
12.050000 -18.604057
12.100000 -29.692627
12.150000 20.286629
12.200000 -24.550056
12.250000 4.183071
12.300000 16.639456
12.350000 -11.752532
12.400000 6.151701
12.450000 -4.114924
12.500000 1.863201
12.550000 -6.544612
12.600000 -1.821107
12.650000 -3.271831
12.700000 15.070906
12.750000 19.173164
12.800000 17.650042
12.850000 3.562238
12.900000 -3.237691
12.950000 -13.506721
13.000000 9.905754
13.050000 -11.777616
13.100000 -2.901023
13.150000 18.706478
13.200000 12.344074
13.250000 11.372579
13.300000 5.938674
13.350000 -3.180815
13.400000 14.050959
13.450000 19.720526
13.500000 -17.149761
13.550000 -6.346303
13.600000 -1.294417
13.650000 -16.159185
13.700000 -12.862282
13.750000 26.941362
13.800000 25.508194
13.850000 3.377943
13.900000 -13.298853
13.950000 -3.626182
14.000000 -26.967010
14.050000 -10.853018
14.100000 -1.606858
14.150000 27.481300
14.200000 0.193642
14.250000 1.118156
14.300000 -13.299284
14.350000 16.135971
14.400000 17.589151
14.450000 29.611492
14.500000 37.608334
14.550000 -4.690207
14.600000 6.956292
14.650000 -0.815951
14.700000 3.023030
14.750000 -21.741549
14.800000 -16.515646
14.850000 25.684582
14.900000 24.487452
14.950000 19.498211
15.000000 10.191030
15.050000 25.255466
15.100000 7.161350
15.150000 0.480761
15.200000 -10.292971
15.250000 -21.790861
15.300000 -2.210169
15.350000 -24.372368
15.400000 -8.066797
15.450000 -31.505125
15.500000 6.912064
15.550000 -2.044824
15.600000 13.774523
15.650000 -3.295188
15.700000 -0.916002
15.750000 20.752506
15.800000 -19.885305
15.850000 -8.649725
15.900000 -13.603072
15.950000 -29.351171
16.000000 23.850920
16.050000 19.648739
16.100000 -1.412150
16.150000 -0.087563
16.200000 29.658272
16.250000 5.200835
16.300000 -16.868515
16.350000 0.891453
16.400000 3.775026
16.450000 32.386292
16.500000 -1.252201
16.550000 -3.306269
16.600000 23.717781
16.650000 26.360998
16.700000 -0.032623
16.750000 13.916535
16.800000 -16.187292
16.850000 24.637154
16.900000 12.431219
16.950000 -2.917471
17.000000 -12.577822
17.050000 -5.067470
17.100000 5.568024
17.150000 25.905382
17.200000 -16.418541
17.250000 -13.874324
17.300000 -12.442072
17.350000 -18.562830
17.400000 3.112432
17.450000 -5.223989
17.500000 -14.888821
17.550000 10.147149
17.600000 12.239028
17.650000 0.602811
17.700000 13.249556
17.750000 3.242983
17.800000 -13.603154
17.850000 -1.070612
17.900000 -31.609245
17.950000 -19.185642
18.000000 9.928317
18.050000 26.585646
18.100000 -8.729000
18.150000 -3.055716
18.200000 12.233699
18.250000 8.903708
18.300000 -5.330680
18.350000 -11.256945
18.400000 -24.870617
18.450000 7.105739
18.500000 12.804393
18.550000 12.213461
18.600000 -5.903292
18.650000 -10.174149
18.700000 1.289935
18.750000 -15.586003
18.800000 23.874594
18.850000 4.310842
18.900000 -7.699631
18.950000 6.933945
19.000000 -4.550439
19.050000 19.155428
19.100000 -6.103771
19.150000 -12.639344
19.200000 -1.149403
19.250000 8.882118
19.300000 -4.783566
19.350000 15.555820
19.400000 7.032769
19.450000 16.673353
19.500000 -8.319281
19.550000 -4.567799
19.600000 -10.448183
19.650000 -22.552271
19.700000 -29.197382
19.750000 2.815778
19.799999 -11.483800
19.849999 4.745795
19.899999 -4.657821
19.949999 17.754658
