0.000000 7.939424
0.050000 -7.098137
0.100000 -11.245404
0.150000 1.111515
0.200000 -22.339006
0.250000 -1.228618
0.300000 -11.764483
0.350000 9.434492
0.400000 -5.686022
0.450000 36.246727
0.500000 16.871115
0.550000 -9.490002
0.600000 2.024720
0.650000 -3.740793
0.700000 -9.688075
0.750000 -13.890224
0.800000 20.745386
0.850000 -1.397663
0.900000 25.664326
0.950000 11.879889
1.000000 -1.452042
1.050000 4.150446
1.100000 5.126563
1.150000 14.810386
1.200000 -16.227999
1.250000 -20.497450
1.300000 -4.321411
1.350000 -13.927719
1.400000 -6.483696
1.450000 11.564390
1.500000 -24.759235
1.550000 -3.615756
1.600000 9.680458
1.650000 -31.410707
1.700000 -27.990263
1.750000 5.794046
1.800000 19.216841
1.850000 10.588812
1.900000 8.076908
1.950000 28.611696
2.000000 -0.170151
2.050000 16.499334
2.100000 -6.706955
2.150000 32.234116
2.200000 18.230768
2.250000 12.422660
2.300000 25.131155
2.350000 14.192063
2.400000 24.608856
2.450000 29.116060
2.500000 39.869717
2.550000 34.947979
2.600000 40.441353
2.650000 33.542725
2.700000 -1.699167
2.750000 -6.816336
2.800000 -40.636078
2.850000 -79.248573
2.900000 -72.038124
2.950000 -97.070023
3.000000 -91.998077
3.050000 -72.992432
3.100000 -92.336166
3.150000 -18.053617
3.200000 41.977497
3.250000 75.848793
3.300000 118.966408
3.350000 159.722900
3.400000 181.338455
3.450000 168.889099
3.500000 171.797729
3.550000 140.641342
3.600000 93.287781
3.650000 41.249798
3.700000 -12.856773
3.750000 -94.213524
3.800000 -111.322968
3.850000 -156.648361
3.900000 -169.546692
3.950000 -163.086838
4.000000 -181.540512
4.050000 -136.638870
4.100000 -127.398346
4.150000 -54.744083
4.200000 -51.777187
4.250000 4.800873
4.300000 38.729004
4.350000 51.093594
4.400000 103.421692
4.450000 107.755608
4.500000 98.268272
4.550000 76.631996
4.600000 75.552567
4.650000 84.423401
4.700000 27.375931
4.750000 35.874908
4.800000 -13.920873
4.850000 -10.143748
4.900000 -49.397778
4.950000 -52.927837
5.000000 -39.604221
5.050000 -36.951092
5.100000 -28.812967
5.150000 -9.159290
5.200000 -17.192646
5.250000 -3.230774
5.300000 -22.131924
5.350000 5.955827
5.400000 9.336903
5.450000 28.080095
5.500000 36.755001
5.550000 14.514445
5.600000 29.007607
5.650000 -4.133423
5.700000 17.360682
5.750000 -13.699715
5.800000 1.762856
5.850000 9.641130
5.900000 -3.779700
5.950000 -20.575024
6.000000 0.260395
6.050000 12.066417
6.100000 -13.597229
6.150000 -16.942183
6.200000 -11.703407
6.250000 -15.047712
6.300000 3.149222
6.350000 -11.250384
6.400000 -1.125860
6.450000 -30.381088
6.500000 32.298904
6.550000 5.504290
6.600000 5.322773
6.650000 2.818885
6.700000 2.392395
6.750000 -12.532227
6.800000 4.975909
6.850000 -2.056765
6.900000 -9.078665
6.950000 -11.132957
7.000000 -7.828121
7.050000 3.303590
7.100000 36.137501
7.150000 -0.291354
7.200000 27.352787
7.250000 14.515904
7.300000 3.938450
7.350000 22.092129
7.400000 17.115177
7.450000 -0.384859
7.500000 9.235122
7.550000 -3.087343
7.600000 11.210406
7.650000 -47.216278
7.700000 -19.314451
7.750000 -10.819045
7.800000 -8.957685
7.850000 -20.285408
7.900000 -26.488550
7.950000 -11.240489
7.999999 -9.552183
8.049999 14.346488
8.100000 7.245680
8.150000 4.275642
8.200000 24.400425
8.250000 24.647100
8.300000 -0.276684
8.350000 -6.560010
8.400000 11.894551
8.450000 12.769700
8.500000 0.254005
8.549999 0.344028
8.599999 -15.550607
8.650000 -7.643309
8.700000 -1.150812
8.750000 11.252885
8.800000 -19.854021
8.850000 -19.622681
8.900000 -7.938307
8.950000 -4.137097
9.000000 9.932808
9.050000 1.630141
9.099999 22.048338
9.149999 -12.001375
9.200000 18.536360
9.250000 5.522258
9.300000 33.778450
9.350000 23.976149
9.400000 8.523062
9.450000 3.610500
9.500000 3.494731
9.550000 14.048142
9.600000 -9.624238
9.649999 -10.479973
9.699999 -6.868991
9.750000 -6.660585
9.800000 0.329611
9.850000 8.801140
9.900000 11.466539
9.950000 -10.860271
10.000000 -3.107681
10.050000 2.132027
10.100000 -12.458918
10.150000 8.373543
10.199999 12.037828
10.249999 1.015806
10.300000 2.244225
10.350000 18.229435
10.400000 19.632875
10.450000 13.120140
10.500000 27.936529
10.550000 -18.731909
10.600000 -14.937651
10.650000 -6.081599
10.700000 -15.820526
10.749999 11.994954
10.799999 3.923923
10.849999 5.035042
10.900000 -0.701899
10.950000 -6.067720
11.000000 -0.555481
11.050000 7.031075
11.100000 -8.746237
11.150000 20.145540
11.200000 -5.849005
11.250000 15.951602
11.299999 -3.010961
11.349999 -20.034302
11.399999 -23.837261
11.450000 -5.536609
11.500000 -10.167619
11.550000 11.268521
11.600000 -4.108534
11.650000 -6.529135
11.700000 20.381006
11.750000 5.662659
11.800000 12.415743
11.849999 15.568691
11.899999 -31.011091
11.949999 20.857935
12.000000 -17.732311
12.050000 8.623970
12.100000 -18.296331
12.150000 5.354486
12.200000 10.257792
12.250000 1.241866
12.300000 42.909386
12.350000 4.618948
12.399999 7.454423
12.449999 1.912317
12.499999 -11.315659
12.550000 16.141424
12.600000 26.255169
12.650000 7.244217
12.700000 -1.579822
12.750000 -4.719439
12.800000 3.920951
12.850000 -4.055855
12.900000 3.999291
12.949999 1.077972
12.999999 -18.377645
13.049999 -13.093377
13.100000 2.162891
13.150000 12.271976
13.200000 15.154389
13.250000 2.839121
13.300000 5.111269
13.350000 11.883614
13.400000 31.774649
13.450000 -4.376249
13.499999 9.045285
13.549999 20.186550
13.599999 -6.133923
13.650000 1.636561
13.700000 5.685428
13.750000 14.952094
13.800000 -4.700768
13.850000 -18.046356
13.900000 -3.374059
13.950000 -4.390035
14.000000 -25.215525
14.049999 -4.865317
14.099999 16.282465
14.149999 -7.660530
14.200000 10.698040
14.250000 10.701626
14.300000 -3.114940
14.350000 2.865869
14.400000 -11.029958
14.450000 -23.823719
14.500000 24.588957
14.549999 9.400572
14.599999 16.218872
14.649999 16.069115
14.699999 11.001839
14.750000 -5.281979
14.800000 22.747356
14.850000 0.750935
14.900000 5.098701
14.950000 -6.644858
15.000000 -10.962271
15.050000 -0.280035
15.099999 -18.688795
15.149999 7.551929
15.199999 -9.716211
15.249999 7.813128
15.299999 17.087271
15.350000 -7.269189
15.400000 7.954022
15.450000 15.343539
15.500000 9.236830
15.550000 7.088803
15.600000 0.364093
15.650000 13.220797
15.699999 16.115507
15.750000 18.651785
15.799999 14.543993
15.850000 -15.585920
15.899999 -15.164342
15.950000 0.612916
15.999999 12.734809
16.050000 8.017492
16.099999 -17.304783
16.150000 5.516552
16.200000 -9.594870
16.249999 1.185181
16.300000 -1.857268
16.349999 14.583315
16.400000 21.064051
16.449999 9.244538
16.500000 -11.801921
16.549999 -7.794098
16.600000 11.973217
16.649999 -4.193085
16.700000 -0.405552
16.750000 -10.197348
16.799999 10.550114
16.850000 -22.917528
16.899999 -7.188663
16.950000 -8.495173
16.999999 -18.378059
17.050000 9.949618
17.099999 1.018551
17.150000 27.592592
17.199999 2.771530
17.250000 20.665749
17.300000 5.687723
17.349999 -6.097921
17.400000 22.209248
17.449999 25.915794
17.500000 6.915955
17.549999 1.591742
17.600000 12.795666
17.649999 3.717115
17.700000 7.170592
17.749999 10.854739
17.800000 2.339999
17.850000 8.608214
17.899999 -19.201374
17.950000 -12.373654
17.999999 -41.616264
18.050000 -20.263224
18.099999 -23.131456
18.150000 -16.883009
18.199999 -8.019241
18.250000 -10.129766
18.299999 -0.997660
18.350000 14.187285
18.400000 -9.409828
18.449999 1.696841
18.500000 26.177677
18.549999 17.344334
18.600000 17.598337
18.649999 27.943758
18.700000 -4.851005
18.749999 18.089876
18.800000 1.349143
18.849999 -8.575095
18.900000 -9.374983
18.950000 -13.839696
18.999999 9.497881
19.050000 -14.787900
19.099999 -22.515501
19.150000 -27.002888
19.199999 -29.699278
19.250000 -7.291984
19.299999 1.404632
19.350000 19.091892
19.399999 3.450061
19.450000 28.876625
19.500000 34.732342
19.549999 13.576238
19.600000 9.376106
19.649999 -7.380610
19.700000 -1.873660
19.749999 -12.579039
19.800000 4.411580
19.849999 -24.138256
19.900000 1.668703
19.949999 -9.074234
