0.000000 0.677625
0.050000 2.117274
0.100000 -0.238960
0.150000 1.637332
0.200000 1.465541
0.250000 0.742207
0.300000 1.106317
0.350000 0.556189
0.400000 -0.719850
0.450000 1.647552
0.500000 0.854285
0.550000 -1.183937
0.600000 -1.124327
0.650000 -0.594076
0.700000 -0.711515
0.750000 -0.982216
0.800000 0.069468
0.850000 1.729028
0.900000 1.028543
0.950000 1.143143
1.000000 2.342057
1.050000 -0.221291
1.100000 -0.708671
1.150000 -0.576118
1.200000 -0.748931
1.250000 -0.810963
1.300000 1.738257
1.350000 0.881644
1.400000 -1.606872
1.450000 -0.862640
1.500000 -0.115683
1.550000 -0.086434
1.600000 1.232076
1.650000 2.177595
1.700000 0.410051
1.750000 0.305399
1.800000 0.117663
1.850000 0.234599
1.900000 0.588775
1.950000 -0.949595
2.000000 0.294369
2.050000 -0.821467
2.100000 -0.071620
2.150000 0.414887
2.200000 1.452514
2.250000 -0.492252
2.300000 -0.774544
2.350000 0.528836
2.400000 -0.929037
2.450000 1.044977
2.500000 -0.509352
2.550000 -1.092953
2.600000 1.019160
2.650000 -1.241134
2.700000 0.096009
2.750000 -0.223943
2.800000 -0.724844
2.850000 -1.770501
2.900000 -2.273201
2.950000 -3.999192
3.000000 -3.123244
3.050000 -1.370784
3.100000 -0.108201
3.150000 1.361572
3.200000 3.124403
3.250000 5.252979
3.300000 7.638622
3.350000 7.600974
3.400000 7.007892
3.450000 5.674072
3.500000 2.644797
3.550000 -1.194785
3.600000 -3.533813
3.650000 -6.566287
3.700000 -10.252456
3.750000 -12.501962
3.800000 -11.567808
3.850000 -9.011354
3.900000 -5.414809
3.950000 -0.989333
4.000000 1.684340
4.050000 5.751682
4.100000 10.355721
4.150000 11.723940
4.200000 10.751092
4.250000 9.403694
4.300000 7.077594
4.350000 4.496774
4.400000 2.065431
4.450000 -3.217093
4.500000 -5.490775
4.550000 -6.418035
4.600000 -6.939955
4.650000 -6.987926
4.700000 -7.259373
4.750000 -5.717428
4.800000 -3.469748
4.850000 -2.160041
4.900000 1.606628
4.950000 3.250781
5.000000 4.463809
5.050000 5.920703
5.100000 6.077166
5.150000 6.533036
5.200000 5.788447
5.250000 4.687813
5.300000 2.159791
5.350000 0.693714
5.400000 -1.355581
5.450000 -2.926224
5.500000 -3.328444
5.550000 -3.495095
5.600000 -3.855796
5.650000 -4.327456
5.700000 -0.918097
5.750000 0.016577
5.800000 0.600860
5.850000 2.323317
5.900000 2.119056
5.950000 3.445188
6.000000 5.438437
6.050000 4.383924
6.100000 3.185839
6.150000 2.308701
6.200000 1.945973
6.250000 0.187404
6.300000 -1.994824
6.350000 -2.173733
6.400000 -2.539155
6.450000 0.634029
6.500000 -1.436104
6.550000 -0.567092
6.600000 1.137836
6.650000 0.548097
6.700000 0.869320
6.750000 1.557258
6.800000 2.535130
6.850000 1.324641
6.900000 0.924902
6.950000 1.356677
7.000000 0.723235
7.050000 1.569216
7.100000 -0.017049
7.150000 -0.154757
7.200000 -0.342120
7.250000 -0.908193
7.300000 -0.471946
7.350000 -1.498512
7.400000 -1.044718
7.450000 0.139125
7.500000 -0.832211
7.550000 -1.722693
7.600000 -1.337024
7.650000 0.041471
7.700000 -0.372501
7.750000 0.281778
7.800000 0.779098
7.850000 0.674697
7.900000 1.541646
7.950000 2.360586
8.000000 0.046399
8.050000 0.557309
8.100000 0.441393
8.150000 1.521392
8.200000 -0.159932
8.250000 0.035476
8.300000 -0.168439
8.350000 0.146839
8.400000 0.677764
8.450000 0.132283
8.500000 -0.714604
8.550000 -1.179893
8.600000 -0.176744
8.650000 0.036948
8.700000 -0.374746
8.750000 0.018325
8.800000 -0.523074
8.850000 0.156866
8.900000 0.753695
8.950000 0.133243
9.000000 -0.047431
9.050000 -0.372716
9.100000 -0.196819
9.150000 -0.156431
9.200000 0.093423
9.250000 1.175222
9.300000 1.300559
9.350000 -1.091851
9.400000 1.055362
9.450000 -1.167610
9.500000 -0.333393
9.550000 0.055789
9.600000 -2.526675
9.650000 -1.801967
9.700000 -0.124463
9.750000 0.752011
9.800000 -0.278493
9.850000 2.588551
9.900000 1.380370
9.950000 1.784450
10.000000 0.627504
10.050000 0.952197
10.100000 -0.185325
10.150000 -0.434548
10.200000 1.165552
10.250000 -0.436894
10.300000 -0.047244
10.350000 -1.418592
10.400000 -0.501268
10.450000 -0.632440
10.500000 0.300795
10.550000 -1.033805
10.600000 0.838290
10.650000 1.043340
10.700000 1.068934
10.750000 1.055596
10.800000 2.192178
10.850000 0.820846
10.900000 -0.013222
10.950000 -0.836503
11.000000 1.111719
11.050000 0.827794
11.100000 -0.342570
11.150000 0.238978
11.200000 -1.174625
11.250000 -0.969699
11.300000 -1.166229
11.350000 0.080609
11.400000 -2.145606
11.450000 -0.819660
11.500000 1.775163
11.550000 0.280632
11.600000 0.214284
11.650000 0.613487
11.700000 -0.026653
11.750000 0.597681
11.800000 -0.873039
11.850000 0.323200
11.900000 -0.570383
11.950000 1.278394
12.000000 -0.060120
12.050000 -0.824555
12.100000 -1.086029
12.150000 0.143186
12.200000 -2.449739
12.250000 -0.591875
12.300000 -1.992421
12.350000 0.095967
12.400000 -0.286203
12.450000 -0.210310
12.500000 0.094254
12.550000 -2.547302
12.600000 -0.780290
12.650000 -0.249057
12.700000 -1.279190
12.750000 -0.967184
12.800000 0.684898
12.850000 0.595722
12.900000 -1.418336
12.950000 -0.898051
13.000000 -0.509152
13.050000 1.296578
13.100000 0.683086
13.150000 0.801910
13.200000 0.128155
13.250000 -0.016483
13.300000 0.279222
13.350000 0.474876
13.400000 1.873349
13.450000 -0.651419
13.500000 -0.517018
13.550000 -0.595004
13.600000 -0.721759
13.650000 -1.638377
13.700000 -0.929322
13.750000 -0.949696
13.800000 -1.259858
13.850000 0.198973
13.900000 0.600917
13.950000 1.421214
14.000000 -0.206536
14.050000 1.675154
14.100000 -0.893712
14.150000 0.289664
14.200000 -0.783423
14.250000 0.740322
14.300000 1.567026
14.350000 1.860344
14.400000 0.870946
14.450000 -0.379699
14.500000 -0.647849
14.550000 0.037662
14.600000 -1.188231
14.650000 -0.318429
14.700000 -1.115927
14.750000 -0.151476
14.800000 -0.033456
14.850000 -0.390412
14.900000 -1.077975
14.950000 0.525208
15.000000 -0.749653
15.050000 -0.853571
15.100000 -0.864573
15.150000 -1.073346
15.200000 -1.202419
15.250000 -0.410661
15.300000 0.848028
15.350000 0.296062
15.400000 2.013070
15.450000 1.744546
15.500000 0.428395
15.550000 1.038390
15.600000 1.066518
15.650000 -0.028010
15.700000 1.201396
15.750000 0.785820
15.800000 -0.527387
15.850000 1.406088
15.900000 1.133896
15.950000 0.989257
16.000000 1.161103
16.050000 -0.041019
16.100000 1.335644
16.150000 1.460378
16.200000 1.247676
16.250000 0.163857
16.300000 -1.071044
16.350000 0.588494
16.400000 0.405043
16.450000 0.843065
16.500000 0.682819
16.550000 -0.706409
16.600000 -1.160993
16.650000 -0.238000
16.700000 -0.442113
16.750000 0.065953
16.800000 -1.014987
16.850000 0.230716
16.900000 1.628931
16.950000 -0.800927
17.000000 -0.054195
17.050000 -0.300640
17.100000 -0.802106
17.150000 0.175811
17.200000 0.391969
17.250000 0.175401
17.300000 0.372125
17.350000 0.292872
17.400000 -0.584620
17.450000 0.745558
17.500000 1.138368
17.550000 -0.007004
17.600000 -0.875475
17.650000 0.717410
17.700000 0.340528
17.750000 1.037637
17.800000 -0.933238
17.850000 -1.332420
17.900000 0.854422
17.950000 1.130553
18.000000 0.275846
18.050000 0.113784
18.100000 0.243805
18.150000 -0.117875
18.200000 0.828992
18.250000 -0.672961
18.300000 2.339533
18.350000 -0.097056
18.400000 -0.542379
18.450000 0.197351
18.500000 1.057956
18.550000 -0.535304
18.600000 -1.064551
18.650000 1.231424
18.700000 0.771278
18.750000 -0.554124
18.800000 -0.876056
18.850000 -1.421300
18.900000 -1.179369
18.950000 -1.537921
19.000000 -0.481558
19.050000 -1.209878
19.100000 -0.901607
19.150000 0.549233
19.200000 1.266226
19.250000 2.701181
19.300000 1.217332
19.350000 1.117882
19.400000 1.226425
19.450000 1.627719
19.500000 1.145695
19.550000 -0.488626
19.600000 0.588813
19.650000 -1.773626
19.700000 -1.921685
19.750000 -0.325934
19.799999 -1.932483
19.849999 -1.421713
19.899999 -0.185035
19.949999 -1.059208
