0.000000 -0.499652
0.050000 0.241039
0.100000 -0.448611
0.150000 0.297518
0.200000 -0.079574
0.250000 -0.285470
0.300000 -0.380453
0.350000 -0.664362
0.400000 0.784205
0.450000 0.138722
0.500000 -0.272933
0.550000 -1.260604
0.600000 -1.227978
0.650000 -1.076458
0.700000 0.638494
0.750000 -1.270307
0.800000 -0.673437
0.850000 0.742311
0.900000 -0.141319
0.950000 0.175688
1.000000 -0.290318
1.050000 -0.198451
1.100000 0.185006
1.150000 -0.724001
1.200000 -0.107716
1.250000 0.238758
1.300000 -1.399792
1.350000 -1.140106
1.400000 -0.984496
1.450000 -0.441279
1.500000 -0.183743
1.550000 0.005160
1.600000 -0.376837
1.650000 1.271194
1.700000 0.925157
1.750000 1.060552
1.800000 0.824656
1.850000 -0.533962
1.900000 -0.772416
1.950000 -3.133717
2.000000 -3.951409
2.050000 -2.678221
2.100000 -0.083793
2.150000 2.460981
2.200000 6.741021
2.250000 6.450486
2.300000 3.921191
2.350000 -1.973254
2.400000 -5.943564
2.450000 -8.382668
2.500000 -6.259473
2.550000 -1.835316
2.600000 4.738225
2.650000 9.376173
2.700000 7.906925
2.750000 3.641519
2.800000 -1.967913
2.850000 -5.035085
2.900000 -6.452774
2.950000 -3.861488
3.000000 2.229538
3.050000 5.106997
3.100000 4.588537
3.150000 3.027748
3.200000 1.039052
3.250000 -0.849624
3.300000 -4.112547
3.350000 -1.220610
3.400000 -0.172401
3.450000 2.827251
3.500000 1.006217
3.550000 1.533462
3.600000 -2.250240
3.650000 -2.364280
3.700000 -2.734117
3.750000 -2.099085
3.800000 0.908935
3.850000 0.961606
3.900000 1.163886
3.950000 -0.759718
4.000000 -0.861664
4.050000 -1.365734
4.100000 -0.409471
4.150000 -1.315302
4.200000 -0.159299
4.250000 0.415190
4.300000 0.019945
4.350000 0.462866
4.400000 0.935197
4.450000 0.630005
4.500000 0.012482
4.550000 0.009278
4.600000 -0.916043
4.650000 -0.693891
4.700000 0.532349
4.750000 -0.445628
4.800000 0.681475
4.850000 0.506382
4.900000 0.836077
4.950000 1.667510
5.000000 0.072902
5.050000 -0.884130
5.100000 0.676121
5.150000 -1.829772
5.200000 -0.744229
5.250000 -0.176586
5.300000 0.226108
5.350000 0.132741
5.400000 1.474585
5.450000 0.523490
5.500000 -1.743808
5.550000 -1.374628
5.600000 -1.722859
5.650000 -0.694663
5.700000 -0.276118
5.750000 0.875884
5.800000 0.944014
5.850000 0.272644
5.900000 0.033573
5.950000 -1.409541
6.000000 -1.302069
6.050000 -0.596305
6.100000 -0.266846
6.150000 0.434172
6.200000 1.413735
6.250000 0.968521
6.300000 -2.170250
6.350000 -1.587072
6.400000 -0.665685
6.450000 -0.165151
6.500000 -0.767411
6.550000 0.188618
6.600000 1.153589
6.650000 0.921189
6.700000 2.026938
6.750000 0.461119
6.800000 -0.552229
6.850000 -0.403649
6.900000 -0.704689
6.950000 -0.335505
7.000000 -0.258240
7.050000 1.467941
7.100000 -0.220968
7.150000 0.478116
7.200000 -0.231361
7.250000 -0.825684
7.300000 -0.653584
7.350000 -0.548686
7.400000 1.309261
7.450000 1.105960
7.500000 2.005467
7.550000 0.903236
7.600000 0.310254
7.650000 -0.087993
7.700000 -0.974570
7.750000 -1.107187
7.800000 -0.627600
7.850000 0.615979
7.900000 1.261461
7.950000 1.004313
7.999999 0.947298
8.049999 0.152792
8.100000 0.397437
8.150000 -0.665511
8.200000 1.958791
8.250000 -1.064053
8.300000 0.094049
8.350000 -0.374235
8.400000 -1.044392
8.450000 0.152617
8.500000 0.281841
8.549999 -1.308537
8.599999 0.043258
8.650000 -0.534668
8.700000 -0.597948
8.750000 -0.567688
8.800000 -0.935655
8.850000 -0.669066
8.900000 -0.804272
8.950000 -0.060750
9.000000 0.104835
9.050000 0.380603
9.099999 1.930134
9.149999 0.742768
9.200000 0.342372
9.250000 0.083205
9.300000 0.519709
9.350000 0.594256
9.400000 0.535593
9.450000 0.532005
9.500000 1.981475
9.550000 1.289964
9.600000 1.943065
9.649999 -0.136912
9.699999 0.369943
9.750000 -0.168237
9.800000 0.286872
9.850000 1.837001
9.900000 -0.086213
9.950000 -0.176867
10.000000 0.003520
10.050000 0.904614
10.100000 -0.194562
10.150000 0.800172
10.199999 0.195330
10.249999 1.180547
10.300000 0.699461
10.350000 -0.483100
10.400000 0.153131
10.450000 -0.213427
10.500000 0.687410
10.550000 -0.252617
10.600000 -1.386636
10.650000 -0.197951
10.700000 -0.260418
10.749999 0.453294
10.799999 -0.892021
10.849999 -0.536745
10.900000 -0.825063
10.950000 -1.034556
11.000000 -0.138318
11.050000 -0.085570
11.100000 -1.397335
11.150000 -1.224820
11.200000 -1.097365
11.250000 0.098696
11.299999 0.677624
11.349999 -0.810842
11.399999 0.061403
11.450000 -0.781968
11.500000 -0.434343
11.550000 -0.071911
11.600000 -0.192530
11.650000 -0.084710
11.700000 -0.635793
11.750000 -0.598741
11.800000 -0.910848
11.849999 -0.274271
11.899999 0.274251
11.949999 0.262367
12.000000 -1.054224
12.050000 0.000407
12.100000 -0.502282
12.150000 -0.026744
12.200000 0.847450
12.250000 0.473370
12.300000 0.562806
12.350000 -1.082123
12.399999 -0.174850
12.449999 -0.706683
12.499999 -1.112616
12.550000 0.235164
12.600000 -0.009743
12.650000 0.802942
12.700000 0.185253
12.750000 -0.441855
12.800000 0.444392
12.850000 -1.029404
12.900000 -0.735978
12.949999 1.036745
12.999999 0.244921
13.049999 -0.322856
13.100000 0.991104
13.150000 -0.262625
13.200000 -0.399224
13.250000 -0.355158
13.300000 -1.192294
13.350000 0.388913
13.400000 0.845123
13.450000 0.248165
13.499999 -0.695352
13.549999 -0.962894
13.599999 1.385931
13.650000 -0.758558
13.700000 0.202912
13.750000 0.288523
13.800000 0.130517
13.850000 -0.557322
13.900000 0.658733
13.950000 -0.339063
14.000000 -0.112409
14.049999 0.604201
14.099999 -0.351625
14.149999 -0.391907
14.200000 -0.851851
14.250000 0.893166
14.300000 0.551372
14.350000 -0.501528
14.400000 0.575567
14.450000 0.355200
14.500000 2.038254
14.549999 -0.200181
14.599999 -0.090221
14.649999 0.465815
14.699999 1.081060
14.750000 0.484665
14.800000 0.098042
14.850000 -2.557435
14.900000 1.176641
14.950000 -0.400806
15.000000 -1.628686
15.050000 -0.717783
15.099999 1.131604
15.149999 1.170272
15.199999 1.536199
15.249999 1.774799
15.299999 1.252548
15.350000 0.494826
15.400000 0.274731
15.450000 0.719287
15.500000 0.770889
15.550000 1.165612
15.600000 0.742283
15.650000 0.230300
15.699999 1.386235
15.750000 0.591683
15.799999 1.189384
15.850000 0.047059
15.899999 0.495969
15.950000 0.364853
15.999999 -0.441287
16.050000 1.974725
16.099999 1.205397
16.150000 -0.338279
16.200000 0.981113
16.249999 0.458554
16.300000 1.201925
16.349999 0.731385
16.400000 0.554499
16.449999 0.734456
16.500000 0.322503
16.549999 -0.400129
16.600000 0.427676
16.649999 0.010922
16.700000 -0.338976
16.750000 0.425403
16.799999 0.789136
16.850000 1.490042
16.899999 0.207449
16.950000 -0.740666
16.999999 -0.841622
17.050000 -0.174899
17.099999 -0.473888
17.150000 0.598917
17.199999 0.237253
17.250000 0.908472
17.300000 0.034290
17.349999 0.832847
17.400000 -0.789310
17.449999 0.863206
17.500000 -1.152435
17.549999 -0.017150
17.600000 0.264069
17.649999 -0.146786
17.700000 -0.510956
17.749999 0.340289
17.800000 0.443383
17.850000 1.080474
17.899999 0.513314
17.950000 1.787858
17.999999 -0.490539
18.050000 -0.896044
18.099999 0.287991
18.150000 1.020906
18.199999 -0.190804
18.250000 1.160648
18.299999 0.472153
18.350000 0.096844
18.400000 0.958797
18.449999 0.491513
18.500000 -0.562748
18.549999 0.181754
18.600000 -0.340435
18.649999 0.222993
18.700000 0.687825
18.749999 0.715955
18.800000 -0.505895
18.849999 0.774866
18.900000 -0.484183
18.950000 -0.080258
18.999999 0.136069
19.050000 0.725021
19.099999 -0.309900
19.150000 0.579594
19.199999 1.096415
19.250000 0.253930
19.299999 0.009236
19.350000 0.697970
19.399999 -0.476537
19.450000 0.170162
19.500000 0.712184
19.549999 -0.590606
19.600000 0.557496
19.649999 -0.233675
19.700000 -0.411819
19.749999 0.323787
19.800000 -0.334425
19.849999 -0.526404
19.900000 0.634096
19.949999 0.403180
