0.000000 -0.165132
0.050000 0.388192
0.100000 4.079224
0.150000 4.833745
0.200000 4.050045
0.250000 -0.035474
0.300000 1.091693
0.350000 6.133011
0.400000 1.259415
0.450000 -0.131677
0.500000 3.826187
0.550000 -1.095677
0.600000 1.760375
0.650000 -0.665418
0.700000 2.741555
0.750000 4.811943
0.800000 5.269991
0.850000 7.745167
0.900000 3.341775
0.950000 0.700622
1.000000 1.404050
1.050000 1.429697
1.100000 -0.506386
1.150000 -1.811883
1.200000 1.545871
1.250000 -0.858882
1.300000 -0.397574
1.350000 -0.684701
1.400000 5.981284
1.450000 -3.447666
1.500000 -2.326149
1.550000 2.678116
1.600000 2.436077
1.650000 2.232926
1.700000 6.052098
1.750000 5.808880
1.800000 -3.420874
1.850000 3.689219
1.900000 3.322156
1.950000 5.043093
2.000000 -3.194017
2.050000 0.147037
2.100000 0.965988
2.150000 0.055754
2.200000 0.870943
2.250000 0.410289
2.300000 0.561008
2.350000 -5.508113
2.400000 -7.489164
2.450000 -2.581378
2.500000 -6.324827
2.550000 -9.287173
2.600000 -8.346682
2.650000 -10.153004
2.700000 -9.594887
2.750000 -10.059762
2.800000 -5.570225
2.850000 -5.498023
2.900000 0.118738
2.950000 13.451355
3.000000 15.780176
3.050000 25.996136
3.100000 30.956331
3.150000 37.463840
3.200000 40.128838
3.250000 38.168945
3.300000 26.350658
3.350000 18.523932
3.400000 5.060593
3.450000 -8.445991
3.500000 -28.201475
3.550000 -41.061882
3.600000 -50.648815
3.650000 -54.958363
3.700000 -51.444374
3.750000 -40.552975
3.800000 -31.926199
3.850000 -14.490264
3.900000 -2.110296
3.950000 15.814644
4.000000 20.807106
4.050000 38.221233
4.100000 34.665524
4.150000 40.935417
4.200000 32.297035
4.250000 23.531078
4.300000 14.430853
4.350000 5.553400
4.400000 -0.589348
4.450000 -11.735673
4.500000 -19.574617
4.550000 -17.929033
4.600000 -23.425800
4.650000 -17.386307
4.700000 -13.490144
4.750000 -3.814908
4.800000 0.010490
4.850000 6.330216
4.900000 13.711952
4.950000 16.957726
5.000000 12.535852
5.050000 11.521485
5.100000 6.782770
5.150000 3.868378
5.200000 -1.252859
5.250000 0.679829
5.300000 -6.687778
5.350000 -7.407372
5.400000 -10.767152
5.450000 -3.963411
5.500000 -6.570847
5.550000 -0.281044
5.600000 3.174906
5.650000 5.326245
5.700000 3.471884
5.750000 7.318813
5.800000 12.869413
5.850000 7.865895
5.900000 4.359600
5.950000 3.297215
6.000000 2.771779
6.050000 5.991888
6.100000 -3.682519
6.150000 -5.339651
6.200000 -3.830641
6.250000 -1.197585
6.300000 -2.238376
6.350000 -3.293087
6.400000 -3.713913
6.450000 1.226344
6.500000 0.735740
6.550000 5.072225
6.600000 3.270536
6.650000 7.131011
6.700000 5.815668
6.750000 -0.922515
6.800000 6.167705
6.850000 3.525997
6.900000 -0.363280
6.950000 2.096348
7.000000 -0.410869
7.050000 -2.784480
7.100000 0.333340
7.150000 -3.994973
7.200000 0.312184
7.250000 1.142198
7.300000 -2.125343
7.350000 -2.333661
7.400000 0.980628
7.450000 -0.216530
7.500000 -5.042693
7.550000 -3.257339
7.600000 -3.109928
7.650000 -4.058512
7.700000 0.080582
7.750000 -2.069561
7.800000 3.966862
7.850000 4.358130
7.900000 0.673429
7.950000 3.980587
7.999999 4.864139
8.049999 8.968566
8.100000 5.780540
8.150000 2.095516
8.200000 -1.155734
8.250000 3.361916
8.300000 -6.318614
8.350000 -6.172305
8.400000 -7.834173
8.450000 -2.758634
8.500000 -4.251790
8.549999 -5.690849
8.599999 -5.133747
8.650000 -3.896419
8.700000 0.716164
8.750000 -2.079187
8.800000 0.851742
8.850000 0.551234
8.900000 2.345624
8.950000 1.325764
9.000000 -1.203171
9.050000 3.103908
9.099999 6.670477
9.149999 2.129555
9.200000 1.055225
9.250000 -2.342148
9.300000 0.537449
9.350000 -1.556290
9.400000 -1.491905
9.450000 -2.728238
9.500000 -3.675650
9.550000 -0.293600
9.600000 -1.900375
9.649999 4.568315
9.699999 1.983090
9.750000 -0.564234
9.800000 2.163837
9.850000 2.846286
9.900000 -1.497800
9.950000 1.953368
10.000000 2.908136
10.050000 1.910084
10.100000 3.171037
10.150000 -0.957562
10.199999 -1.795660
10.249999 -4.978260
10.300000 -3.094513
10.350000 -1.661530
10.400000 0.024674
10.450000 -1.942036
10.500000 0.092596
10.550000 -0.558100
10.600000 0.711610
10.650000 4.429073
10.700000 2.567142
10.749999 -4.963796
10.799999 -3.572629
10.849999 -3.421506
10.900000 6.691448
10.950000 1.064076
11.000000 -2.726489
11.050000 -0.057676
11.100000 -1.350918
11.150000 -2.932429
11.200000 -4.265642
11.250000 -4.525043
11.299999 -1.049379
11.349999 3.343588
11.399999 -2.863244
11.450000 0.461025
11.500000 0.129573
11.550000 2.910349
11.600000 -1.604356
11.650000 -3.231631
11.700000 5.649738
11.750000 -6.888258
11.800000 2.277340
11.849999 -1.357695
11.899999 -2.002884
11.949999 2.829062
12.000000 0.077016
12.050000 2.330476
12.100000 -0.735519
12.150000 0.685475
12.200000 5.969286
12.250000 -2.145818
12.300000 0.670367
12.350000 -1.421675
12.399999 -4.885481
12.449999 -0.640995
12.499999 -1.296687
12.550000 -1.892737
12.600000 -0.686625
12.650000 1.473708
12.700000 -4.937717
12.750000 -0.021756
12.800000 0.235529
12.850000 -1.428455
12.900000 7.556500
12.949999 1.436749
12.999999 0.501203
13.049999 -4.139728
13.100000 1.269425
13.150000 0.702559
13.200000 5.189092
13.250000 0.879162
13.300000 0.830747
13.350000 -3.857923
13.400000 3.665898
13.450000 -2.353868
13.499999 -4.001715
13.549999 -4.828904
13.599999 -1.338166
13.650000 -3.473038
13.700000 -1.580287
13.750000 1.964993
13.800000 1.565867
13.850000 -0.230534
13.900000 4.802111
13.950000 2.605812
14.000000 3.753468
14.049999 2.008171
14.099999 3.445075
14.149999 2.365770
14.200000 4.631815
14.250000 1.028425
14.300000 0.481684
14.350000 -0.269235
14.400000 -0.658975
14.450000 -1.641684
14.500000 -3.562226
14.549999 2.925662
14.599999 3.833564
14.649999 -4.709609
14.699999 4.272352
14.750000 0.422093
14.800000 -2.253594
14.850000 0.758983
14.900000 -2.357948
14.950000 -3.823833
15.000000 -2.825336
15.050000 -4.198902
15.099999 -2.614675
15.149999 -2.359091
15.199999 2.107598
15.249999 2.831978
15.299999 1.776295
15.350000 3.017467
15.400000 1.197150
15.450000 2.839532
15.500000 -3.307038
15.550000 2.563834
15.600000 1.732675
15.650000 -0.055416
15.699999 1.780101
15.750000 2.282706
15.799999 1.840156
15.850000 2.916130
15.899999 -2.721615
15.950000 1.947286
15.999999 0.445141
16.050000 0.050582
16.099999 1.987142
16.150000 -2.997777
16.200000 5.242369
16.249999 -2.175623
16.300000 0.491767
16.349999 -3.454433
16.400000 0.824409
16.449999 -1.217490
16.500000 0.548257
16.549999 -3.106159
16.600000 -1.077427
16.649999 -3.880549
16.700000 0.519985
16.750000 -3.386688
16.799999 0.886634
16.850000 -2.289115
16.899999 3.356945
16.950000 5.287947
16.999999 6.236222
17.050000 4.253414
17.099999 2.956087
17.150000 -0.656810
17.199999 5.994202
17.250000 5.033109
17.300000 6.314138
17.349999 -1.827856
17.400000 -0.577488
17.449999 -3.156324
17.500000 -7.087811
17.549999 -1.180450
17.600000 -4.545012
17.649999 0.320348
17.700000 -1.744679
17.749999 -1.547385
17.800000 -1.023348
17.850000 -0.429557
17.899999 -0.796596
17.950000 -1.140693
17.999999 -3.272551
18.050000 2.698768
18.099999 4.448588
18.150000 3.481643
18.199999 3.358718
18.250000 5.186766
18.299999 3.372368
18.350000 7.718325
18.400000 3.473396
18.449999 10.905137
18.500000 4.633705
18.549999 5.097823
18.600000 -1.227503
18.649999 -1.542230
18.700000 -2.047655
18.749999 2.234234
18.800000 -4.343035
18.849999 -0.762231
18.900000 -2.694258
18.950000 -1.926868
18.999999 -0.078808
19.050000 2.863958
19.099999 -1.496777
19.150000 2.033556
19.199999 7.359367
19.250000 2.241743
19.299999 1.201192
19.350000 0.441077
19.399999 -3.215261
19.450000 -0.832771
19.500000 -3.722270
19.549999 -2.378033
19.600000 -2.581946
19.649999 -3.858860
19.700000 -5.287474
19.749999 -2.632699
19.800000 -2.552757
19.849999 -3.082563
19.900000 -4.235242
19.949999 0.464655
