0.000000 8.697920
0.050000 15.088355
0.100000 17.351173
0.150000 26.932823
0.200000 6.929375
0.250000 -0.357384
0.300000 18.516312
0.350000 -24.037292
0.400000 14.900981
0.450000 8.138443
0.500000 -15.114346
0.550000 17.858391
0.600000 -5.539016
0.650000 -17.267094
0.700000 -1.632915
0.750000 12.354053
0.800000 3.615228
0.850000 3.635096
0.900000 -4.953701
0.950000 24.169880
1.000000 23.791870
1.050000 12.550938
1.100000 9.098000
1.150000 3.481078
1.200000 14.152767
1.250000 -10.315713
1.300000 -0.267494
1.350000 1.990597
1.400000 -2.960992
1.450000 2.529447
1.500000 -5.393185
1.550000 -3.837196
1.600000 5.874997
1.650000 27.063227
1.700000 -9.800261
1.750000 -6.602343
1.800000 17.084274
1.850000 -8.429436
1.900000 17.208220
1.950000 4.242990
2.000000 -16.188637
2.050000 21.382238
2.100000 -3.353288
2.150000 8.720943
2.200000 1.098836
2.250000 -13.469252
2.300000 2.146975
2.350000 -21.575544
2.400000 9.699169
2.450000 -21.062292
2.500000 -3.541676
2.550000 -3.034977
2.600000 -11.375809
2.650000 -14.712122
2.700000 -3.991138
2.750000 11.288774
2.800000 -12.009231
2.850000 -3.221070
2.900000 0.687410
2.950000 10.825569
3.000000 -10.010126
3.050000 2.916196
3.100000 -4.154716
3.150000 -4.203053
3.200000 2.986316
3.250000 -1.575698
3.300000 2.443894
3.350000 -6.874404
3.400000 9.231602
3.450000 -2.271421
3.500000 14.814064
3.550000 -8.504515
3.600000 7.622385
3.650000 7.804785
3.700000 14.574070
3.750000 30.781027
3.800000 4.267364
3.850000 21.238295
3.900000 27.870071
3.950000 26.033224
4.000000 44.824249
4.050000 31.672318
4.100000 22.000458
4.150000 32.489208
4.200000 23.869373
4.250000 54.848534
4.300000 36.670261
4.350000 33.397827
4.400000 47.317863
4.450000 29.992887
4.500000 54.673645
4.550000 30.253649
4.600000 32.965096
4.650000 23.303967
4.700000 18.380049
4.750000 -3.283497
4.800000 -10.291111
4.850000 5.676661
4.900000 -13.466409
4.950000 -3.682213
5.000000 -27.306376
5.050000 -55.039597
5.100000 -30.620047
5.150000 -63.633266
5.200000 -74.929047
5.250000 -64.918816
5.300000 -68.492271
5.350000 -87.508858
5.400000 -83.780014
5.450000 -93.872910
5.500000 -107.736366
5.550000 -111.173149
5.600000 -116.396637
5.650000 -123.112122
5.700000 -89.983749
5.750000 -83.488800
5.800000 -98.145454
5.850000 -80.259911
5.900000 -84.813889
5.950000 -39.793743
6.000000 -72.349655
6.050000 -76.990997
6.100000 -69.995728
6.150000 -36.093960
6.200000 -30.411058
6.250000 -44.182350
6.300000 -41.636719
6.350000 -26.525658
6.400000 -4.160764
6.450000 7.656518
6.500000 13.582524
6.550000 33.945343
6.600000 41.924301
6.650000 53.693531
6.700000 27.983534
6.750000 46.655106
6.800000 56.800640
6.850000 93.031097
6.900000 79.344635
6.950000 85.421707
7.000000 90.842308
7.050000 106.862144
7.100000 108.677147
7.150000 133.574081
7.200000 123.247826
7.250000 97.204445
7.300000 112.033890
7.350000 103.601051
7.400000 107.382210
7.450000 101.521561
7.500000 112.900955
7.550000 81.125267
7.600000 105.976357
7.650000 88.186005
7.700000 76.789940
7.750000 91.597092
7.800000 95.270676
7.850000 70.623421
7.900000 80.014435
7.950000 79.704620
7.999999 62.761272
8.049999 49.838116
8.100000 40.641960
8.150000 22.905779
8.200000 13.582644
8.250000 5.777873
8.300000 14.524956
8.350000 -3.037548
8.400000 -32.299175
8.450000 -16.103127
8.500000 -39.275471
8.549999 -26.583010
8.599999 -29.825089
8.650000 -37.306488
8.700000 -79.944115
8.750000 -42.967239
8.800000 -70.991562
8.850000 -75.059517
8.900000 -81.579086
8.950000 -73.703079
9.000000 -73.732826
9.050000 -83.466385
9.099999 -79.407555
9.149999 -80.128372
9.200000 -60.020260
9.250000 -59.447571
9.300000 -57.863220
9.350000 -53.961590
9.400000 -57.094376
9.450000 -76.789024
9.500000 -68.176445
9.550000 -60.914341
9.600000 -50.323444
9.649999 -50.570293
9.699999 -40.001781
9.750000 -32.175056
9.800000 -14.583330
9.850000 -21.272175
9.900000 -16.979761
9.950000 -41.663673
10.000000 -20.166349
10.050000 -7.657346
10.100000 -4.466867
10.150000 -5.987249
10.199999 -4.313092
10.249999 9.620298
10.300000 2.999493
10.350000 7.962790
10.400000 28.647873
10.450000 25.183432
10.500000 -2.193437
10.550000 23.278538
10.600000 38.809780
10.650000 6.410251
10.700000 38.679054
10.749999 27.951721
10.799999 24.800993
10.849999 43.944523
10.900000 58.968647
10.950000 32.920750
11.000000 51.702469
11.050000 33.753193
11.100000 23.089413
11.150000 21.595011
11.200000 26.120569
11.250000 31.993217
11.299999 39.454327
11.349999 12.345282
11.399999 12.361815
11.450000 12.663970
11.500000 29.475243
11.550000 42.379444
11.600000 19.358391
11.650000 24.260094
11.700000 12.101709
11.750000 28.011721
11.800000 7.286013
11.849999 41.360058
11.899999 8.624871
11.949999 7.518106
12.000000 2.713401
12.050000 5.533837
12.100000 -1.136930
12.150000 -20.212475
12.200000 8.441590
12.250000 -2.433415
12.300000 -21.547485
12.350000 -12.731997
12.399999 -24.752306
12.449999 -5.751516
12.499999 10.539306
12.550000 0.462807
12.600000 3.503424
12.650000 23.533609
12.700000 0.964759
12.750000 1.765036
12.800000 8.779900
12.850000 -3.657213
12.900000 19.045725
12.949999 7.386116
12.999999 -8.882712
13.049999 14.433861
13.100000 8.316578
13.150000 20.214464
13.200000 13.162428
13.250000 8.202600
13.300000 13.605200
13.350000 -8.868910
13.400000 -1.243397
13.450000 -0.347793
13.499999 -3.670252
13.549999 -13.366384
13.599999 -13.922867
13.650000 8.560906
13.700000 -8.184103
13.750000 13.135059
13.800000 7.160696
13.850000 -1.259283
13.900000 -9.614598
13.950000 26.697506
14.000000 11.783570
14.049999 2.567342
14.099999 8.845635
14.149999 -20.128778
14.200000 33.483826
14.250000 24.752996
14.300000 15.066005
14.350000 -3.458745
14.400000 -7.719189
14.450000 0.434973
14.500000 1.789968
14.549999 13.309649
14.599999 -0.097676
14.649999 6.231303
14.699999 5.847441
14.750000 -4.838126
14.800000 16.493307
14.850000 -13.938198
14.900000 -0.793144
14.950000 -3.621370
15.000000 0.208257
15.050000 16.329008
15.099999 22.155790
15.149999 -9.272436
15.199999 -2.181837
15.249999 9.809261
15.299999 13.198248
15.350000 2.035037
15.400000 2.520607
15.450000 1.052478
15.500000 -3.169907
15.550000 14.285018
15.600000 26.123156
15.650000 3.729604
15.699999 13.387157
15.750000 -1.320268
15.799999 -6.495270
15.850000 1.231346
15.899999 -2.225667
15.950000 -18.206919
15.999999 -11.175277
16.050000 -14.698234
16.099999 6.357854
16.150000 15.560750
16.200000 18.325806
16.249999 5.062562
16.300000 -3.938006
16.349999 18.996613
16.400000 2.798218
16.449999 11.729551
16.500000 4.116767
16.549999 18.524883
16.600000 -4.066330
16.649999 -9.024885
16.700000 2.915478
16.750000 5.914464
16.799999 -10.587860
16.850000 12.516128
16.899999 3.901180
16.950000 10.351216
16.999999 14.944237
17.050000 17.029587
17.099999 6.366768
17.150000 0.117237
17.199999 -5.224672
17.250000 0.715302
17.300000 1.863743
17.349999 16.219049
17.400000 -1.856090
17.449999 -11.886818
17.500000 3.246501
17.549999 1.492481
17.600000 -9.613027
17.649999 -12.388338
17.700000 -0.173432
17.749999 9.339459
17.800000 12.644120
17.850000 -2.481889
17.899999 -13.756517
17.950000 -7.087120
17.999999 -2.319651
18.050000 -2.818297
18.099999 -5.674658
18.150000 -16.770010
18.199999 -0.550776
18.250000 -19.829386
18.299999 -23.093317
18.350000 -21.060158
18.400000 -15.126215
18.449999 -8.375397
18.500000 6.487153
18.549999 -21.156115
18.600000 -14.733107
18.649999 -6.731695
18.700000 -0.469030
18.749999 -20.474199
18.800000 -2.867770
18.849999 -13.189274
18.900000 -42.599247
18.950000 -3.668956
18.999999 30.197905
19.050000 -30.623552
19.099999 -6.559723
19.150000 -2.940238
19.199999 -13.865003
19.250000 -3.207369
19.299999 -20.952381
19.350000 -14.174925
19.399999 -0.765142
19.450000 -18.829996
19.500000 -13.868926
19.549999 -6.028886
19.600000 2.665276
19.649999 -12.728124
19.700000 17.421005
19.749999 8.166780
19.800000 12.186212
19.849999 0.339958
19.900000 26.213974
19.949999 8.389703
