0.000000 0.168455
0.050000 0.089555
0.100000 -0.110606
0.150000 0.020684
0.200000 0.282579
0.250000 0.050271
0.300000 0.207907
0.350000 0.098163
0.400000 0.256397
0.450000 0.121838
0.500000 0.039857
0.550000 -0.052415
0.600000 -0.242444
0.650000 -0.195747
0.700000 -0.084683
0.750000 -0.152838
0.800000 -0.097525
0.850000 0.008985
0.900000 -0.143288
0.950000 0.019123
1.000000 0.045589
1.050000 -0.153483
1.100000 -0.099498
1.150000 0.244588
1.200000 -0.033584
1.250000 0.091406
1.300000 0.063091
1.350000 0.007830
1.400000 -0.034323
1.450000 -0.113636
1.500000 0.279417
1.550000 -0.131080
1.600000 0.181107
1.650000 0.197751
1.700000 -0.085955
1.750000 -0.041774
1.800000 -0.035885
1.850000 0.136901
1.900000 -0.112699
1.950000 -0.212585
2.000000 -0.055745
2.050000 -0.122341
2.100000 -0.082239
2.150000 0.016962
2.200000 0.013506
2.250000 0.185150
2.300000 0.285328
2.350000 -0.137158
2.400000 0.392300
2.450000 0.007917
2.500000 0.148022
2.550000 0.086035
2.600000 0.008567
2.650000 0.245472
2.700000 0.156115
2.750000 0.250537
2.800000 0.097544
2.850000 0.160725
2.900000 0.131299
2.950000 -0.171768
3.000000 -0.272033
3.050000 -0.553965
3.100000 -0.396437
3.150000 -0.389384
3.200000 -0.475124
3.250000 -0.397407
3.300000 -0.273868
3.350000 -0.332645
3.400000 -0.054942
3.450000 0.117627
3.500000 0.375292
3.550000 0.714056
3.600000 0.868626
3.650000 0.808519
3.700000 1.095186
3.750000 1.016460
3.800000 0.945730
3.850000 0.937139
3.900000 0.680288
3.950000 0.529422
4.000000 0.422254
4.050000 -0.099761
4.100000 -0.276166
4.150000 -0.569866
4.200000 -0.765695
4.250000 -0.960595
4.300000 -1.130103
4.350000 -1.090665
4.400000 -1.391302
4.450000 -1.167385
4.500000 -0.938183
4.550000 -0.631724
4.600000 -0.362813
4.650000 -0.093044
4.700000 0.248065
4.750000 0.349520
4.800000 0.743996
4.850000 0.786929
4.900000 0.921432
4.950000 1.167421
5.000000 0.908889
5.050000 0.873171
5.100000 0.746900
5.150000 0.613643
5.200000 0.359799
5.250000 0.321606
5.300000 0.034862
5.350000 -0.082564
5.400000 0.006173
5.450000 -0.340676
5.500000 -0.497815
5.550000 -0.531674
5.600000 -0.762589
5.650000 -0.737472
5.700000 -0.381875
5.750000 -0.432964
5.800000 -0.322843
5.850000 -0.016525
5.900000 0.052824
5.950000 0.189513
6.000000 0.435262
6.050000 0.290880
6.100000 0.412996
6.150000 0.485631
6.200000 0.479034
6.250000 0.289192
6.300000 0.307951
6.350000 0.142128
6.400000 0.138088
6.450000 -0.003505
6.500000 -0.015536
6.550000 -0.193552
6.600000 -0.282868
6.650000 -0.153284
6.700000 -0.002263
6.750000 -0.222364
6.800000 -0.483837
6.850000 -0.304329
6.900000 -0.335625
6.950000 -0.121475
7.000000 0.001467
7.050000 0.054270
7.100000 -0.079947
7.150000 0.174497
7.200000 0.337574
7.250000 0.266630
7.300000 0.092406
7.350000 0.257734
7.400000 0.181293
7.450000 0.303911
7.500000 0.148050
7.550000 0.171454
7.600000 0.011188
7.650000 0.081777
7.700000 -0.117392
7.750000 -0.124195
7.800000 -0.129850
7.850000 -0.211363
7.900000 0.028333
7.950000 -0.251893
7.999999 -0.174435
8.049999 0.000782
8.100000 0.044814
8.150000 -0.068289
8.200000 -0.017051
8.250000 -0.023112
8.300000 0.185780
8.350000 0.201833
8.400000 0.074751
8.450000 0.096985
8.500000 0.366021
8.549999 0.116048
8.599999 0.280695
8.650000 0.207933
8.700000 0.058125
8.750000 0.278367
8.800000 -0.142283
8.850000 -0.213804
8.900000 -0.129472
8.950000 0.031011
9.000000 -0.163261
9.050000 0.115030
9.099999 -0.107928
9.149999 -0.110634
9.200000 -0.095695
9.250000 -0.118071
9.300000 -0.080438
9.350000 -0.043605
9.400000 0.079107
9.450000 0.030930
9.500000 0.197366
9.550000 -0.046427
9.600000 0.168121
9.649999 0.320978
9.699999 0.163415
9.750000 0.187795
9.800000 0.080356
9.850000 0.101776
9.900000 0.060903
9.950000 -0.085115
10.000000 -0.057776
10.050000 -0.028372
10.100000 0.173146
10.150000 0.170610
10.199999 0.013555
10.249999 0.017424
10.300000 0.134003
10.350000 0.077154
10.400000 -0.053108
10.450000 -0.218518
10.500000 -0.082128
10.550000 -0.077753
10.600000 0.000747
10.650000 -0.102544
10.700000 -0.031484
10.749999 0.119396
10.799999 -0.052898
10.849999 0.095092
10.900000 -0.182227
10.950000 0.098520
11.000000 0.027070
11.050000 0.082105
11.100000 -0.008134
11.150000 0.102126
11.200000 0.036207
11.250000 -0.015035
11.299999 0.324995
11.349999 -0.069531
11.399999 0.045711
11.450000 -0.251283
11.500000 0.080138
11.550000 -0.065766
11.600000 0.110871
11.650000 0.109118
11.700000 -0.110327
11.750000 0.253767
11.800000 -0.061082
11.849999 -0.050597
11.899999 -0.105739
11.949999 -0.074458
12.000000 0.141847
12.050000 -0.211824
12.100000 0.137194
12.150000 -0.028133
12.200000 0.065386
12.250000 0.064678
12.300000 0.059964
12.350000 0.062220
12.399999 0.122829
12.449999 -0.035232
12.499999 0.251388
12.550000 0.196266
12.600000 0.020103
12.650000 0.149907
12.700000 0.143801
12.750000 -0.175740
12.800000 0.178361
12.850000 -0.014437
12.900000 0.112722
12.949999 0.018590
12.999999 -0.082480
13.049999 0.046902
13.100000 -0.133407
13.150000 0.119103
13.200000 -0.049420
13.250000 0.128998
13.300000 0.047796
13.350000 -0.035068
13.400000 0.023460
13.450000 -0.178594
13.499999 0.117899
13.549999 0.153388
13.599999 0.227660
13.650000 0.206747
13.700000 0.001648
13.750000 0.097010
13.800000 0.070634
13.850000 0.050251
13.900000 0.151288
13.950000 0.153085
14.000000 -0.226816
14.049999 -0.026093
14.099999 0.067667
14.149999 0.045960
14.200000 -0.166472
14.250000 -0.046287
14.300000 0.142716
14.350000 -0.076854
14.400000 -0.124709
14.450000 -0.147411
14.500000 -0.193681
14.549999 0.223188
14.599999 -0.198523
14.649999 0.086282
14.699999 -0.009549
14.750000 0.078706
14.800000 -0.022196
14.850000 -0.060160
14.900000 0.105870
14.950000 0.265948
15.000000 0.088724
15.050000 -0.007834
15.099999 -0.047384
15.149999 -0.010297
15.199999 -0.000300
15.249999 -0.040473
15.299999 0.003358
15.350000 -0.026987
15.400000 -0.055289
15.450000 0.046909
15.500000 -0.198148
15.550000 -0.116687
15.600000 -0.074987
15.650000 -0.181166
15.699999 -0.070499
15.750000 0.092000
15.799999 -0.014896
15.850000 0.024956
15.899999 -0.179045
15.950000 -0.048508
15.999999 -0.100195
16.050000 -0.139864
16.099999 0.099961
16.150000 0.255311
16.200000 -0.081639
16.249999 0.228936
16.300000 -0.000476
16.349999 0.108504
16.400000 0.038971
16.449999 0.039195
16.500000 0.074823
16.549999 -0.121018
16.600000 0.035398
16.649999 0.152619
16.700000 -0.092057
16.750000 -0.037254
16.799999 -0.060570
16.850000 0.020794
16.899999 0.023176
16.950000 -0.069809
16.999999 -0.285856
17.050000 -0.020159
17.099999 -0.134644
17.150000 -0.056830
17.199999 -0.152974
17.250000 0.098671
17.300000 0.310750
17.349999 -0.092699
17.400000 0.187994
17.449999 -0.036067
17.500000 0.080088
17.549999 0.247591
17.600000 0.101116
17.649999 0.043190
17.700000 0.163619
17.749999 0.074340
17.800000 0.202918
17.850000 0.073862
17.899999 0.139236
17.950000 0.182266
17.999999 -0.123305
18.050000 -0.062263
18.099999 0.145569
18.150000 0.110740
18.199999 -0.132300
18.250000 -0.167611
18.299999 -0.110255
18.350000 -0.242751
18.400000 0.074564
18.449999 -0.077321
18.500000 0.089896
18.549999 -0.088285
18.600000 -0.112998
18.649999 -0.098102
18.700000 -0.162205
18.749999 0.177021
18.800000 0.097873
18.849999 0.081302
18.900000 0.173505
18.950000 0.065894
18.999999 0.287213
19.050000 0.369734
19.099999 0.060802
19.150000 0.105350
19.199999 -0.021325
19.250000 -0.136507
19.299999 0.018558
19.350000 -0.051440
19.399999 -0.100221
19.450000 0.018236
19.500000 -0.067813
19.549999 -0.049156
19.600000 -0.218823
19.649999 -0.083898
19.700000 0.035371
19.749999 -0.032387
19.800000 0.297975
19.849999 -0.233143
19.900000 0.143566
19.949999 0.052143
