0.000000 4.480633
0.050000 8.095229
0.100000 -0.501147
0.150000 -0.966800
0.200000 0.777924
0.250000 4.336506
0.300000 2.386083
0.350000 6.170853
0.400000 10.560472
0.450000 3.952372
0.500000 2.814894
0.550000 -8.956378
0.600000 2.490791
0.650000 -0.434767
0.700000 3.803479
0.750000 -1.568598
0.800000 5.379755
0.850000 1.217723
0.900000 3.605275
0.950000 7.453049
1.000000 7.406612
1.050000 7.518784
1.100000 5.914207
1.150000 22.347803
1.200000 0.728441
1.250000 3.144001
1.300000 -0.179408
1.350000 -5.104173
1.400000 2.769205
1.450000 -5.874474
1.500000 0.040474
1.550000 -0.042352
1.600000 -3.711800
1.650000 -11.372827
1.700000 -11.593620
1.750000 -8.433502
1.800000 -5.334496
1.850000 2.413681
1.900000 -3.705804
1.950000 12.936980
2.000000 11.607433
2.050000 6.659888
2.100000 6.527580
2.150000 -1.256858
2.200000 4.454090
2.250000 11.024319
2.300000 6.075990
2.350000 5.456789
2.400000 9.283310
2.450000 11.988291
2.500000 10.798943
2.550000 22.211878
2.600000 -1.629110
2.650000 -1.026510
2.700000 -5.778635
2.750000 -7.144747
2.800000 -15.206479
2.850000 -20.257696
2.900000 -22.351379
2.950000 -30.408766
3.000000 -25.650848
3.050000 -32.173038
3.100000 -18.033964
3.150000 -4.360352
3.200000 6.065501
3.250000 35.330669
3.300000 43.875996
3.350000 58.758778
3.400000 62.305416
3.450000 63.799858
3.500000 64.934502
3.550000 57.507816
3.600000 40.012878
3.650000 20.657049
3.700000 0.186387
3.750000 -38.616615
3.800000 -51.954704
3.850000 -64.440437
3.900000 -75.555588
3.950000 -74.189598
4.000000 -62.805069
4.050000 -64.687920
4.100000 -63.809959
4.150000 -36.072826
4.200000 -36.131729
4.250000 -11.234422
4.300000 18.557123
4.350000 27.855700
4.400000 35.143955
4.450000 30.816008
4.500000 39.287498
4.550000 30.330984
4.600000 37.490345
4.650000 28.690014
4.700000 12.835196
4.750000 20.165449
4.800000 16.067898
4.850000 6.026515
4.900000 0.473983
4.950000 -1.861678
5.000000 -9.500412
5.050000 -22.166540
5.100000 -13.694911
5.150000 -26.897902
5.200000 -15.699602
5.250000 -17.712040
5.300000 -11.761569
5.350000 -3.701572
5.400000 1.264915
5.450000 15.918354
5.500000 4.579300
5.550000 19.501865
5.600000 11.229675
5.650000 12.444585
5.700000 7.215370
5.750000 9.411011
5.800000 12.140874
5.850000 6.664356
5.900000 5.544626
5.950000 3.852412
6.000000 1.980581
6.050000 -15.773155
6.100000 -1.038939
6.150000 -19.734699
6.200000 -23.104900
6.250000 -13.255974
6.300000 -8.896309
6.350000 -13.342129
6.400000 -5.689190
6.450000 8.797550
6.500000 14.448665
6.550000 7.565116
6.600000 15.483062
6.650000 18.579262
6.700000 5.616380
6.750000 4.640986
6.800000 8.466511
6.850000 3.215644
6.900000 -0.074151
6.950000 0.518619
7.000000 -6.980305
7.050000 2.063799
7.100000 -10.766674
7.150000 1.381269
7.200000 -7.083344
7.250000 -1.623216
7.300000 -10.591922
7.350000 -4.082803
7.400000 -3.425920
7.450000 4.857963
7.500000 8.480236
7.550000 3.992566
7.600000 8.095318
7.650000 7.487439
7.700000 -4.682399
7.750000 -5.627701
7.800000 -5.117107
7.850000 -10.120770
7.900000 -3.678840
7.950000 -2.687821
8.000000 3.807475
8.050000 0.045694
8.100000 3.761639
8.150000 20.621170
8.200000 13.542982
8.250000 7.953266
8.300000 16.451916
8.350000 -1.638801
8.400000 -2.564187
8.450000 4.259242
8.500000 2.694482
8.550000 1.522675
8.600000 4.698189
8.650000 1.499820
8.700000 1.385623
8.750000 5.134734
8.800000 -0.205073
8.850000 -0.583091
8.900000 -2.852780
8.950000 1.277252
9.000000 -7.483534
9.050000 -4.911345
9.100000 6.366368
9.150000 6.386304
9.200000 1.399849
9.250000 9.872995
9.300000 4.885333
9.350000 -1.793911
9.400000 8.737224
9.450000 3.170647
9.500000 0.375802
9.550000 0.867399
9.600000 -1.238695
9.650000 -5.492850
9.700000 0.405280
9.750000 0.366721
9.800000 4.844287
9.850000 4.245035
9.900000 -7.342566
9.950000 -5.264434
10.000000 -5.266263
10.050000 1.151440
10.100000 2.029990
10.150000 -11.621412
10.200000 2.543860
10.250000 -0.625311
10.300000 4.947105
10.350000 -5.487026
10.400000 -4.542038
10.450000 10.437438
10.500000 -8.349576
10.550000 -0.437289
10.600000 3.568387
10.650000 6.894272
10.700000 -2.071727
10.750000 -1.381488
10.800000 13.119197
10.850000 10.182095
10.900000 -5.247156
10.950000 1.803395
11.000000 -1.640585
11.050000 -6.409943
11.100000 5.208782
11.150000 3.434796
11.200000 1.259334
11.250000 4.737017
11.300000 6.254785
11.350000 9.968113
11.400000 5.020666
11.450000 0.417411
11.500000 -8.383905
11.550000 -5.011411
11.600000 -2.631028
11.650000 2.064631
11.700000 8.250527
11.750000 3.615493
11.800000 4.968891
11.850000 2.213244
11.900000 3.658696
11.950000 -1.110773
12.000000 -4.110392
12.050000 10.934133
12.100000 -2.835115
12.150000 6.673399
12.200000 1.513564
12.250000 15.160843
12.300000 4.855309
12.350000 11.261167
12.400000 2.826655
12.450000 6.569661
12.500000 -3.192451
12.550000 -12.853148
12.600000 -2.961277
12.650000 2.079976
12.700000 6.548684
12.750000 -3.525331
12.800000 3.929218
12.850000 1.292410
12.900000 -13.096125
12.950000 -14.474895
13.000000 -1.799613
13.050000 -0.739247
13.100000 1.218436
13.150000 -6.365932
13.200000 0.929144
13.250000 -0.541613
13.300000 1.730025
13.350000 -3.246425
13.400000 1.444137
13.450000 3.712492
13.500000 -1.021527
13.550000 -0.521823
13.600000 -1.672237
13.650000 4.508182
13.700000 -2.081335
13.750000 2.416163
13.800000 -2.453509
13.850000 -4.597232
13.900000 -1.548963
13.950000 0.397800
14.000000 -9.692889
14.050000 -11.178779
14.100000 -6.103757
14.150000 0.842683
14.200000 -1.979723
14.250000 -3.939826
14.300000 7.576347
14.350000 -2.049194
14.400000 -7.675623
14.450000 -2.044314
14.500000 1.639915
14.550000 1.762363
14.600000 -2.036324
14.650000 5.435592
14.700000 10.618640
14.750000 7.645365
14.800000 2.003857
14.850000 -4.681360
14.900000 -5.990052
14.950000 -1.954836
15.000000 -7.415516
15.050000 7.347844
15.100000 -4.268515
15.150000 -4.556416
15.200000 -18.234266
15.250000 -4.535165
15.300000 -3.151714
15.350000 0.463784
15.400000 6.116779
15.450000 -0.249722
15.500000 6.086161
15.550000 11.025901
15.600000 4.244282
15.650000 11.551065
15.700000 11.800635
15.750000 -1.275325
15.800000 4.195785
15.850000 -3.252621
15.900000 5.151208
15.950000 0.620136
16.000000 3.144702
16.050000 -1.922681
16.100000 0.503411
16.150000 1.972936
16.200000 -8.869582
16.250000 0.951481
16.300000 -5.276076
16.350000 -1.401397
16.400000 -2.779959
16.450000 3.737299
16.500000 1.824992
16.550000 -8.232574
16.600000 -3.706968
16.650000 2.982710
16.700000 2.310913
16.750000 1.876744
16.800000 -6.802988
16.850000 -4.174372
16.900000 -3.561592
16.950000 5.024145
17.000000 2.812516
17.050000 -0.487076
17.100000 5.250397
17.150000 5.602757
17.200000 0.231702
17.250000 6.037725
17.300000 11.135494
17.350000 6.474078
17.400000 9.965528
17.450000 9.488790
17.500000 9.356047
17.550000 -5.489942
17.600000 3.557307
17.650000 4.095708
17.700000 3.457712
17.750000 -4.585308
17.800000 0.295959
17.850000 -4.016978
17.900000 -6.314921
17.950000 -9.310483
18.000000 -3.351939
18.050000 -14.934459
18.100000 -3.053824
18.150000 -9.054813
18.200000 2.397738
18.250000 5.679327
18.300000 1.121804
18.350000 1.797968
18.400000 6.401619
18.450000 10.173401
18.500000 5.194338
18.550000 1.831267
18.600000 2.031919
18.650000 11.170553
18.700000 7.124936
18.750000 6.862278
18.800000 12.270917
18.850000 2.533487
18.900000 7.055647
18.950000 1.880227
19.000000 -4.663638
19.050000 -1.885489
19.100000 -7.490919
19.150000 -6.423605
19.200000 -4.443462
19.250000 -15.508950
19.300000 -8.931762
19.350000 -8.605084
19.400000 3.702171
19.450000 8.724496
19.500000 12.238171
19.550000 10.590940
19.600000 7.303106
19.650000 3.659185
19.700000 -0.227101
19.750000 0.338616
19.799999 1.220368
19.849999 -1.280046
19.899999 -5.194991
19.949999 5.917717
