0.000000 -12.566608
0.050000 11.584083
0.100000 -12.326131
0.150000 6.680779
0.200000 1.892778
0.250000 3.556648
0.300000 10.888116
0.350000 24.344271
0.400000 -7.943109
0.450000 24.528357
0.500000 -11.551770
0.550000 7.528905
0.600000 2.101366
0.650000 3.136671
0.700000 -1.166914
0.750000 11.919406
0.800000 -4.455630
0.850000 -2.465246
0.900000 1.618551
0.950000 5.893626
1.000000 21.041037
1.050000 8.537668
1.100000 29.285265
1.150000 -6.300157
1.200000 1.688973
1.250000 12.741488
1.300000 0.432937
1.350000 -2.218884
1.400000 -7.311123
1.450000 2.904698
1.500000 -12.782629
1.550000 -10.790221
1.600000 8.214989
1.650000 2.974812
1.700000 -8.072701
1.750000 1.259976
1.800000 11.589285
1.850000 -2.116433
1.900000 18.463211
1.950000 -5.466768
2.000000 11.724643
2.050000 11.998362
2.100000 10.650044
2.150000 9.521740
2.200000 -21.495787
2.250000 7.479226
2.300000 -2.442229
2.350000 25.829462
2.400000 36.459888
2.450000 25.346813
2.500000 16.325773
2.550000 -1.932680
2.600000 3.824197
2.650000 3.658390
2.700000 -8.922142
2.750000 6.277715
2.800000 -19.757969
2.850000 -45.764988
2.900000 -55.479095
2.950000 -57.304016
3.000000 -72.392654
3.050000 -52.750633
3.100000 -31.423067
3.150000 -9.655467
3.200000 18.870386
3.250000 24.796051
3.300000 103.136749
3.350000 124.988403
3.400000 140.148712
3.450000 126.842926
3.500000 116.901924
3.550000 85.296417
3.600000 39.545712
3.650000 3.535621
3.700000 -64.072388
3.750000 -98.683426
3.800000 -126.217369
3.850000 -134.562973
3.900000 -150.055405
3.950000 -147.794662
4.000000 -116.715027
4.050000 -86.437637
4.100000 -40.583672
4.150000 -6.768842
4.200000 38.561874
4.250000 96.844994
4.300000 105.353172
4.350000 90.323448
4.400000 107.273689
4.450000 72.255112
4.500000 72.067619
4.550000 29.378370
4.600000 -2.016352
4.650000 -43.858883
4.700000 -49.893005
4.750000 -46.993477
4.800000 -67.258530
4.850000 -50.563808
4.900000 -59.490257
4.950000 -35.457882
5.000000 2.673928
5.050000 5.080735
5.100000 8.019263
5.150000 40.440155
5.200000 33.881889
5.250000 24.643574
5.300000 45.634705
5.350000 13.998843
5.400000 19.767981
5.450000 16.348391
5.500000 2.428552
5.550000 -35.058640
5.600000 -17.685575
5.650000 -6.612255
5.700000 -11.443979
5.750000 4.419713
5.800000 -2.433111
5.850000 13.684931
5.900000 -0.385642
5.950000 6.664524
6.000000 4.790495
6.050000 18.260281
6.100000 15.580128
6.150000 2.380852
6.200000 2.188263
6.250000 -12.713476
6.300000 7.180341
6.350000 2.836360
6.400000 -10.690847
6.450000 -12.135032
6.500000 -1.293096
6.550000 1.604210
6.600000 20.817047
6.650000 0.491610
6.700000 17.029022
6.750000 15.972362
6.800000 3.907986
6.850000 6.088911
6.900000 12.621500
6.950000 12.136357
7.000000 -16.813839
7.050000 4.443154
7.100000 -19.237770
7.150000 13.300467
7.200000 -1.193444
7.250000 -14.973629
7.300000 11.524092
7.350000 19.489241
7.400000 -1.550664
7.450000 -1.328933
7.500000 1.381063
7.550000 -14.049464
7.600000 19.062641
7.650000 -7.166062
7.700000 11.064617
7.750000 -30.033154
7.800000 -10.976169
7.850000 -27.535799
7.900000 -7.490863
7.950000 4.661125
7.999999 -3.098235
8.049999 -5.699255
8.100000 21.092060
8.150000 19.473738
8.200000 19.223511
8.250000 30.040247
8.300000 21.783871
8.350000 0.060912
8.400000 24.065720
8.450000 2.952747
8.500000 1.927266
8.549999 -9.670911
8.599999 -4.753293
8.650000 -20.048140
8.700000 -38.059013
8.750000 -19.068472
8.800000 -1.504344
8.850000 -9.566247
8.900000 9.598966
8.950000 8.682771
9.000000 24.436357
9.050000 -9.379552
9.099999 1.954712
9.149999 10.779030
9.200000 12.803286
9.250000 -6.773383
9.300000 -1.569493
9.350000 -2.582647
9.400000 -2.585536
9.450000 21.125980
9.500000 30.130657
9.550000 13.004016
9.600000 -10.906355
9.649999 -3.825696
9.699999 6.695517
9.750000 4.641436
9.800000 5.470038
9.850000 10.825746
9.900000 10.920813
9.950000 17.081806
10.000000 5.251026
10.050000 8.132210
10.100000 13.605287
10.150000 21.815420
10.199999 -23.999916
10.249999 -12.231286
10.300000 3.838387
10.350000 -8.734986
10.400000 0.176416
10.450000 6.722062
10.500000 -13.253918
10.550000 -8.284367
10.600000 14.169527
10.650000 5.728268
10.700000 2.811926
10.749999 3.037172
10.799999 12.626314
10.849999 -6.932695
10.900000 6.627261
10.950000 13.549120
11.000000 -16.822821
11.050000 -10.390395
11.100000 15.106802
11.150000 -6.241048
11.200000 0.635409
11.250000 -12.243290
11.299999 -26.292185
11.349999 9.956994
11.399999 -7.856600
11.450000 -5.758728
11.500000 -10.171446
11.550000 0.629315
11.600000 -0.788295
11.650000 9.074427
11.700000 -3.055315
11.750000 -1.999953
11.800000 -23.130938
11.849999 -2.619311
11.899999 -16.758501
11.949999 -9.406399
12.000000 -2.763435
12.050000 16.335688
12.100000 -6.094209
12.150000 18.832315
12.200000 -9.046285
12.250000 1.191743
12.300000 -1.801888
12.350000 -21.552784
12.399999 -5.365327
12.449999 8.139340
12.499999 16.052898
12.550000 8.543727
12.600000 -2.618984
12.650000 13.320984
12.700000 -0.835528
12.750000 -5.316362
12.800000 -4.654431
12.850000 -17.760202
12.900000 -0.640601
12.949999 1.857478
12.999999 4.655201
13.049999 1.289999
13.100000 7.701561
13.150000 -5.908557
13.200000 -3.845172
13.250000 7.335087
13.300000 -17.046429
13.350000 4.439522
13.400000 5.049057
13.450000 -2.972904
13.499999 -7.609087
13.549999 27.285107
13.599999 2.356869
13.650000 -12.108016
13.700000 -17.525682
13.750000 -0.914146
13.800000 23.562904
13.850000 -4.003635
13.900000 -17.541595
13.950000 -5.315830
14.000000 -3.393401
14.049999 10.714051
14.099999 -14.586901
14.149999 -7.422947
14.200000 9.980013
14.250000 -0.864045
14.300000 -3.658073
14.350000 12.850920
14.400000 17.601568
14.450000 -1.816252
14.500000 -3.216908
14.549999 0.436092
14.599999 -24.084595
14.649999 1.785248
14.699999 -5.828710
14.750000 -2.368826
14.800000 9.130893
14.850000 1.290701
14.900000 2.301330
14.950000 -5.205414
15.000000 7.361785
15.050000 -15.290239
15.099999 -7.363387
15.149999 -9.893273
15.199999 2.710306
15.249999 -7.706126
15.299999 6.138164
15.350000 7.447856
15.400000 -12.305733
15.450000 22.901234
15.500000 23.777897
15.550000 -4.120678
15.600000 -2.397532
15.650000 16.875429
15.699999 6.607955
15.750000 -2.475874
15.799999 1.707567
15.850000 -1.474445
15.899999 0.508134
15.950000 19.021114
15.999999 -4.008036
16.050000 0.106511
16.099999 -13.314898
16.150000 8.254616
16.200000 -6.232518
16.249999 8.762688
16.300000 0.527781
16.349999 24.733824
16.400000 12.495973
16.449999 17.406929
16.500000 -7.243865
16.549999 15.713105
16.600000 -16.756962
16.649999 9.232383
16.700000 -4.695107
16.750000 -20.239950
16.799999 -11.681232
16.850000 -5.194710
16.899999 -18.662498
16.950000 -23.438778
16.999999 -21.262953
17.050000 -3.237864
17.099999 12.321470
17.150000 -0.656492
17.199999 35.931271
17.250000 42.577953
17.300000 -2.982760
17.349999 6.223102
17.400000 5.120038
17.449999 -5.094310
17.500000 13.411294
17.549999 5.462351
17.600000 8.228817
17.649999 9.614555
17.700000 7.439192
17.749999 -13.790751
17.800000 9.573605
17.850000 -7.101739
17.899999 -8.514885
17.950000 -6.223141
17.999999 -15.246676
18.050000 -13.902310
18.099999 -12.226782
18.150000 -10.782935
18.199999 -11.731778
18.250000 8.740814
18.299999 0.776182
18.350000 10.146949
18.400000 13.553992
18.449999 -12.537380
18.500000 5.535818
18.549999 -1.515954
18.600000 10.229324
18.649999 20.712311
18.700000 3.782048
18.749999 0.426919
18.800000 6.516912
18.849999 -33.233128
18.900000 -28.234447
18.950000 -4.299734
18.999999 -17.284851
19.050000 6.320656
19.099999 -21.020945
19.150000 -24.708845
19.199999 -5.071290
19.250000 -9.775029
19.299999 -8.350542
19.350000 25.507542
19.399999 14.207902
19.450000 28.292820
19.500000 25.337566
19.549999 -3.409341
19.600000 -3.496169
19.649999 5.609119
19.700000 6.715017
19.749999 -13.359174
19.800000 -28.911892
19.849999 -7.876221
19.900000 -7.480242
19.949999 -31.535704
