0.000000 -0.703092
0.050000 0.206475
0.100000 -0.911079
0.150000 -1.001897
0.200000 -0.069186
0.250000 -2.587870
0.300000 -1.291776
0.350000 -0.748241
0.400000 -0.658978
0.450000 -1.772605
0.500000 -0.048045
0.550000 3.088524
0.600000 2.623889
0.650000 1.458485
0.700000 0.436218
0.750000 -1.091413
0.800000 -0.867694
0.850000 -1.605656
0.900000 -0.916546
0.950000 1.255968
1.000000 0.033578
1.050000 1.206154
1.100000 3.110347
1.150000 5.970784
1.200000 5.327126
1.250000 0.405575
1.300000 -1.337688
1.350000 -2.273424
1.400000 1.491058
1.450000 -2.125472
1.500000 0.395555
1.550000 0.324313
1.600000 1.435663
1.650000 0.045711
1.700000 2.977897
1.750000 2.183505
1.800000 2.629505
1.850000 3.038943
1.900000 1.826304
1.950000 0.852320
2.000000 -1.808418
2.050000 0.417710
2.100000 -0.941775
2.150000 -0.885884
2.200000 0.697792
2.250000 1.414912
2.300000 0.846122
2.350000 5.106813
2.400000 3.819373
2.450000 1.859170
2.500000 1.684528
2.550000 -2.584006
2.600000 -1.035102
2.650000 -1.794186
2.700000 -3.677812
2.750000 -5.827447
2.800000 -6.608933
2.850000 -4.313630
2.900000 -0.061062
2.950000 4.105293
3.000000 7.822111
3.050000 8.998553
3.100000 9.184822
3.150000 9.661777
3.200000 8.415059
3.250000 0.863689
3.300000 -6.683860
3.350000 -13.501779
3.400000 -14.932195
3.450000 -16.898085
3.500000 -12.472098
3.550000 -5.742332
3.600000 2.670362
3.650000 9.073904
3.700000 13.690388
3.750000 16.899902
3.800000 14.407914
3.850000 7.007831
3.900000 -1.697911
3.950000 -9.923973
4.000000 -14.988021
4.050000 -17.837593
4.100000 -15.066240
4.150000 -7.182117
4.200000 3.535473
4.250000 12.133492
4.300000 13.585371
4.350000 15.733226
4.400000 14.215091
4.450000 6.416336
4.500000 -1.731614
4.550000 -8.390296
4.600000 -15.909925
4.650000 -15.283682
4.700000 -13.223889
4.750000 -4.514734
4.800000 2.597135
4.850000 9.680561
4.900000 13.447445
4.950000 13.487302
5.000000 11.097980
5.050000 5.834556
5.100000 -2.909134
5.150000 -8.113264
5.200000 -8.856022
5.250000 -7.337768
5.300000 -5.442201
5.350000 -0.879628
5.400000 4.404501
5.450000 5.720318
5.500000 9.532272
5.550000 6.758141
5.600000 2.937640
5.650000 -1.892281
5.700000 -1.847533
5.750000 -5.409457
5.800000 -4.625399
5.850000 -4.634239
5.900000 1.772910
5.950000 3.683992
6.000000 6.145534
6.050000 4.191367
6.100000 1.575025
6.150000 1.113194
6.200000 -0.018546
6.250000 0.153400
6.300000 -3.257436
6.350000 -1.800474
6.400000 -0.427344
6.450000 0.174295
6.500000 1.813355
6.550000 1.391493
6.600000 0.076954
6.650000 1.769351
6.700000 -2.227757
6.750000 -0.617368
6.800000 -3.078413
6.850000 -1.021440
6.900000 -1.329111
6.950000 0.476177
7.000000 1.479329
7.050000 1.677761
7.100000 3.769471
7.150000 2.081911
7.200000 0.123570
7.250000 -0.823292
7.300000 -2.324250
7.350000 -2.911391
7.400000 -0.923070
7.450000 -1.844393
7.500000 2.332924
7.550000 2.428627
7.600000 1.336435
7.650000 1.888398
7.700000 1.353883
7.750000 0.441298
7.800000 -2.393406
7.850000 -1.157003
7.900000 -2.728390
7.950000 -0.552911
8.000000 1.160928
8.050000 0.622373
8.100000 0.653687
8.150000 2.512400
8.200000 2.414629
8.250000 2.111832
8.300000 0.392828
8.350000 -0.547574
8.400000 -2.547972
8.450000 0.012377
8.500000 -1.471094
8.550000 -0.553035
8.600000 0.015801
8.650000 0.452420
8.700000 2.392732
8.750000 0.348371
8.800000 2.475130
8.850000 0.047754
8.900000 -0.952699
8.950000 -1.449406
9.000000 -0.140905
9.050000 3.963828
9.100000 -1.759497
9.150000 -1.776804
9.200000 -0.105450
9.250000 -1.849709
9.300000 -0.752329
9.350000 -2.891049
9.400000 -1.250961
9.450000 -1.904970
9.500000 -0.768792
9.550000 -0.218465
9.600000 2.033658
9.650000 -0.708995
9.700000 0.923114
9.750000 -0.403554
9.800000 -1.872247
9.850000 -0.771535
9.900000 -0.400766
9.950000 -3.944550
10.000000 -0.967734
10.050000 -1.081167
10.100000 0.814353
10.150000 0.918663
10.200000 -1.820282
10.250000 0.140598
10.300000 2.234858
10.350000 -0.320376
10.400000 0.142519
10.450000 -2.008227
10.500000 -2.217330
10.550000 -0.620217
10.600000 -0.415438
10.650000 1.147636
10.700000 -1.842676
10.750000 0.548246
10.800000 1.771762
10.850000 3.703912
10.900000 -0.630033
10.950000 0.111479
11.000000 0.343342
11.050000 1.024087
11.100000 -1.454491
11.150000 0.179425
11.200000 1.561892
11.250000 1.262893
11.300000 0.923699
11.350000 3.223150
11.400000 1.702512
11.450000 1.025362
11.500000 0.900554
11.550000 1.337959
11.600000 -2.092784
11.650000 0.242198
11.700000 0.828536
11.750000 -0.824040
11.800000 1.468590
11.850000 0.025261
11.900000 -1.059379
11.950000 0.927035
12.000000 2.075380
12.050000 1.621566
12.100000 0.232391
12.150000 0.802447
12.200000 1.875925
12.250000 -2.585870
12.300000 3.052030
12.350000 0.521716
12.400000 1.436400
12.450000 2.000373
12.500000 -0.983122
12.550000 1.231513
12.600000 -0.081280
12.650000 2.556835
12.700000 0.225119
12.750000 0.308712
12.800000 -0.061790
12.850000 -0.267255
12.900000 0.879092
12.950000 -2.111155
13.000000 1.791527
13.050000 -1.604515
13.100000 3.046720
13.150000 1.424540
13.200000 1.011274
13.250000 0.461299
13.300000 -0.018408
13.350000 -0.902622
13.400000 0.246844
13.450000 -0.325107
13.500000 1.872272
13.550000 -2.810098
13.600000 1.368192
13.650000 1.052307
13.700000 2.034331
13.750000 0.569372
13.800000 -0.025211
13.850000 -0.998075
13.900000 0.788674
13.950000 0.083740
14.000000 -1.587664
14.050000 0.859939
14.100000 -0.871058
14.150000 0.390291
14.200000 -2.698527
14.250000 -0.657326
14.300000 0.925620
14.350000 0.175209
14.400000 0.463744
14.450000 1.505228
14.500000 0.222971
14.550000 2.415912
14.600000 -0.246307
14.650000 1.772381
14.700000 0.488032
14.750000 -0.688283
14.800000 -0.604624
14.850000 -1.596550
14.900000 0.596760
14.950000 1.371975
15.000000 1.788622
15.050000 1.612587
15.100000 1.263236
15.150000 2.952306
15.200000 -0.859774
15.250000 0.664780
15.300000 -0.498907
15.350000 -2.406943
15.400000 -0.651720
15.450000 -1.356101
15.500000 -0.491883
15.550000 -1.436366
15.600000 1.456276
15.650000 -1.157803
15.700000 4.326241
15.750000 1.194891
15.800000 4.311401
15.850000 -0.098649
15.900000 -0.981944
15.950000 -1.643035
16.000000 -0.976181
16.050000 -1.662848
16.100000 -0.279227
16.150000 -0.330117
16.200000 0.346447
16.250000 1.763867
16.300000 -0.728564
16.350000 0.775361
16.400000 1.545361
16.450000 0.044949
16.500000 -0.405572
16.550000 -1.258331
16.600000 -2.853127
16.650000 0.134526
16.700000 -2.314252
16.750000 1.005141
16.800000 0.215008
16.850000 -1.173409
16.900000 1.198861
16.950000 -0.827475
17.000000 1.100872
17.050000 0.927851
17.100000 -1.616278
17.150000 -0.255449
17.200000 -1.968685
17.250000 1.761956
17.300000 2.988540
17.350000 -0.047832
17.400000 -0.982513
17.450000 1.399968
17.500000 2.326275
17.550000 -0.199325
17.600000 2.647689
17.650000 0.972648
17.700000 0.402698
17.750000 -0.696458
17.800000 -0.316881
17.850000 -0.416323
17.900000 -0.382622
17.950000 1.145727
18.000000 3.450328
18.050000 0.269212
18.100000 -1.269326
18.150000 0.920788
18.200000 0.818009
18.250000 0.955477
18.300000 -1.458474
18.350000 -0.766483
18.400000 0.528832
18.450000 0.793554
18.500000 -1.055641
18.550000 0.977900
18.600000 -1.712866
18.650000 -0.817075
18.700000 0.806231
18.750000 0.178718
18.800000 1.163317
18.850000 1.027845
18.900000 0.355281
18.950000 0.683702
19.000000 3.070688
19.050000 0.794388
19.100000 0.284177
19.150000 -1.084991
19.200000 1.990387
19.250000 -0.109470
19.300000 -0.748615
19.350000 0.688263
19.400000 1.147477
19.450000 -0.338850
19.500000 -0.168513
19.550000 0.097010
19.600000 1.498771
19.650000 -0.473670
19.700000 0.981749
19.750000 -0.229555
19.799999 -1.994893
19.849999 -1.824177
19.899999 -1.057168
19.949999 0.944181
