0.000000 0.044324
0.050000 -2.167154
0.100000 2.664268
0.150000 -1.415840
0.200000 -1.868609
0.250000 0.061694
0.300000 -0.160071
0.350000 -0.976175
0.400000 -0.483947
0.450000 0.031708
0.500000 -2.532217
0.550000 2.034944
0.600000 2.227597
0.650000 2.607266
0.700000 -0.213914
0.750000 1.708660
0.800000 -0.657056
0.850000 -1.425393
0.900000 -1.858772
0.950000 -0.127925
1.000000 -0.516164
1.050000 0.060440
1.100000 2.794852
1.150000 -1.322557
1.200000 2.296530
1.250000 -1.123838
1.300000 -4.193213
1.350000 0.415976
1.400000 -0.695359
1.450000 0.314660
1.500000 -0.147869
1.550000 0.667062
1.600000 -1.308954
1.650000 -3.129372
1.700000 1.735075
1.750000 0.162179
1.800000 -2.267116
1.850000 -3.318621
1.900000 2.215411
1.950000 1.126444
2.000000 -0.356489
2.050000 -1.133935
2.100000 -2.301351
2.150000 0.254149
2.200000 -0.118524
2.250000 0.824291
2.300000 -0.593605
2.350000 -1.346613
2.400000 -2.565355
2.450000 -2.215695
2.500000 -6.604458
2.550000 -9.380682
2.600000 -11.143232
2.650000 -8.200300
2.700000 -8.516907
2.750000 -0.888107
2.800000 2.475039
2.850000 8.891203
2.900000 16.735052
2.950000 20.659119
3.000000 22.748245
3.050000 17.090492
3.100000 16.019569
3.150000 8.117886
3.200000 0.288944
3.250000 -8.340774
3.300000 -17.500099
3.350000 -21.040932
3.400000 -25.441544
3.450000 -21.311779
3.500000 -18.100586
3.550000 -9.949856
3.600000 -3.564950
3.650000 6.511741
3.700000 12.860904
3.750000 19.328867
3.800000 23.476124
3.850000 19.398449
3.900000 20.903086
3.950000 15.606330
4.000000 9.401256
4.050000 2.814050
4.100000 -2.780385
4.150000 -7.674531
4.200000 -12.738643
4.250000 -14.446219
4.300000 -18.788980
4.350000 -15.832836
4.400000 -10.633475
4.450000 -7.351394
4.500000 -2.628480
4.550000 1.783773
4.600000 7.223164
4.650000 12.072548
4.700000 10.298827
4.750000 13.181234
4.800000 13.973765
4.850000 14.249941
4.900000 7.834600
4.950000 5.146176
5.000000 2.554986
5.050000 -4.559238
5.100000 -5.699795
5.150000 -8.652249
5.200000 -12.091416
5.250000 -6.361330
5.300000 -5.250267
5.350000 -6.204488
5.400000 2.182166
5.450000 4.182104
5.500000 7.960456
5.550000 10.781156
5.600000 8.621667
5.650000 8.861335
5.700000 9.428695
5.750000 8.751070
5.800000 5.819076
5.850000 1.618400
5.900000 -1.097765
5.950000 -6.206683
6.000000 -7.006738
6.050000 -8.427721
6.100000 -4.231360
6.150000 -2.297249
6.200000 1.008034
6.250000 0.389276
6.300000 2.927145
6.350000 3.138708
6.400000 6.427440
6.450000 4.124885
6.500000 3.708034
6.550000 0.855580
6.600000 1.973263
6.650000 1.103073
6.700000 -0.110681
6.750000 0.706155
6.800000 -1.313506
6.850000 -1.875657
6.900000 -4.423053
6.950000 -1.683420
7.000000 -2.962939
7.050000 1.299840
7.100000 0.259080
7.150000 1.385511
7.200000 -1.325504
7.250000 2.297062
7.300000 0.115132
7.350000 -0.063016
7.400000 0.013399
7.450000 -0.315170
7.500000 0.805099
7.550000 2.301794
7.600000 0.719024
7.650000 1.361119
7.700000 2.587247
7.750000 -0.464922
7.800000 -1.970453
7.850000 -1.263149
7.900000 0.977624
7.950000 0.206394
7.999999 -0.829649
8.049999 -1.497588
8.100000 -0.669212
8.150000 -0.686064
8.200000 -2.496451
8.250000 -1.449130
8.300000 0.248514
8.350000 1.099865
8.400000 -3.160803
8.450000 -1.678259
8.500000 1.080199
8.549999 4.094008
8.599999 3.193450
8.650000 2.931680
8.700000 -0.222815
8.750000 1.733199
8.800000 1.102773
8.850000 -0.311997
8.900000 -0.010111
8.950000 -1.186642
9.000000 -1.025003
9.050000 -2.511473
9.099999 -2.345055
9.149999 -3.352315
9.200000 -1.736998
9.250000 -1.009454
9.300000 -1.765806
9.350000 -1.484495
9.400000 -0.498573
9.450000 2.727469
9.500000 2.769599
9.550000 4.753614
9.600000 1.321708
9.649999 5.904080
9.699999 4.018959
9.750000 0.075908
9.800000 0.507518
9.850000 1.893671
9.900000 1.210378
9.950000 -1.509817
10.000000 1.114965
10.050000 -0.882127
10.100000 -2.485528
10.150000 -3.788455
10.199999 0.818478
10.249999 -0.865142
10.300000 1.183659
10.350000 0.931236
10.400000 -0.653792
10.450000 -0.036073
10.500000 1.189212
10.550000 2.836840
10.600000 -1.566095
10.650000 0.744175
10.700000 1.031610
10.749999 -0.892269
10.799999 0.466394
10.849999 -0.750016
10.900000 -0.575819
10.950000 -1.623770
11.000000 -1.150948
11.050000 -0.199747
11.100000 -1.269724
11.150000 -3.073069
11.200000 2.006246
11.250000 -0.674569
11.299999 1.927543
11.349999 1.640657
11.399999 0.295481
11.450000 1.302089
11.500000 0.479462
11.550000 0.183787
11.600000 2.506046
11.650000 2.979796
11.700000 0.054714
11.750000 1.179245
11.800000 -1.749043
11.849999 -2.049111
11.899999 -2.661485
11.949999 -0.387714
12.000000 -1.662897
12.050000 0.590010
12.100000 -0.955206
12.150000 1.183423
12.200000 1.150693
12.250000 0.291170
12.300000 -2.174753
12.350000 -1.162735
12.399999 -2.142713
12.449999 -0.214883
12.499999 0.313826
12.550000 -1.731187
12.600000 1.737427
12.650000 0.306525
12.700000 -1.771279
12.750000 2.643625
12.800000 -0.485522
12.850000 -2.520930
12.900000 -2.254770
12.949999 -0.488573
12.999999 1.008874
13.049999 1.462454
13.100000 2.487509
13.150000 1.064476
13.200000 -1.093215
13.250000 -1.388696
13.300000 -2.501097
13.350000 -2.194337
13.400000 0.453103
13.450000 -0.598911
13.499999 -1.530967
13.549999 1.110228
13.599999 -0.071662
13.650000 -0.077490
13.700000 0.791098
13.750000 0.612171
13.800000 -1.630656
13.850000 1.290112
13.900000 1.086420
13.950000 0.373229
14.000000 1.307170
14.049999 -0.077023
14.099999 -3.420031
14.149999 -4.583148
14.200000 -2.631373
14.250000 -1.967288
14.300000 -0.993717
14.350000 -0.561888
14.400000 -0.470253
14.450000 -1.903789
14.500000 1.129158
14.549999 -0.073361
14.599999 0.691439
14.649999 -1.105720
14.699999 -2.478139
14.750000 -2.527636
14.800000 -0.852570
14.850000 0.380945
14.900000 -0.450349
14.950000 -0.964625
15.000000 1.935350
15.050000 -1.762370
15.099999 2.468020
15.149999 2.384691
15.199999 0.210585
15.249999 0.467288
15.299999 -1.570057
15.350000 -2.641779
15.400000 -0.598892
15.450000 2.039548
15.500000 2.942651
15.550000 0.602060
15.600000 -0.093535
15.650000 -0.630489
15.699999 -0.427687
15.750000 0.911681
15.799999 1.017874
15.850000 -1.173002
15.899999 -1.613325
15.950000 0.883508
15.999999 -1.977954
16.050000 1.531020
16.099999 -2.286142
16.150000 -1.200799
16.200000 0.612176
16.249999 0.209865
16.300000 2.994218
16.349999 1.447105
16.400000 0.239118
16.449999 -0.086746
16.500000 -2.361983
16.549999 0.119750
16.600000 0.612736
16.649999 -1.334178
16.700000 3.237900
16.750000 -0.098817
16.799999 0.427804
16.850000 0.530959
16.899999 1.858834
16.950000 0.505851
16.999999 -2.674600
17.050000 -1.947243
17.099999 -0.021779
17.150000 -1.134194
17.199999 -0.450444
17.250000 1.605710
17.300000 -0.757019
17.349999 -2.206953
17.400000 -3.092907
17.449999 -0.852489
17.500000 -0.768755
17.549999 -1.975045
17.600000 -0.894179
17.649999 1.836707
17.700000 -1.224655
17.749999 -1.319241
17.800000 0.175545
17.850000 0.706534
17.899999 -0.189994
17.950000 -1.087634
17.999999 2.014435
18.050000 1.878794
18.099999 0.393493
18.150000 -1.112576
18.199999 0.561162
18.250000 1.435384
18.299999 -0.500445
18.350000 1.426476
18.400000 -2.516213
18.449999 -0.632882
18.500000 -2.289459
18.549999 -2.449045
18.600000 -1.846395
18.649999 -2.864640
18.700000 -1.835418
18.749999 1.700524
18.800000 0.763824
18.849999 4.167639
18.900000 5.392025
18.950000 3.687651
18.999999 2.323912
19.050000 0.188108
19.099999 1.079887
19.150000 1.013212
19.199999 -0.927705
19.250000 0.304479
19.299999 -0.275220
19.350000 -3.212297
19.399999 -1.998944
19.450000 -1.860710
19.500000 -3.446836
19.549999 -1.998178
19.600000 -1.771216
19.649999 -0.365040
19.700000 0.853728
19.749999 -0.091687
19.800000 3.057984
19.849999 4.342523
19.900000 3.307496
19.949999 5.305361
