0.000000 3.561269
0.050000 -5.195811
0.100000 1.599590
0.150000 -0.095910
0.200000 2.678967
0.250000 -1.963186
0.300000 6.386426
0.350000 -1.354263
0.400000 2.555302
0.450000 -4.600594
0.500000 -4.032514
0.550000 -1.222968
0.600000 -2.094579
0.650000 1.297758
0.700000 -5.367145
0.750000 3.574120
0.800000 0.036244
0.850000 -7.416498
0.900000 -4.074147
0.950000 2.570844
1.000000 0.749309
1.050000 -2.805260
1.100000 -3.955364
1.150000 0.860459
1.200000 4.600360
1.250000 -3.298413
1.300000 -3.936635
1.350000 6.279810
1.400000 -2.762071
1.450000 -2.791169
1.500000 -1.303091
1.550000 4.629635
1.600000 6.229208
1.650000 14.101965
1.700000 13.961609
1.750000 6.197964
1.800000 -0.800849
1.850000 -20.285360
1.900000 -45.424480
1.950000 -45.470005
2.000000 -34.449303
2.050000 -7.916817
2.100000 35.678116
2.150000 67.141838
2.200000 67.357605
2.250000 34.889141
2.300000 -7.193586
2.350000 -48.149078
2.400000 -53.822727
2.450000 -35.396439
2.500000 7.977028
2.550000 39.520195
2.600000 60.928967
2.650000 29.402786
2.700000 -0.996940
2.750000 -34.820313
2.800000 -49.483181
2.850000 -38.069313
2.900000 -22.426786
2.950000 15.953791
3.000000 27.289080
3.050000 18.458761
3.100000 1.443598
3.150000 -13.373286
3.200000 -11.627919
3.250000 -9.483809
3.300000 4.520385
3.350000 16.295841
3.400000 21.846476
3.450000 10.549576
3.500000 -7.772179
3.550000 -8.309386
3.600000 -12.297341
3.650000 -13.152447
3.700000 7.613502
3.750000 7.110475
3.800000 6.166335
3.850000 -0.772765
3.900000 -7.002600
3.950000 -5.250250
4.000000 -6.577649
4.050000 -1.201151
4.100000 5.241688
4.150000 0.648357
4.200000 5.812092
4.250000 -3.855771
4.300000 -7.996461
4.350000 4.423442
4.400000 9.534935
4.450000 1.130345
4.500000 0.901079
4.550000 -4.673048
4.600000 -8.527247
4.650000 2.736468
4.700000 -3.006909
4.750000 3.479684
4.800000 5.179527
4.850000 7.151642
4.900000 7.674260
4.950000 -6.900375
5.000000 -3.395984
5.050000 -13.059152
5.100000 -9.279915
5.150000 0.097485
5.200000 4.343307
5.250000 2.439252
5.300000 1.118579
5.350000 -1.117445
5.400000 -3.211935
5.450000 -1.631845
5.500000 0.289895
5.550000 -0.297254
5.600000 -5.863329
5.650000 -3.827275
5.700000 0.981348
5.750000 -1.339565
5.800000 -3.001446
5.850000 -9.335938
5.900000 -2.131621
5.950000 1.079832
6.000000 -1.315576
6.050000 9.399572
6.100000 -3.215167
6.150000 6.557344
6.200000 3.962230
6.250000 2.314912
6.300000 0.990664
6.350000 -6.434362
6.400000 3.152511
6.450000 1.860208
6.500000 3.122422
6.550000 0.327172
6.600000 3.642245
6.650000 4.241197
6.700000 1.173440
6.750000 4.751907
6.800000 -0.679157
6.850000 -1.581443
6.900000 3.157478
6.950000 1.796011
7.000000 4.626486
7.050000 8.188612
7.100000 -0.566839
7.150000 -0.880767
7.200000 2.911555
7.250000 -8.666081
7.300000 -2.390287
7.350000 -0.062735
7.400000 3.486915
7.450000 -0.095366
7.500000 -2.594389
7.550000 8.943260
7.600000 -1.156273
7.650000 -6.335988
7.700000 -11.966880
7.750000 2.455468
7.800000 -6.804511
7.850000 4.194364
7.900000 4.140878
7.950000 0.143588
7.999999 0.343835
8.049999 -1.546843
8.100000 5.917891
8.150000 3.095053
8.200000 2.964700
8.250000 -3.210275
8.300000 -0.377135
8.350000 0.426120
8.400000 -2.121036
8.450000 2.234372
8.500000 -2.599372
8.549999 -0.521558
8.599999 3.311589
8.650000 -1.608669
8.700000 1.348309
8.750000 2.125944
8.800000 8.279621
8.850000 6.292238
8.900000 -0.352372
8.950000 -2.401628
9.000000 5.192078
9.050000 0.999628
9.099999 -0.527458
9.149999 8.268211
9.200000 1.207672
9.250000 -0.541852
9.300000 4.033463
9.350000 0.935939
9.400000 -2.388392
9.450000 -2.717029
9.500000 3.266049
9.550000 2.891712
9.600000 2.984946
9.649999 -6.438150
9.699999 -3.351955
9.750000 -0.728486
9.800000 -6.177819
9.850000 -2.508062
9.900000 4.739826
9.950000 0.423522
10.000000 -3.249458
10.050000 -4.891702
10.100000 -2.800188
10.150000 -1.273891
10.199999 -7.859449
10.249999 -2.599544
10.300000 2.514436
10.350000 -1.870331
10.400000 1.860952
10.450000 4.438666
10.500000 2.004877
10.550000 0.730260
10.600000 2.046957
10.650000 3.746139
10.700000 -8.265881
10.749999 -1.435932
10.799999 -0.382663
10.849999 0.654455
10.900000 9.396788
10.950000 0.757779
11.000000 -0.385160
11.050000 -1.107958
11.100000 7.482359
11.150000 0.751652
11.200000 9.495214
11.250000 1.056679
11.299999 -9.535905
11.349999 -9.476623
11.399999 -3.847276
11.450000 -1.598557
11.500000 -3.596738
11.550000 0.588167
11.600000 -0.506109
11.650000 3.879510
11.700000 -3.330792
11.750000 -0.610400
11.800000 -5.063180
11.849999 -1.315345
11.899999 -3.212435
11.949999 -1.094577
12.000000 2.566740
12.050000 -7.373089
12.100000 -8.737062
12.150000 -3.967813
12.200000 0.578048
12.250000 10.252586
12.300000 1.367066
12.350000 3.406647
12.399999 6.341294
12.449999 1.432929
12.499999 3.910132
12.550000 -9.478299
12.600000 -3.998731
12.650000 5.728226
12.700000 -2.412973
12.750000 3.135137
12.800000 -0.181613
12.850000 -3.005401
12.900000 1.321485
12.949999 7.165162
12.999999 1.461731
13.049999 -5.485046
13.100000 0.679130
13.150000 4.367450
13.200000 -4.270003
13.250000 -5.026386
13.300000 -3.025941
13.350000 3.832626
13.400000 -0.774782
13.450000 8.663744
13.499999 1.859257
13.549999 -0.049971
13.599999 -1.800823
13.650000 -5.919725
13.700000 1.038083
13.750000 -2.056116
13.800000 -2.989861
13.850000 3.355243
13.900000 -4.860421
13.950000 0.096370
14.000000 3.008911
14.049999 -0.192323
14.099999 6.119400
14.149999 -0.143154
14.200000 3.266645
14.250000 4.436678
14.300000 -1.558201
14.350000 -5.455772
14.400000 -1.357631
14.450000 -1.173122
14.500000 4.349597
14.549999 -5.231532
14.599999 -5.758133
14.649999 -2.013844
14.699999 -3.279154
14.750000 1.732796
14.800000 -3.647663
14.850000 -3.590445
14.900000 -7.371785
14.950000 2.835465
15.000000 -5.539810
15.050000 6.726755
15.099999 6.217047
15.149999 6.376782
15.199999 -1.842420
15.249999 -0.633549
15.299999 -6.059728
15.350000 3.979908
15.400000 3.606196
15.450000 0.504078
15.500000 2.070903
15.550000 4.903308
15.600000 6.604090
15.650000 7.608390
15.699999 -7.454501
15.750000 5.095003
15.799999 -1.828310
15.850000 -4.119717
15.899999 3.125773
15.950000 -3.546526
15.999999 1.689010
16.050000 5.277411
16.099999 4.466881
16.150000 4.065938
16.200000 9.635282
16.249999 1.587796
16.300000 1.677236
16.349999 1.847848
16.400000 1.293108
16.449999 -2.774972
16.500000 -4.303559
16.549999 -2.241360
16.600000 0.735382
16.649999 4.288814
16.700000 7.991411
16.750000 2.234094
16.799999 2.469697
16.850000 -0.047166
16.899999 1.049236
16.950000 -2.639394
16.999999 -5.742142
17.050000 1.265534
17.099999 1.877695
17.150000 4.447211
17.199999 -9.719946
17.250000 1.937366
17.300000 4.811921
17.349999 -2.699939
17.400000 0.303774
17.449999 2.748950
17.500000 7.549954
17.549999 2.050552
17.600000 6.708086
17.649999 10.419692
17.700000 2.913528
17.749999 10.133467
17.800000 6.109351
17.850000 -3.871983
17.899999 1.571813
17.950000 -1.350246
17.999999 2.079287
18.050000 1.163804
18.099999 10.646768
18.150000 0.479381
18.199999 8.845507
18.250000 -1.351275
18.299999 -1.324834
18.350000 -2.860965
18.400000 1.146986
18.449999 -2.342194
18.500000 9.566838
18.549999 3.714779
18.600000 5.744555
18.649999 8.713290
18.700000 -3.011641
18.749999 -0.581504
18.800000 -2.586334
18.849999 -7.192868
18.900000 3.562672
18.950000 7.668559
18.999999 1.811377
19.050000 2.766196
19.099999 1.994727
19.150000 1.701116
19.199999 -1.330701
19.250000 -2.944773
19.299999 -3.545574
19.350000 -3.485209
19.399999 4.726952
19.450000 0.390777
19.500000 5.067545
19.549999 2.492704
19.600000 -4.181426
19.649999 1.365010
19.700000 -5.967399
19.749999 -1.745164
19.800000 1.175960
19.849999 0.908818
19.900000 -0.475343
19.949999 2.841998
