0.000000 6.984970
0.050000 15.266239
0.100000 10.713954
0.150000 4.078915
0.200000 0.893504
0.250000 -2.247098
0.300000 12.990104
0.350000 3.075563
0.400000 -3.849754
0.450000 1.049825
0.500000 4.056459
0.550000 -10.320834
0.600000 6.794047
0.650000 9.309632
0.700000 12.838758
0.750000 7.026136
0.800000 -13.930336
0.850000 3.791032
0.900000 4.879514
0.950000 -8.342767
1.000000 -7.525037
1.050000 -5.192227
1.100000 -7.895221
1.150000 -5.442602
1.200000 -15.955930
1.250000 -2.605978
1.300000 -8.587812
1.350000 -2.137512
1.400000 -5.429194
1.450000 0.756828
1.500000 9.221813
1.550000 17.307098
1.600000 22.893366
1.650000 31.145437
1.700000 31.456219
1.750000 32.473057
1.800000 14.486015
1.850000 -32.273243
1.900000 -66.725128
1.950000 -57.937069
2.000000 -13.824765
2.050000 24.540018
2.100000 67.169914
2.150000 43.930321
2.200000 5.128958
2.250000 -45.184414
2.300000 -41.912960
2.350000 -17.883408
2.400000 41.652344
2.450000 28.678946
2.500000 0.295753
2.550000 -43.646622
2.600000 -52.772625
2.650000 -2.037299
2.700000 28.974987
2.750000 38.559425
2.800000 18.130232
2.850000 -6.731789
2.900000 -17.437849
2.950000 -16.039488
3.000000 -2.975533
3.050000 8.592659
3.100000 9.549006
3.150000 -4.585095
3.200000 4.680110
3.250000 -7.734871
3.300000 0.227839
3.350000 -5.795859
3.400000 -1.283642
3.450000 1.164369
3.500000 -4.977811
3.550000 -3.288402
3.600000 -0.201844
3.650000 13.831041
3.700000 9.060468
3.750000 -5.763662
3.800000 1.064371
3.850000 -0.482733
3.900000 6.758638
3.950000 0.946678
4.000000 -0.316444
4.050000 -4.312177
4.100000 -2.407092
4.150000 11.801202
4.200000 -0.275591
4.250000 0.016586
4.300000 1.176834
4.350000 4.609043
4.400000 8.232861
4.450000 0.413240
4.500000 3.929620
4.550000 -7.369535
4.600000 1.865680
4.650000 -1.014951
4.700000 1.382154
4.750000 3.303958
4.800000 4.029689
4.850000 1.755761
4.900000 6.302966
4.950000 3.864397
5.000000 -1.741180
5.050000 4.588859
5.100000 4.001607
5.150000 5.506475
5.200000 -3.578376
5.250000 -7.926252
5.300000 8.344825
5.350000 15.039327
5.400000 12.537376
5.450000 15.123209
5.500000 -2.104232
5.550000 -3.261953
5.600000 1.582178
5.650000 17.120924
5.700000 5.522305
5.750000 -5.922719
5.800000 0.098091
5.850000 6.390200
5.900000 -5.054050
5.950000 3.874655
6.000000 7.119520
6.050000 11.851748
6.100000 -1.993140
6.150000 10.753140
6.200000 0.564755
6.250000 3.285427
6.300000 -7.164268
6.350000 12.740460
6.400000 -8.680448
6.450000 -3.958322
6.500000 5.328425
6.550000 7.411477
6.600000 -0.214203
6.650000 2.974331
6.700000 4.518321
6.750000 -2.631707
6.800000 9.695677
6.850000 -0.375917
6.900000 12.796457
6.950000 4.798246
7.000000 -1.352817
7.050000 -0.559153
7.100000 -11.124272
7.150000 -1.941476
7.200000 1.852578
7.250000 4.618264
7.300000 1.083785
7.350000 9.898764
7.400000 7.104857
7.450000 -1.267085
7.500000 2.300447
7.550000 -9.142822
7.600000 -2.794134
7.650000 7.961350
7.700000 1.127244
7.750000 7.172009
7.800000 -9.642431
7.850000 17.910521
7.900000 -5.742474
7.950000 3.872328
7.999999 8.992657
8.049999 13.770649
8.100000 1.537283
8.150000 1.103503
8.200000 -5.244093
8.250000 1.128958
8.300000 -6.149471
8.350000 0.886931
8.400000 -3.435204
8.450000 7.735703
8.500000 0.806694
8.549999 -6.445489
8.599999 -0.159258
8.650000 -0.278076
8.700000 0.749976
8.750000 2.176108
8.800000 -1.035594
8.850000 10.625439
8.900000 4.584348
8.950000 13.032977
9.000000 -5.797567
9.050000 -1.664198
9.099999 -0.402870
9.149999 -10.678281
9.200000 6.073718
9.250000 13.499295
9.300000 -2.959284
9.350000 -1.792987
9.400000 3.944472
9.450000 3.266502
9.500000 12.791970
9.550000 -4.284635
9.600000 4.847569
9.649999 7.828256
9.699999 -3.380707
9.750000 7.175498
9.800000 15.140045
9.850000 4.461948
9.900000 3.326465
9.950000 10.443251
10.000000 -6.478844
10.050000 2.521735
10.100000 -3.706753
10.150000 -5.606901
10.199999 2.854053
10.249999 -6.710015
10.300000 7.545769
10.350000 7.627554
10.400000 0.103372
10.450000 -6.115892
10.500000 -3.070029
10.550000 -13.830157
10.600000 -2.176572
10.650000 7.529720
10.700000 -4.004072
10.749999 1.663906
10.799999 -10.350564
10.849999 -9.932848
10.900000 -6.243857
10.950000 2.415618
11.000000 1.228192
11.050000 -1.992395
11.100000 15.221259
11.150000 -6.569456
11.200000 2.610338
11.250000 -14.797105
11.299999 -0.249752
11.349999 8.282940
11.399999 10.193932
11.450000 6.771997
11.500000 3.057855
11.550000 8.241055
11.600000 -2.640004
11.650000 -1.824334
11.700000 7.968748
11.750000 -0.003158
11.800000 3.928938
11.849999 -1.562414
11.899999 -12.223353
11.949999 -14.374712
12.000000 0.964626
12.050000 0.877513
12.100000 4.134511
12.150000 0.742827
12.200000 -4.925951
12.250000 4.137848
12.300000 6.565028
12.350000 9.284616
12.399999 4.301974
12.449999 10.013986
12.499999 4.118915
12.550000 -0.509312
12.600000 9.467690
12.650000 -4.185450
12.700000 -2.388691
12.750000 4.046686
12.800000 3.288426
12.850000 6.244210
12.900000 -4.692212
12.949999 9.301926
12.999999 6.102403
13.049999 11.706885
13.100000 7.817022
13.150000 8.482627
13.200000 -3.544101
13.250000 3.273513
13.300000 -10.761650
13.350000 -4.523934
13.400000 2.254325
13.450000 -3.876503
13.499999 3.160912
13.549999 -10.641157
13.599999 -1.916709
13.650000 -7.655148
13.700000 3.353478
13.750000 -0.541106
13.800000 7.144416
13.850000 2.428426
13.900000 0.694920
13.950000 3.927096
14.000000 1.784635
14.049999 -3.192298
14.099999 -8.463387
14.149999 -3.639980
14.200000 -3.916252
14.250000 -4.295681
14.300000 2.121718
14.350000 0.184718
14.400000 -14.604321
14.450000 -2.452302
14.500000 10.900190
14.549999 -4.060062
14.599999 12.425709
14.649999 2.859771
14.699999 -1.604816
14.750000 9.036883
14.800000 -8.942448
14.850000 -1.171463
14.900000 5.958073
14.950000 5.974501
15.000000 12.979599
15.050000 8.633085
15.099999 11.933631
15.149999 -3.916489
15.199999 -6.128623
15.249999 1.636761
15.299999 10.868709
15.350000 7.552141
15.400000 -1.199147
15.450000 -1.517306
15.500000 -13.453584
15.550000 11.066164
15.600000 -0.239067
15.650000 1.475944
15.699999 -3.591429
15.750000 1.436507
15.799999 9.112915
15.850000 -0.754695
15.899999 4.972515
15.950000 6.014392
15.999999 -2.335310
16.050000 -6.784796
16.099999 4.193882
16.150000 6.924148
16.200000 -6.548711
16.249999 5.346285
16.300000 -5.864749
16.349999 8.269982
16.400000 0.148894
16.449999 -3.291621
16.500000 4.685621
16.549999 -8.426866
16.600000 -2.025795
16.649999 2.467963
16.700000 -5.102224
16.750000 3.752283
16.799999 1.360412
16.850000 -8.963189
16.899999 6.668414
16.950000 7.233089
16.999999 -1.543535
17.050000 -10.029137
17.099999 -15.458333
17.150000 -10.710320
17.199999 -16.115839
17.250000 4.594606
17.300000 6.078238
17.349999 2.787590
17.400000 -14.602585
17.449999 -1.229649
17.500000 -4.090140
17.549999 -3.718698
17.600000 16.906275
17.649999 2.828128
17.700000 -4.233670
17.749999 2.421218
17.800000 2.169969
17.850000 -3.223393
17.899999 5.358228
17.950000 1.182223
17.999999 -8.997289
18.050000 2.167103
18.099999 2.607828
18.150000 -2.875532
18.199999 2.059055
18.250000 1.673833
18.299999 3.697849
18.350000 9.569600
18.400000 0.593629
18.449999 10.051010
18.500000 2.578938
18.549999 13.486305
18.600000 8.088477
18.649999 1.372019
18.700000 0.505523
18.749999 0.871753
18.800000 -2.008335
18.849999 2.525679
18.900000 -4.477230
18.950000 11.222920
18.999999 6.779853
19.050000 -9.623181
19.099999 1.693858
19.150000 -3.605184
19.199999 4.219968
19.250000 -0.792258
19.299999 8.149432
19.350000 -3.638895
19.399999 3.800344
19.450000 10.728875
19.500000 12.783965
19.549999 -2.379427
19.600000 -3.327192
19.649999 4.259664
19.700000 -0.034965
19.749999 6.437369
19.800000 -6.493672
19.849999 -11.098480
19.900000 8.241000
19.949999 -1.975220
