0.000000 0.155099
0.050000 -0.115629
0.100000 0.142419
0.150000 0.010270
0.200000 0.138910
0.250000 0.271645
0.300000 0.143241
0.350000 -0.063874
0.400000 0.002513
0.450000 0.181870
0.500000 -0.131500
0.550000 -0.078768
0.600000 0.061115
0.650000 -0.171973
0.700000 -0.086622
0.750000 -0.054839
0.800000 0.029970
0.850000 -0.136328
0.900000 0.149413
0.950000 -0.063451
1.000000 -0.030607
1.050000 0.087700
1.100000 -0.060323
1.150000 -0.159247
1.200000 -0.100890
1.250000 0.218026
1.300000 -0.053811
1.350000 -0.166582
1.400000 -0.008012
1.450000 -0.046543
1.500000 0.094042
1.550000 0.054852
1.600000 -0.089760
1.650000 0.169289
1.700000 0.073325
1.750000 0.136929
1.800000 0.031245
1.850000 0.081023
1.900000 0.254420
1.950000 -0.008387
2.000000 0.024510
2.050000 -0.103828
2.100000 -0.125558
2.150000 0.043007
2.200000 -0.082796
2.250000 -0.296490
2.300000 0.168297
2.350000 -0.236558
2.400000 -0.031847
2.450000 0.171217
2.500000 -0.111455
2.550000 -0.019613
2.600000 0.022485
2.650000 -0.056746
2.700000 0.088214
2.750000 0.193162
2.800000 0.013416
2.850000 -0.001843
2.900000 -0.057835
2.950000 -0.054619
3.000000 -0.158198
3.050000 -0.165690
3.100000 -0.163452
3.150000 -0.155543
3.200000 0.159670
3.250000 0.184113
3.300000 0.114586
3.350000 0.231280
3.400000 0.381575
3.450000 0.252782
3.500000 0.294789
3.550000 0.047783
3.600000 0.146428
3.650000 -0.030868
3.700000 -0.270160
3.750000 -0.331954
3.800000 -0.575037
3.850000 -0.498595
3.900000 -0.432338
3.950000 -0.425843
4.000000 -0.081436
4.050000 -0.055992
4.100000 0.299047
4.150000 0.362572
4.200000 0.665411
4.250000 0.655964
4.300000 0.747388
4.350000 0.355552
4.400000 0.445629
4.450000 0.068036
4.500000 -0.138591
4.550000 -0.387793
4.600000 -0.721830
4.650000 -0.635719
4.700000 -0.698867
4.750000 -0.393532
4.800000 -0.322963
4.850000 -0.048909
4.900000 -0.009779
4.950000 0.365096
5.000000 0.355999
5.050000 0.537281
5.100000 0.526027
5.150000 0.374895
5.200000 0.083180
5.250000 0.010521
5.300000 0.028937
5.350000 -0.118888
5.400000 -0.345307
5.450000 -0.638603
5.500000 -0.438998
5.550000 -0.255191
5.600000 -0.279480
5.650000 -0.049774
5.700000 0.184725
5.750000 0.340440
5.800000 0.491319
5.850000 0.455353
5.900000 0.305977
5.950000 0.438268
6.000000 0.264079
6.050000 0.165341
6.100000 -0.053114
6.150000 -0.302311
6.200000 -0.312277
6.250000 -0.387844
6.300000 -0.382063
6.350000 -0.292616
6.400000 -0.152807
6.450000 0.069396
6.500000 0.118023
6.550000 0.224276
6.600000 0.292094
6.650000 0.400495
6.700000 0.272915
6.750000 0.074193
6.800000 -0.015937
6.850000 0.081338
6.900000 -0.215862
6.950000 -0.208655
7.000000 -0.155498
7.050000 -0.082155
7.100000 -0.203850
7.150000 0.071253
7.200000 0.075273
7.250000 0.151898
7.300000 0.142489
7.350000 0.072576
7.400000 0.160281
7.450000 0.051901
7.500000 0.057031
7.550000 -0.178702
7.600000 0.023340
7.650000 -0.070067
7.700000 -0.052479
7.750000 0.074892
7.800000 0.162945
7.850000 0.057668
7.900000 0.125725
7.950000 0.010261
8.000000 -0.144220
8.050000 0.003414
8.100000 -0.032801
8.150000 0.036473
8.200000 -0.032546
8.250000 -0.047888
8.300000 0.058410
8.350000 -0.051294
8.400000 0.044671
8.450000 0.114907
8.500000 0.047044
8.550000 -0.118702
8.600000 -0.020170
8.650000 -0.193838
8.700000 -0.100597
8.750000 0.117902
8.800000 -0.020213
8.850000 0.046534
8.900000 -0.057959
8.950000 0.184927
9.000000 -0.044380
9.050000 -0.114144
9.100000 0.006910
9.150000 -0.032167
9.200000 0.106790
9.250000 -0.010593
9.300000 0.168422
9.350000 0.143883
9.400000 0.092153
9.450000 -0.045308
9.500000 -0.118031
9.550000 -0.091310
9.600000 -0.138145
9.650000 -0.012142
9.700000 0.005680
9.750000 -0.054674
9.800000 -0.132769
9.850000 0.120722
9.900000 -0.043628
9.950000 0.157113
10.000000 0.190331
10.050000 0.021968
10.100000 -0.030530
10.150000 0.035582
10.200000 0.013665
10.250000 0.013543
10.300000 -0.023100
10.350000 -0.119574
10.400000 -0.048339
10.450000 -0.101122
10.500000 -0.074715
10.550000 -0.042153
10.600000 0.125991
10.650000 0.072172
10.700000 0.059294
10.750000 0.113806
10.800000 0.100387
10.850000 0.055036
10.900000 0.002061
10.950000 0.023713
11.000000 0.106365
11.050000 0.071562
11.100000 0.027483
11.150000 -0.038797
11.200000 0.000676
11.250000 -0.131689
11.300000 -0.226912
11.350000 0.133924
11.400000 0.023809
11.450000 0.005284
11.500000 0.133252
11.550000 -0.084603
11.600000 0.057358
11.650000 0.183613
11.700000 0.076506
11.750000 0.035658
11.800000 -0.070412
11.850000 -0.219529
11.900000 -0.127709
11.950000 0.171287
12.000000 -0.023531
12.050000 -0.035017
12.100000 0.062743
12.150000 0.039032
12.200000 -0.056272
12.250000 -0.047283
12.300000 0.014254
12.350000 -0.124004
12.400000 -0.142930
12.450000 -0.089380
12.500000 0.088027
12.550000 0.097983
12.600000 -0.072949
12.650000 0.007147
12.700000 -0.317980
12.750000 0.000625
12.800000 -0.007792
12.850000 0.050623
12.900000 0.057421
12.950000 0.046715
13.000000 0.002304
13.050000 0.027567
13.100000 -0.065942
13.150000 -0.006078
13.200000 0.143626
13.250000 0.054503
13.300000 0.097252
13.350000 0.071509
13.400000 0.122059
13.450000 -0.032252
13.500000 -0.140658
13.550000 -0.099347
13.600000 -0.152889
13.650000 0.018250
13.700000 0.099717
13.750000 -0.022098
13.800000 -0.119762
13.850000 -0.162897
13.900000 0.035517
13.950000 0.058568
14.000000 0.208122
14.050000 0.034092
14.100000 -0.087364
14.150000 -0.018803
14.200000 -0.036912
14.250000 0.115000
14.300000 0.268743
14.350000 0.073268
14.400000 -0.187698
14.450000 0.072378
14.500000 -0.077498
14.550000 0.031691
14.600000 -0.102158
14.650000 -0.046570
14.700000 -0.041566
14.750000 -0.020309
14.800000 0.211543
14.850000 -0.076111
14.900000 -0.202635
14.950000 0.004471
15.000000 0.023395
15.050000 -0.000140
15.100000 0.042800
15.150000 -0.003195
15.200000 -0.057505
15.250000 0.050442
15.300000 -0.051211
15.350000 -0.164716
15.400000 0.012352
15.450000 0.064032
15.500000 0.002238
15.550000 0.004400
15.600000 0.066231
15.650000 0.000121
15.700000 0.028126
15.750000 0.002522
15.800000 0.036777
15.850000 0.162533
15.900000 -0.024480
15.950000 -0.036419
16.000000 0.008029
16.050000 0.092506
16.100000 -0.018193
16.150000 0.076508
16.200000 -0.095053
16.250000 0.120059
16.300000 0.014694
16.350000 0.061579
16.400000 0.086426
16.450000 -0.102185
16.500000 -0.003670
16.550000 -0.050927
16.600000 0.057764
16.650000 0.073921
16.700000 -0.055087
16.750000 0.048957
16.800000 -0.112525
16.850000 0.043135
16.900000 0.022064
16.950000 -0.062536
17.000000 0.044772
17.050000 -0.035327
17.100000 0.260280
17.150000 0.145680
17.200000 0.091560
17.250000 0.054128
17.300000 0.173806
17.350000 0.113931
17.400000 0.085674
17.450000 -0.084075
17.500000 -0.184667
17.550000 0.028014
17.600000 -0.210964
17.650000 -0.013623
17.700000 -0.016100
17.750000 -0.065131
17.800000 0.042407
17.850000 0.033430
17.900000 -0.015689
17.950000 0.011170
18.000000 0.152002
18.050000 0.046163
18.100000 -0.000589
18.150000 0.090289
18.200000 -0.242031
18.250000 0.066475
18.300000 0.017144
18.350000 -0.059170
18.400000 0.166781
18.450000 -0.297705
18.500000 0.102159
18.550000 0.162405
18.600000 0.100947
18.650000 0.039239
18.700000 0.006686
18.750000 0.065115
18.800000 -0.108393
18.850000 0.046277
18.900000 0.037180
18.950000 -0.119759
19.000000 -0.112482
19.050000 0.085351
19.100000 -0.087354
19.150000 0.117200
19.200000 0.018238
19.250000 0.070654
19.300000 0.006526
19.350000 0.181396
19.400000 -0.034124
19.450000 0.061828
19.500000 -0.017147
19.550000 -0.010271
19.600000 -0.007339
19.650000 0.016794
19.700000 -0.179012
19.750000 -0.002796
19.799999 0.036236
19.849999 -0.282310
19.899999 -0.141817
19.949999 0.030213
