0.000000 0.053640
0.050000 -0.098453
0.100000 0.445734
0.150000 -0.420669
0.200000 0.028637
0.250000 0.859665
0.300000 0.368757
0.350000 -0.157636
0.400000 -0.222229
0.450000 -0.319459
0.500000 0.022895
0.550000 1.428023
0.600000 0.138881
0.650000 0.792997
0.700000 -0.447583
0.750000 0.349597
0.800000 0.529611
0.850000 -0.809395
0.900000 0.425120
0.950000 0.382134
1.000000 0.538619
1.050000 0.532878
1.100000 0.493958
1.150000 0.219062
1.200000 -0.526224
1.250000 -0.508327
1.300000 0.979080
1.350000 0.303729
1.400000 0.142254
1.450000 -0.171041
1.500000 -0.444119
1.550000 -0.316626
1.600000 -0.513872
1.650000 -0.143203
1.700000 -0.227907
1.750000 0.819083
1.800000 -0.301558
1.850000 0.233449
1.900000 0.067999
1.950000 0.412357
2.000000 -0.454314
2.050000 -0.230650
2.100000 -0.849357
2.150000 -0.671160
2.200000 -2.421439
2.250000 -1.853496
2.300000 -0.371306
2.350000 1.470727
2.400000 3.561991
2.450000 4.268785
2.500000 3.415319
2.550000 0.612559
2.600000 -5.033060
2.650000 -6.780710
2.700000 -5.127464
2.750000 -0.858671
2.800000 5.294003
2.850000 7.212251
2.900000 3.693227
2.950000 -0.105442
3.000000 -5.526412
3.050000 -5.876202
3.100000 -3.230876
3.150000 1.086111
3.200000 4.023192
3.250000 3.893876
3.300000 1.407602
3.350000 -3.123288
3.400000 -4.019418
3.450000 -3.554471
3.500000 -1.251307
3.550000 2.083240
3.600000 3.701505
3.650000 3.449513
3.700000 0.424785
3.750000 -1.578878
3.800000 -3.073538
3.850000 -2.704559
3.900000 -0.857059
3.950000 0.970865
4.000000 2.291367
4.050000 1.074922
4.100000 1.048974
4.150000 -1.755080
4.200000 -1.954368
4.250000 -0.299225
4.300000 0.003880
4.350000 1.256039
4.400000 1.436020
4.450000 0.548069
4.500000 0.802425
4.550000 0.117053
4.600000 -0.508585
4.650000 0.489548
4.700000 0.366950
4.750000 0.822713
4.800000 -0.102221
4.850000 -0.368170
4.900000 0.067461
4.950000 -0.581559
5.000000 -0.459556
5.050000 0.266267
5.100000 -0.748902
5.150000 0.407756
5.200000 -0.396849
5.250000 0.522871
5.300000 -0.756625
5.350000 -0.231426
5.400000 -0.766440
5.450000 0.063566
5.500000 -0.840999
5.550000 0.160970
5.600000 0.629691
5.650000 0.061313
5.700000 0.134724
5.750000 -0.386238
5.800000 0.526347
5.850000 -0.077833
5.900000 -0.785462
5.950000 -0.527137
6.000000 -0.043934
6.050000 0.069755
6.100000 -0.339685
6.150000 -0.377645
6.200000 0.118842
6.250000 0.462131
6.300000 -0.117697
6.350000 -0.296659
6.400000 -0.087036
6.450000 -0.510343
6.500000 -0.256636
6.550000 -0.399388
6.600000 0.187209
6.650000 -0.573118
6.700000 0.294871
6.750000 0.608991
6.800000 0.793194
6.850000 0.365290
6.900000 -0.206553
6.950000 0.071655
7.000000 0.657320
7.050000 -0.163423
7.100000 -0.277637
7.150000 1.086399
7.200000 0.294585
7.250000 -0.356366
7.300000 0.230994
7.350000 0.003071
7.400000 1.229597
7.450000 0.147500
7.500000 0.296032
7.550000 0.267142
7.600000 0.091230
7.650000 0.711234
7.700000 0.686615
7.750000 0.936581
7.800000 0.465850
7.850000 0.318727
7.900000 0.555499
7.950000 -0.043387
7.999999 -0.261012
8.049999 0.150109
8.100000 0.624604
8.150000 0.538864
8.200000 0.452423
8.250000 -0.243320
8.300000 -0.635081
8.350000 -1.161281
8.400000 0.283341
8.450000 0.492850
8.500000 0.016519
8.549999 -0.048785
8.599999 -0.279423
8.650000 -0.556524
8.700000 -0.031583
8.750000 0.042112
8.800000 0.055717
8.850000 0.467930
8.900000 0.289234
8.950000 0.255639
9.000000 -0.035550
9.050000 -0.423130
9.099999 -0.528561
9.149999 0.145499
9.200000 -0.375073
9.250000 0.240610
9.300000 0.550768
9.350000 -0.516397
9.400000 0.496414
9.450000 0.970937
9.500000 0.372008
9.550000 0.642962
9.600000 0.000737
9.649999 0.120306
9.699999 0.962755
9.750000 0.038327
9.800000 0.549673
9.850000 0.481264
9.900000 0.051035
9.950000 -0.024491
10.000000 0.511049
10.050000 0.725675
10.100000 0.220037
10.150000 0.234684
10.199999 -0.045260
10.249999 0.616464
10.300000 0.302700
10.350000 -0.000561
10.400000 0.243850
10.450000 -1.061118
10.500000 0.062884
10.550000 0.008791
10.600000 -0.634199
10.650000 -0.224277
10.700000 0.738052
10.749999 0.054511
10.799999 0.377191
10.849999 -0.294276
10.900000 -0.399885
10.950000 0.766370
11.000000 0.229766
11.050000 0.298836
11.100000 0.931624
11.150000 -0.512736
11.200000 0.078439
11.250000 -0.195460
11.299999 -0.070234
11.349999 -0.336272
11.399999 -0.326144
11.450000 -0.156399
11.500000 0.500048
11.550000 -0.111153
11.600000 -0.096900
11.650000 0.130193
11.700000 0.670826
11.750000 0.068815
11.800000 0.215938
11.849999 -0.536408
11.899999 -0.136962
11.949999 0.468290
12.000000 0.081292
12.050000 0.501837
12.100000 -0.011443
12.150000 0.007535
12.200000 -0.165466
12.250000 -0.223589
12.300000 -0.399902
12.350000 -0.388249
12.399999 -0.994496
12.449999 -0.579101
12.499999 -0.145932
12.550000 0.839229
12.600000 0.199043
12.650000 0.025529
12.700000 -0.247778
12.750000 -0.566174
12.800000 -0.269112
12.850000 0.475619
12.900000 -0.478215
12.949999 0.331286
12.999999 0.090063
13.049999 -0.524064
13.100000 0.591932
13.150000 -0.577566
13.200000 0.132974
13.250000 0.131670
13.300000 0.346339
13.350000 -0.136208
13.400000 -0.008404
13.450000 0.495194
13.499999 -0.700603
13.549999 -0.239706
13.599999 -0.054061
13.650000 -0.456036
13.700000 0.066089
13.750000 0.238192
13.800000 -0.186640
13.850000 -0.767866
13.900000 -0.437303
13.950000 0.182463
14.000000 -0.461131
14.049999 0.634463
14.099999 -0.554628
14.149999 -0.940569
14.200000 0.213980
14.250000 0.281495
14.300000 0.472933
14.350000 0.479710
14.400000 -0.184404
14.450000 0.273277
14.500000 0.052018
14.549999 0.513698
14.599999 0.130115
14.649999 -0.070091
14.699999 -0.747306
14.750000 0.097281
14.800000 0.487742
14.850000 -0.086683
14.900000 -0.002848
14.950000 -0.829499
15.000000 0.097483
15.050000 0.206718
15.099999 -0.736920
15.149999 -0.087726
15.199999 -0.222655
15.249999 -0.150633
15.299999 -0.409357
15.350000 0.171806
15.400000 0.262311
15.450000 1.728079
15.500000 0.629041
15.550000 1.170705
15.600000 0.545855
15.650000 -0.069941
15.699999 0.310678
15.750000 0.584116
15.799999 0.664072
15.850000 0.818795
15.899999 0.676211
15.950000 0.713016
15.999999 0.866076
16.050000 0.452041
16.099999 0.398951
16.150000 -0.066382
16.200000 0.671253
16.249999 0.136289
16.300000 -0.364190
16.349999 1.081012
16.400000 1.089396
16.449999 -0.024532
16.500000 0.649555
16.549999 0.549536
16.600000 0.170293
16.649999 -0.326350
16.700000 0.201768
16.750000 -0.365673
16.799999 -1.271143
16.850000 0.336799
16.899999 -0.056765
16.950000 0.304439
16.999999 0.275589
17.050000 1.487906
17.099999 -0.360081
17.150000 -0.541076
17.199999 -0.182545
17.250000 -0.906637
17.300000 -0.773237
17.349999 0.646933
17.400000 0.334519
17.449999 0.875451
17.500000 0.959330
17.549999 0.560975
17.600000 0.338383
17.649999 0.217370
17.700000 0.383947
17.749999 -0.133223
17.800000 0.162285
17.850000 0.858116
17.899999 0.155103
17.950000 0.363020
17.999999 0.609553
18.050000 1.295262
18.099999 0.861916
18.150000 0.107025
18.199999 -0.045814
18.250000 -0.005136
18.299999 0.393408
18.350000 0.102668
18.400000 0.371020
18.449999 0.133275
18.500000 0.022220
18.549999 0.027313
18.600000 0.708571
18.649999 0.250578
18.700000 -0.211330
18.749999 1.321936
18.800000 0.410156
18.849999 -0.326079
18.900000 0.317617
18.950000 -0.283196
18.999999 0.311042
19.050000 -0.057191
19.099999 0.123872
19.150000 -0.179771
19.199999 0.443336
19.250000 0.332213
19.299999 0.352300
19.350000 -0.222894
19.399999 0.571657
19.450000 -0.349533
19.500000 0.430759
19.549999 0.273458
19.600000 -0.323771
19.649999 0.766697
19.700000 0.420363
19.749999 0.311382
19.800000 0.120973
19.849999 -0.445997
19.900000 -0.290768
19.949999 -0.369750
