0.000000 3.433807
0.050000 6.459042
0.100000 2.408296
0.150000 0.012109
0.200000 0.701638
0.250000 2.624453
0.300000 0.432169
0.350000 0.609073
0.400000 1.512326
0.450000 1.175074
0.500000 3.042332
0.550000 -5.735881
0.600000 -5.384692
0.650000 -3.891519
0.700000 0.728012
0.750000 0.504936
0.800000 0.099452
0.850000 4.460898
0.900000 -0.820508
0.950000 -3.690716
1.000000 -6.439090
1.050000 -3.297627
1.100000 -0.985737
1.150000 -0.102906
1.200000 -2.995549
1.250000 0.569144
1.300000 3.837907
1.350000 -1.452174
1.400000 -1.643230
1.450000 -5.758550
1.500000 0.938930
1.550000 0.452563
1.600000 -3.406138
1.650000 -0.118269
1.700000 6.401316
1.750000 5.444631
1.800000 2.089947
1.850000 8.439225
1.900000 -1.627831
1.950000 -8.770502
2.000000 -16.152328
2.050000 -17.378830
2.100000 -21.284128
2.150000 -4.182447
2.200000 12.553754
2.250000 27.909760
2.300000 38.448505
2.350000 17.460527
2.400000 -8.727960
2.450000 -29.613329
2.500000 -50.540749
2.550000 -45.808563
2.600000 -18.445646
2.650000 16.246147
2.700000 44.226574
2.750000 49.695858
2.800000 30.027241
2.850000 10.250012
2.900000 -22.932318
2.950000 -45.641136
3.000000 -50.773193
3.050000 -18.029896
3.100000 22.858725
3.150000 46.682404
3.200000 41.235119
3.250000 17.730047
3.300000 -4.431202
3.350000 -29.805895
3.400000 -34.669846
3.450000 -32.453693
3.500000 -3.762639
3.550000 22.523149
3.600000 40.903774
3.650000 26.641457
3.700000 8.252572
3.750000 -17.926449
3.800000 -22.909557
3.850000 -22.103453
3.900000 -8.413831
3.950000 17.037212
4.000000 19.965242
4.050000 27.463751
4.100000 9.382168
4.150000 1.382192
4.200000 -15.329948
4.250000 -10.877051
4.300000 -15.876186
4.350000 -0.628218
4.400000 14.546010
4.450000 12.979613
4.500000 8.433880
4.550000 0.028789
4.600000 -11.047468
4.650000 -17.205402
4.700000 -20.271786
4.750000 -15.544501
4.800000 -0.176156
4.850000 8.226372
4.900000 9.648460
4.950000 14.860620
5.000000 -3.866676
5.050000 -1.256988
5.100000 -11.829925
5.150000 -8.766557
5.200000 -3.480475
5.250000 1.575508
5.300000 0.068217
5.350000 7.039628
5.400000 4.487109
5.450000 0.552794
5.500000 0.078847
5.550000 -12.644284
5.600000 -4.931743
5.650000 -4.926956
5.700000 9.952179
5.750000 10.247620
5.800000 5.622239
5.850000 8.483232
5.900000 -0.595171
5.950000 5.901171
6.000000 8.169038
6.050000 -3.050888
6.100000 -2.922658
6.150000 10.250474
6.200000 2.118482
6.250000 5.122074
6.300000 1.768002
6.350000 3.834895
6.400000 -8.463424
6.450000 -0.359958
6.500000 -5.597507
6.550000 2.355103
6.600000 4.335009
6.650000 2.888826
6.700000 4.663266
6.750000 3.608488
6.800000 7.333392
6.850000 -4.896522
6.900000 1.915772
6.950000 -0.722086
7.000000 -11.163877
7.050000 6.200851
7.100000 -3.650774
7.150000 1.125835
7.200000 2.429859
7.250000 5.799589
7.300000 -9.770762
7.350000 -3.325667
7.400000 -9.189319
7.450000 1.476298
7.500000 5.973186
7.550000 5.243448
7.600000 4.833656
7.650000 -0.132277
7.700000 -1.958362
7.750000 -4.944274
7.800000 -2.527818
7.850000 -2.745575
7.900000 -0.913987
7.950000 3.293846
7.999999 12.148827
8.049999 10.104804
8.100000 5.747342
8.150000 2.980312
8.200000 -2.323940
8.250000 -0.364633
8.300000 3.590868
8.350000 -5.224326
8.400000 1.146854
8.450000 9.343205
8.500000 11.067887
8.549999 -3.507784
8.599999 0.359626
8.650000 -4.638579
8.700000 -1.032562
8.750000 -3.071256
8.800000 -1.567185
8.850000 7.165184
8.900000 -3.702117
8.950000 -2.020875
9.000000 -1.121349
9.050000 0.206261
9.099999 -3.336263
9.149999 1.670809
9.200000 2.821624
9.250000 1.491939
9.300000 -0.010210
9.350000 6.388325
9.400000 2.198568
9.450000 -4.579572
9.500000 -3.748585
9.550000 2.638426
9.600000 3.328036
9.649999 5.453553
9.699999 4.737567
9.750000 5.576421
9.800000 1.416269
9.850000 4.773551
9.900000 -0.985485
9.950000 -0.758514
10.000000 2.659384
10.050000 -2.569523
10.100000 -0.291185
10.150000 -3.680947
10.199999 0.401730
10.249999 -7.782264
10.300000 12.865548
10.350000 -0.314898
10.400000 -4.011358
10.450000 2.485384
10.500000 -5.777441
10.550000 4.736917
10.600000 4.460055
10.650000 0.574937
10.700000 -5.140001
10.749999 -1.106569
10.799999 -3.250691
10.849999 -1.857703
10.900000 -4.583191
10.950000 -10.708460
11.000000 6.358873
11.050000 -4.962849
11.100000 0.835759
11.150000 -5.187251
11.200000 -0.994907
11.250000 -3.143688
11.299999 2.749499
11.349999 3.715004
11.399999 8.973294
11.450000 2.230326
11.500000 -1.226892
11.550000 3.944834
11.600000 -2.830577
11.650000 1.021632
11.700000 1.197715
11.750000 2.617945
11.800000 -2.184011
11.849999 4.375998
11.899999 7.997130
11.949999 0.640620
12.000000 0.640309
12.050000 2.760195
12.100000 1.854097
12.150000 -2.987672
12.200000 9.689609
12.250000 -8.726778
12.300000 1.915859
12.350000 6.091032
12.399999 1.900906
12.449999 3.516431
12.499999 5.992418
12.550000 0.392200
12.600000 -3.331430
12.650000 1.101019
12.700000 -5.328187
12.750000 1.780280
12.800000 6.942174
12.850000 4.561024
12.900000 5.707575
12.949999 7.282576
12.999999 3.080835
13.049999 1.674440
13.100000 8.811837
13.150000 -1.374407
13.200000 -2.731060
13.250000 1.344838
13.300000 6.644073
13.350000 0.060631
13.400000 -1.486793
13.450000 4.186666
13.499999 -3.491451
13.549999 6.588939
13.599999 0.177429
13.650000 -1.891111
13.700000 0.538186
13.750000 -3.232871
13.800000 -1.520505
13.850000 12.156061
13.900000 2.302294
13.950000 -0.950287
14.000000 0.893619
14.049999 5.198369
14.099999 -0.616946
14.149999 -0.771359
14.200000 3.399613
14.250000 -2.185468
14.300000 4.755420
14.350000 3.891359
14.400000 4.336081
14.450000 3.295433
14.500000 -2.382360
14.549999 5.521671
14.599999 6.167549
14.649999 3.922520
14.699999 4.705940
14.750000 4.135017
14.800000 2.023836
14.850000 -4.165624
14.900000 -3.913033
14.950000 -5.654972
15.000000 -2.119843
15.050000 0.082449
15.099999 2.096876
15.149999 5.022270
15.199999 -1.908828
15.249999 0.507837
15.299999 1.049495
15.350000 -1.066000
15.400000 3.590832
15.450000 3.569608
15.500000 -0.728906
15.550000 0.335516
15.600000 -4.928766
15.650000 -2.358005
15.699999 2.388178
15.750000 -1.477219
15.799999 3.574727
15.850000 -2.019503
15.899999 -1.167438
15.950000 2.344373
15.999999 -4.743866
16.050000 -8.306487
16.099999 -1.723624
16.150000 -2.634754
16.200000 -5.565091
16.249999 -5.542358
16.300000 3.512835
16.349999 6.443591
16.400000 -5.044075
16.449999 2.740915
16.500000 5.014991
16.549999 -3.691134
16.600000 -1.843705
16.649999 0.564381
16.700000 -3.176493
16.750000 2.759516
16.799999 7.464725
16.850000 4.385174
16.899999 -2.573564
16.950000 0.220946
16.999999 -3.619877
17.050000 -0.757366
17.099999 -3.201418
17.150000 -2.003522
17.199999 3.500931
17.250000 4.986794
17.300000 2.353418
17.349999 4.183955
17.400000 5.510495
17.449999 -2.743670
17.500000 -0.579362
17.549999 -5.548110
17.600000 -4.261362
17.649999 4.519056
17.700000 8.006664
17.749999 2.126405
17.800000 0.499064
17.850000 0.959451
17.899999 2.575903
17.950000 -2.113501
17.999999 -3.659122
18.050000 -2.437785
18.099999 2.023851
18.150000 -0.814533
18.199999 -0.513675
18.250000 6.504016
18.299999 5.782832
18.350000 3.248864
18.400000 -3.991984
18.449999 -4.715448
18.500000 -2.658433
18.549999 2.425691
18.600000 1.162753
18.649999 -4.674493
18.700000 2.770260
18.749999 0.025553
18.800000 -0.549054
18.849999 -0.945952
18.900000 -3.570377
18.950000 -3.924197
18.999999 -2.671674
19.050000 3.911637
19.099999 1.191247
19.150000 6.132569
19.199999 1.984387
19.250000 -0.256642
19.299999 0.745416
19.350000 3.798448
19.399999 0.856669
19.450000 0.651612
19.500000 8.672835
19.549999 6.086366
19.600000 3.457936
19.649999 1.579299
19.700000 0.009491
19.749999 2.672693
19.800000 0.248327
19.849999 3.574251
19.900000 4.015618
19.949999 -3.305532
