0.000000 15.106232
0.050000 -5.352716
0.100000 10.554491
0.150000 -7.675761
0.200000 4.593751
0.250000 9.384492
0.300000 3.665275
0.350000 -1.652571
0.400000 -18.430092
0.450000 -8.201379
0.500000 13.619358
0.550000 -16.614059
0.600000 3.006691
0.650000 37.540321
0.700000 2.918334
0.750000 10.341165
0.800000 9.202386
0.850000 3.253170
0.900000 -0.247216
0.950000 -8.270489
1.000000 -18.905794
1.050000 11.083038
1.100000 15.926009
1.150000 12.833268
1.200000 5.110797
1.250000 1.091999
1.300000 2.591772
1.350000 -8.175416
1.400000 -28.391533
1.450000 11.908782
1.500000 10.368791
1.550000 8.467645
1.600000 27.280792
1.650000 60.539417
1.700000 124.595123
1.750000 141.169235
1.800000 147.673309
1.850000 65.505173
1.900000 -13.779500
1.950000 -109.449852
2.000000 -180.395554
2.050000 -165.434555
2.100000 -80.564125
2.150000 90.829742
2.200000 162.822098
2.250000 126.802353
2.300000 2.000657
2.350000 -131.969742
2.400000 -238.111328
2.450000 -198.920761
2.500000 -54.867676
2.550000 89.748428
2.600000 151.811996
2.650000 118.747696
2.700000 7.203611
2.750000 -125.534340
2.800000 -148.633301
2.850000 -98.884789
2.900000 4.204223
2.950000 89.344193
3.000000 116.764427
3.050000 58.194798
3.100000 -25.593571
3.150000 -100.425926
3.200000 -94.150734
3.250000 -42.283611
3.300000 22.134933
3.350000 58.164700
3.400000 93.691948
3.450000 40.394444
3.500000 -25.408640
3.550000 -64.703339
3.600000 -51.653187
3.650000 -33.547520
3.700000 1.285560
3.750000 26.669474
3.800000 12.223804
3.850000 -24.405756
3.900000 9.638926
3.950000 -13.917977
4.000000 14.637719
4.050000 38.053596
4.100000 37.111336
4.150000 -19.639563
4.200000 1.021003
4.250000 -6.717737
4.300000 -18.868084
4.350000 -13.944555
4.400000 -7.690044
4.450000 13.209991
4.500000 4.302525
4.550000 -2.685518
4.600000 -12.949930
4.650000 -25.335716
4.700000 -4.868906
4.750000 -19.688173
4.800000 -25.428547
4.850000 0.745889
4.900000 -1.573903
4.950000 -16.426111
5.000000 -1.564439
5.050000 -14.435951
5.100000 -20.298647
5.150000 -0.416268
5.200000 26.398838
5.250000 -3.414241
5.300000 -9.610007
5.350000 -11.189945
5.400000 -9.916912
5.450000 25.148060
5.500000 -4.224780
5.550000 10.374226
5.600000 -5.383315
5.650000 24.929543
5.700000 3.547380
5.750000 -6.942367
5.800000 12.874292
5.850000 -33.940105
5.900000 -20.158808
5.950000 14.527595
6.000000 -19.454660
6.050000 -11.449534
6.100000 -6.846416
6.150000 9.708996
6.200000 2.327423
6.250000 -19.320213
6.300000 -2.678642
6.350000 2.284917
6.400000 15.325849
6.450000 -17.990341
6.500000 -9.171098
6.550000 28.282764
6.600000 22.313950
6.650000 11.121464
6.700000 5.271636
6.750000 -7.064006
6.800000 7.687805
6.850000 2.303255
6.900000 8.122691
6.950000 17.161020
7.000000 28.210224
7.050000 26.587988
7.100000 24.232359
7.150000 15.167226
7.200000 -2.341160
7.250000 -6.207856
7.300000 13.261616
7.350000 -7.881358
7.400000 4.277336
7.450000 -9.291203
7.500000 14.267901
7.550000 6.043809
7.600000 -4.053248
7.650000 12.727263
7.700000 -3.102409
7.750000 -2.937912
7.800000 -13.113145
7.850000 -6.649377
7.900000 3.253392
7.950000 -1.666233
7.999999 -3.549538
8.049999 10.151167
8.100000 10.793528
8.150000 3.162231
8.200000 1.970127
8.250000 10.985168
8.300000 29.072359
8.350000 7.537142
8.400000 -8.939482
8.450000 4.632311
8.500000 -4.689188
8.549999 32.356415
8.599999 3.456237
8.650000 4.986162
8.700000 14.035523
8.750000 17.262606
8.800000 -2.241381
8.850000 -3.913035
8.900000 -18.690048
8.950000 -0.268292
9.000000 -1.417139
9.050000 -22.165136
9.099999 -19.866558
9.149999 -11.156892
9.200000 10.547518
9.250000 23.596020
9.300000 5.203015
9.350000 15.345045
9.400000 30.583109
9.450000 15.244781
9.500000 -21.249395
9.550000 20.530037
9.600000 17.611923
9.649999 -1.357842
9.699999 -13.201612
9.750000 -14.027947
9.800000 -20.096849
9.850000 -2.211082
9.900000 -11.122728
9.950000 -5.198772
10.000000 1.183246
10.050000 -18.535839
10.100000 -17.435509
10.150000 14.467025
10.199999 14.830566
10.249999 -6.481057
10.300000 -18.746353
10.350000 15.256044
10.400000 -26.399900
10.450000 36.533764
10.500000 2.121551
10.550000 14.764319
10.600000 20.959587
10.650000 7.618113
10.700000 5.989868
10.749999 -4.968854
10.799999 -15.596538
10.849999 28.147490
10.900000 4.777561
10.950000 -13.649025
11.000000 7.152236
11.050000 22.201035
11.100000 -4.672771
11.150000 -5.947575
11.200000 -13.283832
11.250000 -18.568228
11.299999 -8.295825
11.349999 -5.651222
11.399999 -9.537933
11.450000 -10.751331
11.500000 8.762074
11.550000 1.480182
11.600000 6.529192
11.650000 -15.027846
11.700000 -15.947830
11.750000 11.063490
11.800000 -2.860156
11.849999 17.142914
11.899999 -6.951543
11.949999 10.534937
12.000000 -18.286894
12.050000 -24.436213
12.100000 -3.861217
12.150000 -20.836552
12.200000 -6.271134
12.250000 -13.480022
12.300000 2.990949
12.350000 -3.829082
12.399999 4.415202
12.449999 6.889027
12.499999 -6.639475
12.550000 2.682227
12.600000 -9.466114
12.650000 -11.731839
12.700000 -19.783684
12.750000 -21.443172
12.800000 10.503536
12.850000 -14.035527
12.900000 15.786351
12.949999 -5.418603
12.999999 -10.400643
13.049999 -11.185313
13.100000 2.997935
13.150000 -21.189339
13.200000 -15.667028
13.250000 -10.695744
13.300000 1.678166
13.350000 -6.238769
13.400000 -26.501572
13.450000 -3.207437
13.499999 -11.967528
13.549999 -7.134092
13.599999 -31.168610
13.650000 0.479261
13.700000 19.007769
13.750000 -8.242700
13.800000 11.086249
13.850000 25.107315
13.900000 0.511956
13.950000 -32.319736
14.000000 12.054358
14.049999 -4.505826
14.099999 -8.469443
14.149999 -13.566414
14.200000 18.443645
14.250000 -9.166380
14.300000 -4.343943
14.350000 -8.529079
14.400000 10.468754
14.450000 -6.507695
14.500000 11.071666
14.549999 10.535630
14.599999 8.592855
14.649999 -16.618076
14.699999 28.030741
14.750000 1.796281
14.800000 -1.569070
14.850000 -1.666824
14.900000 14.037695
14.950000 0.958795
15.000000 -9.852617
15.050000 -24.929485
15.099999 -12.166017
15.149999 26.367935
15.199999 2.995170
15.249999 -13.703629
15.299999 11.008100
15.350000 5.155150
15.400000 -9.053761
15.450000 -5.568955
15.500000 -0.313254
15.550000 25.521242
15.600000 19.700487
15.650000 11.794189
15.699999 16.360380
15.750000 7.896393
15.799999 -10.195750
15.850000 25.290602
15.899999 -3.039865
15.950000 13.949155
15.999999 -18.934576
16.050000 -23.656908
16.099999 -15.593435
16.150000 -16.512442
16.200000 -23.396008
16.249999 6.060803
16.300000 -4.492335
16.349999 17.087227
16.400000 3.485484
16.449999 -30.568304
16.500000 -24.035416
16.549999 1.071556
16.600000 -0.715550
16.649999 27.501001
16.700000 27.165773
16.750000 31.229073
16.799999 24.826990
16.850000 28.922207
16.899999 16.514025
16.950000 3.188143
16.999999 -1.343831
17.050000 13.112963
17.099999 7.644067
17.150000 13.011997
17.199999 -1.647498
17.250000 26.118734
17.300000 1.891856
17.349999 20.556854
17.400000 1.728428
17.449999 -6.697748
17.500000 30.952555
17.549999 11.680134
17.600000 23.976141
17.649999 1.880176
17.700000 -9.138473
17.749999 15.005188
17.800000 10.649502
17.850000 19.904922
17.899999 -17.146835
17.950000 1.284197
17.999999 -17.141249
18.050000 -9.009827
18.099999 3.208014
18.150000 23.423067
18.199999 -2.496238
18.250000 -3.070946
18.299999 -4.424110
18.350000 -15.836902
18.400000 8.032475
18.449999 12.871419
18.500000 6.714246
18.549999 28.547138
18.600000 3.495577
18.649999 21.358116
18.700000 -4.140100
18.749999 -19.137358
18.800000 1.381864
18.849999 -0.920071
18.900000 -1.664920
18.950000 -0.094632
18.999999 15.883401
19.050000 14.239951
19.099999 5.833946
19.150000 -9.533712
19.199999 14.288393
19.250000 -9.357003
19.299999 16.508728
19.350000 22.560987
19.399999 4.854736
19.450000 -2.621001
19.500000 4.330497
19.549999 2.192685
19.600000 1.989048
19.649999 20.855743
19.700000 10.813181
19.749999 8.878382
19.800000 -8.062131
19.849999 -14.956069
19.900000 -37.076790
19.949999 17.399212
