0.000000 0.088649
0.050000 -0.091856
0.100000 0.125326
0.150000 -0.300437
0.200000 -0.028877
0.250000 0.008909
0.300000 -0.301598
0.350000 0.090409
0.400000 0.324208
0.450000 0.027261
0.500000 -0.299622
0.550000 0.090457
0.600000 0.496807
0.650000 -0.204283
0.700000 0.303706
0.750000 -0.169284
0.800000 0.366708
0.850000 -0.278361
0.900000 0.464048
0.950000 -0.185189
1.000000 -0.070442
1.050000 -0.216004
1.100000 0.242007
1.150000 -0.210314
1.200000 0.070785
1.250000 0.103952
1.300000 -0.065118
1.350000 0.439771
1.400000 -0.243396
1.450000 -0.182395
1.500000 -0.589542
1.550000 -0.075364
1.600000 -0.317328
1.650000 0.125356
1.700000 -0.491696
1.750000 0.275863
1.800000 -0.008191
1.850000 -0.297167
1.900000 0.438793
1.950000 0.164427
2.000000 -0.141508
2.050000 0.284784
2.100000 -0.118920
2.150000 0.269009
2.200000 -0.248613
2.250000 0.136084
2.300000 -0.123544
2.350000 -0.119891
2.400000 0.506853
2.450000 -0.071506
2.500000 0.320312
2.550000 -0.212716
2.600000 -0.272851
2.650000 -0.396277
2.700000 0.601869
2.750000 0.261279
2.800000 0.309026
2.850000 0.392997
2.900000 -0.100958
2.950000 -0.153093
3.000000 -0.132300
3.050000 -0.247396
3.100000 -0.459461
3.150000 0.126634
3.200000 -0.106909
3.250000 -0.434467
3.300000 0.121656
3.350000 0.174925
3.400000 0.247381
3.450000 0.606544
3.500000 -0.111060
3.550000 0.294718
3.600000 0.409110
3.650000 -0.270395
3.700000 -0.164735
3.750000 0.261906
3.800000 -0.150786
3.850000 -0.190523
3.900000 -0.329525
3.950000 -0.254290
4.000000 -0.572170
4.050000 -0.073615
4.100000 -0.215382
4.150000 -0.354214
4.200000 -0.816476
4.250000 -0.620334
4.300000 -0.668874
4.350000 -0.481076
4.400000 -0.010444
4.450000 0.204479
4.500000 -0.327374
4.550000 0.269811
4.600000 0.402696
4.650000 0.277865
4.700000 0.867040
4.750000 1.546345
4.800000 0.818986
4.850000 0.781870
4.900000 1.030823
4.950000 1.693195
5.000000 0.730300
5.050000 0.977928
5.100000 1.042579
5.150000 1.127121
5.200000 0.885471
5.250000 1.128900
5.300000 0.791932
5.350000 0.512522
5.400000 0.866728
5.450000 0.325254
5.500000 -0.230402
5.550000 -0.301710
5.600000 -0.582884
5.650000 -1.183756
5.700000 -1.320299
5.750000 -1.649885
5.800000 -1.690490
5.850000 -2.142547
5.900000 -2.080757
5.950000 -2.075474
6.000000 -2.112692
6.050000 -1.571776
6.100000 -1.926375
6.150000 -1.719897
6.200000 -2.034201
6.250000 -1.270932
6.300000 -0.582179
6.350000 -0.970669
6.400000 -0.305291
6.450000 -0.098256
6.500000 1.042795
6.550000 1.740982
6.600000 1.475983
6.650000 2.093265
6.700000 1.969974
6.750000 2.092924
6.800000 2.462608
6.850000 2.477526
6.900000 2.770928
6.950000 2.765204
7.000000 2.312401
7.050000 2.613592
7.100000 2.142833
7.150000 2.082130
7.200000 2.177561
7.250000 1.538523
7.300000 0.888340
7.350000 1.027000
7.400000 1.160442
7.450000 -0.181910
7.500000 -1.036071
7.550000 -1.080629
7.600000 -1.104342
7.650000 -1.422627
7.700000 -1.960376
7.750000 -2.440138
7.800000 -2.419952
7.850000 -3.307609
7.900000 -2.633410
7.950000 -2.653297
8.000000 -2.466038
8.050000 -2.647001
8.100000 -1.639541
8.150000 -1.809578
8.200000 -1.854842
8.250000 -0.896314
8.300000 -0.292558
8.350000 0.040158
8.400000 -0.089691
8.450000 0.974875
8.500000 1.354497
8.550000 2.435176
8.600000 2.347930
8.650000 1.849787
8.700000 2.243253
8.750000 2.398758
8.800000 2.307807
8.850000 2.068603
8.900000 2.559494
8.950000 2.563957
9.000000 2.040149
9.050000 1.635094
9.100000 1.361358
9.150000 1.034152
9.200000 0.985595
9.250000 0.836275
9.300000 0.003727
9.350000 -0.284699
9.400000 -0.226016
9.450000 -1.431583
9.500000 -1.069195
9.550000 -2.178100
9.600000 -1.333250
9.650000 -1.767315
9.700000 -1.994576
9.750000 -1.699321
9.800000 -2.028092
9.850000 -1.810266
9.900000 -1.626443
9.950000 -0.921699
10.000000 -0.772585
10.050000 -0.549530
10.100000 -0.842999
10.150000 -0.551651
10.200000 1.074212
10.250000 0.267400
10.300000 0.926577
10.350000 0.467384
10.400000 0.748313
10.450000 1.156506
10.500000 1.959395
10.550000 1.180646
10.600000 1.274422
10.650000 1.055369
10.700000 1.087353
10.750000 1.749858
10.800000 1.249408
10.850000 0.527772
10.900000 0.492712
10.950000 0.327632
11.000000 -0.427906
11.050000 0.073917
11.100000 -0.241454
11.150000 -0.529064
11.200000 -0.013729
11.250000 -0.633805
11.300000 -0.422265
11.350000 -0.433004
11.400000 -0.546835
11.450000 -0.611531
11.500000 -0.730054
11.550000 -0.275140
11.600000 -0.312782
11.650000 -0.537427
11.700000 -0.445580
11.750000 -0.808093
11.800000 -0.016124
11.850000 0.016482
11.900000 0.364787
11.950000 -0.149057
12.000000 0.448745
12.050000 0.461216
12.100000 0.566004
12.150000 0.642844
12.200000 0.191098
12.250000 0.425310
12.300000 -0.041385
12.350000 0.199243
12.400000 -0.069852
12.450000 -0.254280
12.500000 0.716826
12.550000 0.424997
12.600000 0.230009
12.650000 -0.028073
12.700000 -0.162565
12.750000 -0.440773
12.800000 -0.385843
12.850000 -0.521534
12.900000 -0.603171
12.950000 -0.850109
13.000000 -0.394056
13.050000 -0.403010
13.100000 -0.309080
13.150000 0.284580
13.200000 0.114520
13.250000 -0.135903
13.300000 0.074433
13.350000 0.106738
13.400000 -0.178157
13.450000 -0.318469
13.500000 0.231953
13.550000 0.645980
13.600000 0.562412
13.650000 -0.002697
13.700000 0.302679
13.750000 0.068696
13.800000 -0.200718
13.850000 0.341991
13.900000 0.293821
13.950000 0.279935
14.000000 -0.106503
14.050000 0.448079
14.100000 0.174456
14.150000 -0.333887
14.200000 0.496724
14.250000 -0.609722
14.300000 -0.543201
14.350000 -0.275346
14.400000 -0.519071
14.450000 -0.092769
14.500000 -0.098178
14.550000 0.181379
14.600000 -0.415149
14.650000 -0.259510
14.700000 -0.501764
14.750000 -0.325401
14.800000 0.130791
14.850000 -0.311745
14.900000 0.270388
14.950000 -0.254795
15.000000 -0.262643
15.050000 -0.011269
15.100000 0.589093
15.150000 0.002485
15.200000 0.125321
15.250000 -0.291197
15.300000 -0.457982
15.350000 -0.326144
15.400000 0.200120
15.450000 -0.106804
15.500000 -0.113642
15.550000 -0.392724
15.600000 0.474476
15.650000 -0.338715
15.700000 -0.430617
15.750000 -0.010868
15.800000 0.026901
15.850000 0.482571
15.900000 -0.248118
15.950000 -0.139886
16.000000 -0.053723
16.050000 -0.132629
16.100000 0.077910
16.150000 -0.378178
16.200000 -0.181124
16.250000 -0.007058
16.300000 -0.538071
16.350000 -0.430652
16.400000 0.376768
16.450000 -0.418209
16.500000 0.358619
16.550000 0.142717
16.600000 0.059572
16.650000 1.016318
16.700000 -0.008642
16.750000 0.137208
16.800000 -0.064904
16.850000 -0.167640
16.900000 0.351207
16.950000 0.399685
17.000000 0.626468
17.050000 -0.488137
17.100000 -0.047776
17.150000 0.007727
17.200000 -0.443416
17.250000 -0.035380
17.300000 -0.760392
17.350000 -0.005951
17.400000 -0.134808
17.450000 -0.058391
17.500000 0.338699
17.550000 -0.268161
17.600000 -0.338822
17.650000 -0.298930
17.700000 -0.332428
17.750000 -0.312072
17.800000 -0.084868
17.850000 -1.001340
17.900000 -0.533286
17.950000 -0.362270
18.000000 0.191631
18.050000 -0.000514
18.100000 -0.362689
18.150000 -0.310402
18.200000 -0.068691
18.250000 0.034314
18.300000 -0.156568
18.350000 0.112293
18.400000 0.009099
18.450000 0.256803
18.500000 0.007127
18.550000 0.488743
18.600000 -0.394880
18.650000 0.046175
18.700000 -0.228201
18.750000 0.124586
18.800000 -0.018585
18.850000 -0.236325
18.900000 0.216680
18.950000 -0.042234
19.000000 -0.757736
19.050000 -0.281179
19.100000 -0.021175
19.150000 -0.249604
19.200000 0.507425
19.250000 -0.685022
19.300000 -0.071708
19.350000 0.250751
19.400000 -0.162975
19.450000 -0.027616
19.500000 0.134314
19.550000 -0.355045
19.600000 -0.188158
19.650000 -0.117349
19.700000 -0.129342
19.750000 -0.527771
19.799999 0.137765
19.849999 -0.276115
19.899999 -0.309920
19.949999 0.337395
